DatasetID,PathID,PathString,node_t1,node_t2,node_p_depol_1q,node_p_depol_2q,node_coh1_angle,node_coh2_zz_angle,node_src_visibility,node_src_phase,edge_length,edge_attenuation,edge_insertion_loss_db,d1_coupling_1,d1_coupling_2,d1_mzi_phase_error,d1_mzi_loss_short,d1_mzi_loss_long,d1_bs1_reflectivity,d1_bs1_loss,d1_bs2_reflectivity,d1_bs2_loss,d1_snspd1_efficiency,d1_snspd1_jitter,d1_snspd1_dark,d1_snspd1_dead,d1_snspd2_efficiency,d1_snspd2_jitter,d1_snspd2_dark,d1_snspd2_dead,d2_coupling_1,d2_coupling_2,d2_mzi_phase_error,d2_mzi_loss_short,d2_mzi_loss_long,d2_bs1_reflectivity,d2_bs1_loss,d2_bs2_reflectivity,d2_bs2_loss,d2_snspd1_efficiency,d2_snspd1_jitter,d2_snspd1_dark,d2_snspd1_dead,d2_snspd2_efficiency,d2_snspd2_jitter,d2_snspd2_dark,d2_snspd2_dead
24,1,n1->n20->n96->n94->n51,5.37021e+09|4.0293e+11|2.51165e+12|1.36531e+10|7.46708e+11,8.19724e+08|1.89646e+11|5.36324e+11|1.67171e+09|5.06847e+11,0.000494453|5.21063e-05|1.2987e-05|2.95455e-05|0.000185382,0.000316017|0.000368678|0.000286765|0.000125263|0.00344885,0.0109342|0.0108696|0.0377902|0.00830448|0.0365406,0.000178506|0.0181411|0.0195364|0.0293842|0.0130093,0.973537|0.923215|0.951762|0.927471|0.98883,4.63983|4.79469|0.85792|5.03384|4.04415,90.7492|58.7029|71.0086|11.2844,0.215706|0.201188|0.230021|0.200895,0.53635|0.666395|0.131268|0.836539,0.869523,0.801463,0.117836,0.0993652,0.460468,0.534015,0.0732846,0.487967,0.198257,0.921169,51.6436,5.43263e-12,47756,0.887486,41.1981,1.06086e-12,38445,0.895553,0.876428,0.0878307,0.631141,0.996144,0.511517,0.22039,0.459803,0.228135,0.891603,87.9902,7.64954e-10,30733,0.967162,70.4477,9.04596e-11,52512
24,2,n1->n20->n89->n48->n50->n51,5.37021e+09|4.0293e+11|2.68119e+11|3.98001e+12|2.36425e+09|7.46708e+11,8.19724e+08|1.89646e+11|9.23423e+10|1.69514e+12|4.07889e+08|5.06847e+11,0.000494453|5.21063e-05|3.55201e-05|4.78153e-05|1.54283e-05|0.000185382,0.000316017|0.000368678|0.000111435|0.00544009|0.00907722|0.00344885,0.0109342|0.0108696|0.0107812|0.0455031|0.00638914|0.0365406,0.000178506|0.0181411|0.0401575|0.0360942|0.0483596|0.0130093,0.973537|0.923215|0.926416|0.967439|0.910708|0.98883,4.63983|4.79469|0.0868458|3.09858|5.41755|4.04415,90.7492|18.2346|94.0077|23.5956|82.9474,0.215706|0.231355|0.234363|0.191801|0.24308,0.53635|0.595303|0.948873|0.688345|0.624607,0.869523,0.801463,0.117836,0.0993652,0.460468,0.534015,0.0732846,0.487967,0.198257,0.921169,51.6436,5.43263e-12,47756,0.887486,41.1981,1.06086e-12,38445,0.895553,0.876428,0.0878307,0.631141,0.996144,0.511517,0.22039,0.459803,0.228135,0.891603,87.9902,7.64954e-10,30733,0.967162,70.4477,9.04596e-11,52512
24,3,n1->n13->n11->n29->n50->n51,5.37021e+09|6.60497e+13|1.78735e+12|3.6336e+13|2.36425e+09|7.46708e+11,8.19724e+08|8.87204e+12|3.29521e+11|1.77292e+13|4.07889e+08|5.06847e+11,0.000494453|0.000787814|5.47786e-05|0.000125062|1.54283e-05|0.000185382,0.000316017|0.00788063|0.00652494|0.00231296|0.00907722|0.00344885,0.0109342|0.0476737|0.00125292|0.0255931|0.00638914|0.0365406,0.000178506|0.00335145|0.0136412|0.00291922|0.0483596|0.0130093,0.973537|0.954869|0.988894|0.962742|0.910708|0.98883,4.63983|5.26639|0.923897|0.0327787|5.41755|4.04415,79.8117|13.9548|13.2112|37.0378|82.9474,0.246796|0.189728|0.219003|0.191256|0.24308,0.338018|0.801183|0.427028|0.182586|0.624607,0.869523,0.801463,0.117836,0.0993652,0.460468,0.534015,0.0732846,0.487967,0.198257,0.921169,51.6436,5.43263e-12,47756,0.887486,41.1981,1.06086e-12,38445,0.895553,0.876428,0.0878307,0.631141,0.996144,0.511517,0.22039,0.459803,0.228135,0.891603,87.9902,7.64954e-10,30733,0.967162,70.4477,9.04596e-11,52512
24,4,n1->n13->n15->n63->n61->n51,5.37021e+09|6.60497e+13|8.77071e+11|6.55204e+12|6.44979e+11|7.46708e+11,8.19724e+08|8.87204e+12|1.06991e+11|2.63574e+12|1.30372e+11|5.06847e+11,0.000494453|0.000787814|0.000182949|0.000116235|3.71253e-05|0.000185382,0.000316017|0.00788063|0.00274771|0.00126856|0.00313588|0.00344885,0.0109342|0.0476737|0.0207315|0.0100727|0.0266048|0.0365406,0.000178506|0.00335145|0.0378122|0.0107197|0.0179693|0.0130093,0.973537|0.954869|0.910795|0.903245|0.958619|0.98883,4.63983|5.26639|1.89272|4.68449|2.63855|4.04415,79.8117|66.6304|11.0615|47.0482|66.5616,0.246796|0.179788|0.214255|0.167884|0.171721,0.338018|0.275394|0.692153|0.410418|0.235817,0.869523,0.801463,0.117836,0.0993652,0.460468,0.534015,0.0732846,0.487967,0.198257,0.921169,51.6436,5.43263e-12,47756,0.887486,41.1981,1.06086e-12,38445,0.895553,0.876428,0.0878307,0.631141,0.996144,0.511517,0.22039,0.459803,0.228135,0.891603,87.9902,7.64954e-10,30733,0.967162,70.4477,9.04596e-11,52512
24,5,n1->n13->n14->n96->n94->n51,5.37021e+09|6.60497e+13|3.70261e+10|2.51165e+12|1.36531e+10|7.46708e+11,8.19724e+08|8.87204e+12|1.44234e+10|5.36324e+11|1.67171e+09|5.06847e+11,0.000494453|0.000787814|3.25754e-05|1.2987e-05|2.95455e-05|0.000185382,0.000316017|0.00788063|0.000181646|0.000286765|0.000125263|0.00344885,0.0109342|0.0476737|0.0426128|0.0377902|0.00830448|0.0365406,0.000178506|0.00335145|0.049061|0.0195364|0.0293842|0.0130093,0.973537|0.954869|0.906626|0.951762|0.927471|0.98883,4.63983|5.26639|0.762282|0.85792|5.03384|4.04415,79.8117|92.5451|54.7186|71.0086|11.2844,0.246796|0.191459|0.208433|0.230021|0.200895,0.338018|0.161307|0.448351|0.131268|0.836539,0.869523,0.801463,0.117836,0.0993652,0.460468,0.534015,0.0732846,0.487967,0.198257,0.921169,51.6436,5.43263e-12,47756,0.887486,41.1981,1.06086e-12,38445,0.895553,0.876428,0.0878307,0.631141,0.996144,0.511517,0.22039,0.459803,0.228135,0.891603,87.9902,7.64954e-10,30733,0.967162,70.4477,9.04596e-11,52512
24,6,n1->n99->n97->n27->n52->n51,5.37021e+09|1.57108e+10|2.90604e+09|4.19351e+12|1.02428e+10|7.46708e+11,8.19724e+08|4.21389e+09|5.04144e+08|8.73344e+11|2.07235e+09|5.06847e+11,0.000494453|0.00089026|8.81202e-05|1.08528e-05|0.00011644|0.000185382,0.000316017|0.000350126|0.00494291|0.00262605|0.00580301|0.00344885,0.0109342|0.0362414|0.0381696|0.0303206|0.0398377|0.0365406,0.000178506|0.0472365|0.00800322|0.0230682|0.0151024|0.0130093,0.973537|0.953794|0.90679|0.985376|0.965406|0.98883,4.63983|3.07459|1.41691|4.5695|0.0104102|4.04415,66.2586|94.4507|31.5608|46.2248|83.3731,0.180129|0.168303|0.219936|0.183493|0.197114,0.323551|0.263233|0.557853|0.657987|0.942894,0.869523,0.801463,0.117836,0.0993652,0.460468,0.534015,0.0732846,0.487967,0.198257,0.921169,51.6436,5.43263e-12,47756,0.887486,41.1981,1.06086e-12,38445,0.895553,0.876428,0.0878307,0.631141,0.996144,0.511517,0.22039,0.459803,0.228135,0.891603,87.9902,7.64954e-10,30733,0.967162,70.4477,9.04596e-11,52512
24,7,n1->n99->n77->n93->n94->n51,5.37021e+09|1.57108e+10|5.68112e+11|4.22601e+13|1.36531e+10|7.46708e+11,8.19724e+08|4.21389e+09|3.56307e+11|1.3774e+13|1.67171e+09|5.06847e+11,0.000494453|0.00089026|8.49487e-05|8.45967e-05|2.95455e-05|0.000185382,0.000316017|0.000350126|0.000906866|0.000162335|0.000125263|0.00344885,0.0109342|0.0362414|0.04851|0.0108045|0.00830448|0.0365406,0.000178506|0.0472365|0.0115254|0.0326183|0.0293842|0.0130093,0.973537|0.953794|0.949999|0.912097|0.927471|0.98883,4.63983|3.07459|0.722366|5.92115|5.03384|4.04415,66.2586|96.5216|51.9256|63.1349|11.2844,0.180129|0.241387|0.247077|0.209804|0.200895,0.323551|0.664018|0.469529|0.17375|0.836539,0.869523,0.801463,0.117836,0.0993652,0.460468,0.534015,0.0732846,0.487967,0.198257,0.921169,51.6436,5.43263e-12,47756,0.887486,41.1981,1.06086e-12,38445,0.895553,0.876428,0.0878307,0.631141,0.996144,0.511517,0.22039,0.459803,0.228135,0.891603,87.9902,7.64954e-10,30733,0.967162,70.4477,9.04596e-11,52512
24,8,n1->n13->n15->n29->n50->n51,5.37021e+09|6.60497e+13|8.77071e+11|3.6336e+13|2.36425e+09|7.46708e+11,8.19724e+08|8.87204e+12|1.06991e+11|1.77292e+13|4.07889e+08|5.06847e+11,0.000494453|0.000787814|0.000182949|0.000125062|1.54283e-05|0.000185382,0.000316017|0.00788063|0.00274771|0.00231296|0.00907722|0.00344885,0.0109342|0.0476737|0.0207315|0.0255931|0.00638914|0.0365406,0.000178506|0.00335145|0.0378122|0.00291922|0.0483596|0.0130093,0.973537|0.954869|0.910795|0.962742|0.910708|0.98883,4.63983|5.26639|1.89272|0.0327787|5.41755|4.04415,79.8117|66.6304|32.2763|37.0378|82.9474,0.246796|0.179788|0.240047|0.191256|0.24308,0.338018|0.275394|0.895675|0.182586|0.624607,0.869523,0.801463,0.117836,0.0993652,0.460468,0.534015,0.0732846,0.487967,0.198257,0.921169,51.6436,5.43263e-12,47756,0.887486,41.1981,1.06086e-12,38445,0.895553,0.876428,0.0878307,0.631141,0.996144,0.511517,0.22039,0.459803,0.228135,0.891603,87.9902,7.64954e-10,30733,0.967162,70.4477,9.04596e-11,52512
24,9,n1->n13->n12->n14->n96->n94->n51,5.37021e+09|6.60497e+13|9.70597e+10|3.70261e+10|2.51165e+12|1.36531e+10|7.46708e+11,8.19724e+08|8.87204e+12|2.76143e+10|1.44234e+10|5.36324e+11|1.67171e+09|5.06847e+11,0.000494453|0.000787814|0.000201974|3.25754e-05|1.2987e-05|2.95455e-05|0.000185382,0.000316017|0.00788063|0.0016732|0.000181646|0.000286765|0.000125263|0.00344885,0.0109342|0.0476737|0.0313381|0.0426128|0.0377902|0.00830448|0.0365406,0.000178506|0.00335145|0.0470205|0.049061|0.0195364|0.0293842|0.0130093,0.973537|0.954869|0.937315|0.906626|0.951762|0.927471|0.98883,4.63983|5.26639|3.07758|0.762282|0.85792|5.03384|4.04415,79.8117|56.34|51.9585|54.7186|71.0086|11.2844,0.246796|0.206669|0.222459|0.208433|0.230021|0.200895,0.338018|0.285239|0.326911|0.448351|0.131268|0.836539,0.869523,0.801463,0.117836,0.0993652,0.460468,0.534015,0.0732846,0.487967,0.198257,0.921169,51.6436,5.43263e-12,47756,0.887486,41.1981,1.06086e-12,38445,0.895553,0.876428,0.0878307,0.631141,0.996144,0.511517,0.22039,0.459803,0.228135,0.891603,87.9902,7.64954e-10,30733,0.967162,70.4477,9.04596e-11,52512
24,10,n1->n99->n77->n93->n92->n94->n51,5.37021e+09|1.57108e+10|5.68112e+11|4.22601e+13|1.97334e+09|1.36531e+10|7.46708e+11,8.19724e+08|4.21389e+09|3.56307e+11|1.3774e+13|1.46451e+09|1.67171e+09|5.06847e+11,0.000494453|0.00089026|8.49487e-05|8.45967e-05|2.75832e-05|2.95455e-05|0.000185382,0.000316017|0.000350126|0.000906866|0.000162335|0.0052688|0.000125263|0.00344885,0.0109342|0.0362414|0.04851|0.0108045|0.0444618|0.00830448|0.0365406,0.000178506|0.0472365|0.0115254|0.0326183|0.0387741|0.0293842|0.0130093,0.973537|0.953794|0.949999|0.912097|0.987763|0.927471|0.98883,4.63983|3.07459|0.722366|5.92115|6.03913|5.03384|4.04415,66.2586|96.5216|51.9256|61.035|13.5087|11.2844,0.180129|0.241387|0.247077|0.21409|0.230182|0.200895,0.323551|0.664018|0.469529|0.722832|0.731663|0.836539,0.869523,0.801463,0.117836,0.0993652,0.460468,0.534015,0.0732846,0.487967,0.198257,0.921169,51.6436,5.43263e-12,47756,0.887486,41.1981,1.06086e-12,38445,0.895553,0.876428,0.0878307,0.631141,0.996144,0.511517,0.22039,0.459803,0.228135,0.891603,87.9902,7.64954e-10,30733,0.967162,70.4477,9.04596e-11,52512
24,11,n1->n13->n11->n29->n27->n52->n51,5.37021e+09|6.60497e+13|1.78735e+12|3.6336e+13|4.19351e+12|1.02428e+10|7.46708e+11,8.19724e+08|8.87204e+12|3.29521e+11|1.77292e+13|8.73344e+11|2.07235e+09|5.06847e+11,0.000494453|0.000787814|5.47786e-05|0.000125062|1.08528e-05|0.00011644|0.000185382,0.000316017|0.00788063|0.00652494|0.00231296|0.00262605|0.00580301|0.00344885,0.0109342|0.0476737|0.00125292|0.0255931|0.0303206|0.0398377|0.0365406,0.000178506|0.00335145|0.0136412|0.00291922|0.0230682|0.0151024|0.0130093,0.973537|0.954869|0.988894|0.962742|0.985376|0.965406|0.98883,4.63983|5.26639|0.923897|0.0327787|4.5695|0.0104102|4.04415,79.8117|13.9548|13.2112|49.6282|46.2248|83.3731,0.246796|0.189728|0.219003|0.180772|0.183493|0.197114,0.338018|0.801183|0.427028|0.511755|0.657987|0.942894,0.869523,0.801463,0.117836,0.0993652,0.460468,0.534015,0.0732846,0.487967,0.198257,0.921169,51.6436,5.43263e-12,47756,0.887486,41.1981,1.06086e-12,38445,0.895553,0.876428,0.0878307,0.631141,0.996144,0.511517,0.22039,0.459803,0.228135,0.891603,87.9902,7.64954e-10,30733,0.967162,70.4477,9.04596e-11,52512
24,12,n1->n20->n21->n67->n64->n49->n51,5.37021e+09|4.0293e+11|1.56161e+12|4.7483e+09|4.21034e+09|2.45005e+09|7.46708e+11,8.19724e+08|1.89646e+11|3.02345e+11|7.5553e+08|1.60867e+09|2.44458e+09|5.06847e+11,0.000494453|5.21063e-05|0.00096308|3.91885e-05|1.88732e-05|1.07426e-05|0.000185382,0.000316017|0.000368678|0.00195589|0.000640186|0.000135861|0.000979027|0.00344885,0.0109342|0.0108696|0.00712365|0.029632|0.0266797|0.0183567|0.0365406,0.000178506|0.0181411|0.0414669|0.0482082|0.0436548|0.0388066|0.0130093,0.973537|0.923215|0.971602|0.924883|0.933821|0.969899|0.98883,4.63983|4.79469|3.14177|2.06342|5.77568|3.94615|4.04415,90.7492|76.7594|42.5138|95.5844|77.768|10.4661,0.215706|0.218425|0.197352|0.248978|0.165457|0.216931,0.53635|0.515127|0.602799|0.480161|0.348083|0.516407,0.869523,0.801463,0.117836,0.0993652,0.460468,0.534015,0.0732846,0.487967,0.198257,0.921169,51.6436,5.43263e-12,47756,0.887486,41.1981,1.06086e-12,38445,0.895553,0.876428,0.0878307,0.631141,0.996144,0.511517,0.22039,0.459803,0.228135,0.891603,87.9902,7.64954e-10,30733,0.967162,70.4477,9.04596e-11,52512
24,13,n1->n99->n77->n93->n64->n49->n51,5.37021e+09|1.57108e+10|5.68112e+11|4.22601e+13|4.21034e+09|2.45005e+09|7.46708e+11,8.19724e+08|4.21389e+09|3.56307e+11|1.3774e+13|1.60867e+09|2.44458e+09|5.06847e+11,0.000494453|0.00089026|8.49487e-05|8.45967e-05|1.88732e-05|1.07426e-05|0.000185382,0.000316017|0.000350126|0.000906866|0.000162335|0.000135861|0.000979027|0.00344885,0.0109342|0.0362414|0.04851|0.0108045|0.0266797|0.0183567|0.0365406,0.000178506|0.0472365|0.0115254|0.0326183|0.0436548|0.0388066|0.0130093,0.973537|0.953794|0.949999|0.912097|0.933821|0.969899|0.98883,4.63983|3.07459|0.722366|5.92115|5.77568|3.94615|4.04415,66.2586|96.5216|51.9256|32.5899|77.768|10.4661,0.180129|0.241387|0.247077|0.178102|0.165457|0.216931,0.323551|0.664018|0.469529|0.548301|0.348083|0.516407,0.869523,0.801463,0.117836,0.0993652,0.460468,0.534015,0.0732846,0.487967,0.198257,0.921169,51.6436,5.43263e-12,47756,0.887486,41.1981,1.06086e-12,38445,0.895553,0.876428,0.0878307,0.631141,0.996144,0.511517,0.22039,0.459803,0.228135,0.891603,87.9902,7.64954e-10,30733,0.967162,70.4477,9.04596e-11,52512
24,14,n1->n99->n97->n27->n29->n50->n51,5.37021e+09|1.57108e+10|2.90604e+09|4.19351e+12|3.6336e+13|2.36425e+09|7.46708e+11,8.19724e+08|4.21389e+09|5.04144e+08|8.73344e+11|1.77292e+13|4.07889e+08|5.06847e+11,0.000494453|0.00089026|8.81202e-05|1.08528e-05|0.000125062|1.54283e-05|0.000185382,0.000316017|0.000350126|0.00494291|0.00262605|0.00231296|0.00907722|0.00344885,0.0109342|0.0362414|0.0381696|0.0303206|0.0255931|0.00638914|0.0365406,0.000178506|0.0472365|0.00800322|0.0230682|0.00291922|0.0483596|0.0130093,0.973537|0.953794|0.90679|0.985376|0.962742|0.910708|0.98883,4.63983|3.07459|1.41691|4.5695|0.0327787|5.41755|4.04415,66.2586|94.4507|31.5608|49.6282|37.0378|82.9474,0.180129|0.168303|0.219936|0.180772|0.191256|0.24308,0.323551|0.263233|0.557853|0.511755|0.182586|0.624607,0.869523,0.801463,0.117836,0.0993652,0.460468,0.534015,0.0732846,0.487967,0.198257,0.921169,51.6436,5.43263e-12,47756,0.887486,41.1981,1.06086e-12,38445,0.895553,0.876428,0.0878307,0.631141,0.996144,0.511517,0.22039,0.459803,0.228135,0.891603,87.9902,7.64954e-10,30733,0.967162,70.4477,9.04596e-11,52512
24,15,n1->n20->n89->n90->n59->n50->n51,5.37021e+09|4.0293e+11|2.68119e+11|1.33273e+11|3.04563e+11|2.36425e+09|7.46708e+11,8.19724e+08|1.89646e+11|9.23423e+10|6.41526e+10|3.06423e+10|4.07889e+08|5.06847e+11,0.000494453|5.21063e-05|3.55201e-05|0.000319756|2.43107e-05|1.54283e-05|0.000185382,0.000316017|0.000368678|0.000111435|0.000672662|0.000202742|0.00907722|0.00344885,0.0109342|0.0108696|0.0107812|0.0285929|0.00304046|0.00638914|0.0365406,0.000178506|0.0181411|0.0401575|0.0372754|0.0474075|0.0483596|0.0130093,0.973537|0.923215|0.926416|0.984478|0.99171|0.910708|0.98883,4.63983|4.79469|0.0868458|4.02061|5.60303|5.41755|4.04415,90.7492|18.2346|12.726|62.2588|47.7013|82.9474,0.215706|0.231355|0.226099|0.169222|0.170229|0.24308,0.53635|0.595303|0.757755|0.361153|0.776444|0.624607,0.869523,0.801463,0.117836,0.0993652,0.460468,0.534015,0.0732846,0.487967,0.198257,0.921169,51.6436,5.43263e-12,47756,0.887486,41.1981,1.06086e-12,38445,0.895553,0.876428,0.0878307,0.631141,0.996144,0.511517,0.22039,0.459803,0.228135,0.891603,87.9902,7.64954e-10,30733,0.967162,70.4477,9.04596e-11,52512
24,16,n1->n13->n15->n29->n27->n52->n51,5.37021e+09|6.60497e+13|8.77071e+11|3.6336e+13|4.19351e+12|1.02428e+10|7.46708e+11,8.19724e+08|8.87204e+12|1.06991e+11|1.77292e+13|8.73344e+11|2.07235e+09|5.06847e+11,0.000494453|0.000787814|0.000182949|0.000125062|1.08528e-05|0.00011644|0.000185382,0.000316017|0.00788063|0.00274771|0.00231296|0.00262605|0.00580301|0.00344885,0.0109342|0.0476737|0.0207315|0.0255931|0.0303206|0.0398377|0.0365406,0.000178506|0.00335145|0.0378122|0.00291922|0.0230682|0.0151024|0.0130093,0.973537|0.954869|0.910795|0.962742|0.985376|0.965406|0.98883,4.63983|5.26639|1.89272|0.0327787|4.5695|0.0104102|4.04415,79.8117|66.6304|32.2763|49.6282|46.2248|83.3731,0.246796|0.179788|0.240047|0.180772|0.183493|0.197114,0.338018|0.275394|0.895675|0.511755|0.657987|0.942894,0.869523,0.801463,0.117836,0.0993652,0.460468,0.534015,0.0732846,0.487967,0.198257,0.921169,51.6436,5.43263e-12,47756,0.887486,41.1981,1.06086e-12,38445,0.895553,0.876428,0.0878307,0.631141,0.996144,0.511517,0.22039,0.459803,0.228135,0.891603,87.9902,7.64954e-10,30733,0.967162,70.4477,9.04596e-11,52512
24,17,n1->n20->n96->n97->n27->n52->n51,5.37021e+09|4.0293e+11|2.51165e+12|2.90604e+09|4.19351e+12|1.02428e+10|7.46708e+11,8.19724e+08|1.89646e+11|5.36324e+11|5.04144e+08|8.73344e+11|2.07235e+09|5.06847e+11,0.000494453|5.21063e-05|1.2987e-05|8.81202e-05|1.08528e-05|0.00011644|0.000185382,0.000316017|0.000368678|0.000286765|0.00494291|0.00262605|0.00580301|0.00344885,0.0109342|0.0108696|0.0377902|0.0381696|0.0303206|0.0398377|0.0365406,0.000178506|0.0181411|0.0195364|0.00800322|0.0230682|0.0151024|0.0130093,0.973537|0.923215|0.951762|0.90679|0.985376|0.965406|0.98883,4.63983|4.79469|0.85792|1.41691|4.5695|0.0104102|4.04415,90.7492|58.7029|37.9513|31.5608|46.2248|83.3731,0.215706|0.201188|0.246589|0.219936|0.183493|0.197114,0.53635|0.666395|0.157157|0.557853|0.657987|0.942894,0.869523,0.801463,0.117836,0.0993652,0.460468,0.534015,0.0732846,0.487967,0.198257,0.921169,51.6436,5.43263e-12,47756,0.887486,41.1981,1.06086e-12,38445,0.895553,0.876428,0.0878307,0.631141,0.996144,0.511517,0.22039,0.459803,0.228135,0.891603,87.9902,7.64954e-10,30733,0.967162,70.4477,9.04596e-11,52512
24,18,n1->n20->n89->n48->n47->n49->n51,5.37021e+09|4.0293e+11|2.68119e+11|3.98001e+12|4.74236e+11|2.45005e+09|7.46708e+11,8.19724e+08|1.89646e+11|9.23423e+10|1.69514e+12|1.54765e+11|2.44458e+09|5.06847e+11,0.000494453|5.21063e-05|3.55201e-05|4.78153e-05|0.000202873|1.07426e-05|0.000185382,0.000316017|0.000368678|0.000111435|0.00544009|0.000266598|0.000979027|0.00344885,0.0109342|0.0108696|0.0107812|0.0455031|0.00898217|0.0183567|0.0365406,0.000178506|0.0181411|0.0401575|0.0360942|0.0488958|0.0388066|0.0130093,0.973537|0.923215|0.926416|0.967439|0.9108|0.969899|0.98883,4.63983|4.79469|0.0868458|3.09858|6.27947|3.94615|4.04415,90.7492|18.2346|94.0077|78.8723|91.8261|10.4661,0.215706|0.231355|0.234363|0.239998|0.228404|0.216931,0.53635|0.595303|0.948873|0.300482|0.133861|0.516407,0.869523,0.801463,0.117836,0.0993652,0.460468,0.534015,0.0732846,0.487967,0.198257,0.921169,51.6436,5.43263e-12,47756,0.887486,41.1981,1.06086e-12,38445,0.895553,0.876428,0.0878307,0.631141,0.996144,0.511517,0.22039,0.459803,0.228135,0.891603,87.9902,7.64954e-10,30733,0.967162,70.4477,9.04596e-11,52512
24,19,n1->n99->n98->n57->n55->n53->n52->n51,5.37021e+09|1.57108e+10|1.8266e+13|4.14288e+09|8.84081e+12|4.60474e+10|1.02428e+10|7.46708e+11,8.19724e+08|4.21389e+09|5.99087e+12|2.05006e+09|4.69454e+12|3.18273e+10|2.07235e+09|5.06847e+11,0.000494453|0.00089026|0.000410965|0.000173612|4.06274e-05|2.00633e-05|0.00011644|0.000185382,0.000316017|0.000350126|0.000548485|0.00271581|0.000128431|0.000509085|0.00580301|0.00344885,0.0109342|0.0362414|0.0295222|0.0328142|0.00843704|5.21659e-05|0.0398377|0.0365406,0.000178506|0.0472365|0.0297366|0.0437642|0.0314938|0.00115664|0.0151024|0.0130093,0.973537|0.953794|0.959539|0.983348|0.908585|0.913872|0.965406|0.98883,4.63983|3.07459|2.95405|1.93323|3.37071|0.640024|0.0104102|4.04415,66.2586|58.4557|98.2355|61.5999|30.3781|81.3721|83.3731,0.180129|0.227784|0.190047|0.220389|0.207992|0.184589|0.197114,0.323551|0.686264|0.757428|0.549818|0.646488|0.272111|0.942894,0.869523,0.801463,0.117836,0.0993652,0.460468,0.534015,0.0732846,0.487967,0.198257,0.921169,51.6436,5.43263e-12,47756,0.887486,41.1981,1.06086e-12,38445,0.895553,0.876428,0.0878307,0.631141,0.996144,0.511517,0.22039,0.459803,0.228135,0.891603,87.9902,7.64954e-10,30733,0.967162,70.4477,9.04596e-11,52512
24,20,n1->n20->n96->n97->n95->n93->n94->n51,5.37021e+09|4.0293e+11|2.51165e+12|2.90604e+09|1.05601e+11|4.22601e+13|1.36531e+10|7.46708e+11,8.19724e+08|1.89646e+11|5.36324e+11|5.04144e+08|5.46554e+10|1.3774e+13|1.67171e+09|5.06847e+11,0.000494453|5.21063e-05|1.2987e-05|8.81202e-05|0.000260968|8.45967e-05|2.95455e-05|0.000185382,0.000316017|0.000368678|0.000286765|0.00494291|0.000186877|0.000162335|0.000125263|0.00344885,0.0109342|0.0108696|0.0377902|0.0381696|0.00282907|0.0108045|0.00830448|0.0365406,0.000178506|0.0181411|0.0195364|0.00800322|0.0420997|0.0326183|0.0293842|0.0130093,0.973537|0.923215|0.951762|0.90679|0.966581|0.912097|0.927471|0.98883,4.63983|4.79469|0.85792|1.41691|1.09944|5.92115|5.03384|4.04415,90.7492|58.7029|37.9513|11.8968|24.941|63.1349|11.2844,0.215706|0.201188|0.246589|0.228013|0.237661|0.209804|0.200895,0.53635|0.666395|0.157157|0.342677|0.985064|0.17375|0.836539,0.869523,0.801463,0.117836,0.0993652,0.460468,0.534015,0.0732846,0.487967,0.198257,0.921169,51.6436,5.43263e-12,47756,0.887486,41.1981,1.06086e-12,38445,0.895553,0.876428,0.0878307,0.631141,0.996144,0.511517,0.22039,0.459803,0.228135,0.891603,87.9902,7.64954e-10,30733,0.967162,70.4477,9.04596e-11,52512
24,21,n1->n13->n11->n9->n10->n63->n61->n51,5.37021e+09|6.60497e+13|1.78735e+12|1.49139e+12|2.49624e+09|6.55204e+12|6.44979e+11|7.46708e+11,8.19724e+08|8.87204e+12|3.29521e+11|3.79906e+11|7.32581e+08|2.63574e+12|1.30372e+11|5.06847e+11,0.000494453|0.000787814|5.47786e-05|1.80008e-05|6.27016e-05|0.000116235|3.71253e-05|0.000185382,0.000316017|0.00788063|0.00652494|0.00065196|0.00113469|0.00126856|0.00313588|0.00344885,0.0109342|0.0476737|0.00125292|0.0140743|0.00597815|0.0100727|0.0266048|0.0365406,0.000178506|0.00335145|0.0136412|0.033904|0.0245713|0.0107197|0.0179693|0.0130093,0.973537|0.954869|0.988894|0.963574|0.962416|0.903245|0.958619|0.98883,4.63983|5.26639|0.923897|5.88966|1.97158|4.68449|2.63855|4.04415,79.8117|13.9548|99.0064|65.9961|65.1286|47.0482|66.5616,0.246796|0.189728|0.201409|0.193896|0.203746|0.167884|0.171721,0.338018|0.801183|0.439638|0.982181|0.514129|0.410418|0.235817,0.869523,0.801463,0.117836,0.0993652,0.460468,0.534015,0.0732846,0.487967,0.198257,0.921169,51.6436,5.43263e-12,47756,0.887486,41.1981,1.06086e-12,38445,0.895553,0.876428,0.0878307,0.631141,0.996144,0.511517,0.22039,0.459803,0.228135,0.891603,87.9902,7.64954e-10,30733,0.967162,70.4477,9.04596e-11,52512
24,22,n1->n20->n96->n97->n27->n29->n50->n51,5.37021e+09|4.0293e+11|2.51165e+12|2.90604e+09|4.19351e+12|3.6336e+13|2.36425e+09|7.46708e+11,8.19724e+08|1.89646e+11|5.36324e+11|5.04144e+08|8.73344e+11|1.77292e+13|4.07889e+08|5.06847e+11,0.000494453|5.21063e-05|1.2987e-05|8.81202e-05|1.08528e-05|0.000125062|1.54283e-05|0.000185382,0.000316017|0.000368678|0.000286765|0.00494291|0.00262605|0.00231296|0.00907722|0.00344885,0.0109342|0.0108696|0.0377902|0.0381696|0.0303206|0.0255931|0.00638914|0.0365406,0.000178506|0.0181411|0.0195364|0.00800322|0.0230682|0.00291922|0.0483596|0.0130093,0.973537|0.923215|0.951762|0.90679|0.985376|0.962742|0.910708|0.98883,4.63983|4.79469|0.85792|1.41691|4.5695|0.0327787|5.41755|4.04415,90.7492|58.7029|37.9513|31.5608|49.6282|37.0378|82.9474,0.215706|0.201188|0.246589|0.219936|0.180772|0.191256|0.24308,0.53635|0.666395|0.157157|0.557853|0.511755|0.182586|0.624607,0.869523,0.801463,0.117836,0.0993652,0.460468,0.534015,0.0732846,0.487967,0.198257,0.921169,51.6436,5.43263e-12,47756,0.887486,41.1981,1.06086e-12,38445,0.895553,0.876428,0.0878307,0.631141,0.996144,0.511517,0.22039,0.459803,0.228135,0.891603,87.9902,7.64954e-10,30733,0.967162,70.4477,9.04596e-11,52512
24,23,n1->n20->n18->n17->n85->n65->n52->n51,5.37021e+09|4.0293e+11|7.59179e+12|1.51096e+11|2.02447e+09|1.12599e+09|1.02428e+10|7.46708e+11,8.19724e+08|1.89646e+11|4.11836e+12|1.57582e+10|2.41326e+08|3.2906e+08|2.07235e+09|5.06847e+11,0.000494453|5.21063e-05|2.98936e-05|0.000261059|2.04325e-05|1.96575e-05|0.00011644|0.000185382,0.000316017|0.000368678|0.000681499|0.000513001|0.000338175|0.000428116|0.00580301|0.00344885,0.0109342|0.0108696|0.0192976|0.0430027|0.0354515|0.00118659|0.0398377|0.0365406,0.000178506|0.0181411|0.0120519|0.00442808|0.0266209|0.00176737|0.0151024|0.0130093,0.973537|0.923215|0.946711|0.974312|0.940474|0.967717|0.965406|0.98883,4.63983|4.79469|4.38273|5.11322|4.91715|4.1126|0.0104102|4.04415,90.7492|89.2299|43.2583|84.7043|82.5435|56.1703|83.3731,0.215706|0.247215|0.218822|0.225161|0.20461|0.247907|0.197114,0.53635|0.652252|0.981182|0.880608|0.519435|0.827328|0.942894,0.869523,0.801463,0.117836,0.0993652,0.460468,0.534015,0.0732846,0.487967,0.198257,0.921169,51.6436,5.43263e-12,47756,0.887486,41.1981,1.06086e-12,38445,0.895553,0.876428,0.0878307,0.631141,0.996144,0.511517,0.22039,0.459803,0.228135,0.891603,87.9902,7.64954e-10,30733,0.967162,70.4477,9.04596e-11,52512
24,24,n1->n20->n19->n68->n58->n59->n50->n51,5.37021e+09|4.0293e+11|2.47533e+11|1.31753e+09|8.16696e+09|3.04563e+11|2.36425e+09|7.46708e+11,8.19724e+08|1.89646e+11|2.33399e+11|3.10679e+08|6.89506e+09|3.06423e+10|4.07889e+08|5.06847e+11,0.000494453|5.21063e-05|0.000261527|0.000223952|0.000266735|2.43107e-05|1.54283e-05|0.000185382,0.000316017|0.000368678|0.000768065|0.00843573|0.00874893|0.000202742|0.00907722|0.00344885,0.0109342|0.0108696|0.0201979|0.0370095|0.0248478|0.00304046|0.00638914|0.0365406,0.000178506|0.0181411|0.0291803|0.00589983|0.0481122|0.0474075|0.0483596|0.0130093,0.973537|0.923215|0.941018|0.984554|0.911658|0.99171|0.910708|0.98883,4.63983|4.79469|1.39448|5.26958|3.70937|5.60303|5.41755|4.04415,90.7492|86.2435|67.5745|56.905|56.397|47.7013|82.9474,0.215706|0.182991|0.2055|0.185169|0.21902|0.170229|0.24308,0.53635|0.182796|0.968257|0.476138|0.533324|0.776444|0.624607,0.869523,0.801463,0.117836,0.0993652,0.460468,0.534015,0.0732846,0.487967,0.198257,0.921169,51.6436,5.43263e-12,47756,0.887486,41.1981,1.06086e-12,38445,0.895553,0.876428,0.0878307,0.631141,0.996144,0.511517,0.22039,0.459803,0.228135,0.891603,87.9902,7.64954e-10,30733,0.967162,70.4477,9.04596e-11,52512
24,25,n1->n13->n14->n75->n4->n27->n52->n51,5.37021e+09|6.60497e+13|3.70261e+10|8.71921e+10|7.07339e+12|4.19351e+12|1.02428e+10|7.46708e+11,8.19724e+08|8.87204e+12|1.44234e+10|5.29113e+10|2.43435e+12|8.73344e+11|2.07235e+09|5.06847e+11,0.000494453|0.000787814|3.25754e-05|0.000766915|0.000113681|1.08528e-05|0.00011644|0.000185382,0.000316017|0.00788063|0.000181646|0.000203965|0.00198341|0.00262605|0.00580301|0.00344885,0.0109342|0.0476737|0.0426128|0.0243876|0.0350273|0.0303206|0.0398377|0.0365406,0.000178506|0.00335145|0.049061|0.0250863|0.0273051|0.0230682|0.0151024|0.0130093,0.973537|0.954869|0.906626|0.936129|0.917619|0.985376|0.965406|0.98883,4.63983|5.26639|0.762282|3.39264|1.56082|4.5695|0.0104102|4.04415,79.8117|92.5451|56.2706|81.7362|52.1141|46.2248|83.3731,0.246796|0.191459|0.226178|0.218556|0.184605|0.183493|0.197114,0.338018|0.161307|0.725021|0.847503|0.200735|0.657987|0.942894,0.869523,0.801463,0.117836,0.0993652,0.460468,0.534015,0.0732846,0.487967,0.198257,0.921169,51.6436,5.43263e-12,47756,0.887486,41.1981,1.06086e-12,38445,0.895553,0.876428,0.0878307,0.631141,0.996144,0.511517,0.22039,0.459803,0.228135,0.891603,87.9902,7.64954e-10,30733,0.967162,70.4477,9.04596e-11,52512
24,26,n1->n99->n77->n72->n45->n47->n49->n51,5.37021e+09|1.57108e+10|5.68112e+11|6.83442e+09|8.38488e+13|4.74236e+11|2.45005e+09|7.46708e+11,8.19724e+08|4.21389e+09|3.56307e+11|1.48353e+09|1.01787e+13|1.54765e+11|2.44458e+09|5.06847e+11,0.000494453|0.00089026|8.49487e-05|0.000159499|1.67225e-05|0.000202873|1.07426e-05|0.000185382,0.000316017|0.000350126|0.000906866|0.00384342|0.000742576|0.000266598|0.000979027|0.00344885,0.0109342|0.0362414|0.04851|0.0479977|0.00846218|0.00898217|0.0183567|0.0365406,0.000178506|0.0472365|0.0115254|0.0299903|0.0342415|0.0488958|0.0388066|0.0130093,0.973537|0.953794|0.949999|0.96924|0.934264|0.9108|0.969899|0.98883,4.63983|3.07459|0.722366|3.90463|5.31688|6.27947|3.94615|4.04415,66.2586|96.5216|92.3918|63.1262|40.979|91.8261|10.4661,0.180129|0.241387|0.167022|0.243732|0.216949|0.228404|0.216931,0.323551|0.664018|0.776051|0.65643|0.317946|0.133861|0.516407,0.869523,0.801463,0.117836,0.0993652,0.460468,0.534015,0.0732846,0.487967,0.198257,0.921169,51.6436,5.43263e-12,47756,0.887486,41.1981,1.06086e-12,38445,0.895553,0.876428,0.0878307,0.631141,0.996144,0.511517,0.22039,0.459803,0.228135,0.891603,87.9902,7.64954e-10,30733,0.967162,70.4477,9.04596e-11,52512
24,27,n1->n20->n19->n17->n85->n65->n52->n51,5.37021e+09|4.0293e+11|2.47533e+11|1.51096e+11|2.02447e+09|1.12599e+09|1.02428e+10|7.46708e+11,8.19724e+08|1.89646e+11|2.33399e+11|1.57582e+10|2.41326e+08|3.2906e+08|2.07235e+09|5.06847e+11,0.000494453|5.21063e-05|0.000261527|0.000261059|2.04325e-05|1.96575e-05|0.00011644|0.000185382,0.000316017|0.000368678|0.000768065|0.000513001|0.000338175|0.000428116|0.00580301|0.00344885,0.0109342|0.0108696|0.0201979|0.0430027|0.0354515|0.00118659|0.0398377|0.0365406,0.000178506|0.0181411|0.0291803|0.00442808|0.0266209|0.00176737|0.0151024|0.0130093,0.973537|0.923215|0.941018|0.974312|0.940474|0.967717|0.965406|0.98883,4.63983|4.79469|1.39448|5.11322|4.91715|4.1126|0.0104102|4.04415,90.7492|86.2435|10.3361|84.7043|82.5435|56.1703|83.3731,0.215706|0.182991|0.172286|0.225161|0.20461|0.247907|0.197114,0.53635|0.182796|0.559133|0.880608|0.519435|0.827328|0.942894,0.869523,0.801463,0.117836,0.0993652,0.460468,0.534015,0.0732846,0.487967,0.198257,0.921169,51.6436,5.43263e-12,47756,0.887486,41.1981,1.06086e-12,38445,0.895553,0.876428,0.0878307,0.631141,0.996144,0.511517,0.22039,0.459803,0.228135,0.891603,87.9902,7.64954e-10,30733,0.967162,70.4477,9.04596e-11,52512
24,28,n1->n13->n14->n96->n97->n27->n52->n51,5.37021e+09|6.60497e+13|3.70261e+10|2.51165e+12|2.90604e+09|4.19351e+12|1.02428e+10|7.46708e+11,8.19724e+08|8.87204e+12|1.44234e+10|5.36324e+11|5.04144e+08|8.73344e+11|2.07235e+09|5.06847e+11,0.000494453|0.000787814|3.25754e-05|1.2987e-05|8.81202e-05|1.08528e-05|0.00011644|0.000185382,0.000316017|0.00788063|0.000181646|0.000286765|0.00494291|0.00262605|0.00580301|0.00344885,0.0109342|0.0476737|0.0426128|0.0377902|0.0381696|0.0303206|0.0398377|0.0365406,0.000178506|0.00335145|0.049061|0.0195364|0.00800322|0.0230682|0.0151024|0.0130093,0.973537|0.954869|0.906626|0.951762|0.90679|0.985376|0.965406|0.98883,4.63983|5.26639|0.762282|0.85792|1.41691|4.5695|0.0104102|4.04415,79.8117|92.5451|54.7186|37.9513|31.5608|46.2248|83.3731,0.246796|0.191459|0.208433|0.246589|0.219936|0.183493|0.197114,0.338018|0.161307|0.448351|0.157157|0.557853|0.657987|0.942894,0.869523,0.801463,0.117836,0.0993652,0.460468,0.534015,0.0732846,0.487967,0.198257,0.921169,51.6436,5.43263e-12,47756,0.887486,41.1981,1.06086e-12,38445,0.895553,0.876428,0.0878307,0.631141,0.996144,0.511517,0.22039,0.459803,0.228135,0.891603,87.9902,7.64954e-10,30733,0.967162,70.4477,9.04596e-11,52512
24,29,n1->n99->n97->n95->n93->n92->n94->n51,5.37021e+09|1.57108e+10|2.90604e+09|1.05601e+11|4.22601e+13|1.97334e+09|1.36531e+10|7.46708e+11,8.19724e+08|4.21389e+09|5.04144e+08|5.46554e+10|1.3774e+13|1.46451e+09|1.67171e+09|5.06847e+11,0.000494453|0.00089026|8.81202e-05|0.000260968|8.45967e-05|2.75832e-05|2.95455e-05|0.000185382,0.000316017|0.000350126|0.00494291|0.000186877|0.000162335|0.0052688|0.000125263|0.00344885,0.0109342|0.0362414|0.0381696|0.00282907|0.0108045|0.0444618|0.00830448|0.0365406,0.000178506|0.0472365|0.00800322|0.0420997|0.0326183|0.0387741|0.0293842|0.0130093,0.973537|0.953794|0.90679|0.966581|0.912097|0.987763|0.927471|0.98883,4.63983|3.07459|1.41691|1.09944|5.92115|6.03913|5.03384|4.04415,66.2586|94.4507|11.8968|24.941|61.035|13.5087|11.2844,0.180129|0.168303|0.228013|0.237661|0.21409|0.230182|0.200895,0.323551|0.263233|0.342677|0.985064|0.722832|0.731663|0.836539,0.869523,0.801463,0.117836,0.0993652,0.460468,0.534015,0.0732846,0.487967,0.198257,0.921169,51.6436,5.43263e-12,47756,0.887486,41.1981,1.06086e-12,38445,0.895553,0.876428,0.0878307,0.631141,0.996144,0.511517,0.22039,0.459803,0.228135,0.891603,87.9902,7.64954e-10,30733,0.967162,70.4477,9.04596e-11,52512
24,30,n1->n99->n97->n95->n89->n48->n50->n51,5.37021e+09|1.57108e+10|2.90604e+09|1.05601e+11|2.68119e+11|3.98001e+12|2.36425e+09|7.46708e+11,8.19724e+08|4.21389e+09|5.04144e+08|5.46554e+10|9.23423e+10|1.69514e+12|4.07889e+08|5.06847e+11,0.000494453|0.00089026|8.81202e-05|0.000260968|3.55201e-05|4.78153e-05|1.54283e-05|0.000185382,0.000316017|0.000350126|0.00494291|0.000186877|0.000111435|0.00544009|0.00907722|0.00344885,0.0109342|0.0362414|0.0381696|0.00282907|0.0107812|0.0455031|0.00638914|0.0365406,0.000178506|0.0472365|0.00800322|0.0420997|0.0401575|0.0360942|0.0483596|0.0130093,0.973537|0.953794|0.90679|0.966581|0.926416|0.967439|0.910708|0.98883,4.63983|3.07459|1.41691|1.09944|0.0868458|3.09858|5.41755|4.04415,66.2586|94.4507|11.8968|11.8194|94.0077|23.5956|82.9474,0.180129|0.168303|0.228013|0.168449|0.234363|0.191801|0.24308,0.323551|0.263233|0.342677|0.776387|0.948873|0.688345|0.624607,0.869523,0.801463,0.117836,0.0993652,0.460468,0.534015,0.0732846,0.487967,0.198257,0.921169,51.6436,5.43263e-12,47756,0.887486,41.1981,1.06086e-12,38445,0.895553,0.876428,0.0878307,0.631141,0.996144,0.511517,0.22039,0.459803,0.228135,0.891603,87.9902,7.64954e-10,30733,0.967162,70.4477,9.04596e-11,52512
24,31,n1->n20->n21->n67->n64->n65->n52->n51,5.37021e+09|4.0293e+11|1.56161e+12|4.7483e+09|4.21034e+09|1.12599e+09|1.02428e+10|7.46708e+11,8.19724e+08|1.89646e+11|3.02345e+11|7.5553e+08|1.60867e+09|3.2906e+08|2.07235e+09|5.06847e+11,0.000494453|5.21063e-05|0.00096308|3.91885e-05|1.88732e-05|1.96575e-05|0.00011644|0.000185382,0.000316017|0.000368678|0.00195589|0.000640186|0.000135861|0.000428116|0.00580301|0.00344885,0.0109342|0.0108696|0.00712365|0.029632|0.0266797|0.00118659|0.0398377|0.0365406,0.000178506|0.0181411|0.0414669|0.0482082|0.0436548|0.00176737|0.0151024|0.0130093,0.973537|0.923215|0.971602|0.924883|0.933821|0.967717|0.965406|0.98883,4.63983|4.79469|3.14177|2.06342|5.77568|4.1126|0.0104102|4.04415,90.7492|76.7594|42.5138|95.5844|56.7563|56.1703|83.3731,0.215706|0.218425|0.197352|0.248978|0.186349|0.247907|0.197114,0.53635|0.515127|0.602799|0.480161|0.927837|0.827328|0.942894,0.869523,0.801463,0.117836,0.0993652,0.460468,0.534015,0.0732846,0.487967,0.198257,0.921169,51.6436,5.43263e-12,47756,0.887486,41.1981,1.06086e-12,38445,0.895553,0.876428,0.0878307,0.631141,0.996144,0.511517,0.22039,0.459803,0.228135,0.891603,87.9902,7.64954e-10,30733,0.967162,70.4477,9.04596e-11,52512
24,32,n1->n99->n97->n27->n26->n47->n49->n51,5.37021e+09|1.57108e+10|2.90604e+09|4.19351e+12|7.09351e+09|4.74236e+11|2.45005e+09|7.46708e+11,8.19724e+08|4.21389e+09|5.04144e+08|8.73344e+11|1.31666e+09|1.54765e+11|2.44458e+09|5.06847e+11,0.000494453|0.00089026|8.81202e-05|1.08528e-05|3.77967e-05|0.000202873|1.07426e-05|0.000185382,0.000316017|0.000350126|0.00494291|0.00262605|0.00522178|0.000266598|0.000979027|0.00344885,0.0109342|0.0362414|0.0381696|0.0303206|0.0101688|0.00898217|0.0183567|0.0365406,0.000178506|0.0472365|0.00800322|0.0230682|0.0409649|0.0488958|0.0388066|0.0130093,0.973537|0.953794|0.90679|0.985376|0.981638|0.9108|0.969899|0.98883,4.63983|3.07459|1.41691|4.5695|2.91399|6.27947|3.94615|4.04415,66.2586|94.4507|31.5608|67.4197|70.8805|91.8261|10.4661,0.180129|0.168303|0.219936|0.171162|0.189485|0.228404|0.216931,0.323551|0.263233|0.557853|0.40751|0.757042|0.133861|0.516407,0.869523,0.801463,0.117836,0.0993652,0.460468,0.534015,0.0732846,0.487967,0.198257,0.921169,51.6436,5.43263e-12,47756,0.887486,41.1981,1.06086e-12,38445,0.895553,0.876428,0.0878307,0.631141,0.996144,0.511517,0.22039,0.459803,0.228135,0.891603,87.9902,7.64954e-10,30733,0.967162,70.4477,9.04596e-11,52512
24,33,n1->n20->n89->n95->n93->n64->n49->n51,5.37021e+09|4.0293e+11|2.68119e+11|1.05601e+11|4.22601e+13|4.21034e+09|2.45005e+09|7.46708e+11,8.19724e+08|1.89646e+11|9.23423e+10|5.46554e+10|1.3774e+13|1.60867e+09|2.44458e+09|5.06847e+11,0.000494453|5.21063e-05|3.55201e-05|0.000260968|8.45967e-05|1.88732e-05|1.07426e-05|0.000185382,0.000316017|0.000368678|0.000111435|0.000186877|0.000162335|0.000135861|0.000979027|0.00344885,0.0109342|0.0108696|0.0107812|0.00282907|0.0108045|0.0266797|0.0183567|0.0365406,0.000178506|0.0181411|0.0401575|0.0420997|0.0326183|0.0436548|0.0388066|0.0130093,0.973537|0.923215|0.926416|0.966581|0.912097|0.933821|0.969899|0.98883,4.63983|4.79469|0.0868458|1.09944|5.92115|5.77568|3.94615|4.04415,90.7492|18.2346|11.8194|24.941|32.5899|77.768|10.4661,0.215706|0.231355|0.168449|0.237661|0.178102|0.165457|0.216931,0.53635|0.595303|0.776387|0.985064|0.548301|0.348083|0.516407,0.869523,0.801463,0.117836,0.0993652,0.460468,0.534015,0.0732846,0.487967,0.198257,0.921169,51.6436,5.43263e-12,47756,0.887486,41.1981,1.06086e-12,38445,0.895553,0.876428,0.0878307,0.631141,0.996144,0.511517,0.22039,0.459803,0.228135,0.891603,87.9902,7.64954e-10,30733,0.967162,70.4477,9.04596e-11,52512
24,34,n1->n20->n89->n48->n46->n47->n49->n51,5.37021e+09|4.0293e+11|2.68119e+11|3.98001e+12|5.53417e+12|4.74236e+11|2.45005e+09|7.46708e+11,8.19724e+08|1.89646e+11|9.23423e+10|1.69514e+12|1.63629e+12|1.54765e+11|2.44458e+09|5.06847e+11,0.000494453|5.21063e-05|3.55201e-05|4.78153e-05|0.000489732|0.000202873|1.07426e-05|0.000185382,0.000316017|0.000368678|0.000111435|0.00544009|0.000159088|0.000266598|0.000979027|0.00344885,0.0109342|0.0108696|0.0107812|0.0455031|0.029055|0.00898217|0.0183567|0.0365406,0.000178506|0.0181411|0.0401575|0.0360942|0.0302566|0.0488958|0.0388066|0.0130093,0.973537|0.923215|0.926416|0.967439|0.923372|0.9108|0.969899|0.98883,4.63983|4.79469|0.0868458|3.09858|0.31178|6.27947|3.94615|4.04415,90.7492|18.2346|94.0077|41.9872|71.5316|91.8261|10.4661,0.215706|0.231355|0.234363|0.178665|0.196056|0.228404|0.216931,0.53635|0.595303|0.948873|0.182289|0.758317|0.133861|0.516407,0.869523,0.801463,0.117836,0.0993652,0.460468,0.534015,0.0732846,0.487967,0.198257,0.921169,51.6436,5.43263e-12,47756,0.887486,41.1981,1.06086e-12,38445,0.895553,0.876428,0.0878307,0.631141,0.996144,0.511517,0.22039,0.459803,0.228135,0.891603,87.9902,7.64954e-10,30733,0.967162,70.4477,9.04596e-11,52512
24,35,n1->n13->n15->n29->n28->n27->n52->n51,5.37021e+09|6.60497e+13|8.77071e+11|3.6336e+13|1.34247e+11|4.19351e+12|1.02428e+10|7.46708e+11,8.19724e+08|8.87204e+12|1.06991e+11|1.77292e+13|1.51805e+10|8.73344e+11|2.07235e+09|5.06847e+11,0.000494453|0.000787814|0.000182949|0.000125062|0.00056516|1.08528e-05|0.00011644|0.000185382,0.000316017|0.00788063|0.00274771|0.00231296|0.0093172|0.00262605|0.00580301|0.00344885,0.0109342|0.0476737|0.0207315|0.0255931|0.0317261|0.0303206|0.0398377|0.0365406,0.000178506|0.00335145|0.0378122|0.00291922|0.03841|0.0230682|0.0151024|0.0130093,0.973537|0.954869|0.910795|0.962742|0.948072|0.985376|0.965406|0.98883,4.63983|5.26639|1.89272|0.0327787|1.48687|4.5695|0.0104102|4.04415,79.8117|66.6304|32.2763|18.7034|23.5709|46.2248|83.3731,0.246796|0.179788|0.240047|0.249902|0.207151|0.183493|0.197114,0.338018|0.275394|0.895675|0.259002|0.340196|0.657987|0.942894,0.869523,0.801463,0.117836,0.0993652,0.460468,0.534015,0.0732846,0.487967,0.198257,0.921169,51.6436,5.43263e-12,47756,0.887486,41.1981,1.06086e-12,38445,0.895553,0.876428,0.0878307,0.631141,0.996144,0.511517,0.22039,0.459803,0.228135,0.891603,87.9902,7.64954e-10,30733,0.967162,70.4477,9.04596e-11,52512
24,36,n1->n20->n21->n67->n64->n62->n61->n51,5.37021e+09|4.0293e+11|1.56161e+12|4.7483e+09|4.21034e+09|2.37342e+11|6.44979e+11|7.46708e+11,8.19724e+08|1.89646e+11|3.02345e+11|7.5553e+08|1.60867e+09|1.13053e+11|1.30372e+11|5.06847e+11,0.000494453|5.21063e-05|0.00096308|3.91885e-05|1.88732e-05|8.24006e-05|3.71253e-05|0.000185382,0.000316017|0.000368678|0.00195589|0.000640186|0.000135861|0.00794111|0.00313588|0.00344885,0.0109342|0.0108696|0.00712365|0.029632|0.0266797|0.0242596|0.0266048|0.0365406,0.000178506|0.0181411|0.0414669|0.0482082|0.0436548|0.0480911|0.0179693|0.0130093,0.973537|0.923215|0.971602|0.924883|0.933821|0.98053|0.958619|0.98883,4.63983|4.79469|3.14177|2.06342|5.77568|5.59786|2.63855|4.04415,90.7492|76.7594|42.5138|95.5844|93.0484|89.0369|66.5616,0.215706|0.218425|0.197352|0.248978|0.176232|0.198053|0.171721,0.53635|0.515127|0.602799|0.480161|0.182879|0.704733|0.235817,0.869523,0.801463,0.117836,0.0993652,0.460468,0.534015,0.0732846,0.487967,0.198257,0.921169,51.6436,5.43263e-12,47756,0.887486,41.1981,1.06086e-12,38445,0.895553,0.876428,0.0878307,0.631141,0.996144,0.511517,0.22039,0.459803,0.228135,0.891603,87.9902,7.64954e-10,30733,0.967162,70.4477,9.04596e-11,52512
24,37,n1->n99->n97->n95->n82->n63->n61->n51,5.37021e+09|1.57108e+10|2.90604e+09|1.05601e+11|1.07979e+13|6.55204e+12|6.44979e+11|7.46708e+11,8.19724e+08|4.21389e+09|5.04144e+08|5.46554e+10|1.66379e+12|2.63574e+12|1.30372e+11|5.06847e+11,0.000494453|0.00089026|8.81202e-05|0.000260968|0.000837919|0.000116235|3.71253e-05|0.000185382,0.000316017|0.000350126|0.00494291|0.000186877|0.00271152|0.00126856|0.00313588|0.00344885,0.0109342|0.0362414|0.0381696|0.00282907|0.0278433|0.0100727|0.0266048|0.0365406,0.000178506|0.0472365|0.00800322|0.0420997|0.0266174|0.0107197|0.0179693|0.0130093,0.973537|0.953794|0.90679|0.966581|0.934435|0.903245|0.958619|0.98883,4.63983|3.07459|1.41691|1.09944|0.132111|4.68449|2.63855|4.04415,66.2586|94.4507|11.8968|75.699|48.6997|47.0482|66.5616,0.180129|0.168303|0.228013|0.21275|0.175742|0.167884|0.171721,0.323551|0.263233|0.342677|0.837867|0.4301|0.410418|0.235817,0.869523,0.801463,0.117836,0.0993652,0.460468,0.534015,0.0732846,0.487967,0.198257,0.921169,51.6436,5.43263e-12,47756,0.887486,41.1981,1.06086e-12,38445,0.895553,0.876428,0.0878307,0.631141,0.996144,0.511517,0.22039,0.459803,0.228135,0.891603,87.9902,7.64954e-10,30733,0.967162,70.4477,9.04596e-11,52512
24,38,n1->n13->n15->n34->n36->n64->n49->n51,5.37021e+09|6.60497e+13|8.77071e+11|4.7313e+12|7.73972e+11|4.21034e+09|2.45005e+09|7.46708e+11,8.19724e+08|8.87204e+12|1.06991e+11|1.15705e+12|7.77593e+10|1.60867e+09|2.44458e+09|5.06847e+11,0.000494453|0.000787814|0.000182949|0.000140889|0.000426407|1.88732e-05|1.07426e-05|0.000185382,0.000316017|0.00788063|0.00274771|0.000270551|0.00396778|0.000135861|0.000979027|0.00344885,0.0109342|0.0476737|0.0207315|0.0276207|0.00497013|0.0266797|0.0183567|0.0365406,0.000178506|0.00335145|0.0378122|0.0210615|0.0341912|0.0436548|0.0388066|0.0130093,0.973537|0.954869|0.910795|0.904866|0.94998|0.933821|0.969899|0.98883,4.63983|5.26639|1.89272|4.56594|3.70656|5.77568|3.94615|4.04415,79.8117|66.6304|27.3162|89.5651|43.8659|77.768|10.4661,0.246796|0.179788|0.231681|0.241996|0.241695|0.165457|0.216931,0.338018|0.275394|0.750497|0.265381|0.590576|0.348083|0.516407,0.869523,0.801463,0.117836,0.0993652,0.460468,0.534015,0.0732846,0.487967,0.198257,0.921169,51.6436,5.43263e-12,47756,0.887486,41.1981,1.06086e-12,38445,0.895553,0.876428,0.0878307,0.631141,0.996144,0.511517,0.22039,0.459803,0.228135,0.891603,87.9902,7.64954e-10,30733,0.967162,70.4477,9.04596e-11,52512
24,39,n1->n20->n21->n23->n77->n93->n94->n51,5.37021e+09|4.0293e+11|1.56161e+12|4.63033e+10|5.68112e+11|4.22601e+13|1.36531e+10|7.46708e+11,8.19724e+08|1.89646e+11|3.02345e+11|3.30225e+10|3.56307e+11|1.3774e+13|1.67171e+09|5.06847e+11,0.000494453|5.21063e-05|0.00096308|0.000277161|8.49487e-05|8.45967e-05|2.95455e-05|0.000185382,0.000316017|0.000368678|0.00195589|0.00418014|0.000906866|0.000162335|0.000125263|0.00344885,0.0109342|0.0108696|0.00712365|0.00314906|0.04851|0.0108045|0.00830448|0.0365406,0.000178506|0.0181411|0.0414669|0.0470385|0.0115254|0.0326183|0.0293842|0.0130093,0.973537|0.923215|0.971602|0.92176|0.949999|0.912097|0.927471|0.98883,4.63983|4.79469|3.14177|2.08786|0.722366|5.92115|5.03384|4.04415,90.7492|76.7594|88.4205|39.0733|51.9256|63.1349|11.2844,0.215706|0.218425|0.232237|0.178948|0.247077|0.209804|0.200895,0.53635|0.515127|0.516177|0.23533|0.469529|0.17375|0.836539,0.869523,0.801463,0.117836,0.0993652,0.460468,0.534015,0.0732846,0.487967,0.198257,0.921169,51.6436,5.43263e-12,47756,0.887486,41.1981,1.06086e-12,38445,0.895553,0.876428,0.0878307,0.631141,0.996144,0.511517,0.22039,0.459803,0.228135,0.891603,87.9902,7.64954e-10,30733,0.967162,70.4477,9.04596e-11,52512
24,40,n1->n99->n97->n27->n28->n29->n50->n51,5.37021e+09|1.57108e+10|2.90604e+09|4.19351e+12|1.34247e+11|3.6336e+13|2.36425e+09|7.46708e+11,8.19724e+08|4.21389e+09|5.04144e+08|8.73344e+11|1.51805e+10|1.77292e+13|4.07889e+08|5.06847e+11,0.000494453|0.00089026|8.81202e-05|1.08528e-05|0.00056516|0.000125062|1.54283e-05|0.000185382,0.000316017|0.000350126|0.00494291|0.00262605|0.0093172|0.00231296|0.00907722|0.00344885,0.0109342|0.0362414|0.0381696|0.0303206|0.0317261|0.0255931|0.00638914|0.0365406,0.000178506|0.0472365|0.00800322|0.0230682|0.03841|0.00291922|0.0483596|0.0130093,0.973537|0.953794|0.90679|0.985376|0.948072|0.962742|0.910708|0.98883,4.63983|3.07459|1.41691|4.5695|1.48687|0.0327787|5.41755|4.04415,66.2586|94.4507|31.5608|23.5709|18.7034|37.0378|82.9474,0.180129|0.168303|0.219936|0.207151|0.249902|0.191256|0.24308,0.323551|0.263233|0.557853|0.340196|0.259002|0.182586|0.624607,0.869523,0.801463,0.117836,0.0993652,0.460468,0.534015,0.0732846,0.487967,0.198257,0.921169,51.6436,5.43263e-12,47756,0.887486,41.1981,1.06086e-12,38445,0.895553,0.876428,0.0878307,0.631141,0.996144,0.511517,0.22039,0.459803,0.228135,0.891603,87.9902,7.64954e-10,30733,0.967162,70.4477,9.04596e-11,52512
24,41,n1->n20->n89->n90->n59->n60->n50->n51,5.37021e+09|4.0293e+11|2.68119e+11|1.33273e+11|3.04563e+11|8.79841e+13|2.36425e+09|7.46708e+11,8.19724e+08|1.89646e+11|9.23423e+10|6.41526e+10|3.06423e+10|5.95756e+13|4.07889e+08|5.06847e+11,0.000494453|5.21063e-05|3.55201e-05|0.000319756|2.43107e-05|0.000731749|1.54283e-05|0.000185382,0.000316017|0.000368678|0.000111435|0.000672662|0.000202742|0.000248463|0.00907722|0.00344885,0.0109342|0.0108696|0.0107812|0.0285929|0.00304046|0.0128442|0.00638914|0.0365406,0.000178506|0.0181411|0.0401575|0.0372754|0.0474075|0.0431033|0.0483596|0.0130093,0.973537|0.923215|0.926416|0.984478|0.99171|0.945549|0.910708|0.98883,4.63983|4.79469|0.0868458|4.02061|5.60303|4.50487|5.41755|4.04415,90.7492|18.2346|12.726|62.2588|76.8491|22.3088|82.9474,0.215706|0.231355|0.226099|0.169222|0.204072|0.190841|0.24308,0.53635|0.595303|0.757755|0.361153|0.509755|0.323935|0.624607,0.869523,0.801463,0.117836,0.0993652,0.460468,0.534015,0.0732846,0.487967,0.198257,0.921169,51.6436,5.43263e-12,47756,0.887486,41.1981,1.06086e-12,38445,0.895553,0.876428,0.0878307,0.631141,0.996144,0.511517,0.22039,0.459803,0.228135,0.891603,87.9902,7.64954e-10,30733,0.967162,70.4477,9.04596e-11,52512
24,42,n1->n20->n89->n95->n82->n63->n61->n51,5.37021e+09|4.0293e+11|2.68119e+11|1.05601e+11|1.07979e+13|6.55204e+12|6.44979e+11|7.46708e+11,8.19724e+08|1.89646e+11|9.23423e+10|5.46554e+10|1.66379e+12|2.63574e+12|1.30372e+11|5.06847e+11,0.000494453|5.21063e-05|3.55201e-05|0.000260968|0.000837919|0.000116235|3.71253e-05|0.000185382,0.000316017|0.000368678|0.000111435|0.000186877|0.00271152|0.00126856|0.00313588|0.00344885,0.0109342|0.0108696|0.0107812|0.00282907|0.0278433|0.0100727|0.0266048|0.0365406,0.000178506|0.0181411|0.0401575|0.0420997|0.0266174|0.0107197|0.0179693|0.0130093,0.973537|0.923215|0.926416|0.966581|0.934435|0.903245|0.958619|0.98883,4.63983|4.79469|0.0868458|1.09944|0.132111|4.68449|2.63855|4.04415,90.7492|18.2346|11.8194|75.699|48.6997|47.0482|66.5616,0.215706|0.231355|0.168449|0.21275|0.175742|0.167884|0.171721,0.53635|0.595303|0.776387|0.837867|0.4301|0.410418|0.235817,0.869523,0.801463,0.117836,0.0993652,0.460468,0.534015,0.0732846,0.487967,0.198257,0.921169,51.6436,5.43263e-12,47756,0.887486,41.1981,1.06086e-12,38445,0.895553,0.876428,0.0878307,0.631141,0.996144,0.511517,0.22039,0.459803,0.228135,0.891603,87.9902,7.64954e-10,30733,0.967162,70.4477,9.04596e-11,52512
24,43,n1->n20->n89->n48->n46->n62->n61->n51,5.37021e+09|4.0293e+11|2.68119e+11|3.98001e+12|5.53417e+12|2.37342e+11|6.44979e+11|7.46708e+11,8.19724e+08|1.89646e+11|9.23423e+10|1.69514e+12|1.63629e+12|1.13053e+11|1.30372e+11|5.06847e+11,0.000494453|5.21063e-05|3.55201e-05|4.78153e-05|0.000489732|8.24006e-05|3.71253e-05|0.000185382,0.000316017|0.000368678|0.000111435|0.00544009|0.000159088|0.00794111|0.00313588|0.00344885,0.0109342|0.0108696|0.0107812|0.0455031|0.029055|0.0242596|0.0266048|0.0365406,0.000178506|0.0181411|0.0401575|0.0360942|0.0302566|0.0480911|0.0179693|0.0130093,0.973537|0.923215|0.926416|0.967439|0.923372|0.98053|0.958619|0.98883,4.63983|4.79469|0.0868458|3.09858|0.31178|5.59786|2.63855|4.04415,90.7492|18.2346|94.0077|41.9872|56.7189|89.0369|66.5616,0.215706|0.231355|0.234363|0.178665|0.167864|0.198053|0.171721,0.53635|0.595303|0.948873|0.182289|0.624525|0.704733|0.235817,0.869523,0.801463,0.117836,0.0993652,0.460468,0.534015,0.0732846,0.487967,0.198257,0.921169,51.6436,5.43263e-12,47756,0.887486,41.1981,1.06086e-12,38445,0.895553,0.876428,0.0878307,0.631141,0.996144,0.511517,0.22039,0.459803,0.228135,0.891603,87.9902,7.64954e-10,30733,0.967162,70.4477,9.04596e-11,52512
24,44,n1->n20->n89->n95->n97->n27->n52->n51,5.37021e+09|4.0293e+11|2.68119e+11|1.05601e+11|2.90604e+09|4.19351e+12|1.02428e+10|7.46708e+11,8.19724e+08|1.89646e+11|9.23423e+10|5.46554e+10|5.04144e+08|8.73344e+11|2.07235e+09|5.06847e+11,0.000494453|5.21063e-05|3.55201e-05|0.000260968|8.81202e-05|1.08528e-05|0.00011644|0.000185382,0.000316017|0.000368678|0.000111435|0.000186877|0.00494291|0.00262605|0.00580301|0.00344885,0.0109342|0.0108696|0.0107812|0.00282907|0.0381696|0.0303206|0.0398377|0.0365406,0.000178506|0.0181411|0.0401575|0.0420997|0.00800322|0.0230682|0.0151024|0.0130093,0.973537|0.923215|0.926416|0.966581|0.90679|0.985376|0.965406|0.98883,4.63983|4.79469|0.0868458|1.09944|1.41691|4.5695|0.0104102|4.04415,90.7492|18.2346|11.8194|11.8968|31.5608|46.2248|83.3731,0.215706|0.231355|0.168449|0.228013|0.219936|0.183493|0.197114,0.53635|0.595303|0.776387|0.342677|0.557853|0.657987|0.942894,0.869523,0.801463,0.117836,0.0993652,0.460468,0.534015,0.0732846,0.487967,0.198257,0.921169,51.6436,5.43263e-12,47756,0.887486,41.1981,1.06086e-12,38445,0.895553,0.876428,0.0878307,0.631141,0.996144,0.511517,0.22039,0.459803,0.228135,0.891603,87.9902,7.64954e-10,30733,0.967162,70.4477,9.04596e-11,52512
24,45,n1->n20->n21->n67->n64->n93->n94->n51,5.37021e+09|4.0293e+11|1.56161e+12|4.7483e+09|4.21034e+09|4.22601e+13|1.36531e+10|7.46708e+11,8.19724e+08|1.89646e+11|3.02345e+11|7.5553e+08|1.60867e+09|1.3774e+13|1.67171e+09|5.06847e+11,0.000494453|5.21063e-05|0.00096308|3.91885e-05|1.88732e-05|8.45967e-05|2.95455e-05|0.000185382,0.000316017|0.000368678|0.00195589|0.000640186|0.000135861|0.000162335|0.000125263|0.00344885,0.0109342|0.0108696|0.00712365|0.029632|0.0266797|0.0108045|0.00830448|0.0365406,0.000178506|0.0181411|0.0414669|0.0482082|0.0436548|0.0326183|0.0293842|0.0130093,0.973537|0.923215|0.971602|0.924883|0.933821|0.912097|0.927471|0.98883,4.63983|4.79469|3.14177|2.06342|5.77568|5.92115|5.03384|4.04415,90.7492|76.7594|42.5138|95.5844|32.5899|63.1349|11.2844,0.215706|0.218425|0.197352|0.248978|0.178102|0.209804|0.200895,0.53635|0.515127|0.602799|0.480161|0.548301|0.17375|0.836539,0.869523,0.801463,0.117836,0.0993652,0.460468,0.534015,0.0732846,0.487967,0.198257,0.921169,51.6436,5.43263e-12,47756,0.887486,41.1981,1.06086e-12,38445,0.895553,0.876428,0.0878307,0.631141,0.996144,0.511517,0.22039,0.459803,0.228135,0.891603,87.9902,7.64954e-10,30733,0.967162,70.4477,9.04596e-11,52512
24,46,n1->n20->n89->n95->n97->n96->n94->n51,5.37021e+09|4.0293e+11|2.68119e+11|1.05601e+11|2.90604e+09|2.51165e+12|1.36531e+10|7.46708e+11,8.19724e+08|1.89646e+11|9.23423e+10|5.46554e+10|5.04144e+08|5.36324e+11|1.67171e+09|5.06847e+11,0.000494453|5.21063e-05|3.55201e-05|0.000260968|8.81202e-05|1.2987e-05|2.95455e-05|0.000185382,0.000316017|0.000368678|0.000111435|0.000186877|0.00494291|0.000286765|0.000125263|0.00344885,0.0109342|0.0108696|0.0107812|0.00282907|0.0381696|0.0377902|0.00830448|0.0365406,0.000178506|0.0181411|0.0401575|0.0420997|0.00800322|0.0195364|0.0293842|0.0130093,0.973537|0.923215|0.926416|0.966581|0.90679|0.951762|0.927471|0.98883,4.63983|4.79469|0.0868458|1.09944|1.41691|0.85792|5.03384|4.04415,90.7492|18.2346|11.8194|11.8968|37.9513|71.0086|11.2844,0.215706|0.231355|0.168449|0.228013|0.246589|0.230021|0.200895,0.53635|0.595303|0.776387|0.342677|0.157157|0.131268|0.836539,0.869523,0.801463,0.117836,0.0993652,0.460468,0.534015,0.0732846,0.487967,0.198257,0.921169,51.6436,5.43263e-12,47756,0.887486,41.1981,1.06086e-12,38445,0.895553,0.876428,0.0878307,0.631141,0.996144,0.511517,0.22039,0.459803,0.228135,0.891603,87.9902,7.64954e-10,30733,0.967162,70.4477,9.04596e-11,52512
24,47,n1->n20->n89->n95->n93->n92->n94->n51,5.37021e+09|4.0293e+11|2.68119e+11|1.05601e+11|4.22601e+13|1.97334e+09|1.36531e+10|7.46708e+11,8.19724e+08|1.89646e+11|9.23423e+10|5.46554e+10|1.3774e+13|1.46451e+09|1.67171e+09|5.06847e+11,0.000494453|5.21063e-05|3.55201e-05|0.000260968|8.45967e-05|2.75832e-05|2.95455e-05|0.000185382,0.000316017|0.000368678|0.000111435|0.000186877|0.000162335|0.0052688|0.000125263|0.00344885,0.0109342|0.0108696|0.0107812|0.00282907|0.0108045|0.0444618|0.00830448|0.0365406,0.000178506|0.0181411|0.0401575|0.0420997|0.0326183|0.0387741|0.0293842|0.0130093,0.973537|0.923215|0.926416|0.966581|0.912097|0.987763|0.927471|0.98883,4.63983|4.79469|0.0868458|1.09944|5.92115|6.03913|5.03384|4.04415,90.7492|18.2346|11.8194|24.941|61.035|13.5087|11.2844,0.215706|0.231355|0.168449|0.237661|0.21409|0.230182|0.200895,0.53635|0.595303|0.776387|0.985064|0.722832|0.731663|0.836539,0.869523,0.801463,0.117836,0.0993652,0.460468,0.534015,0.0732846,0.487967,0.198257,0.921169,51.6436,5.43263e-12,47756,0.887486,41.1981,1.06086e-12,38445,0.895553,0.876428,0.0878307,0.631141,0.996144,0.511517,0.22039,0.459803,0.228135,0.891603,87.9902,7.64954e-10,30733,0.967162,70.4477,9.04596e-11,52512
24,48,n1->n99->n77->n93->n64->n65->n52->n51,5.37021e+09|1.57108e+10|5.68112e+11|4.22601e+13|4.21034e+09|1.12599e+09|1.02428e+10|7.46708e+11,8.19724e+08|4.21389e+09|3.56307e+11|1.3774e+13|1.60867e+09|3.2906e+08|2.07235e+09|5.06847e+11,0.000494453|0.00089026|8.49487e-05|8.45967e-05|1.88732e-05|1.96575e-05|0.00011644|0.000185382,0.000316017|0.000350126|0.000906866|0.000162335|0.000135861|0.000428116|0.00580301|0.00344885,0.0109342|0.0362414|0.04851|0.0108045|0.0266797|0.00118659|0.0398377|0.0365406,0.000178506|0.0472365|0.0115254|0.0326183|0.0436548|0.00176737|0.0151024|0.0130093,0.973537|0.953794|0.949999|0.912097|0.933821|0.967717|0.965406|0.98883,4.63983|3.07459|0.722366|5.92115|5.77568|4.1126|0.0104102|4.04415,66.2586|96.5216|51.9256|32.5899|56.7563|56.1703|83.3731,0.180129|0.241387|0.247077|0.178102|0.186349|0.247907|0.197114,0.323551|0.664018|0.469529|0.548301|0.927837|0.827328|0.942894,0.869523,0.801463,0.117836,0.0993652,0.460468,0.534015,0.0732846,0.487967,0.198257,0.921169,51.6436,5.43263e-12,47756,0.887486,41.1981,1.06086e-12,38445,0.895553,0.876428,0.0878307,0.631141,0.996144,0.511517,0.22039,0.459803,0.228135,0.891603,87.9902,7.64954e-10,30733,0.967162,70.4477,9.04596e-11,52512
24,49,n1->n99->n77->n93->n64->n62->n61->n51,5.37021e+09|1.57108e+10|5.68112e+11|4.22601e+13|4.21034e+09|2.37342e+11|6.44979e+11|7.46708e+11,8.19724e+08|4.21389e+09|3.56307e+11|1.3774e+13|1.60867e+09|1.13053e+11|1.30372e+11|5.06847e+11,0.000494453|0.00089026|8.49487e-05|8.45967e-05|1.88732e-05|8.24006e-05|3.71253e-05|0.000185382,0.000316017|0.000350126|0.000906866|0.000162335|0.000135861|0.00794111|0.00313588|0.00344885,0.0109342|0.0362414|0.04851|0.0108045|0.0266797|0.0242596|0.0266048|0.0365406,0.000178506|0.0472365|0.0115254|0.0326183|0.0436548|0.0480911|0.0179693|0.0130093,0.973537|0.953794|0.949999|0.912097|0.933821|0.98053|0.958619|0.98883,4.63983|3.07459|0.722366|5.92115|5.77568|5.59786|2.63855|4.04415,66.2586|96.5216|51.9256|32.5899|93.0484|89.0369|66.5616,0.180129|0.241387|0.247077|0.178102|0.176232|0.198053|0.171721,0.323551|0.664018|0.469529|0.548301|0.182879|0.704733|0.235817,0.869523,0.801463,0.117836,0.0993652,0.460468,0.534015,0.0732846,0.487967,0.198257,0.921169,51.6436,5.43263e-12,47756,0.887486,41.1981,1.06086e-12,38445,0.895553,0.876428,0.0878307,0.631141,0.996144,0.511517,0.22039,0.459803,0.228135,0.891603,87.9902,7.64954e-10,30733,0.967162,70.4477,9.04596e-11,52512
24,50,n1->n13->n15->n63->n61->n62->n60->n50->n51,5.37021e+09|6.60497e+13|8.77071e+11|6.55204e+12|6.44979e+11|2.37342e+11|8.79841e+13|2.36425e+09|7.46708e+11,8.19724e+08|8.87204e+12|1.06991e+11|2.63574e+12|1.30372e+11|1.13053e+11|5.95756e+13|4.07889e+08|5.06847e+11,0.000494453|0.000787814|0.000182949|0.000116235|3.71253e-05|8.24006e-05|0.000731749|1.54283e-05|0.000185382,0.000316017|0.00788063|0.00274771|0.00126856|0.00313588|0.00794111|0.000248463|0.00907722|0.00344885,0.0109342|0.0476737|0.0207315|0.0100727|0.0266048|0.0242596|0.0128442|0.00638914|0.0365406,0.000178506|0.00335145|0.0378122|0.0107197|0.0179693|0.0480911|0.0431033|0.0483596|0.0130093,0.973537|0.954869|0.910795|0.903245|0.958619|0.98053|0.945549|0.910708|0.98883,4.63983|5.26639|1.89272|4.68449|2.63855|5.59786|4.50487|5.41755|4.04415,79.8117|66.6304|11.0615|47.0482|89.0369|48.3985|22.3088|82.9474,0.246796|0.179788|0.214255|0.167884|0.198053|0.17162|0.190841|0.24308,0.338018|0.275394|0.692153|0.410418|0.704733|0.641887|0.323935|0.624607,0.869523,0.801463,0.117836,0.0993652,0.460468,0.534015,0.0732846,0.487967,0.198257,0.921169,51.6436,5.43263e-12,47756,0.887486,41.1981,1.06086e-12,38445,0.895553,0.876428,0.0878307,0.631141,0.996144,0.511517,0.22039,0.459803,0.228135,0.891603,87.9902,7.64954e-10,30733,0.967162,70.4477,9.04596e-11,52512
24,51,n1->n13->n14->n12->n8->n10->n63->n61->n51,5.37021e+09|6.60497e+13|3.70261e+10|9.70597e+10|4.61239e+13|2.49624e+09|6.55204e+12|6.44979e+11|7.46708e+11,8.19724e+08|8.87204e+12|1.44234e+10|2.76143e+10|1.04208e+13|7.32581e+08|2.63574e+12|1.30372e+11|5.06847e+11,0.000494453|0.000787814|3.25754e-05|0.000201974|6.6054e-05|6.27016e-05|0.000116235|3.71253e-05|0.000185382,0.000316017|0.00788063|0.000181646|0.0016732|0.00522046|0.00113469|0.00126856|0.00313588|0.00344885,0.0109342|0.0476737|0.0426128|0.0313381|0.0318744|0.00597815|0.0100727|0.0266048|0.0365406,0.000178506|0.00335145|0.049061|0.0470205|0.0483133|0.0245713|0.0107197|0.0179693|0.0130093,0.973537|0.954869|0.906626|0.937315|0.975256|0.962416|0.903245|0.958619|0.98883,4.63983|5.26639|0.762282|3.07758|3.22282|1.97158|4.68449|2.63855|4.04415,79.8117|92.5451|51.9585|81.3396|99.595|65.1286|47.0482|66.5616,0.246796|0.191459|0.222459|0.186476|0.184434|0.203746|0.167884|0.171721,0.338018|0.161307|0.326911|0.379326|0.703378|0.514129|0.410418|0.235817,0.869523,0.801463,0.117836,0.0993652,0.460468,0.534015,0.0732846,0.487967,0.198257,0.921169,51.6436,5.43263e-12,47756,0.887486,41.1981,1.06086e-12,38445,0.895553,0.876428,0.0878307,0.631141,0.996144,0.511517,0.22039,0.459803,0.228135,0.891603,87.9902,7.64954e-10,30733,0.967162,70.4477,9.04596e-11,52512
24,52,n1->n20->n18->n70->n69->n28->n27->n52->n51,5.37021e+09|4.0293e+11|7.59179e+12|6.87309e+13|8.81277e+09|1.34247e+11|4.19351e+12|1.02428e+10|7.46708e+11,8.19724e+08|1.89646e+11|4.11836e+12|9.78332e+12|7.57626e+09|1.51805e+10|8.73344e+11|2.07235e+09|5.06847e+11,0.000494453|5.21063e-05|2.98936e-05|5.13815e-05|0.000268039|0.00056516|1.08528e-05|0.00011644|0.000185382,0.000316017|0.000368678|0.000681499|0.00295865|0.00367819|0.0093172|0.00262605|0.00580301|0.00344885,0.0109342|0.0108696|0.0192976|0.0286141|0.022957|0.0317261|0.0303206|0.0398377|0.0365406,0.000178506|0.0181411|0.0120519|0.0216638|0.0100342|0.03841|0.0230682|0.0151024|0.0130093,0.973537|0.923215|0.946711|0.966653|0.975915|0.948072|0.985376|0.965406|0.98883,4.63983|4.79469|4.38273|4.60778|2.99986|1.48687|4.5695|0.0104102|4.04415,90.7492|89.2299|55.8812|74.5377|97.1045|23.5709|46.2248|83.3731,0.215706|0.247215|0.234874|0.172691|0.207556|0.207151|0.183493|0.197114,0.53635|0.652252|0.16843|0.416585|0.438091|0.340196|0.657987|0.942894,0.869523,0.801463,0.117836,0.0993652,0.460468,0.534015,0.0732846,0.487967,0.198257,0.921169,51.6436,5.43263e-12,47756,0.887486,41.1981,1.06086e-12,38445,0.895553,0.876428,0.0878307,0.631141,0.996144,0.511517,0.22039,0.459803,0.228135,0.891603,87.9902,7.64954e-10,30733,0.967162,70.4477,9.04596e-11,52512
24,53,n1->n13->n14->n96->n94->n93->n64->n49->n51,5.37021e+09|6.60497e+13|3.70261e+10|2.51165e+12|1.36531e+10|4.22601e+13|4.21034e+09|2.45005e+09|7.46708e+11,8.19724e+08|8.87204e+12|1.44234e+10|5.36324e+11|1.67171e+09|1.3774e+13|1.60867e+09|2.44458e+09|5.06847e+11,0.000494453|0.000787814|3.25754e-05|1.2987e-05|2.95455e-05|8.45967e-05|1.88732e-05|1.07426e-05|0.000185382,0.000316017|0.00788063|0.000181646|0.000286765|0.000125263|0.000162335|0.000135861|0.000979027|0.00344885,0.0109342|0.0476737|0.0426128|0.0377902|0.00830448|0.0108045|0.0266797|0.0183567|0.0365406,0.000178506|0.00335145|0.049061|0.0195364|0.0293842|0.0326183|0.0436548|0.0388066|0.0130093,0.973537|0.954869|0.906626|0.951762|0.927471|0.912097|0.933821|0.969899|0.98883,4.63983|5.26639|0.762282|0.85792|5.03384|5.92115|5.77568|3.94615|4.04415,79.8117|92.5451|54.7186|71.0086|63.1349|32.5899|77.768|10.4661,0.246796|0.191459|0.208433|0.230021|0.209804|0.178102|0.165457|0.216931,0.338018|0.161307|0.448351|0.131268|0.17375|0.548301|0.348083|0.516407,0.869523,0.801463,0.117836,0.0993652,0.460468,0.534015,0.0732846,0.487967,0.198257,0.921169,51.6436,5.43263e-12,47756,0.887486,41.1981,1.06086e-12,38445,0.895553,0.876428,0.0878307,0.631141,0.996144,0.511517,0.22039,0.459803,0.228135,0.891603,87.9902,7.64954e-10,30733,0.967162,70.4477,9.04596e-11,52512
24,54,n1->n99->n98->n57->n83->n85->n65->n52->n51,5.37021e+09|1.57108e+10|1.8266e+13|4.14288e+09|3.76373e+13|2.02447e+09|1.12599e+09|1.02428e+10|7.46708e+11,8.19724e+08|4.21389e+09|5.99087e+12|2.05006e+09|2.34723e+13|2.41326e+08|3.2906e+08|2.07235e+09|5.06847e+11,0.000494453|0.00089026|0.000410965|0.000173612|1.86087e-05|2.04325e-05|1.96575e-05|0.00011644|0.000185382,0.000316017|0.000350126|0.000548485|0.00271581|0.000175452|0.000338175|0.000428116|0.00580301|0.00344885,0.0109342|0.0362414|0.0295222|0.0328142|0.015405|0.0354515|0.00118659|0.0398377|0.0365406,0.000178506|0.0472365|0.0297366|0.0437642|0.038157|0.0266209|0.00176737|0.0151024|0.0130093,0.973537|0.953794|0.959539|0.983348|0.947801|0.940474|0.967717|0.965406|0.98883,4.63983|3.07459|2.95405|1.93323|4.11052|4.91715|4.1126|0.0104102|4.04415,66.2586|58.4557|98.2355|50.003|92.2019|82.5435|56.1703|83.3731,0.180129|0.227784|0.190047|0.1911|0.231254|0.20461|0.247907|0.197114,0.323551|0.686264|0.757428|0.161388|0.604504|0.519435|0.827328|0.942894,0.869523,0.801463,0.117836,0.0993652,0.460468,0.534015,0.0732846,0.487967,0.198257,0.921169,51.6436,5.43263e-12,47756,0.887486,41.1981,1.06086e-12,38445,0.895553,0.876428,0.0878307,0.631141,0.996144,0.511517,0.22039,0.459803,0.228135,0.891603,87.9902,7.64954e-10,30733,0.967162,70.4477,9.04596e-11,52512
24,55,n1->n13->n15->n34->n35->n31->n29->n50->n51,5.37021e+09|6.60497e+13|8.77071e+11|4.7313e+12|5.77859e+11|4.79342e+12|3.6336e+13|2.36425e+09|7.46708e+11,8.19724e+08|8.87204e+12|1.06991e+11|1.15705e+12|4.88834e+11|4.42443e+12|1.77292e+13|4.07889e+08|5.06847e+11,0.000494453|0.000787814|0.000182949|0.000140889|0.000412952|0.00024651|0.000125062|1.54283e-05|0.000185382,0.000316017|0.00788063|0.00274771|0.000270551|0.00138752|0.00308746|0.00231296|0.00907722|0.00344885,0.0109342|0.0476737|0.0207315|0.0276207|0.00215298|0.0211034|0.0255931|0.00638914|0.0365406,0.000178506|0.00335145|0.0378122|0.0210615|0.0375959|0.0151027|0.00291922|0.0483596|0.0130093,0.973537|0.954869|0.910795|0.904866|0.952159|0.943878|0.962742|0.910708|0.98883,4.63983|5.26639|1.89272|4.56594|5.24666|4.82496|0.0327787|5.41755|4.04415,79.8117|66.6304|27.3162|26.2497|91.3525|70.4589|37.0378|82.9474,0.246796|0.179788|0.231681|0.244194|0.243038|0.246199|0.191256|0.24308,0.338018|0.275394|0.750497|0.307851|0.658826|0.415176|0.182586|0.624607,0.869523,0.801463,0.117836,0.0993652,0.460468,0.534015,0.0732846,0.487967,0.198257,0.921169,51.6436,5.43263e-12,47756,0.887486,41.1981,1.06086e-12,38445,0.895553,0.876428,0.0878307,0.631141,0.996144,0.511517,0.22039,0.459803,0.228135,0.891603,87.9902,7.64954e-10,30733,0.967162,70.4477,9.04596e-11,52512
24,56,n1->n99->n77->n23->n24->n26->n47->n49->n51,5.37021e+09|1.57108e+10|5.68112e+11|4.63033e+10|1.59557e+13|7.09351e+09|4.74236e+11|2.45005e+09|7.46708e+11,8.19724e+08|4.21389e+09|3.56307e+11|3.30225e+10|4.06569e+12|1.31666e+09|1.54765e+11|2.44458e+09|5.06847e+11,0.000494453|0.00089026|8.49487e-05|0.000277161|0.000193265|3.77967e-05|0.000202873|1.07426e-05|0.000185382,0.000316017|0.000350126|0.000906866|0.00418014|0.0012727|0.00522178|0.000266598|0.000979027|0.00344885,0.0109342|0.0362414|0.04851|0.00314906|0.0433038|0.0101688|0.00898217|0.0183567|0.0365406,0.000178506|0.0472365|0.0115254|0.0470385|0.00780618|0.0409649|0.0488958|0.0388066|0.0130093,0.973537|0.953794|0.949999|0.92176|0.90929|0.981638|0.9108|0.969899|0.98883,4.63983|3.07459|0.722366|2.08786|3.9732|2.91399|6.27947|3.94615|4.04415,66.2586|96.5216|39.0733|44.8869|83.4704|70.8805|91.8261|10.4661,0.180129|0.241387|0.178948|0.161116|0.216464|0.189485|0.228404|0.216931,0.323551|0.664018|0.23533|0.528582|0.583168|0.757042|0.133861|0.516407,0.869523,0.801463,0.117836,0.0993652,0.460468,0.534015,0.0732846,0.487967,0.198257,0.921169,51.6436,5.43263e-12,47756,0.887486,41.1981,1.06086e-12,38445,0.895553,0.876428,0.0878307,0.631141,0.996144,0.511517,0.22039,0.459803,0.228135,0.891603,87.9902,7.64954e-10,30733,0.967162,70.4477,9.04596e-11,52512
24,57,n1->n13->n12->n6->n33->n31->n29->n50->n51,5.37021e+09|6.60497e+13|9.70597e+10|1.14208e+09|3.64323e+13|4.79342e+12|3.6336e+13|2.36425e+09|7.46708e+11,8.19724e+08|8.87204e+12|2.76143e+10|2.20459e+08|6.32377e+12|4.42443e+12|1.77292e+13|4.07889e+08|5.06847e+11,0.000494453|0.000787814|0.000201974|1.08483e-05|1.50316e-05|0.00024651|0.000125062|1.54283e-05|0.000185382,0.000316017|0.00788063|0.0016732|0.00010157|0.00213059|0.00308746|0.00231296|0.00907722|0.00344885,0.0109342|0.0476737|0.0313381|0.00160082|0.00968695|0.0211034|0.0255931|0.00638914|0.0365406,0.000178506|0.00335145|0.0470205|0.0260762|0.0280967|0.0151027|0.00291922|0.0483596|0.0130093,0.973537|0.954869|0.937315|0.908628|0.923653|0.943878|0.962742|0.910708|0.98883,4.63983|5.26639|3.07758|5.01633|1.04264|4.82496|0.0327787|5.41755|4.04415,79.8117|56.34|32.9383|50.0569|95.0453|70.4589|37.0378|82.9474,0.246796|0.206669|0.230728|0.19306|0.234751|0.246199|0.191256|0.24308,0.338018|0.285239|0.628307|0.116472|0.258586|0.415176|0.182586|0.624607,0.869523,0.801463,0.117836,0.0993652,0.460468,0.534015,0.0732846,0.487967,0.198257,0.921169,51.6436,5.43263e-12,47756,0.887486,41.1981,1.06086e-12,38445,0.895553,0.876428,0.0878307,0.631141,0.996144,0.511517,0.22039,0.459803,0.228135,0.891603,87.9902,7.64954e-10,30733,0.967162,70.4477,9.04596e-11,52512
24,58,n1->n13->n11->n9->n7->n5->n65->n52->n51,5.37021e+09|6.60497e+13|1.78735e+12|1.49139e+12|3.81012e+11|2.91995e+11|1.12599e+09|1.02428e+10|7.46708e+11,8.19724e+08|8.87204e+12|3.29521e+11|3.79906e+11|6.70334e+10|4.67133e+10|3.2906e+08|2.07235e+09|5.06847e+11,0.000494453|0.000787814|5.47786e-05|1.80008e-05|0.000475679|7.03031e-05|1.96575e-05|0.00011644|0.000185382,0.000316017|0.00788063|0.00652494|0.00065196|0.00104538|0.000196916|0.000428116|0.00580301|0.00344885,0.0109342|0.0476737|0.00125292|0.0140743|0.01754|0.00731162|0.00118659|0.0398377|0.0365406,0.000178506|0.00335145|0.0136412|0.033904|0.0283975|0.0421608|0.00176737|0.0151024|0.0130093,0.973537|0.954869|0.988894|0.963574|0.963898|0.951514|0.967717|0.965406|0.98883,4.63983|5.26639|0.923897|5.88966|3.51107|4.90362|4.1126|0.0104102|4.04415,79.8117|13.9548|99.0064|59.8148|37.2729|35.0583|56.1703|83.3731,0.246796|0.189728|0.201409|0.18359|0.176784|0.209201|0.247907|0.197114,0.338018|0.801183|0.439638|0.339058|0.943162|0.297185|0.827328|0.942894,0.869523,0.801463,0.117836,0.0993652,0.460468,0.534015,0.0732846,0.487967,0.198257,0.921169,51.6436,5.43263e-12,47756,0.887486,41.1981,1.06086e-12,38445,0.895553,0.876428,0.0878307,0.631141,0.996144,0.511517,0.22039,0.459803,0.228135,0.891603,87.9902,7.64954e-10,30733,0.967162,70.4477,9.04596e-11,52512
24,59,n1->n13->n15->n34->n32->n30->n29->n50->n51,5.37021e+09|6.60497e+13|8.77071e+11|4.7313e+12|1.78367e+12|1.26395e+10|3.6336e+13|2.36425e+09|7.46708e+11,8.19724e+08|8.87204e+12|1.06991e+11|1.15705e+12|1.05491e+12|1.81012e+09|1.77292e+13|4.07889e+08|5.06847e+11,0.000494453|0.000787814|0.000182949|0.000140889|0.000179959|4.789e-05|0.000125062|1.54283e-05|0.000185382,0.000316017|0.00788063|0.00274771|0.000270551|0.00292552|0.00655588|0.00231296|0.00907722|0.00344885,0.0109342|0.0476737|0.0207315|0.0276207|0.00778345|0.00398508|0.0255931|0.00638914|0.0365406,0.000178506|0.00335145|0.0378122|0.0210615|0.0161829|0.0178703|0.00291922|0.0483596|0.0130093,0.973537|0.954869|0.910795|0.904866|0.953313|0.972158|0.962742|0.910708|0.98883,4.63983|5.26639|1.89272|4.56594|0.10397|5.42296|0.0327787|5.41755|4.04415,79.8117|66.6304|27.3162|23.0914|69.5993|29.3504|37.0378|82.9474,0.246796|0.179788|0.231681|0.18593|0.204659|0.179657|0.191256|0.24308,0.338018|0.275394|0.750497|0.12287|0.237533|0.887943|0.182586|0.624607,0.869523,0.801463,0.117836,0.0993652,0.460468,0.534015,0.0732846,0.487967,0.198257,0.921169,51.6436,5.43263e-12,47756,0.887486,41.1981,1.06086e-12,38445,0.895553,0.876428,0.0878307,0.631141,0.996144,0.511517,0.22039,0.459803,0.228135,0.891603,87.9902,7.64954e-10,30733,0.967162,70.4477,9.04596e-11,52512
24,60,n1->n20->n18->n16->n38->n36->n64->n49->n51,5.37021e+09|4.0293e+11|7.59179e+12|1.09193e+13|1.16426e+13|7.73972e+11|4.21034e+09|2.45005e+09|7.46708e+11,8.19724e+08|1.89646e+11|4.11836e+12|1.33827e+12|1.19258e+12|7.77593e+10|1.60867e+09|2.44458e+09|5.06847e+11,0.000494453|5.21063e-05|2.98936e-05|3.71682e-05|1.04425e-05|0.000426407|1.88732e-05|1.07426e-05|0.000185382,0.000316017|0.000368678|0.000681499|0.00174713|0.00950649|0.00396778|0.000135861|0.000979027|0.00344885,0.0109342|0.0108696|0.0192976|0.0123696|0.0263713|0.00497013|0.0266797|0.0183567|0.0365406,0.000178506|0.0181411|0.0120519|0.0240438|0.00318517|0.0341912|0.0436548|0.0388066|0.0130093,0.973537|0.923215|0.946711|0.979533|0.902547|0.94998|0.933821|0.969899|0.98883,4.63983|4.79469|4.38273|1.69436|5.09423|3.70656|5.77568|3.94615|4.04415,90.7492|89.2299|72.2829|28.0546|61.2725|43.8659|77.768|10.4661,0.215706|0.247215|0.180241|0.17367|0.204351|0.241695|0.165457|0.216931,0.53635|0.652252|0.553025|0.828443|0.413834|0.590576|0.348083|0.516407,0.869523,0.801463,0.117836,0.0993652,0.460468,0.534015,0.0732846,0.487967,0.198257,0.921169,51.6436,5.43263e-12,47756,0.887486,41.1981,1.06086e-12,38445,0.895553,0.876428,0.0878307,0.631141,0.996144,0.511517,0.22039,0.459803,0.228135,0.891603,87.9902,7.64954e-10,30733,0.967162,70.4477,9.04596e-11,52512
24,61,n1->n13->n15->n63->n82->n95->n93->n94->n51,5.37021e+09|6.60497e+13|8.77071e+11|6.55204e+12|1.07979e+13|1.05601e+11|4.22601e+13|1.36531e+10|7.46708e+11,8.19724e+08|8.87204e+12|1.06991e+11|2.63574e+12|1.66379e+12|5.46554e+10|1.3774e+13|1.67171e+09|5.06847e+11,0.000494453|0.000787814|0.000182949|0.000116235|0.000837919|0.000260968|8.45967e-05|2.95455e-05|0.000185382,0.000316017|0.00788063|0.00274771|0.00126856|0.00271152|0.000186877|0.000162335|0.000125263|0.00344885,0.0109342|0.0476737|0.0207315|0.0100727|0.0278433|0.00282907|0.0108045|0.00830448|0.0365406,0.000178506|0.00335145|0.0378122|0.0107197|0.0266174|0.0420997|0.0326183|0.0293842|0.0130093,0.973537|0.954869|0.910795|0.903245|0.934435|0.966581|0.912097|0.927471|0.98883,4.63983|5.26639|1.89272|4.68449|0.132111|1.09944|5.92115|5.03384|4.04415,79.8117|66.6304|11.0615|48.6997|75.699|24.941|63.1349|11.2844,0.246796|0.179788|0.214255|0.175742|0.21275|0.237661|0.209804|0.200895,0.338018|0.275394|0.692153|0.4301|0.837867|0.985064|0.17375|0.836539,0.869523,0.801463,0.117836,0.0993652,0.460468,0.534015,0.0732846,0.487967,0.198257,0.921169,51.6436,5.43263e-12,47756,0.887486,41.1981,1.06086e-12,38445,0.895553,0.876428,0.0878307,0.631141,0.996144,0.511517,0.22039,0.459803,0.228135,0.891603,87.9902,7.64954e-10,30733,0.967162,70.4477,9.04596e-11,52512
24,62,n1->n20->n21->n23->n83->n85->n65->n52->n51,5.37021e+09|4.0293e+11|1.56161e+12|4.63033e+10|3.76373e+13|2.02447e+09|1.12599e+09|1.02428e+10|7.46708e+11,8.19724e+08|1.89646e+11|3.02345e+11|3.30225e+10|2.34723e+13|2.41326e+08|3.2906e+08|2.07235e+09|5.06847e+11,0.000494453|5.21063e-05|0.00096308|0.000277161|1.86087e-05|2.04325e-05|1.96575e-05|0.00011644|0.000185382,0.000316017|0.000368678|0.00195589|0.00418014|0.000175452|0.000338175|0.000428116|0.00580301|0.00344885,0.0109342|0.0108696|0.00712365|0.00314906|0.015405|0.0354515|0.00118659|0.0398377|0.0365406,0.000178506|0.0181411|0.0414669|0.0470385|0.038157|0.0266209|0.00176737|0.0151024|0.0130093,0.973537|0.923215|0.971602|0.92176|0.947801|0.940474|0.967717|0.965406|0.98883,4.63983|4.79469|3.14177|2.08786|4.11052|4.91715|4.1126|0.0104102|4.04415,90.7492|76.7594|88.4205|23.518|92.2019|82.5435|56.1703|83.3731,0.215706|0.218425|0.232237|0.181099|0.231254|0.20461|0.247907|0.197114,0.53635|0.515127|0.516177|0.741177|0.604504|0.519435|0.827328|0.942894,0.869523,0.801463,0.117836,0.0993652,0.460468,0.534015,0.0732846,0.487967,0.198257,0.921169,51.6436,5.43263e-12,47756,0.887486,41.1981,1.06086e-12,38445,0.895553,0.876428,0.0878307,0.631141,0.996144,0.511517,0.22039,0.459803,0.228135,0.891603,87.9902,7.64954e-10,30733,0.967162,70.4477,9.04596e-11,52512
24,63,n1->n20->n19->n17->n85->n58->n59->n50->n51,5.37021e+09|4.0293e+11|2.47533e+11|1.51096e+11|2.02447e+09|8.16696e+09|3.04563e+11|2.36425e+09|7.46708e+11,8.19724e+08|1.89646e+11|2.33399e+11|1.57582e+10|2.41326e+08|6.89506e+09|3.06423e+10|4.07889e+08|5.06847e+11,0.000494453|5.21063e-05|0.000261527|0.000261059|2.04325e-05|0.000266735|2.43107e-05|1.54283e-05|0.000185382,0.000316017|0.000368678|0.000768065|0.000513001|0.000338175|0.00874893|0.000202742|0.00907722|0.00344885,0.0109342|0.0108696|0.0201979|0.0430027|0.0354515|0.0248478|0.00304046|0.00638914|0.0365406,0.000178506|0.0181411|0.0291803|0.00442808|0.0266209|0.0481122|0.0474075|0.0483596|0.0130093,0.973537|0.923215|0.941018|0.974312|0.940474|0.911658|0.99171|0.910708|0.98883,4.63983|4.79469|1.39448|5.11322|4.91715|3.70937|5.60303|5.41755|4.04415,90.7492|86.2435|10.3361|84.7043|90.6886|56.397|47.7013|82.9474,0.215706|0.182991|0.172286|0.225161|0.194345|0.21902|0.170229|0.24308,0.53635|0.182796|0.559133|0.880608|0.45102|0.533324|0.776444|0.624607,0.869523,0.801463,0.117836,0.0993652,0.460468,0.534015,0.0732846,0.487967,0.198257,0.921169,51.6436,5.43263e-12,47756,0.887486,41.1981,1.06086e-12,38445,0.895553,0.876428,0.0878307,0.631141,0.996144,0.511517,0.22039,0.459803,0.228135,0.891603,87.9902,7.64954e-10,30733,0.967162,70.4477,9.04596e-11,52512
24,64,n1->n99->n77->n72->n45->n47->n48->n50->n51,5.37021e+09|1.57108e+10|5.68112e+11|6.83442e+09|8.38488e+13|4.74236e+11|3.98001e+12|2.36425e+09|7.46708e+11,8.19724e+08|4.21389e+09|3.56307e+11|1.48353e+09|1.01787e+13|1.54765e+11|1.69514e+12|4.07889e+08|5.06847e+11,0.000494453|0.00089026|8.49487e-05|0.000159499|1.67225e-05|0.000202873|4.78153e-05|1.54283e-05|0.000185382,0.000316017|0.000350126|0.000906866|0.00384342|0.000742576|0.000266598|0.00544009|0.00907722|0.00344885,0.0109342|0.0362414|0.04851|0.0479977|0.00846218|0.00898217|0.0455031|0.00638914|0.0365406,0.000178506|0.0472365|0.0115254|0.0299903|0.0342415|0.0488958|0.0360942|0.0483596|0.0130093,0.973537|0.953794|0.949999|0.96924|0.934264|0.9108|0.967439|0.910708|0.98883,4.63983|3.07459|0.722366|3.90463|5.31688|6.27947|3.09858|5.41755|4.04415,66.2586|96.5216|92.3918|63.1262|40.979|78.8723|23.5956|82.9474,0.180129|0.241387|0.167022|0.243732|0.216949|0.239998|0.191801|0.24308,0.323551|0.664018|0.776051|0.65643|0.317946|0.300482|0.688345|0.624607,0.869523,0.801463,0.117836,0.0993652,0.460468,0.534015,0.0732846,0.487967,0.198257,0.921169,51.6436,5.43263e-12,47756,0.887486,41.1981,1.06086e-12,38445,0.895553,0.876428,0.0878307,0.631141,0.996144,0.511517,0.22039,0.459803,0.228135,0.891603,87.9902,7.64954e-10,30733,0.967162,70.4477,9.04596e-11,52512
24,65,n1->n99->n77->n93->n95->n82->n63->n61->n51,5.37021e+09|1.57108e+10|5.68112e+11|4.22601e+13|1.05601e+11|1.07979e+13|6.55204e+12|6.44979e+11|7.46708e+11,8.19724e+08|4.21389e+09|3.56307e+11|1.3774e+13|5.46554e+10|1.66379e+12|2.63574e+12|1.30372e+11|5.06847e+11,0.000494453|0.00089026|8.49487e-05|8.45967e-05|0.000260968|0.000837919|0.000116235|3.71253e-05|0.000185382,0.000316017|0.000350126|0.000906866|0.000162335|0.000186877|0.00271152|0.00126856|0.00313588|0.00344885,0.0109342|0.0362414|0.04851|0.0108045|0.00282907|0.0278433|0.0100727|0.0266048|0.0365406,0.000178506|0.0472365|0.0115254|0.0326183|0.0420997|0.0266174|0.0107197|0.0179693|0.0130093,0.973537|0.953794|0.949999|0.912097|0.966581|0.934435|0.903245|0.958619|0.98883,4.63983|3.07459|0.722366|5.92115|1.09944|0.132111|4.68449|2.63855|4.04415,66.2586|96.5216|51.9256|24.941|75.699|48.6997|47.0482|66.5616,0.180129|0.241387|0.247077|0.237661|0.21275|0.175742|0.167884|0.171721,0.323551|0.664018|0.469529|0.985064|0.837867|0.4301|0.410418|0.235817,0.869523,0.801463,0.117836,0.0993652,0.460468,0.534015,0.0732846,0.487967,0.198257,0.921169,51.6436,5.43263e-12,47756,0.887486,41.1981,1.06086e-12,38445,0.895553,0.876428,0.0878307,0.631141,0.996144,0.511517,0.22039,0.459803,0.228135,0.891603,87.9902,7.64954e-10,30733,0.967162,70.4477,9.04596e-11,52512
24,66,n1->n20->n18->n17->n68->n58->n59->n50->n51,5.37021e+09|4.0293e+11|7.59179e+12|1.51096e+11|1.31753e+09|8.16696e+09|3.04563e+11|2.36425e+09|7.46708e+11,8.19724e+08|1.89646e+11|4.11836e+12|1.57582e+10|3.10679e+08|6.89506e+09|3.06423e+10|4.07889e+08|5.06847e+11,0.000494453|5.21063e-05|2.98936e-05|0.000261059|0.000223952|0.000266735|2.43107e-05|1.54283e-05|0.000185382,0.000316017|0.000368678|0.000681499|0.000513001|0.00843573|0.00874893|0.000202742|0.00907722|0.00344885,0.0109342|0.0108696|0.0192976|0.0430027|0.0370095|0.0248478|0.00304046|0.00638914|0.0365406,0.000178506|0.0181411|0.0120519|0.00442808|0.00589983|0.0481122|0.0474075|0.0483596|0.0130093,0.973537|0.923215|0.946711|0.974312|0.984554|0.911658|0.99171|0.910708|0.98883,4.63983|4.79469|4.38273|5.11322|5.26958|3.70937|5.60303|5.41755|4.04415,90.7492|89.2299|43.2583|23.9015|56.905|56.397|47.7013|82.9474,0.215706|0.247215|0.218822|0.236806|0.185169|0.21902|0.170229|0.24308,0.53635|0.652252|0.981182|0.2818|0.476138|0.533324|0.776444|0.624607,0.869523,0.801463,0.117836,0.0993652,0.460468,0.534015,0.0732846,0.487967,0.198257,0.921169,51.6436,5.43263e-12,47756,0.887486,41.1981,1.06086e-12,38445,0.895553,0.876428,0.0878307,0.631141,0.996144,0.511517,0.22039,0.459803,0.228135,0.891603,87.9902,7.64954e-10,30733,0.967162,70.4477,9.04596e-11,52512
24,67,n1->n99->n77->n23->n83->n85->n65->n52->n51,5.37021e+09|1.57108e+10|5.68112e+11|4.63033e+10|3.76373e+13|2.02447e+09|1.12599e+09|1.02428e+10|7.46708e+11,8.19724e+08|4.21389e+09|3.56307e+11|3.30225e+10|2.34723e+13|2.41326e+08|3.2906e+08|2.07235e+09|5.06847e+11,0.000494453|0.00089026|8.49487e-05|0.000277161|1.86087e-05|2.04325e-05|1.96575e-05|0.00011644|0.000185382,0.000316017|0.000350126|0.000906866|0.00418014|0.000175452|0.000338175|0.000428116|0.00580301|0.00344885,0.0109342|0.0362414|0.04851|0.00314906|0.015405|0.0354515|0.00118659|0.0398377|0.0365406,0.000178506|0.0472365|0.0115254|0.0470385|0.038157|0.0266209|0.00176737|0.0151024|0.0130093,0.973537|0.953794|0.949999|0.92176|0.947801|0.940474|0.967717|0.965406|0.98883,4.63983|3.07459|0.722366|2.08786|4.11052|4.91715|4.1126|0.0104102|4.04415,66.2586|96.5216|39.0733|23.518|92.2019|82.5435|56.1703|83.3731,0.180129|0.241387|0.178948|0.181099|0.231254|0.20461|0.247907|0.197114,0.323551|0.664018|0.23533|0.741177|0.604504|0.519435|0.827328|0.942894,0.869523,0.801463,0.117836,0.0993652,0.460468,0.534015,0.0732846,0.487967,0.198257,0.921169,51.6436,5.43263e-12,47756,0.887486,41.1981,1.06086e-12,38445,0.895553,0.876428,0.0878307,0.631141,0.996144,0.511517,0.22039,0.459803,0.228135,0.891603,87.9902,7.64954e-10,30733,0.967162,70.4477,9.04596e-11,52512
24,68,n1->n13->n14->n75->n73->n10->n63->n61->n51,5.37021e+09|6.60497e+13|3.70261e+10|8.71921e+10|1.41706e+11|2.49624e+09|6.55204e+12|6.44979e+11|7.46708e+11,8.19724e+08|8.87204e+12|1.44234e+10|5.29113e+10|5.76853e+10|7.32581e+08|2.63574e+12|1.30372e+11|5.06847e+11,0.000494453|0.000787814|3.25754e-05|0.000766915|6.32916e-05|6.27016e-05|0.000116235|3.71253e-05|0.000185382,0.000316017|0.00788063|0.000181646|0.000203965|0.000807753|0.00113469|0.00126856|0.00313588|0.00344885,0.0109342|0.0476737|0.0426128|0.0243876|0.0455502|0.00597815|0.0100727|0.0266048|0.0365406,0.000178506|0.00335145|0.049061|0.0250863|0.028193|0.0245713|0.0107197|0.0179693|0.0130093,0.973537|0.954869|0.906626|0.936129|0.909539|0.962416|0.903245|0.958619|0.98883,4.63983|5.26639|0.762282|3.39264|3.29092|1.97158|4.68449|2.63855|4.04415,79.8117|92.5451|56.2706|85.6152|29.3778|65.1286|47.0482|66.5616,0.246796|0.191459|0.226178|0.185893|0.202302|0.203746|0.167884|0.171721,0.338018|0.161307|0.725021|0.624191|0.747283|0.514129|0.410418|0.235817,0.869523,0.801463,0.117836,0.0993652,0.460468,0.534015,0.0732846,0.487967,0.198257,0.921169,51.6436,5.43263e-12,47756,0.887486,41.1981,1.06086e-12,38445,0.895553,0.876428,0.0878307,0.631141,0.996144,0.511517,0.22039,0.459803,0.228135,0.891603,87.9902,7.64954e-10,30733,0.967162,70.4477,9.04596e-11,52512
24,69,n1->n99->n97->n95->n93->n91->n92->n94->n51,5.37021e+09|1.57108e+10|2.90604e+09|1.05601e+11|4.22601e+13|2.84652e+12|1.97334e+09|1.36531e+10|7.46708e+11,8.19724e+08|4.21389e+09|5.04144e+08|5.46554e+10|1.3774e+13|3.57264e+11|1.46451e+09|1.67171e+09|5.06847e+11,0.000494453|0.00089026|8.81202e-05|0.000260968|8.45967e-05|6.93267e-05|2.75832e-05|2.95455e-05|0.000185382,0.000316017|0.000350126|0.00494291|0.000186877|0.000162335|0.00599677|0.0052688|0.000125263|0.00344885,0.0109342|0.0362414|0.0381696|0.00282907|0.0108045|0.008036|0.0444618|0.00830448|0.0365406,0.000178506|0.0472365|0.00800322|0.0420997|0.0326183|0.015498|0.0387741|0.0293842|0.0130093,0.973537|0.953794|0.90679|0.966581|0.912097|0.964407|0.987763|0.927471|0.98883,4.63983|3.07459|1.41691|1.09944|5.92115|5.6679|6.03913|5.03384|4.04415,66.2586|94.4507|11.8968|24.941|26.8753|32.3713|13.5087|11.2844,0.180129|0.168303|0.228013|0.237661|0.203549|0.161013|0.230182|0.200895,0.323551|0.263233|0.342677|0.985064|0.21516|0.940947|0.731663|0.836539,0.869523,0.801463,0.117836,0.0993652,0.460468,0.534015,0.0732846,0.487967,0.198257,0.921169,51.6436,5.43263e-12,47756,0.887486,41.1981,1.06086e-12,38445,0.895553,0.876428,0.0878307,0.631141,0.996144,0.511517,0.22039,0.459803,0.228135,0.891603,87.9902,7.64954e-10,30733,0.967162,70.4477,9.04596e-11,52512
24,70,n1->n20->n96->n97->n99->n77->n93->n94->n51,5.37021e+09|4.0293e+11|2.51165e+12|2.90604e+09|1.57108e+10|5.68112e+11|4.22601e+13|1.36531e+10|7.46708e+11,8.19724e+08|1.89646e+11|5.36324e+11|5.04144e+08|4.21389e+09|3.56307e+11|1.3774e+13|1.67171e+09|5.06847e+11,0.000494453|5.21063e-05|1.2987e-05|8.81202e-05|0.00089026|8.49487e-05|8.45967e-05|2.95455e-05|0.000185382,0.000316017|0.000368678|0.000286765|0.00494291|0.000350126|0.000906866|0.000162335|0.000125263|0.00344885,0.0109342|0.0108696|0.0377902|0.0381696|0.0362414|0.04851|0.0108045|0.00830448|0.0365406,0.000178506|0.0181411|0.0195364|0.00800322|0.0472365|0.0115254|0.0326183|0.0293842|0.0130093,0.973537|0.923215|0.951762|0.90679|0.953794|0.949999|0.912097|0.927471|0.98883,4.63983|4.79469|0.85792|1.41691|3.07459|0.722366|5.92115|5.03384|4.04415,90.7492|58.7029|37.9513|94.4507|96.5216|51.9256|63.1349|11.2844,0.215706|0.201188|0.246589|0.168303|0.241387|0.247077|0.209804|0.200895,0.53635|0.666395|0.157157|0.263233|0.664018|0.469529|0.17375|0.836539,0.869523,0.801463,0.117836,0.0993652,0.460468,0.534015,0.0732846,0.487967,0.198257,0.921169,51.6436,5.43263e-12,47756,0.887486,41.1981,1.06086e-12,38445,0.895553,0.876428,0.0878307,0.631141,0.996144,0.511517,0.22039,0.459803,0.228135,0.891603,87.9902,7.64954e-10,30733,0.967162,70.4477,9.04596e-11,52512
24,71,n1->n20->n19->n17->n68->n58->n59->n50->n51,5.37021e+09|4.0293e+11|2.47533e+11|1.51096e+11|1.31753e+09|8.16696e+09|3.04563e+11|2.36425e+09|7.46708e+11,8.19724e+08|1.89646e+11|2.33399e+11|1.57582e+10|3.10679e+08|6.89506e+09|3.06423e+10|4.07889e+08|5.06847e+11,0.000494453|5.21063e-05|0.000261527|0.000261059|0.000223952|0.000266735|2.43107e-05|1.54283e-05|0.000185382,0.000316017|0.000368678|0.000768065|0.000513001|0.00843573|0.00874893|0.000202742|0.00907722|0.00344885,0.0109342|0.0108696|0.0201979|0.0430027|0.0370095|0.0248478|0.00304046|0.00638914|0.0365406,0.000178506|0.0181411|0.0291803|0.00442808|0.00589983|0.0481122|0.0474075|0.0483596|0.0130093,0.973537|0.923215|0.941018|0.974312|0.984554|0.911658|0.99171|0.910708|0.98883,4.63983|4.79469|1.39448|5.11322|5.26958|3.70937|5.60303|5.41755|4.04415,90.7492|86.2435|10.3361|23.9015|56.905|56.397|47.7013|82.9474,0.215706|0.182991|0.172286|0.236806|0.185169|0.21902|0.170229|0.24308,0.53635|0.182796|0.559133|0.2818|0.476138|0.533324|0.776444|0.624607,0.869523,0.801463,0.117836,0.0993652,0.460468,0.534015,0.0732846,0.487967,0.198257,0.921169,51.6436,5.43263e-12,47756,0.887486,41.1981,1.06086e-12,38445,0.895553,0.876428,0.0878307,0.631141,0.996144,0.511517,0.22039,0.459803,0.228135,0.891603,87.9902,7.64954e-10,30733,0.967162,70.4477,9.04596e-11,52512
24,72,n1->n20->n96->n14->n13->n15->n29->n50->n51,5.37021e+09|4.0293e+11|2.51165e+12|3.70261e+10|6.60497e+13|8.77071e+11|3.6336e+13|2.36425e+09|7.46708e+11,8.19724e+08|1.89646e+11|5.36324e+11|1.44234e+10|8.87204e+12|1.06991e+11|1.77292e+13|4.07889e+08|5.06847e+11,0.000494453|5.21063e-05|1.2987e-05|3.25754e-05|0.000787814|0.000182949|0.000125062|1.54283e-05|0.000185382,0.000316017|0.000368678|0.000286765|0.000181646|0.00788063|0.00274771|0.00231296|0.00907722|0.00344885,0.0109342|0.0108696|0.0377902|0.0426128|0.0476737|0.0207315|0.0255931|0.00638914|0.0365406,0.000178506|0.0181411|0.0195364|0.049061|0.00335145|0.0378122|0.00291922|0.0483596|0.0130093,0.973537|0.923215|0.951762|0.906626|0.954869|0.910795|0.962742|0.910708|0.98883,4.63983|4.79469|0.85792|0.762282|5.26639|1.89272|0.0327787|5.41755|4.04415,90.7492|58.7029|54.7186|92.5451|66.6304|32.2763|37.0378|82.9474,0.215706|0.201188|0.208433|0.191459|0.179788|0.240047|0.191256|0.24308,0.53635|0.666395|0.448351|0.161307|0.275394|0.895675|0.182586|0.624607,0.869523,0.801463,0.117836,0.0993652,0.460468,0.534015,0.0732846,0.487967,0.198257,0.921169,51.6436,5.43263e-12,47756,0.887486,41.1981,1.06086e-12,38445,0.895553,0.876428,0.0878307,0.631141,0.996144,0.511517,0.22039,0.459803,0.228135,0.891603,87.9902,7.64954e-10,30733,0.967162,70.4477,9.04596e-11,52512
24,73,n1->n20->n21->n22->n68->n58->n59->n50->n51,5.37021e+09|4.0293e+11|1.56161e+12|1.47e+10|1.31753e+09|8.16696e+09|3.04563e+11|2.36425e+09|7.46708e+11,8.19724e+08|1.89646e+11|3.02345e+11|9.51029e+09|3.10679e+08|6.89506e+09|3.06423e+10|4.07889e+08|5.06847e+11,0.000494453|5.21063e-05|0.00096308|1.77434e-05|0.000223952|0.000266735|2.43107e-05|1.54283e-05|0.000185382,0.000316017|0.000368678|0.00195589|0.0006856|0.00843573|0.00874893|0.000202742|0.00907722|0.00344885,0.0109342|0.0108696|0.00712365|0.0408661|0.0370095|0.0248478|0.00304046|0.00638914|0.0365406,0.000178506|0.0181411|0.0414669|0.040072|0.00589983|0.0481122|0.0474075|0.0483596|0.0130093,0.973537|0.923215|0.971602|0.95984|0.984554|0.911658|0.99171|0.910708|0.98883,4.63983|4.79469|3.14177|0.048646|5.26958|3.70937|5.60303|5.41755|4.04415,90.7492|76.7594|55.6995|15.3326|56.905|56.397|47.7013|82.9474,0.215706|0.218425|0.206062|0.236297|0.185169|0.21902|0.170229|0.24308,0.53635|0.515127|0.677391|0.655447|0.476138|0.533324|0.776444|0.624607,0.869523,0.801463,0.117836,0.0993652,0.460468,0.534015,0.0732846,0.487967,0.198257,0.921169,51.6436,5.43263e-12,47756,0.887486,41.1981,1.06086e-12,38445,0.895553,0.876428,0.0878307,0.631141,0.996144,0.511517,0.22039,0.459803,0.228135,0.891603,87.9902,7.64954e-10,30733,0.967162,70.4477,9.04596e-11,52512
24,74,n1->n99->n77->n72->n73->n10->n63->n61->n51,5.37021e+09|1.57108e+10|5.68112e+11|6.83442e+09|1.41706e+11|2.49624e+09|6.55204e+12|6.44979e+11|7.46708e+11,8.19724e+08|4.21389e+09|3.56307e+11|1.48353e+09|5.76853e+10|7.32581e+08|2.63574e+12|1.30372e+11|5.06847e+11,0.000494453|0.00089026|8.49487e-05|0.000159499|6.32916e-05|6.27016e-05|0.000116235|3.71253e-05|0.000185382,0.000316017|0.000350126|0.000906866|0.00384342|0.000807753|0.00113469|0.00126856|0.00313588|0.00344885,0.0109342|0.0362414|0.04851|0.0479977|0.0455502|0.00597815|0.0100727|0.0266048|0.0365406,0.000178506|0.0472365|0.0115254|0.0299903|0.028193|0.0245713|0.0107197|0.0179693|0.0130093,0.973537|0.953794|0.949999|0.96924|0.909539|0.962416|0.903245|0.958619|0.98883,4.63983|3.07459|0.722366|3.90463|3.29092|1.97158|4.68449|2.63855|4.04415,66.2586|96.5216|92.3918|29.1617|29.3778|65.1286|47.0482|66.5616,0.180129|0.241387|0.167022|0.178937|0.202302|0.203746|0.167884|0.171721,0.323551|0.664018|0.776051|0.920295|0.747283|0.514129|0.410418|0.235817,0.869523,0.801463,0.117836,0.0993652,0.460468,0.534015,0.0732846,0.487967,0.198257,0.921169,51.6436,5.43263e-12,47756,0.887486,41.1981,1.06086e-12,38445,0.895553,0.876428,0.0878307,0.631141,0.996144,0.511517,0.22039,0.459803,0.228135,0.891603,87.9902,7.64954e-10,30733,0.967162,70.4477,9.04596e-11,52512
24,75,n1->n13->n14->n75->n76->n30->n29->n50->n51,5.37021e+09|6.60497e+13|3.70261e+10|8.71921e+10|4.21804e+13|1.26395e+10|3.6336e+13|2.36425e+09|7.46708e+11,8.19724e+08|8.87204e+12|1.44234e+10|5.29113e+10|1.15782e+13|1.81012e+09|1.77292e+13|4.07889e+08|5.06847e+11,0.000494453|0.000787814|3.25754e-05|0.000766915|1.88608e-05|4.789e-05|0.000125062|1.54283e-05|0.000185382,0.000316017|0.00788063|0.000181646|0.000203965|0.00214239|0.00655588|0.00231296|0.00907722|0.00344885,0.0109342|0.0476737|0.0426128|0.0243876|0.00156873|0.00398508|0.0255931|0.00638914|0.0365406,0.000178506|0.00335145|0.049061|0.0250863|0.0470058|0.0178703|0.00291922|0.0483596|0.0130093,0.973537|0.954869|0.906626|0.936129|0.989289|0.972158|0.962742|0.910708|0.98883,4.63983|5.26639|0.762282|3.39264|0.578949|5.42296|0.0327787|5.41755|4.04415,79.8117|92.5451|56.2706|63.5216|21.8454|29.3504|37.0378|82.9474,0.246796|0.191459|0.226178|0.207806|0.220509|0.179657|0.191256|0.24308,0.338018|0.161307|0.725021|0.844544|0.936019|0.887943|0.182586|0.624607,0.869523,0.801463,0.117836,0.0993652,0.460468,0.534015,0.0732846,0.487967,0.198257,0.921169,51.6436,5.43263e-12,47756,0.887486,41.1981,1.06086e-12,38445,0.895553,0.876428,0.0878307,0.631141,0.996144,0.511517,0.22039,0.459803,0.228135,0.891603,87.9902,7.64954e-10,30733,0.967162,70.4477,9.04596e-11,52512
24,76,n1->n99->n97->n27->n25->n26->n47->n49->n51,5.37021e+09|1.57108e+10|2.90604e+09|4.19351e+12|1.67189e+13|7.09351e+09|4.74236e+11|2.45005e+09|7.46708e+11,8.19724e+08|4.21389e+09|5.04144e+08|8.73344e+11|1.40059e+13|1.31666e+09|1.54765e+11|2.44458e+09|5.06847e+11,0.000494453|0.00089026|8.81202e-05|1.08528e-05|6.30741e-05|3.77967e-05|0.000202873|1.07426e-05|0.000185382,0.000316017|0.000350126|0.00494291|0.00262605|0.00294926|0.00522178|0.000266598|0.000979027|0.00344885,0.0109342|0.0362414|0.0381696|0.0303206|0.0195393|0.0101688|0.00898217|0.0183567|0.0365406,0.000178506|0.0472365|0.00800322|0.0230682|0.0159438|0.0409649|0.0488958|0.0388066|0.0130093,0.973537|0.953794|0.90679|0.985376|0.9023|0.981638|0.9108|0.969899|0.98883,4.63983|3.07459|1.41691|4.5695|1.57149|2.91399|6.27947|3.94615|4.04415,66.2586|94.4507|31.5608|64.4551|63.0993|70.8805|91.8261|10.4661,0.180129|0.168303|0.219936|0.242248|0.228799|0.189485|0.228404|0.216931,0.323551|0.263233|0.557853|0.837222|0.359402|0.757042|0.133861|0.516407,0.869523,0.801463,0.117836,0.0993652,0.460468,0.534015,0.0732846,0.487967,0.198257,0.921169,51.6436,5.43263e-12,47756,0.887486,41.1981,1.06086e-12,38445,0.895553,0.876428,0.0878307,0.631141,0.996144,0.511517,0.22039,0.459803,0.228135,0.891603,87.9902,7.64954e-10,30733,0.967162,70.4477,9.04596e-11,52512
24,77,n1->n13->n12->n14->n75->n4->n27->n52->n51,5.37021e+09|6.60497e+13|9.70597e+10|3.70261e+10|8.71921e+10|7.07339e+12|4.19351e+12|1.02428e+10|7.46708e+11,8.19724e+08|8.87204e+12|2.76143e+10|1.44234e+10|5.29113e+10|2.43435e+12|8.73344e+11|2.07235e+09|5.06847e+11,0.000494453|0.000787814|0.000201974|3.25754e-05|0.000766915|0.000113681|1.08528e-05|0.00011644|0.000185382,0.000316017|0.00788063|0.0016732|0.000181646|0.000203965|0.00198341|0.00262605|0.00580301|0.00344885,0.0109342|0.0476737|0.0313381|0.0426128|0.0243876|0.0350273|0.0303206|0.0398377|0.0365406,0.000178506|0.00335145|0.0470205|0.049061|0.0250863|0.0273051|0.0230682|0.0151024|0.0130093,0.973537|0.954869|0.937315|0.906626|0.936129|0.917619|0.985376|0.965406|0.98883,4.63983|5.26639|3.07758|0.762282|3.39264|1.56082|4.5695|0.0104102|4.04415,79.8117|56.34|51.9585|56.2706|81.7362|52.1141|46.2248|83.3731,0.246796|0.206669|0.222459|0.226178|0.218556|0.184605|0.183493|0.197114,0.338018|0.285239|0.326911|0.725021|0.847503|0.200735|0.657987|0.942894,0.869523,0.801463,0.117836,0.0993652,0.460468,0.534015,0.0732846,0.487967,0.198257,0.921169,51.6436,5.43263e-12,47756,0.887486,41.1981,1.06086e-12,38445,0.895553,0.876428,0.0878307,0.631141,0.996144,0.511517,0.22039,0.459803,0.228135,0.891603,87.9902,7.64954e-10,30733,0.967162,70.4477,9.04596e-11,52512
24,78,n1->n13->n14->n75->n4->n27->n29->n50->n51,5.37021e+09|6.60497e+13|3.70261e+10|8.71921e+10|7.07339e+12|4.19351e+12|3.6336e+13|2.36425e+09|7.46708e+11,8.19724e+08|8.87204e+12|1.44234e+10|5.29113e+10|2.43435e+12|8.73344e+11|1.77292e+13|4.07889e+08|5.06847e+11,0.000494453|0.000787814|3.25754e-05|0.000766915|0.000113681|1.08528e-05|0.000125062|1.54283e-05|0.000185382,0.000316017|0.00788063|0.000181646|0.000203965|0.00198341|0.00262605|0.00231296|0.00907722|0.00344885,0.0109342|0.0476737|0.0426128|0.0243876|0.0350273|0.0303206|0.0255931|0.00638914|0.0365406,0.000178506|0.00335145|0.049061|0.0250863|0.0273051|0.0230682|0.00291922|0.0483596|0.0130093,0.973537|0.954869|0.906626|0.936129|0.917619|0.985376|0.962742|0.910708|0.98883,4.63983|5.26639|0.762282|3.39264|1.56082|4.5695|0.0327787|5.41755|4.04415,79.8117|92.5451|56.2706|81.7362|52.1141|49.6282|37.0378|82.9474,0.246796|0.191459|0.226178|0.218556|0.184605|0.180772|0.191256|0.24308,0.338018|0.161307|0.725021|0.847503|0.200735|0.511755|0.182586|0.624607,0.869523,0.801463,0.117836,0.0993652,0.460468,0.534015,0.0732846,0.487967,0.198257,0.921169,51.6436,5.43263e-12,47756,0.887486,41.1981,1.06086e-12,38445,0.895553,0.876428,0.0878307,0.631141,0.996144,0.511517,0.22039,0.459803,0.228135,0.891603,87.9902,7.64954e-10,30733,0.967162,70.4477,9.04596e-11,52512
24,79,n1->n20->n19->n17->n85->n65->n64->n49->n51,5.37021e+09|4.0293e+11|2.47533e+11|1.51096e+11|2.02447e+09|1.12599e+09|4.21034e+09|2.45005e+09|7.46708e+11,8.19724e+08|1.89646e+11|2.33399e+11|1.57582e+10|2.41326e+08|3.2906e+08|1.60867e+09|2.44458e+09|5.06847e+11,0.000494453|5.21063e-05|0.000261527|0.000261059|2.04325e-05|1.96575e-05|1.88732e-05|1.07426e-05|0.000185382,0.000316017|0.000368678|0.000768065|0.000513001|0.000338175|0.000428116|0.000135861|0.000979027|0.00344885,0.0109342|0.0108696|0.0201979|0.0430027|0.0354515|0.00118659|0.0266797|0.0183567|0.0365406,0.000178506|0.0181411|0.0291803|0.00442808|0.0266209|0.00176737|0.0436548|0.0388066|0.0130093,0.973537|0.923215|0.941018|0.974312|0.940474|0.967717|0.933821|0.969899|0.98883,4.63983|4.79469|1.39448|5.11322|4.91715|4.1126|5.77568|3.94615|4.04415,90.7492|86.2435|10.3361|84.7043|82.5435|56.7563|77.768|10.4661,0.215706|0.182991|0.172286|0.225161|0.20461|0.186349|0.165457|0.216931,0.53635|0.182796|0.559133|0.880608|0.519435|0.927837|0.348083|0.516407,0.869523,0.801463,0.117836,0.0993652,0.460468,0.534015,0.0732846,0.487967,0.198257,0.921169,51.6436,5.43263e-12,47756,0.887486,41.1981,1.06086e-12,38445,0.895553,0.876428,0.0878307,0.631141,0.996144,0.511517,0.22039,0.459803,0.228135,0.891603,87.9902,7.64954e-10,30733,0.967162,70.4477,9.04596e-11,52512
24,80,n1->n99->n77->n72->n73->n54->n53->n52->n51,5.37021e+09|1.57108e+10|5.68112e+11|6.83442e+09|1.41706e+11|2.80961e+11|4.60474e+10|1.02428e+10|7.46708e+11,8.19724e+08|4.21389e+09|3.56307e+11|1.48353e+09|5.76853e+10|2.23178e+11|3.18273e+10|2.07235e+09|5.06847e+11,0.000494453|0.00089026|8.49487e-05|0.000159499|6.32916e-05|1.47667e-05|2.00633e-05|0.00011644|0.000185382,0.000316017|0.000350126|0.000906866|0.00384342|0.000807753|0.00549128|0.000509085|0.00580301|0.00344885,0.0109342|0.0362414|0.04851|0.0479977|0.0455502|0.0334079|5.21659e-05|0.0398377|0.0365406,0.000178506|0.0472365|0.0115254|0.0299903|0.028193|0.00844474|0.00115664|0.0151024|0.0130093,0.973537|0.953794|0.949999|0.96924|0.909539|0.927525|0.913872|0.965406|0.98883,4.63983|3.07459|0.722366|3.90463|3.29092|1.22009|0.640024|0.0104102|4.04415,66.2586|96.5216|92.3918|29.1617|26.1465|75.3264|81.3721|83.3731,0.180129|0.241387|0.167022|0.178937|0.196311|0.191357|0.184589|0.197114,0.323551|0.664018|0.776051|0.920295|0.754315|0.567841|0.272111|0.942894,0.869523,0.801463,0.117836,0.0993652,0.460468,0.534015,0.0732846,0.487967,0.198257,0.921169,51.6436,5.43263e-12,47756,0.887486,41.1981,1.06086e-12,38445,0.895553,0.876428,0.0878307,0.631141,0.996144,0.511517,0.22039,0.459803,0.228135,0.891603,87.9902,7.64954e-10,30733,0.967162,70.4477,9.04596e-11,52512
24,81,n1->n20->n18->n19->n68->n58->n59->n50->n51,5.37021e+09|4.0293e+11|7.59179e+12|2.47533e+11|1.31753e+09|8.16696e+09|3.04563e+11|2.36425e+09|7.46708e+11,8.19724e+08|1.89646e+11|4.11836e+12|2.33399e+11|3.10679e+08|6.89506e+09|3.06423e+10|4.07889e+08|5.06847e+11,0.000494453|5.21063e-05|2.98936e-05|0.000261527|0.000223952|0.000266735|2.43107e-05|1.54283e-05|0.000185382,0.000316017|0.000368678|0.000681499|0.000768065|0.00843573|0.00874893|0.000202742|0.00907722|0.00344885,0.0109342|0.0108696|0.0192976|0.0201979|0.0370095|0.0248478|0.00304046|0.00638914|0.0365406,0.000178506|0.0181411|0.0120519|0.0291803|0.00589983|0.0481122|0.0474075|0.0483596|0.0130093,0.973537|0.923215|0.946711|0.941018|0.984554|0.911658|0.99171|0.910708|0.98883,4.63983|4.79469|4.38273|1.39448|5.26958|3.70937|5.60303|5.41755|4.04415,90.7492|89.2299|34.0839|67.5745|56.905|56.397|47.7013|82.9474,0.215706|0.247215|0.248409|0.2055|0.185169|0.21902|0.170229|0.24308,0.53635|0.652252|0.983209|0.968257|0.476138|0.533324|0.776444|0.624607,0.869523,0.801463,0.117836,0.0993652,0.460468,0.534015,0.0732846,0.487967,0.198257,0.921169,51.6436,5.43263e-12,47756,0.887486,41.1981,1.06086e-12,38445,0.895553,0.876428,0.0878307,0.631141,0.996144,0.511517,0.22039,0.459803,0.228135,0.891603,87.9902,7.64954e-10,30733,0.967162,70.4477,9.04596e-11,52512
24,82,n1->n20->n21->n23->n24->n26->n27->n52->n51,5.37021e+09|4.0293e+11|1.56161e+12|4.63033e+10|1.59557e+13|7.09351e+09|4.19351e+12|1.02428e+10|7.46708e+11,8.19724e+08|1.89646e+11|3.02345e+11|3.30225e+10|4.06569e+12|1.31666e+09|8.73344e+11|2.07235e+09|5.06847e+11,0.000494453|5.21063e-05|0.00096308|0.000277161|0.000193265|3.77967e-05|1.08528e-05|0.00011644|0.000185382,0.000316017|0.000368678|0.00195589|0.00418014|0.0012727|0.00522178|0.00262605|0.00580301|0.00344885,0.0109342|0.0108696|0.00712365|0.00314906|0.0433038|0.0101688|0.0303206|0.0398377|0.0365406,0.000178506|0.0181411|0.0414669|0.0470385|0.00780618|0.0409649|0.0230682|0.0151024|0.0130093,0.973537|0.923215|0.971602|0.92176|0.90929|0.981638|0.985376|0.965406|0.98883,4.63983|4.79469|3.14177|2.08786|3.9732|2.91399|4.5695|0.0104102|4.04415,90.7492|76.7594|88.4205|44.8869|83.4704|67.4197|46.2248|83.3731,0.215706|0.218425|0.232237|0.161116|0.216464|0.171162|0.183493|0.197114,0.53635|0.515127|0.516177|0.528582|0.583168|0.40751|0.657987|0.942894,0.869523,0.801463,0.117836,0.0993652,0.460468,0.534015,0.0732846,0.487967,0.198257,0.921169,51.6436,5.43263e-12,47756,0.887486,41.1981,1.06086e-12,38445,0.895553,0.876428,0.0878307,0.631141,0.996144,0.511517,0.22039,0.459803,0.228135,0.891603,87.9902,7.64954e-10,30733,0.967162,70.4477,9.04596e-11,52512
24,83,n1->n20->n21->n67->n64->n62->n60->n50->n51,5.37021e+09|4.0293e+11|1.56161e+12|4.7483e+09|4.21034e+09|2.37342e+11|8.79841e+13|2.36425e+09|7.46708e+11,8.19724e+08|1.89646e+11|3.02345e+11|7.5553e+08|1.60867e+09|1.13053e+11|5.95756e+13|4.07889e+08|5.06847e+11,0.000494453|5.21063e-05|0.00096308|3.91885e-05|1.88732e-05|8.24006e-05|0.000731749|1.54283e-05|0.000185382,0.000316017|0.000368678|0.00195589|0.000640186|0.000135861|0.00794111|0.000248463|0.00907722|0.00344885,0.0109342|0.0108696|0.00712365|0.029632|0.0266797|0.0242596|0.0128442|0.00638914|0.0365406,0.000178506|0.0181411|0.0414669|0.0482082|0.0436548|0.0480911|0.0431033|0.0483596|0.0130093,0.973537|0.923215|0.971602|0.924883|0.933821|0.98053|0.945549|0.910708|0.98883,4.63983|4.79469|3.14177|2.06342|5.77568|5.59786|4.50487|5.41755|4.04415,90.7492|76.7594|42.5138|95.5844|93.0484|48.3985|22.3088|82.9474,0.215706|0.218425|0.197352|0.248978|0.176232|0.17162|0.190841|0.24308,0.53635|0.515127|0.602799|0.480161|0.182879|0.641887|0.323935|0.624607,0.869523,0.801463,0.117836,0.0993652,0.460468,0.534015,0.0732846,0.487967,0.198257,0.921169,51.6436,5.43263e-12,47756,0.887486,41.1981,1.06086e-12,38445,0.895553,0.876428,0.0878307,0.631141,0.996144,0.511517,0.22039,0.459803,0.228135,0.891603,87.9902,7.64954e-10,30733,0.967162,70.4477,9.04596e-11,52512
24,84,n1->n99->n77->n23->n24->n26->n27->n52->n51,5.37021e+09|1.57108e+10|5.68112e+11|4.63033e+10|1.59557e+13|7.09351e+09|4.19351e+12|1.02428e+10|7.46708e+11,8.19724e+08|4.21389e+09|3.56307e+11|3.30225e+10|4.06569e+12|1.31666e+09|8.73344e+11|2.07235e+09|5.06847e+11,0.000494453|0.00089026|8.49487e-05|0.000277161|0.000193265|3.77967e-05|1.08528e-05|0.00011644|0.000185382,0.000316017|0.000350126|0.000906866|0.00418014|0.0012727|0.00522178|0.00262605|0.00580301|0.00344885,0.0109342|0.0362414|0.04851|0.00314906|0.0433038|0.0101688|0.0303206|0.0398377|0.0365406,0.000178506|0.0472365|0.0115254|0.0470385|0.00780618|0.0409649|0.0230682|0.0151024|0.0130093,0.973537|0.953794|0.949999|0.92176|0.90929|0.981638|0.985376|0.965406|0.98883,4.63983|3.07459|0.722366|2.08786|3.9732|2.91399|4.5695|0.0104102|4.04415,66.2586|96.5216|39.0733|44.8869|83.4704|67.4197|46.2248|83.3731,0.180129|0.241387|0.178948|0.161116|0.216464|0.171162|0.183493|0.197114,0.323551|0.664018|0.23533|0.528582|0.583168|0.40751|0.657987|0.942894,0.869523,0.801463,0.117836,0.0993652,0.460468,0.534015,0.0732846,0.487967,0.198257,0.921169,51.6436,5.43263e-12,47756,0.887486,41.1981,1.06086e-12,38445,0.895553,0.876428,0.0878307,0.631141,0.996144,0.511517,0.22039,0.459803,0.228135,0.891603,87.9902,7.64954e-10,30733,0.967162,70.4477,9.04596e-11,52512
24,85,n1->n99->n97->n95->n82->n54->n53->n52->n51,5.37021e+09|1.57108e+10|2.90604e+09|1.05601e+11|1.07979e+13|2.80961e+11|4.60474e+10|1.02428e+10|7.46708e+11,8.19724e+08|4.21389e+09|5.04144e+08|5.46554e+10|1.66379e+12|2.23178e+11|3.18273e+10|2.07235e+09|5.06847e+11,0.000494453|0.00089026|8.81202e-05|0.000260968|0.000837919|1.47667e-05|2.00633e-05|0.00011644|0.000185382,0.000316017|0.000350126|0.00494291|0.000186877|0.00271152|0.00549128|0.000509085|0.00580301|0.00344885,0.0109342|0.0362414|0.0381696|0.00282907|0.0278433|0.0334079|5.21659e-05|0.0398377|0.0365406,0.000178506|0.0472365|0.00800322|0.0420997|0.0266174|0.00844474|0.00115664|0.0151024|0.0130093,0.973537|0.953794|0.90679|0.966581|0.934435|0.927525|0.913872|0.965406|0.98883,4.63983|3.07459|1.41691|1.09944|0.132111|1.22009|0.640024|0.0104102|4.04415,66.2586|94.4507|11.8968|75.699|41.1455|75.3264|81.3721|83.3731,0.180129|0.168303|0.228013|0.21275|0.242874|0.191357|0.184589|0.197114,0.323551|0.263233|0.342677|0.837867|0.378494|0.567841|0.272111|0.942894,0.869523,0.801463,0.117836,0.0993652,0.460468,0.534015,0.0732846,0.487967,0.198257,0.921169,51.6436,5.43263e-12,47756,0.887486,41.1981,1.06086e-12,38445,0.895553,0.876428,0.0878307,0.631141,0.996144,0.511517,0.22039,0.459803,0.228135,0.891603,87.9902,7.64954e-10,30733,0.967162,70.4477,9.04596e-11,52512
24,86,n1->n20->n96->n94->n92->n93->n64->n49->n51,5.37021e+09|4.0293e+11|2.51165e+12|1.36531e+10|1.97334e+09|4.22601e+13|4.21034e+09|2.45005e+09|7.46708e+11,8.19724e+08|1.89646e+11|5.36324e+11|1.67171e+09|1.46451e+09|1.3774e+13|1.60867e+09|2.44458e+09|5.06847e+11,0.000494453|5.21063e-05|1.2987e-05|2.95455e-05|2.75832e-05|8.45967e-05|1.88732e-05|1.07426e-05|0.000185382,0.000316017|0.000368678|0.000286765|0.000125263|0.0052688|0.000162335|0.000135861|0.000979027|0.00344885,0.0109342|0.0108696|0.0377902|0.00830448|0.0444618|0.0108045|0.0266797|0.0183567|0.0365406,0.000178506|0.0181411|0.0195364|0.0293842|0.0387741|0.0326183|0.0436548|0.0388066|0.0130093,0.973537|0.923215|0.951762|0.927471|0.987763|0.912097|0.933821|0.969899|0.98883,4.63983|4.79469|0.85792|5.03384|6.03913|5.92115|5.77568|3.94615|4.04415,90.7492|58.7029|71.0086|13.5087|61.035|32.5899|77.768|10.4661,0.215706|0.201188|0.230021|0.230182|0.21409|0.178102|0.165457|0.216931,0.53635|0.666395|0.131268|0.731663|0.722832|0.548301|0.348083|0.516407,0.869523,0.801463,0.117836,0.0993652,0.460468,0.534015,0.0732846,0.487967,0.198257,0.921169,51.6436,5.43263e-12,47756,0.887486,41.1981,1.06086e-12,38445,0.895553,0.876428,0.0878307,0.631141,0.996144,0.511517,0.22039,0.459803,0.228135,0.891603,87.9902,7.64954e-10,30733,0.967162,70.4477,9.04596e-11,52512
24,87,n1->n13->n14->n75->n73->n54->n53->n52->n51,5.37021e+09|6.60497e+13|3.70261e+10|8.71921e+10|1.41706e+11|2.80961e+11|4.60474e+10|1.02428e+10|7.46708e+11,8.19724e+08|8.87204e+12|1.44234e+10|5.29113e+10|5.76853e+10|2.23178e+11|3.18273e+10|2.07235e+09|5.06847e+11,0.000494453|0.000787814|3.25754e-05|0.000766915|6.32916e-05|1.47667e-05|2.00633e-05|0.00011644|0.000185382,0.000316017|0.00788063|0.000181646|0.000203965|0.000807753|0.00549128|0.000509085|0.00580301|0.00344885,0.0109342|0.0476737|0.0426128|0.0243876|0.0455502|0.0334079|5.21659e-05|0.0398377|0.0365406,0.000178506|0.00335145|0.049061|0.0250863|0.028193|0.00844474|0.00115664|0.0151024|0.0130093,0.973537|0.954869|0.906626|0.936129|0.909539|0.927525|0.913872|0.965406|0.98883,4.63983|5.26639|0.762282|3.39264|3.29092|1.22009|0.640024|0.0104102|4.04415,79.8117|92.5451|56.2706|85.6152|26.1465|75.3264|81.3721|83.3731,0.246796|0.191459|0.226178|0.185893|0.196311|0.191357|0.184589|0.197114,0.338018|0.161307|0.725021|0.624191|0.754315|0.567841|0.272111|0.942894,0.869523,0.801463,0.117836,0.0993652,0.460468,0.534015,0.0732846,0.487967,0.198257,0.921169,51.6436,5.43263e-12,47756,0.887486,41.1981,1.06086e-12,38445,0.895553,0.876428,0.0878307,0.631141,0.996144,0.511517,0.22039,0.459803,0.228135,0.891603,87.9902,7.64954e-10,30733,0.967162,70.4477,9.04596e-11,52512
24,88,n1->n13->n15->n63->n61->n62->n64->n49->n51,5.37021e+09|6.60497e+13|8.77071e+11|6.55204e+12|6.44979e+11|2.37342e+11|4.21034e+09|2.45005e+09|7.46708e+11,8.19724e+08|8.87204e+12|1.06991e+11|2.63574e+12|1.30372e+11|1.13053e+11|1.60867e+09|2.44458e+09|5.06847e+11,0.000494453|0.000787814|0.000182949|0.000116235|3.71253e-05|8.24006e-05|1.88732e-05|1.07426e-05|0.000185382,0.000316017|0.00788063|0.00274771|0.00126856|0.00313588|0.00794111|0.000135861|0.000979027|0.00344885,0.0109342|0.0476737|0.0207315|0.0100727|0.0266048|0.0242596|0.0266797|0.0183567|0.0365406,0.000178506|0.00335145|0.0378122|0.0107197|0.0179693|0.0480911|0.0436548|0.0388066|0.0130093,0.973537|0.954869|0.910795|0.903245|0.958619|0.98053|0.933821|0.969899|0.98883,4.63983|5.26639|1.89272|4.68449|2.63855|5.59786|5.77568|3.94615|4.04415,79.8117|66.6304|11.0615|47.0482|89.0369|93.0484|77.768|10.4661,0.246796|0.179788|0.214255|0.167884|0.198053|0.176232|0.165457|0.216931,0.338018|0.275394|0.692153|0.410418|0.704733|0.182879|0.348083|0.516407,0.869523,0.801463,0.117836,0.0993652,0.460468,0.534015,0.0732846,0.487967,0.198257,0.921169,51.6436,5.43263e-12,47756,0.887486,41.1981,1.06086e-12,38445,0.895553,0.876428,0.0878307,0.631141,0.996144,0.511517,0.22039,0.459803,0.228135,0.891603,87.9902,7.64954e-10,30733,0.967162,70.4477,9.04596e-11,52512
24,89,n1->n13->n11->n29->n50->n48->n47->n49->n51,5.37021e+09|6.60497e+13|1.78735e+12|3.6336e+13|2.36425e+09|3.98001e+12|4.74236e+11|2.45005e+09|7.46708e+11,8.19724e+08|8.87204e+12|3.29521e+11|1.77292e+13|4.07889e+08|1.69514e+12|1.54765e+11|2.44458e+09|5.06847e+11,0.000494453|0.000787814|5.47786e-05|0.000125062|1.54283e-05|4.78153e-05|0.000202873|1.07426e-05|0.000185382,0.000316017|0.00788063|0.00652494|0.00231296|0.00907722|0.00544009|0.000266598|0.000979027|0.00344885,0.0109342|0.0476737|0.00125292|0.0255931|0.00638914|0.0455031|0.00898217|0.0183567|0.0365406,0.000178506|0.00335145|0.0136412|0.00291922|0.0483596|0.0360942|0.0488958|0.0388066|0.0130093,0.973537|0.954869|0.988894|0.962742|0.910708|0.967439|0.9108|0.969899|0.98883,4.63983|5.26639|0.923897|0.0327787|5.41755|3.09858|6.27947|3.94615|4.04415,79.8117|13.9548|13.2112|37.0378|23.5956|78.8723|91.8261|10.4661,0.246796|0.189728|0.219003|0.191256|0.191801|0.239998|0.228404|0.216931,0.338018|0.801183|0.427028|0.182586|0.688345|0.300482|0.133861|0.516407,0.869523,0.801463,0.117836,0.0993652,0.460468,0.534015,0.0732846,0.487967,0.198257,0.921169,51.6436,5.43263e-12,47756,0.887486,41.1981,1.06086e-12,38445,0.895553,0.876428,0.0878307,0.631141,0.996144,0.511517,0.22039,0.459803,0.228135,0.891603,87.9902,7.64954e-10,30733,0.967162,70.4477,9.04596e-11,52512
24,90,n1->n99->n97->n95->n93->n64->n65->n52->n51,5.37021e+09|1.57108e+10|2.90604e+09|1.05601e+11|4.22601e+13|4.21034e+09|1.12599e+09|1.02428e+10|7.46708e+11,8.19724e+08|4.21389e+09|5.04144e+08|5.46554e+10|1.3774e+13|1.60867e+09|3.2906e+08|2.07235e+09|5.06847e+11,0.000494453|0.00089026|8.81202e-05|0.000260968|8.45967e-05|1.88732e-05|1.96575e-05|0.00011644|0.000185382,0.000316017|0.000350126|0.00494291|0.000186877|0.000162335|0.000135861|0.000428116|0.00580301|0.00344885,0.0109342|0.0362414|0.0381696|0.00282907|0.0108045|0.0266797|0.00118659|0.0398377|0.0365406,0.000178506|0.0472365|0.00800322|0.0420997|0.0326183|0.0436548|0.00176737|0.0151024|0.0130093,0.973537|0.953794|0.90679|0.966581|0.912097|0.933821|0.967717|0.965406|0.98883,4.63983|3.07459|1.41691|1.09944|5.92115|5.77568|4.1126|0.0104102|4.04415,66.2586|94.4507|11.8968|24.941|32.5899|56.7563|56.1703|83.3731,0.180129|0.168303|0.228013|0.237661|0.178102|0.186349|0.247907|0.197114,0.323551|0.263233|0.342677|0.985064|0.548301|0.927837|0.827328|0.942894,0.869523,0.801463,0.117836,0.0993652,0.460468,0.534015,0.0732846,0.487967,0.198257,0.921169,51.6436,5.43263e-12,47756,0.887486,41.1981,1.06086e-12,38445,0.895553,0.876428,0.0878307,0.631141,0.996144,0.511517,0.22039,0.459803,0.228135,0.891603,87.9902,7.64954e-10,30733,0.967162,70.4477,9.04596e-11,52512
24,91,n1->n13->n15->n34->n32->n31->n29->n50->n51,5.37021e+09|6.60497e+13|8.77071e+11|4.7313e+12|1.78367e+12|4.79342e+12|3.6336e+13|2.36425e+09|7.46708e+11,8.19724e+08|8.87204e+12|1.06991e+11|1.15705e+12|1.05491e+12|4.42443e+12|1.77292e+13|4.07889e+08|5.06847e+11,0.000494453|0.000787814|0.000182949|0.000140889|0.000179959|0.00024651|0.000125062|1.54283e-05|0.000185382,0.000316017|0.00788063|0.00274771|0.000270551|0.00292552|0.00308746|0.00231296|0.00907722|0.00344885,0.0109342|0.0476737|0.0207315|0.0276207|0.00778345|0.0211034|0.0255931|0.00638914|0.0365406,0.000178506|0.00335145|0.0378122|0.0210615|0.0161829|0.0151027|0.00291922|0.0483596|0.0130093,0.973537|0.954869|0.910795|0.904866|0.953313|0.943878|0.962742|0.910708|0.98883,4.63983|5.26639|1.89272|4.56594|0.10397|4.82496|0.0327787|5.41755|4.04415,79.8117|66.6304|27.3162|23.0914|86.0567|70.4589|37.0378|82.9474,0.246796|0.179788|0.231681|0.18593|0.16799|0.246199|0.191256|0.24308,0.338018|0.275394|0.750497|0.12287|0.799966|0.415176|0.182586|0.624607,0.869523,0.801463,0.117836,0.0993652,0.460468,0.534015,0.0732846,0.487967,0.198257,0.921169,51.6436,5.43263e-12,47756,0.887486,41.1981,1.06086e-12,38445,0.895553,0.876428,0.0878307,0.631141,0.996144,0.511517,0.22039,0.459803,0.228135,0.891603,87.9902,7.64954e-10,30733,0.967162,70.4477,9.04596e-11,52512
24,92,n1->n99->n97->n96->n20->n89->n48->n50->n51,5.37021e+09|1.57108e+10|2.90604e+09|2.51165e+12|4.0293e+11|2.68119e+11|3.98001e+12|2.36425e+09|7.46708e+11,8.19724e+08|4.21389e+09|5.04144e+08|5.36324e+11|1.89646e+11|9.23423e+10|1.69514e+12|4.07889e+08|5.06847e+11,0.000494453|0.00089026|8.81202e-05|1.2987e-05|5.21063e-05|3.55201e-05|4.78153e-05|1.54283e-05|0.000185382,0.000316017|0.000350126|0.00494291|0.000286765|0.000368678|0.000111435|0.00544009|0.00907722|0.00344885,0.0109342|0.0362414|0.0381696|0.0377902|0.0108696|0.0107812|0.0455031|0.00638914|0.0365406,0.000178506|0.0472365|0.00800322|0.0195364|0.0181411|0.0401575|0.0360942|0.0483596|0.0130093,0.973537|0.953794|0.90679|0.951762|0.923215|0.926416|0.967439|0.910708|0.98883,4.63983|3.07459|1.41691|0.85792|4.79469|0.0868458|3.09858|5.41755|4.04415,66.2586|94.4507|37.9513|58.7029|18.2346|94.0077|23.5956|82.9474,0.180129|0.168303|0.246589|0.201188|0.231355|0.234363|0.191801|0.24308,0.323551|0.263233|0.157157|0.666395|0.595303|0.948873|0.688345|0.624607,0.869523,0.801463,0.117836,0.0993652,0.460468,0.534015,0.0732846,0.487967,0.198257,0.921169,51.6436,5.43263e-12,47756,0.887486,41.1981,1.06086e-12,38445,0.895553,0.876428,0.0878307,0.631141,0.996144,0.511517,0.22039,0.459803,0.228135,0.891603,87.9902,7.64954e-10,30733,0.967162,70.4477,9.04596e-11,52512
24,93,n1->n20->n21->n67->n38->n36->n64->n49->n51,5.37021e+09|4.0293e+11|1.56161e+12|4.7483e+09|1.16426e+13|7.73972e+11|4.21034e+09|2.45005e+09|7.46708e+11,8.19724e+08|1.89646e+11|3.02345e+11|7.5553e+08|1.19258e+12|7.77593e+10|1.60867e+09|2.44458e+09|5.06847e+11,0.000494453|5.21063e-05|0.00096308|3.91885e-05|1.04425e-05|0.000426407|1.88732e-05|1.07426e-05|0.000185382,0.000316017|0.000368678|0.00195589|0.000640186|0.00950649|0.00396778|0.000135861|0.000979027|0.00344885,0.0109342|0.0108696|0.00712365|0.029632|0.0263713|0.00497013|0.0266797|0.0183567|0.0365406,0.000178506|0.0181411|0.0414669|0.0482082|0.00318517|0.0341912|0.0436548|0.0388066|0.0130093,0.973537|0.923215|0.971602|0.924883|0.902547|0.94998|0.933821|0.969899|0.98883,4.63983|4.79469|3.14177|2.06342|5.09423|3.70656|5.77568|3.94615|4.04415,90.7492|76.7594|42.5138|59.2872|61.2725|43.8659|77.768|10.4661,0.215706|0.218425|0.197352|0.200548|0.204351|0.241695|0.165457|0.216931,0.53635|0.515127|0.602799|0.127053|0.413834|0.590576|0.348083|0.516407,0.869523,0.801463,0.117836,0.0993652,0.460468,0.534015,0.0732846,0.487967,0.198257,0.921169,51.6436,5.43263e-12,47756,0.887486,41.1981,1.06086e-12,38445,0.895553,0.876428,0.0878307,0.631141,0.996144,0.511517,0.22039,0.459803,0.228135,0.891603,87.9902,7.64954e-10,30733,0.967162,70.4477,9.04596e-11,52512
24,94,n1->n20->n21->n67->n38->n37->n65->n52->n51,5.37021e+09|4.0293e+11|1.56161e+12|4.7483e+09|1.16426e+13|2.79748e+13|1.12599e+09|1.02428e+10|7.46708e+11,8.19724e+08|1.89646e+11|3.02345e+11|7.5553e+08|1.19258e+12|4.96975e+12|3.2906e+08|2.07235e+09|5.06847e+11,0.000494453|5.21063e-05|0.00096308|3.91885e-05|1.04425e-05|1.06248e-05|1.96575e-05|0.00011644|0.000185382,0.000316017|0.000368678|0.00195589|0.000640186|0.00950649|0.000261291|0.000428116|0.00580301|0.00344885,0.0109342|0.0108696|0.00712365|0.029632|0.0263713|0.0457563|0.00118659|0.0398377|0.0365406,0.000178506|0.0181411|0.0414669|0.0482082|0.00318517|0.0105712|0.00176737|0.0151024|0.0130093,0.973537|0.923215|0.971602|0.924883|0.902547|0.964079|0.967717|0.965406|0.98883,4.63983|4.79469|3.14177|2.06342|5.09423|4.96174|4.1126|0.0104102|4.04415,90.7492|76.7594|42.5138|59.2872|46.986|13.4252|56.1703|83.3731,0.215706|0.218425|0.197352|0.200548|0.170599|0.230756|0.247907|0.197114,0.53635|0.515127|0.602799|0.127053|0.662799|0.986996|0.827328|0.942894,0.869523,0.801463,0.117836,0.0993652,0.460468,0.534015,0.0732846,0.487967,0.198257,0.921169,51.6436,5.43263e-12,47756,0.887486,41.1981,1.06086e-12,38445,0.895553,0.876428,0.0878307,0.631141,0.996144,0.511517,0.22039,0.459803,0.228135,0.891603,87.9902,7.64954e-10,30733,0.967162,70.4477,9.04596e-11,52512
24,95,n1->n20->n89->n48->n50->n29->n27->n52->n51,5.37021e+09|4.0293e+11|2.68119e+11|3.98001e+12|2.36425e+09|3.6336e+13|4.19351e+12|1.02428e+10|7.46708e+11,8.19724e+08|1.89646e+11|9.23423e+10|1.69514e+12|4.07889e+08|1.77292e+13|8.73344e+11|2.07235e+09|5.06847e+11,0.000494453|5.21063e-05|3.55201e-05|4.78153e-05|1.54283e-05|0.000125062|1.08528e-05|0.00011644|0.000185382,0.000316017|0.000368678|0.000111435|0.00544009|0.00907722|0.00231296|0.00262605|0.00580301|0.00344885,0.0109342|0.0108696|0.0107812|0.0455031|0.00638914|0.0255931|0.0303206|0.0398377|0.0365406,0.000178506|0.0181411|0.0401575|0.0360942|0.0483596|0.00291922|0.0230682|0.0151024|0.0130093,0.973537|0.923215|0.926416|0.967439|0.910708|0.962742|0.985376|0.965406|0.98883,4.63983|4.79469|0.0868458|3.09858|5.41755|0.0327787|4.5695|0.0104102|4.04415,90.7492|18.2346|94.0077|23.5956|37.0378|49.6282|46.2248|83.3731,0.215706|0.231355|0.234363|0.191801|0.191256|0.180772|0.183493|0.197114,0.53635|0.595303|0.948873|0.688345|0.182586|0.511755|0.657987|0.942894,0.869523,0.801463,0.117836,0.0993652,0.460468,0.534015,0.0732846,0.487967,0.198257,0.921169,51.6436,5.43263e-12,47756,0.887486,41.1981,1.06086e-12,38445,0.895553,0.876428,0.0878307,0.631141,0.996144,0.511517,0.22039,0.459803,0.228135,0.891603,87.9902,7.64954e-10,30733,0.967162,70.4477,9.04596e-11,52512
24,96,n1->n13->n15->n34->n36->n64->n93->n94->n51,5.37021e+09|6.60497e+13|8.77071e+11|4.7313e+12|7.73972e+11|4.21034e+09|4.22601e+13|1.36531e+10|7.46708e+11,8.19724e+08|8.87204e+12|1.06991e+11|1.15705e+12|7.77593e+10|1.60867e+09|1.3774e+13|1.67171e+09|5.06847e+11,0.000494453|0.000787814|0.000182949|0.000140889|0.000426407|1.88732e-05|8.45967e-05|2.95455e-05|0.000185382,0.000316017|0.00788063|0.00274771|0.000270551|0.00396778|0.000135861|0.000162335|0.000125263|0.00344885,0.0109342|0.0476737|0.0207315|0.0276207|0.00497013|0.0266797|0.0108045|0.00830448|0.0365406,0.000178506|0.00335145|0.0378122|0.0210615|0.0341912|0.0436548|0.0326183|0.0293842|0.0130093,0.973537|0.954869|0.910795|0.904866|0.94998|0.933821|0.912097|0.927471|0.98883,4.63983|5.26639|1.89272|4.56594|3.70656|5.77568|5.92115|5.03384|4.04415,79.8117|66.6304|27.3162|89.5651|43.8659|32.5899|63.1349|11.2844,0.246796|0.179788|0.231681|0.241996|0.241695|0.178102|0.209804|0.200895,0.338018|0.275394|0.750497|0.265381|0.590576|0.548301|0.17375|0.836539,0.869523,0.801463,0.117836,0.0993652,0.460468,0.534015,0.0732846,0.487967,0.198257,0.921169,51.6436,5.43263e-12,47756,0.887486,41.1981,1.06086e-12,38445,0.895553,0.876428,0.0878307,0.631141,0.996144,0.511517,0.22039,0.459803,0.228135,0.891603,87.9902,7.64954e-10,30733,0.967162,70.4477,9.04596e-11,52512
24,97,n1->n20->n21->n23->n77->n93->n64->n49->n51,5.37021e+09|4.0293e+11|1.56161e+12|4.63033e+10|5.68112e+11|4.22601e+13|4.21034e+09|2.45005e+09|7.46708e+11,8.19724e+08|1.89646e+11|3.02345e+11|3.30225e+10|3.56307e+11|1.3774e+13|1.60867e+09|2.44458e+09|5.06847e+11,0.000494453|5.21063e-05|0.00096308|0.000277161|8.49487e-05|8.45967e-05|1.88732e-05|1.07426e-05|0.000185382,0.000316017|0.000368678|0.00195589|0.00418014|0.000906866|0.000162335|0.000135861|0.000979027|0.00344885,0.0109342|0.0108696|0.00712365|0.00314906|0.04851|0.0108045|0.0266797|0.0183567|0.0365406,0.000178506|0.0181411|0.0414669|0.0470385|0.0115254|0.0326183|0.0436548|0.0388066|0.0130093,0.973537|0.923215|0.971602|0.92176|0.949999|0.912097|0.933821|0.969899|0.98883,4.63983|4.79469|3.14177|2.08786|0.722366|5.92115|5.77568|3.94615|4.04415,90.7492|76.7594|88.4205|39.0733|51.9256|32.5899|77.768|10.4661,0.215706|0.218425|0.232237|0.178948|0.247077|0.178102|0.165457|0.216931,0.53635|0.515127|0.516177|0.23533|0.469529|0.548301|0.348083|0.516407,0.869523,0.801463,0.117836,0.0993652,0.460468,0.534015,0.0732846,0.487967,0.198257,0.921169,51.6436,5.43263e-12,47756,0.887486,41.1981,1.06086e-12,38445,0.895553,0.876428,0.0878307,0.631141,0.996144,0.511517,0.22039,0.459803,0.228135,0.891603,87.9902,7.64954e-10,30733,0.967162,70.4477,9.04596e-11,52512
24,98,n1->n20->n96->n97->n95->n89->n48->n50->n51,5.37021e+09|4.0293e+11|2.51165e+12|2.90604e+09|1.05601e+11|2.68119e+11|3.98001e+12|2.36425e+09|7.46708e+11,8.19724e+08|1.89646e+11|5.36324e+11|5.04144e+08|5.46554e+10|9.23423e+10|1.69514e+12|4.07889e+08|5.06847e+11,0.000494453|5.21063e-05|1.2987e-05|8.81202e-05|0.000260968|3.55201e-05|4.78153e-05|1.54283e-05|0.000185382,0.000316017|0.000368678|0.000286765|0.00494291|0.000186877|0.000111435|0.00544009|0.00907722|0.00344885,0.0109342|0.0108696|0.0377902|0.0381696|0.00282907|0.0107812|0.0455031|0.00638914|0.0365406,0.000178506|0.0181411|0.0195364|0.00800322|0.0420997|0.0401575|0.0360942|0.0483596|0.0130093,0.973537|0.923215|0.951762|0.90679|0.966581|0.926416|0.967439|0.910708|0.98883,4.63983|4.79469|0.85792|1.41691|1.09944|0.0868458|3.09858|5.41755|4.04415,90.7492|58.7029|37.9513|11.8968|11.8194|94.0077|23.5956|82.9474,0.215706|0.201188|0.246589|0.228013|0.168449|0.234363|0.191801|0.24308,0.53635|0.666395|0.157157|0.342677|0.776387|0.948873|0.688345|0.624607,0.869523,0.801463,0.117836,0.0993652,0.460468,0.534015,0.0732846,0.487967,0.198257,0.921169,51.6436,5.43263e-12,47756,0.887486,41.1981,1.06086e-12,38445,0.895553,0.876428,0.0878307,0.631141,0.996144,0.511517,0.22039,0.459803,0.228135,0.891603,87.9902,7.64954e-10,30733,0.967162,70.4477,9.04596e-11,52512
24,99,n1->n20->n18->n16->n38->n37->n65->n52->n51,5.37021e+09|4.0293e+11|7.59179e+12|1.09193e+13|1.16426e+13|2.79748e+13|1.12599e+09|1.02428e+10|7.46708e+11,8.19724e+08|1.89646e+11|4.11836e+12|1.33827e+12|1.19258e+12|4.96975e+12|3.2906e+08|2.07235e+09|5.06847e+11,0.000494453|5.21063e-05|2.98936e-05|3.71682e-05|1.04425e-05|1.06248e-05|1.96575e-05|0.00011644|0.000185382,0.000316017|0.000368678|0.000681499|0.00174713|0.00950649|0.000261291|0.000428116|0.00580301|0.00344885,0.0109342|0.0108696|0.0192976|0.0123696|0.0263713|0.0457563|0.00118659|0.0398377|0.0365406,0.000178506|0.0181411|0.0120519|0.0240438|0.00318517|0.0105712|0.00176737|0.0151024|0.0130093,0.973537|0.923215|0.946711|0.979533|0.902547|0.964079|0.967717|0.965406|0.98883,4.63983|4.79469|4.38273|1.69436|5.09423|4.96174|4.1126|0.0104102|4.04415,90.7492|89.2299|72.2829|28.0546|46.986|13.4252|56.1703|83.3731,0.215706|0.247215|0.180241|0.17367|0.170599|0.230756|0.247907|0.197114,0.53635|0.652252|0.553025|0.828443|0.662799|0.986996|0.827328|0.942894,0.869523,0.801463,0.117836,0.0993652,0.460468,0.534015,0.0732846,0.487967,0.198257,0.921169,51.6436,5.43263e-12,47756,0.887486,41.1981,1.06086e-12,38445,0.895553,0.876428,0.0878307,0.631141,0.996144,0.511517,0.22039,0.459803,0.228135,0.891603,87.9902,7.64954e-10,30733,0.967162,70.4477,9.04596e-11,52512
24,100,n1->n20->n18->n16->n38->n67->n64->n49->n51,5.37021e+09|4.0293e+11|7.59179e+12|1.09193e+13|1.16426e+13|4.7483e+09|4.21034e+09|2.45005e+09|7.46708e+11,8.19724e+08|1.89646e+11|4.11836e+12|1.33827e+12|1.19258e+12|7.5553e+08|1.60867e+09|2.44458e+09|5.06847e+11,0.000494453|5.21063e-05|2.98936e-05|3.71682e-05|1.04425e-05|3.91885e-05|1.88732e-05|1.07426e-05|0.000185382,0.000316017|0.000368678|0.000681499|0.00174713|0.00950649|0.000640186|0.000135861|0.000979027|0.00344885,0.0109342|0.0108696|0.0192976|0.0123696|0.0263713|0.029632|0.0266797|0.0183567|0.0365406,0.000178506|0.0181411|0.0120519|0.0240438|0.00318517|0.0482082|0.0436548|0.0388066|0.0130093,0.973537|0.923215|0.946711|0.979533|0.902547|0.924883|0.933821|0.969899|0.98883,4.63983|4.79469|4.38273|1.69436|5.09423|2.06342|5.77568|3.94615|4.04415,90.7492|89.2299|72.2829|28.0546|59.2872|95.5844|77.768|10.4661,0.215706|0.247215|0.180241|0.17367|0.200548|0.248978|0.165457|0.216931,0.53635|0.652252|0.553025|0.828443|0.127053|0.480161|0.348083|0.516407,0.869523,0.801463,0.117836,0.0993652,0.460468,0.534015,0.0732846,0.487967,0.198257,0.921169,51.6436,5.43263e-12,47756,0.887486,41.1981,1.06086e-12,38445,0.895553,0.876428,0.0878307,0.631141,0.996144,0.511517,0.22039,0.459803,0.228135,0.891603,87.9902,7.64954e-10,30733,0.967162,70.4477,9.04596e-11,52512
24,101,n1->n13->n14->n75->n73->n100->n90->n59->n50->n51,5.37021e+09|6.60497e+13|3.70261e+10|8.71921e+10|1.41706e+11|4.01966e+09|1.33273e+11|3.04563e+11|2.36425e+09|7.46708e+11,8.19724e+08|8.87204e+12|1.44234e+10|5.29113e+10|5.76853e+10|2.27749e+09|6.41526e+10|3.06423e+10|4.07889e+08|5.06847e+11,0.000494453|0.000787814|3.25754e-05|0.000766915|6.32916e-05|0.000665246|0.000319756|2.43107e-05|1.54283e-05|0.000185382,0.000316017|0.00788063|0.000181646|0.000203965|0.000807753|0.00914892|0.000672662|0.000202742|0.00907722|0.00344885,0.0109342|0.0476737|0.0426128|0.0243876|0.0455502|0.0100829|0.0285929|0.00304046|0.00638914|0.0365406,0.000178506|0.00335145|0.049061|0.0250863|0.028193|0.0460028|0.0372754|0.0474075|0.0483596|0.0130093,0.973537|0.954869|0.906626|0.936129|0.909539|0.935175|0.984478|0.99171|0.910708|0.98883,4.63983|5.26639|0.762282|3.39264|3.29092|3.89025|4.02061|5.60303|5.41755|4.04415,79.8117|92.5451|56.2706|85.6152|20.1165|32.7492|62.2588|47.7013|82.9474,0.246796|0.191459|0.226178|0.185893|0.175955|0.191207|0.169222|0.170229|0.24308,0.338018|0.161307|0.725021|0.624191|0.825877|0.878161|0.361153|0.776444|0.624607,0.869523,0.801463,0.117836,0.0993652,0.460468,0.534015,0.0732846,0.487967,0.198257,0.921169,51.6436,5.43263e-12,47756,0.887486,41.1981,1.06086e-12,38445,0.895553,0.876428,0.0878307,0.631141,0.996144,0.511517,0.22039,0.459803,0.228135,0.891603,87.9902,7.64954e-10,30733,0.967162,70.4477,9.04596e-11,52512
24,102,n1->n13->n12->n8->n7->n9->n10->n63->n61->n51,5.37021e+09|6.60497e+13|9.70597e+10|4.61239e+13|3.81012e+11|1.49139e+12|2.49624e+09|6.55204e+12|6.44979e+11|7.46708e+11,8.19724e+08|8.87204e+12|2.76143e+10|1.04208e+13|6.70334e+10|3.79906e+11|7.32581e+08|2.63574e+12|1.30372e+11|5.06847e+11,0.000494453|0.000787814|0.000201974|6.6054e-05|0.000475679|1.80008e-05|6.27016e-05|0.000116235|3.71253e-05|0.000185382,0.000316017|0.00788063|0.0016732|0.00522046|0.00104538|0.00065196|0.00113469|0.00126856|0.00313588|0.00344885,0.0109342|0.0476737|0.0313381|0.0318744|0.01754|0.0140743|0.00597815|0.0100727|0.0266048|0.0365406,0.000178506|0.00335145|0.0470205|0.0483133|0.0283975|0.033904|0.0245713|0.0107197|0.0179693|0.0130093,0.973537|0.954869|0.937315|0.975256|0.963898|0.963574|0.962416|0.903245|0.958619|0.98883,4.63983|5.26639|3.07758|3.22282|3.51107|5.88966|1.97158|4.68449|2.63855|4.04415,79.8117|56.34|81.3396|55.4093|59.8148|65.9961|65.1286|47.0482|66.5616,0.246796|0.206669|0.186476|0.230451|0.18359|0.193896|0.203746|0.167884|0.171721,0.338018|0.285239|0.379326|0.745697|0.339058|0.982181|0.514129|0.410418|0.235817,0.869523,0.801463,0.117836,0.0993652,0.460468,0.534015,0.0732846,0.487967,0.198257,0.921169,51.6436,5.43263e-12,47756,0.887486,41.1981,1.06086e-12,38445,0.895553,0.876428,0.0878307,0.631141,0.996144,0.511517,0.22039,0.459803,0.228135,0.891603,87.9902,7.64954e-10,30733,0.967162,70.4477,9.04596e-11,52512
24,103,n1->n99->n97->n96->n14->n13->n11->n29->n50->n51,5.37021e+09|1.57108e+10|2.90604e+09|2.51165e+12|3.70261e+10|6.60497e+13|1.78735e+12|3.6336e+13|2.36425e+09|7.46708e+11,8.19724e+08|4.21389e+09|5.04144e+08|5.36324e+11|1.44234e+10|8.87204e+12|3.29521e+11|1.77292e+13|4.07889e+08|5.06847e+11,0.000494453|0.00089026|8.81202e-05|1.2987e-05|3.25754e-05|0.000787814|5.47786e-05|0.000125062|1.54283e-05|0.000185382,0.000316017|0.000350126|0.00494291|0.000286765|0.000181646|0.00788063|0.00652494|0.00231296|0.00907722|0.00344885,0.0109342|0.0362414|0.0381696|0.0377902|0.0426128|0.0476737|0.00125292|0.0255931|0.00638914|0.0365406,0.000178506|0.0472365|0.00800322|0.0195364|0.049061|0.00335145|0.0136412|0.00291922|0.0483596|0.0130093,0.973537|0.953794|0.90679|0.951762|0.906626|0.954869|0.988894|0.962742|0.910708|0.98883,4.63983|3.07459|1.41691|0.85792|0.762282|5.26639|0.923897|0.0327787|5.41755|4.04415,66.2586|94.4507|37.9513|54.7186|92.5451|13.9548|13.2112|37.0378|82.9474,0.180129|0.168303|0.246589|0.208433|0.191459|0.189728|0.219003|0.191256|0.24308,0.323551|0.263233|0.157157|0.448351|0.161307|0.801183|0.427028|0.182586|0.624607,0.869523,0.801463,0.117836,0.0993652,0.460468,0.534015,0.0732846,0.487967,0.198257,0.921169,51.6436,5.43263e-12,47756,0.887486,41.1981,1.06086e-12,38445,0.895553,0.876428,0.0878307,0.631141,0.996144,0.511517,0.22039,0.459803,0.228135,0.891603,87.9902,7.64954e-10,30733,0.967162,70.4477,9.04596e-11,52512
24,104,n1->n99->n98->n57->n74->n76->n30->n29->n50->n51,5.37021e+09|1.57108e+10|1.8266e+13|4.14288e+09|5.8385e+13|4.21804e+13|1.26395e+10|3.6336e+13|2.36425e+09|7.46708e+11,8.19724e+08|4.21389e+09|5.99087e+12|2.05006e+09|7.35096e+12|1.15782e+13|1.81012e+09|1.77292e+13|4.07889e+08|5.06847e+11,0.000494453|0.00089026|0.000410965|0.000173612|0.000875739|1.88608e-05|4.789e-05|0.000125062|1.54283e-05|0.000185382,0.000316017|0.000350126|0.000548485|0.00271581|0.00944671|0.00214239|0.00655588|0.00231296|0.00907722|0.00344885,0.0109342|0.0362414|0.0295222|0.0328142|0.0280357|0.00156873|0.00398508|0.0255931|0.00638914|0.0365406,0.000178506|0.0472365|0.0297366|0.0437642|0.0166219|0.0470058|0.0178703|0.00291922|0.0483596|0.0130093,0.973537|0.953794|0.959539|0.983348|0.90082|0.989289|0.972158|0.962742|0.910708|0.98883,4.63983|3.07459|2.95405|1.93323|0.0974208|0.578949|5.42296|0.0327787|5.41755|4.04415,66.2586|58.4557|98.2355|95.6836|53.1277|21.8454|29.3504|37.0378|82.9474,0.180129|0.227784|0.190047|0.169856|0.181342|0.220509|0.179657|0.191256|0.24308,0.323551|0.686264|0.757428|0.815246|0.519715|0.936019|0.887943|0.182586|0.624607,0.869523,0.801463,0.117836,0.0993652,0.460468,0.534015,0.0732846,0.487967,0.198257,0.921169,51.6436,5.43263e-12,47756,0.887486,41.1981,1.06086e-12,38445,0.895553,0.876428,0.0878307,0.631141,0.996144,0.511517,0.22039,0.459803,0.228135,0.891603,87.9902,7.64954e-10,30733,0.967162,70.4477,9.04596e-11,52512
24,105,n1->n13->n15->n63->n42->n40->n54->n53->n52->n51,5.37021e+09|6.60497e+13|8.77071e+11|6.55204e+12|2.42905e+09|3.58065e+10|2.80961e+11|4.60474e+10|1.02428e+10|7.46708e+11,8.19724e+08|8.87204e+12|1.06991e+11|2.63574e+12|2.47264e+08|4.14657e+09|2.23178e+11|3.18273e+10|2.07235e+09|5.06847e+11,0.000494453|0.000787814|0.000182949|0.000116235|8.79758e-05|6.01341e-05|1.47667e-05|2.00633e-05|0.00011644|0.000185382,0.000316017|0.00788063|0.00274771|0.00126856|0.000493531|0.00268841|0.00549128|0.000509085|0.00580301|0.00344885,0.0109342|0.0476737|0.0207315|0.0100727|0.00783732|0.0249103|0.0334079|5.21659e-05|0.0398377|0.0365406,0.000178506|0.00335145|0.0378122|0.0107197|0.0327962|0.033399|0.00844474|0.00115664|0.0151024|0.0130093,0.973537|0.954869|0.910795|0.903245|0.960936|0.920308|0.927525|0.913872|0.965406|0.98883,4.63983|5.26639|1.89272|4.68449|0.765875|2.50002|1.22009|0.640024|0.0104102|4.04415,79.8117|66.6304|11.0615|97.0433|77.6192|12.2677|75.3264|81.3721|83.3731,0.246796|0.179788|0.214255|0.211509|0.243521|0.248162|0.191357|0.184589|0.197114,0.338018|0.275394|0.692153|0.758395|0.14346|0.812759|0.567841|0.272111|0.942894,0.869523,0.801463,0.117836,0.0993652,0.460468,0.534015,0.0732846,0.487967,0.198257,0.921169,51.6436,5.43263e-12,47756,0.887486,41.1981,1.06086e-12,38445,0.895553,0.876428,0.0878307,0.631141,0.996144,0.511517,0.22039,0.459803,0.228135,0.891603,87.9902,7.64954e-10,30733,0.967162,70.4477,9.04596e-11,52512
24,106,n1->n99->n98->n57->n55->n56->n54->n53->n52->n51,5.37021e+09|1.57108e+10|1.8266e+13|4.14288e+09|8.84081e+12|1.1605e+12|2.80961e+11|4.60474e+10|1.02428e+10|7.46708e+11,8.19724e+08|4.21389e+09|5.99087e+12|2.05006e+09|4.69454e+12|5.65456e+11|2.23178e+11|3.18273e+10|2.07235e+09|5.06847e+11,0.000494453|0.00089026|0.000410965|0.000173612|4.06274e-05|1.7812e-05|1.47667e-05|2.00633e-05|0.00011644|0.000185382,0.000316017|0.000350126|0.000548485|0.00271581|0.000128431|0.000830638|0.00549128|0.000509085|0.00580301|0.00344885,0.0109342|0.0362414|0.0295222|0.0328142|0.00843704|0.0231698|0.0334079|5.21659e-05|0.0398377|0.0365406,0.000178506|0.0472365|0.0297366|0.0437642|0.0314938|0.0417641|0.00844474|0.00115664|0.0151024|0.0130093,0.973537|0.953794|0.959539|0.983348|0.908585|0.944528|0.927525|0.913872|0.965406|0.98883,4.63983|3.07459|2.95405|1.93323|3.37071|2.55597|1.22009|0.640024|0.0104102|4.04415,66.2586|58.4557|98.2355|61.5999|95.3312|42.6814|75.3264|81.3721|83.3731,0.180129|0.227784|0.190047|0.220389|0.167906|0.167734|0.191357|0.184589|0.197114,0.323551|0.686264|0.757428|0.549818|0.402595|0.927159|0.567841|0.272111|0.942894,0.869523,0.801463,0.117836,0.0993652,0.460468,0.534015,0.0732846,0.487967,0.198257,0.921169,51.6436,5.43263e-12,47756,0.887486,41.1981,1.06086e-12,38445,0.895553,0.876428,0.0878307,0.631141,0.996144,0.511517,0.22039,0.459803,0.228135,0.891603,87.9902,7.64954e-10,30733,0.967162,70.4477,9.04596e-11,52512
24,107,n1->n20->n96->n14->n75->n4->n27->n29->n50->n51,5.37021e+09|4.0293e+11|2.51165e+12|3.70261e+10|8.71921e+10|7.07339e+12|4.19351e+12|3.6336e+13|2.36425e+09|7.46708e+11,8.19724e+08|1.89646e+11|5.36324e+11|1.44234e+10|5.29113e+10|2.43435e+12|8.73344e+11|1.77292e+13|4.07889e+08|5.06847e+11,0.000494453|5.21063e-05|1.2987e-05|3.25754e-05|0.000766915|0.000113681|1.08528e-05|0.000125062|1.54283e-05|0.000185382,0.000316017|0.000368678|0.000286765|0.000181646|0.000203965|0.00198341|0.00262605|0.00231296|0.00907722|0.00344885,0.0109342|0.0108696|0.0377902|0.0426128|0.0243876|0.0350273|0.0303206|0.0255931|0.00638914|0.0365406,0.000178506|0.0181411|0.0195364|0.049061|0.0250863|0.0273051|0.0230682|0.00291922|0.0483596|0.0130093,0.973537|0.923215|0.951762|0.906626|0.936129|0.917619|0.985376|0.962742|0.910708|0.98883,4.63983|4.79469|0.85792|0.762282|3.39264|1.56082|4.5695|0.0327787|5.41755|4.04415,90.7492|58.7029|54.7186|56.2706|81.7362|52.1141|49.6282|37.0378|82.9474,0.215706|0.201188|0.208433|0.226178|0.218556|0.184605|0.180772|0.191256|0.24308,0.53635|0.666395|0.448351|0.725021|0.847503|0.200735|0.511755|0.182586|0.624607,0.869523,0.801463,0.117836,0.0993652,0.460468,0.534015,0.0732846,0.487967,0.198257,0.921169,51.6436,5.43263e-12,47756,0.887486,41.1981,1.06086e-12,38445,0.895553,0.876428,0.0878307,0.631141,0.996144,0.511517,0.22039,0.459803,0.228135,0.891603,87.9902,7.64954e-10,30733,0.967162,70.4477,9.04596e-11,52512
24,108,n1->n99->n77->n72->n71->n73->n54->n53->n52->n51,5.37021e+09|1.57108e+10|5.68112e+11|6.83442e+09|7.70008e+11|1.41706e+11|2.80961e+11|4.60474e+10|1.02428e+10|7.46708e+11,8.19724e+08|4.21389e+09|3.56307e+11|1.48353e+09|1.60546e+11|5.76853e+10|2.23178e+11|3.18273e+10|2.07235e+09|5.06847e+11,0.000494453|0.00089026|8.49487e-05|0.000159499|0.00017279|6.32916e-05|1.47667e-05|2.00633e-05|0.00011644|0.000185382,0.000316017|0.000350126|0.000906866|0.00384342|0.00123164|0.000807753|0.00549128|0.000509085|0.00580301|0.00344885,0.0109342|0.0362414|0.04851|0.0479977|0.0398828|0.0455502|0.0334079|5.21659e-05|0.0398377|0.0365406,0.000178506|0.0472365|0.0115254|0.0299903|0.0326729|0.028193|0.00844474|0.00115664|0.0151024|0.0130093,0.973537|0.953794|0.949999|0.96924|0.947193|0.909539|0.927525|0.913872|0.965406|0.98883,4.63983|3.07459|0.722366|3.90463|0.117525|3.29092|1.22009|0.640024|0.0104102|4.04415,66.2586|96.5216|92.3918|45.8448|28.2621|26.1465|75.3264|81.3721|83.3731,0.180129|0.241387|0.167022|0.218487|0.242769|0.196311|0.191357|0.184589|0.197114,0.323551|0.664018|0.776051|0.29317|0.940077|0.754315|0.567841|0.272111|0.942894,0.869523,0.801463,0.117836,0.0993652,0.460468,0.534015,0.0732846,0.487967,0.198257,0.921169,51.6436,5.43263e-12,47756,0.887486,41.1981,1.06086e-12,38445,0.895553,0.876428,0.0878307,0.631141,0.996144,0.511517,0.22039,0.459803,0.228135,0.891603,87.9902,7.64954e-10,30733,0.967162,70.4477,9.04596e-11,52512
24,109,n1->n99->n77->n23->n83->n57->n55->n53->n52->n51,5.37021e+09|1.57108e+10|5.68112e+11|4.63033e+10|3.76373e+13|4.14288e+09|8.84081e+12|4.60474e+10|1.02428e+10|7.46708e+11,8.19724e+08|4.21389e+09|3.56307e+11|3.30225e+10|2.34723e+13|2.05006e+09|4.69454e+12|3.18273e+10|2.07235e+09|5.06847e+11,0.000494453|0.00089026|8.49487e-05|0.000277161|1.86087e-05|0.000173612|4.06274e-05|2.00633e-05|0.00011644|0.000185382,0.000316017|0.000350126|0.000906866|0.00418014|0.000175452|0.00271581|0.000128431|0.000509085|0.00580301|0.00344885,0.0109342|0.0362414|0.04851|0.00314906|0.015405|0.0328142|0.00843704|5.21659e-05|0.0398377|0.0365406,0.000178506|0.0472365|0.0115254|0.0470385|0.038157|0.0437642|0.0314938|0.00115664|0.0151024|0.0130093,0.973537|0.953794|0.949999|0.92176|0.947801|0.983348|0.908585|0.913872|0.965406|0.98883,4.63983|3.07459|0.722366|2.08786|4.11052|1.93323|3.37071|0.640024|0.0104102|4.04415,66.2586|96.5216|39.0733|23.518|50.003|61.5999|30.3781|81.3721|83.3731,0.180129|0.241387|0.178948|0.181099|0.1911|0.220389|0.207992|0.184589|0.197114,0.323551|0.664018|0.23533|0.741177|0.161388|0.549818|0.646488|0.272111|0.942894,0.869523,0.801463,0.117836,0.0993652,0.460468,0.534015,0.0732846,0.487967,0.198257,0.921169,51.6436,5.43263e-12,47756,0.887486,41.1981,1.06086e-12,38445,0.895553,0.876428,0.0878307,0.631141,0.996144,0.511517,0.22039,0.459803,0.228135,0.891603,87.9902,7.64954e-10,30733,0.967162,70.4477,9.04596e-11,52512
24,110,n1->n99->n77->n93->n64->n49->n47->n48->n50->n51,5.37021e+09|1.57108e+10|5.68112e+11|4.22601e+13|4.21034e+09|2.45005e+09|4.74236e+11|3.98001e+12|2.36425e+09|7.46708e+11,8.19724e+08|4.21389e+09|3.56307e+11|1.3774e+13|1.60867e+09|2.44458e+09|1.54765e+11|1.69514e+12|4.07889e+08|5.06847e+11,0.000494453|0.00089026|8.49487e-05|8.45967e-05|1.88732e-05|1.07426e-05|0.000202873|4.78153e-05|1.54283e-05|0.000185382,0.000316017|0.000350126|0.000906866|0.000162335|0.000135861|0.000979027|0.000266598|0.00544009|0.00907722|0.00344885,0.0109342|0.0362414|0.04851|0.0108045|0.0266797|0.0183567|0.00898217|0.0455031|0.00638914|0.0365406,0.000178506|0.0472365|0.0115254|0.0326183|0.0436548|0.0388066|0.0488958|0.0360942|0.0483596|0.0130093,0.973537|0.953794|0.949999|0.912097|0.933821|0.969899|0.9108|0.967439|0.910708|0.98883,4.63983|3.07459|0.722366|5.92115|5.77568|3.94615|6.27947|3.09858|5.41755|4.04415,66.2586|96.5216|51.9256|32.5899|77.768|91.8261|78.8723|23.5956|82.9474,0.180129|0.241387|0.247077|0.178102|0.165457|0.228404|0.239998|0.191801|0.24308,0.323551|0.664018|0.469529|0.548301|0.348083|0.133861|0.300482|0.688345|0.624607,0.869523,0.801463,0.117836,0.0993652,0.460468,0.534015,0.0732846,0.487967,0.198257,0.921169,51.6436,5.43263e-12,47756,0.887486,41.1981,1.06086e-12,38445,0.895553,0.876428,0.0878307,0.631141,0.996144,0.511517,0.22039,0.459803,0.228135,0.891603,87.9902,7.64954e-10,30733,0.967162,70.4477,9.04596e-11,52512
24,111,n1->n20->n18->n16->n38->n39->n10->n63->n61->n51,5.37021e+09|4.0293e+11|7.59179e+12|1.09193e+13|1.16426e+13|3.34792e+13|2.49624e+09|6.55204e+12|6.44979e+11|7.46708e+11,8.19724e+08|1.89646e+11|4.11836e+12|1.33827e+12|1.19258e+12|1.12013e+13|7.32581e+08|2.63574e+12|1.30372e+11|5.06847e+11,0.000494453|5.21063e-05|2.98936e-05|3.71682e-05|1.04425e-05|5.53896e-05|6.27016e-05|0.000116235|3.71253e-05|0.000185382,0.000316017|0.000368678|0.000681499|0.00174713|0.00950649|0.0025393|0.00113469|0.00126856|0.00313588|0.00344885,0.0109342|0.0108696|0.0192976|0.0123696|0.0263713|0.00111942|0.00597815|0.0100727|0.0266048|0.0365406,0.000178506|0.0181411|0.0120519|0.0240438|0.00318517|0.0449458|0.0245713|0.0107197|0.0179693|0.0130093,0.973537|0.923215|0.946711|0.979533|0.902547|0.924329|0.962416|0.903245|0.958619|0.98883,4.63983|4.79469|4.38273|1.69436|5.09423|1.19952|1.97158|4.68449|2.63855|4.04415,90.7492|89.2299|72.2829|28.0546|52.0957|24.4191|65.1286|47.0482|66.5616,0.215706|0.247215|0.180241|0.17367|0.199024|0.239532|0.203746|0.167884|0.171721,0.53635|0.652252|0.553025|0.828443|0.46236|0.991722|0.514129|0.410418|0.235817,0.869523,0.801463,0.117836,0.0993652,0.460468,0.534015,0.0732846,0.487967,0.198257,0.921169,51.6436,5.43263e-12,47756,0.887486,41.1981,1.06086e-12,38445,0.895553,0.876428,0.0878307,0.631141,0.996144,0.511517,0.22039,0.459803,0.228135,0.891603,87.9902,7.64954e-10,30733,0.967162,70.4477,9.04596e-11,52512
24,112,n1->n20->n19->n17->n68->n58->n85->n65->n52->n51,5.37021e+09|4.0293e+11|2.47533e+11|1.51096e+11|1.31753e+09|8.16696e+09|2.02447e+09|1.12599e+09|1.02428e+10|7.46708e+11,8.19724e+08|1.89646e+11|2.33399e+11|1.57582e+10|3.10679e+08|6.89506e+09|2.41326e+08|3.2906e+08|2.07235e+09|5.06847e+11,0.000494453|5.21063e-05|0.000261527|0.000261059|0.000223952|0.000266735|2.04325e-05|1.96575e-05|0.00011644|0.000185382,0.000316017|0.000368678|0.000768065|0.000513001|0.00843573|0.00874893|0.000338175|0.000428116|0.00580301|0.00344885,0.0109342|0.0108696|0.0201979|0.0430027|0.0370095|0.0248478|0.0354515|0.00118659|0.0398377|0.0365406,0.000178506|0.0181411|0.0291803|0.00442808|0.00589983|0.0481122|0.0266209|0.00176737|0.0151024|0.0130093,0.973537|0.923215|0.941018|0.974312|0.984554|0.911658|0.940474|0.967717|0.965406|0.98883,4.63983|4.79469|1.39448|5.11322|5.26958|3.70937|4.91715|4.1126|0.0104102|4.04415,90.7492|86.2435|10.3361|23.9015|56.905|90.6886|82.5435|56.1703|83.3731,0.215706|0.182991|0.172286|0.236806|0.185169|0.194345|0.20461|0.247907|0.197114,0.53635|0.182796|0.559133|0.2818|0.476138|0.45102|0.519435|0.827328|0.942894,0.869523,0.801463,0.117836,0.0993652,0.460468,0.534015,0.0732846,0.487967,0.198257,0.921169,51.6436,5.43263e-12,47756,0.887486,41.1981,1.06086e-12,38445,0.895553,0.876428,0.0878307,0.631141,0.996144,0.511517,0.22039,0.459803,0.228135,0.891603,87.9902,7.64954e-10,30733,0.967162,70.4477,9.04596e-11,52512
24,113,n1->n20->n18->n70->n72->n45->n47->n48->n50->n51,5.37021e+09|4.0293e+11|7.59179e+12|6.87309e+13|6.83442e+09|8.38488e+13|4.74236e+11|3.98001e+12|2.36425e+09|7.46708e+11,8.19724e+08|1.89646e+11|4.11836e+12|9.78332e+12|1.48353e+09|1.01787e+13|1.54765e+11|1.69514e+12|4.07889e+08|5.06847e+11,0.000494453|5.21063e-05|2.98936e-05|5.13815e-05|0.000159499|1.67225e-05|0.000202873|4.78153e-05|1.54283e-05|0.000185382,0.000316017|0.000368678|0.000681499|0.00295865|0.00384342|0.000742576|0.000266598|0.00544009|0.00907722|0.00344885,0.0109342|0.0108696|0.0192976|0.0286141|0.0479977|0.00846218|0.00898217|0.0455031|0.00638914|0.0365406,0.000178506|0.0181411|0.0120519|0.0216638|0.0299903|0.0342415|0.0488958|0.0360942|0.0483596|0.0130093,0.973537|0.923215|0.946711|0.966653|0.96924|0.934264|0.9108|0.967439|0.910708|0.98883,4.63983|4.79469|4.38273|4.60778|3.90463|5.31688|6.27947|3.09858|5.41755|4.04415,90.7492|89.2299|55.8812|97.4405|63.1262|40.979|78.8723|23.5956|82.9474,0.215706|0.247215|0.234874|0.180102|0.243732|0.216949|0.239998|0.191801|0.24308,0.53635|0.652252|0.16843|0.79408|0.65643|0.317946|0.300482|0.688345|0.624607,0.869523,0.801463,0.117836,0.0993652,0.460468,0.534015,0.0732846,0.487967,0.198257,0.921169,51.6436,5.43263e-12,47756,0.887486,41.1981,1.06086e-12,38445,0.895553,0.876428,0.0878307,0.631141,0.996144,0.511517,0.22039,0.459803,0.228135,0.891603,87.9902,7.64954e-10,30733,0.967162,70.4477,9.04596e-11,52512
24,114,n1->n13->n11->n9->n10->n73->n54->n53->n52->n51,5.37021e+09|6.60497e+13|1.78735e+12|1.49139e+12|2.49624e+09|1.41706e+11|2.80961e+11|4.60474e+10|1.02428e+10|7.46708e+11,8.19724e+08|8.87204e+12|3.29521e+11|3.79906e+11|7.32581e+08|5.76853e+10|2.23178e+11|3.18273e+10|2.07235e+09|5.06847e+11,0.000494453|0.000787814|5.47786e-05|1.80008e-05|6.27016e-05|6.32916e-05|1.47667e-05|2.00633e-05|0.00011644|0.000185382,0.000316017|0.00788063|0.00652494|0.00065196|0.00113469|0.000807753|0.00549128|0.000509085|0.00580301|0.00344885,0.0109342|0.0476737|0.00125292|0.0140743|0.00597815|0.0455502|0.0334079|5.21659e-05|0.0398377|0.0365406,0.000178506|0.00335145|0.0136412|0.033904|0.0245713|0.028193|0.00844474|0.00115664|0.0151024|0.0130093,0.973537|0.954869|0.988894|0.963574|0.962416|0.909539|0.927525|0.913872|0.965406|0.98883,4.63983|5.26639|0.923897|5.88966|1.97158|3.29092|1.22009|0.640024|0.0104102|4.04415,79.8117|13.9548|99.0064|65.9961|29.3778|26.1465|75.3264|81.3721|83.3731,0.246796|0.189728|0.201409|0.193896|0.202302|0.196311|0.191357|0.184589|0.197114,0.338018|0.801183|0.439638|0.982181|0.747283|0.754315|0.567841|0.272111|0.942894,0.869523,0.801463,0.117836,0.0993652,0.460468,0.534015,0.0732846,0.487967,0.198257,0.921169,51.6436,5.43263e-12,47756,0.887486,41.1981,1.06086e-12,38445,0.895553,0.876428,0.0878307,0.631141,0.996144,0.511517,0.22039,0.459803,0.228135,0.891603,87.9902,7.64954e-10,30733,0.967162,70.4477,9.04596e-11,52512
24,115,n1->n20->n19->n68->n22->n21->n67->n64->n49->n51,5.37021e+09|4.0293e+11|2.47533e+11|1.31753e+09|1.47e+10|1.56161e+12|4.7483e+09|4.21034e+09|2.45005e+09|7.46708e+11,8.19724e+08|1.89646e+11|2.33399e+11|3.10679e+08|9.51029e+09|3.02345e+11|7.5553e+08|1.60867e+09|2.44458e+09|5.06847e+11,0.000494453|5.21063e-05|0.000261527|0.000223952|1.77434e-05|0.00096308|3.91885e-05|1.88732e-05|1.07426e-05|0.000185382,0.000316017|0.000368678|0.000768065|0.00843573|0.0006856|0.00195589|0.000640186|0.000135861|0.000979027|0.00344885,0.0109342|0.0108696|0.0201979|0.0370095|0.0408661|0.00712365|0.029632|0.0266797|0.0183567|0.0365406,0.000178506|0.0181411|0.0291803|0.00589983|0.040072|0.0414669|0.0482082|0.0436548|0.0388066|0.0130093,0.973537|0.923215|0.941018|0.984554|0.95984|0.971602|0.924883|0.933821|0.969899|0.98883,4.63983|4.79469|1.39448|5.26958|0.048646|3.14177|2.06342|5.77568|3.94615|4.04415,90.7492|86.2435|67.5745|15.3326|55.6995|42.5138|95.5844|77.768|10.4661,0.215706|0.182991|0.2055|0.236297|0.206062|0.197352|0.248978|0.165457|0.216931,0.53635|0.182796|0.968257|0.655447|0.677391|0.602799|0.480161|0.348083|0.516407,0.869523,0.801463,0.117836,0.0993652,0.460468,0.534015,0.0732846,0.487967,0.198257,0.921169,51.6436,5.43263e-12,47756,0.887486,41.1981,1.06086e-12,38445,0.895553,0.876428,0.0878307,0.631141,0.996144,0.511517,0.22039,0.459803,0.228135,0.891603,87.9902,7.64954e-10,30733,0.967162,70.4477,9.04596e-11,52512
24,116,n1->n13->n12->n14->n75->n76->n30->n29->n50->n51,5.37021e+09|6.60497e+13|9.70597e+10|3.70261e+10|8.71921e+10|4.21804e+13|1.26395e+10|3.6336e+13|2.36425e+09|7.46708e+11,8.19724e+08|8.87204e+12|2.76143e+10|1.44234e+10|5.29113e+10|1.15782e+13|1.81012e+09|1.77292e+13|4.07889e+08|5.06847e+11,0.000494453|0.000787814|0.000201974|3.25754e-05|0.000766915|1.88608e-05|4.789e-05|0.000125062|1.54283e-05|0.000185382,0.000316017|0.00788063|0.0016732|0.000181646|0.000203965|0.00214239|0.00655588|0.00231296|0.00907722|0.00344885,0.0109342|0.0476737|0.0313381|0.0426128|0.0243876|0.00156873|0.00398508|0.0255931|0.00638914|0.0365406,0.000178506|0.00335145|0.0470205|0.049061|0.0250863|0.0470058|0.0178703|0.00291922|0.0483596|0.0130093,0.973537|0.954869|0.937315|0.906626|0.936129|0.989289|0.972158|0.962742|0.910708|0.98883,4.63983|5.26639|3.07758|0.762282|3.39264|0.578949|5.42296|0.0327787|5.41755|4.04415,79.8117|56.34|51.9585|56.2706|63.5216|21.8454|29.3504|37.0378|82.9474,0.246796|0.206669|0.222459|0.226178|0.207806|0.220509|0.179657|0.191256|0.24308,0.338018|0.285239|0.326911|0.725021|0.844544|0.936019|0.887943|0.182586|0.624607,0.869523,0.801463,0.117836,0.0993652,0.460468,0.534015,0.0732846,0.487967,0.198257,0.921169,51.6436,5.43263e-12,47756,0.887486,41.1981,1.06086e-12,38445,0.895553,0.876428,0.0878307,0.631141,0.996144,0.511517,0.22039,0.459803,0.228135,0.891603,87.9902,7.64954e-10,30733,0.967162,70.4477,9.04596e-11,52512
24,117,n1->n13->n12->n8->n10->n39->n37->n65->n52->n51,5.37021e+09|6.60497e+13|9.70597e+10|4.61239e+13|2.49624e+09|3.34792e+13|2.79748e+13|1.12599e+09|1.02428e+10|7.46708e+11,8.19724e+08|8.87204e+12|2.76143e+10|1.04208e+13|7.32581e+08|1.12013e+13|4.96975e+12|3.2906e+08|2.07235e+09|5.06847e+11,0.000494453|0.000787814|0.000201974|6.6054e-05|6.27016e-05|5.53896e-05|1.06248e-05|1.96575e-05|0.00011644|0.000185382,0.000316017|0.00788063|0.0016732|0.00522046|0.00113469|0.0025393|0.000261291|0.000428116|0.00580301|0.00344885,0.0109342|0.0476737|0.0313381|0.0318744|0.00597815|0.00111942|0.0457563|0.00118659|0.0398377|0.0365406,0.000178506|0.00335145|0.0470205|0.0483133|0.0245713|0.0449458|0.0105712|0.00176737|0.0151024|0.0130093,0.973537|0.954869|0.937315|0.975256|0.962416|0.924329|0.964079|0.967717|0.965406|0.98883,4.63983|5.26639|3.07758|3.22282|1.97158|1.19952|4.96174|4.1126|0.0104102|4.04415,79.8117|56.34|81.3396|99.595|24.4191|31.554|13.4252|56.1703|83.3731,0.246796|0.206669|0.186476|0.184434|0.239532|0.195005|0.230756|0.247907|0.197114,0.338018|0.285239|0.379326|0.703378|0.991722|0.711047|0.986996|0.827328|0.942894,0.869523,0.801463,0.117836,0.0993652,0.460468,0.534015,0.0732846,0.487967,0.198257,0.921169,51.6436,5.43263e-12,47756,0.887486,41.1981,1.06086e-12,38445,0.895553,0.876428,0.0878307,0.631141,0.996144,0.511517,0.22039,0.459803,0.228135,0.891603,87.9902,7.64954e-10,30733,0.967162,70.4477,9.04596e-11,52512
24,118,n1->n20->n21->n67->n64->n49->n47->n48->n50->n51,5.37021e+09|4.0293e+11|1.56161e+12|4.7483e+09|4.21034e+09|2.45005e+09|4.74236e+11|3.98001e+12|2.36425e+09|7.46708e+11,8.19724e+08|1.89646e+11|3.02345e+11|7.5553e+08|1.60867e+09|2.44458e+09|1.54765e+11|1.69514e+12|4.07889e+08|5.06847e+11,0.000494453|5.21063e-05|0.00096308|3.91885e-05|1.88732e-05|1.07426e-05|0.000202873|4.78153e-05|1.54283e-05|0.000185382,0.000316017|0.000368678|0.00195589|0.000640186|0.000135861|0.000979027|0.000266598|0.00544009|0.00907722|0.00344885,0.0109342|0.0108696|0.00712365|0.029632|0.0266797|0.0183567|0.00898217|0.0455031|0.00638914|0.0365406,0.000178506|0.0181411|0.0414669|0.0482082|0.0436548|0.0388066|0.0488958|0.0360942|0.0483596|0.0130093,0.973537|0.923215|0.971602|0.924883|0.933821|0.969899|0.9108|0.967439|0.910708|0.98883,4.63983|4.79469|3.14177|2.06342|5.77568|3.94615|6.27947|3.09858|5.41755|4.04415,90.7492|76.7594|42.5138|95.5844|77.768|91.8261|78.8723|23.5956|82.9474,0.215706|0.218425|0.197352|0.248978|0.165457|0.228404|0.239998|0.191801|0.24308,0.53635|0.515127|0.602799|0.480161|0.348083|0.133861|0.300482|0.688345|0.624607,0.869523,0.801463,0.117836,0.0993652,0.460468,0.534015,0.0732846,0.487967,0.198257,0.921169,51.6436,5.43263e-12,47756,0.887486,41.1981,1.06086e-12,38445,0.895553,0.876428,0.0878307,0.631141,0.996144,0.511517,0.22039,0.459803,0.228135,0.891603,87.9902,7.64954e-10,30733,0.967162,70.4477,9.04596e-11,52512
24,119,n1->n13->n12->n8->n10->n9->n11->n29->n50->n51,5.37021e+09|6.60497e+13|9.70597e+10|4.61239e+13|2.49624e+09|1.49139e+12|1.78735e+12|3.6336e+13|2.36425e+09|7.46708e+11,8.19724e+08|8.87204e+12|2.76143e+10|1.04208e+13|7.32581e+08|3.79906e+11|3.29521e+11|1.77292e+13|4.07889e+08|5.06847e+11,0.000494453|0.000787814|0.000201974|6.6054e-05|6.27016e-05|1.80008e-05|5.47786e-05|0.000125062|1.54283e-05|0.000185382,0.000316017|0.00788063|0.0016732|0.00522046|0.00113469|0.00065196|0.00652494|0.00231296|0.00907722|0.00344885,0.0109342|0.0476737|0.0313381|0.0318744|0.00597815|0.0140743|0.00125292|0.0255931|0.00638914|0.0365406,0.000178506|0.00335145|0.0470205|0.0483133|0.0245713|0.033904|0.0136412|0.00291922|0.0483596|0.0130093,0.973537|0.954869|0.937315|0.975256|0.962416|0.963574|0.988894|0.962742|0.910708|0.98883,4.63983|5.26639|3.07758|3.22282|1.97158|5.88966|0.923897|0.0327787|5.41755|4.04415,79.8117|56.34|81.3396|99.595|65.9961|99.0064|13.2112|37.0378|82.9474,0.246796|0.206669|0.186476|0.184434|0.193896|0.201409|0.219003|0.191256|0.24308,0.338018|0.285239|0.379326|0.703378|0.982181|0.439638|0.427028|0.182586|0.624607,0.869523,0.801463,0.117836,0.0993652,0.460468,0.534015,0.0732846,0.487967,0.198257,0.921169,51.6436,5.43263e-12,47756,0.887486,41.1981,1.06086e-12,38445,0.895553,0.876428,0.0878307,0.631141,0.996144,0.511517,0.22039,0.459803,0.228135,0.891603,87.9902,7.64954e-10,30733,0.967162,70.4477,9.04596e-11,52512
24,120,n1->n20->n18->n70->n72->n73->n10->n63->n61->n51,5.37021e+09|4.0293e+11|7.59179e+12|6.87309e+13|6.83442e+09|1.41706e+11|2.49624e+09|6.55204e+12|6.44979e+11|7.46708e+11,8.19724e+08|1.89646e+11|4.11836e+12|9.78332e+12|1.48353e+09|5.76853e+10|7.32581e+08|2.63574e+12|1.30372e+11|5.06847e+11,0.000494453|5.21063e-05|2.98936e-05|5.13815e-05|0.000159499|6.32916e-05|6.27016e-05|0.000116235|3.71253e-05|0.000185382,0.000316017|0.000368678|0.000681499|0.00295865|0.00384342|0.000807753|0.00113469|0.00126856|0.00313588|0.00344885,0.0109342|0.0108696|0.0192976|0.0286141|0.0479977|0.0455502|0.00597815|0.0100727|0.0266048|0.0365406,0.000178506|0.0181411|0.0120519|0.0216638|0.0299903|0.028193|0.0245713|0.0107197|0.0179693|0.0130093,0.973537|0.923215|0.946711|0.966653|0.96924|0.909539|0.962416|0.903245|0.958619|0.98883,4.63983|4.79469|4.38273|4.60778|3.90463|3.29092|1.97158|4.68449|2.63855|4.04415,90.7492|89.2299|55.8812|97.4405|29.1617|29.3778|65.1286|47.0482|66.5616,0.215706|0.247215|0.234874|0.180102|0.178937|0.202302|0.203746|0.167884|0.171721,0.53635|0.652252|0.16843|0.79408|0.920295|0.747283|0.514129|0.410418|0.235817,0.869523,0.801463,0.117836,0.0993652,0.460468,0.534015,0.0732846,0.487967,0.198257,0.921169,51.6436,5.43263e-12,47756,0.887486,41.1981,1.06086e-12,38445,0.895553,0.876428,0.0878307,0.631141,0.996144,0.511517,0.22039,0.459803,0.228135,0.891603,87.9902,7.64954e-10,30733,0.967162,70.4477,9.04596e-11,52512
24,121,n1->n13->n12->n6->n33->n31->n29->n27->n52->n51,5.37021e+09|6.60497e+13|9.70597e+10|1.14208e+09|3.64323e+13|4.79342e+12|3.6336e+13|4.19351e+12|1.02428e+10|7.46708e+11,8.19724e+08|8.87204e+12|2.76143e+10|2.20459e+08|6.32377e+12|4.42443e+12|1.77292e+13|8.73344e+11|2.07235e+09|5.06847e+11,0.000494453|0.000787814|0.000201974|1.08483e-05|1.50316e-05|0.00024651|0.000125062|1.08528e-05|0.00011644|0.000185382,0.000316017|0.00788063|0.0016732|0.00010157|0.00213059|0.00308746|0.00231296|0.00262605|0.00580301|0.00344885,0.0109342|0.0476737|0.0313381|0.00160082|0.00968695|0.0211034|0.0255931|0.0303206|0.0398377|0.0365406,0.000178506|0.00335145|0.0470205|0.0260762|0.0280967|0.0151027|0.00291922|0.0230682|0.0151024|0.0130093,0.973537|0.954869|0.937315|0.908628|0.923653|0.943878|0.962742|0.985376|0.965406|0.98883,4.63983|5.26639|3.07758|5.01633|1.04264|4.82496|0.0327787|4.5695|0.0104102|4.04415,79.8117|56.34|32.9383|50.0569|95.0453|70.4589|49.6282|46.2248|83.3731,0.246796|0.206669|0.230728|0.19306|0.234751|0.246199|0.180772|0.183493|0.197114,0.338018|0.285239|0.628307|0.116472|0.258586|0.415176|0.511755|0.657987|0.942894,0.869523,0.801463,0.117836,0.0993652,0.460468,0.534015,0.0732846,0.487967,0.198257,0.921169,51.6436,5.43263e-12,47756,0.887486,41.1981,1.06086e-12,38445,0.895553,0.876428,0.0878307,0.631141,0.996144,0.511517,0.22039,0.459803,0.228135,0.891603,87.9902,7.64954e-10,30733,0.967162,70.4477,9.04596e-11,52512
24,122,n1->n20->n96->n97->n99->n77->n93->n92->n94->n51,5.37021e+09|4.0293e+11|2.51165e+12|2.90604e+09|1.57108e+10|5.68112e+11|4.22601e+13|1.97334e+09|1.36531e+10|7.46708e+11,8.19724e+08|1.89646e+11|5.36324e+11|5.04144e+08|4.21389e+09|3.56307e+11|1.3774e+13|1.46451e+09|1.67171e+09|5.06847e+11,0.000494453|5.21063e-05|1.2987e-05|8.81202e-05|0.00089026|8.49487e-05|8.45967e-05|2.75832e-05|2.95455e-05|0.000185382,0.000316017|0.000368678|0.000286765|0.00494291|0.000350126|0.000906866|0.000162335|0.0052688|0.000125263|0.00344885,0.0109342|0.0108696|0.0377902|0.0381696|0.0362414|0.04851|0.0108045|0.0444618|0.00830448|0.0365406,0.000178506|0.0181411|0.0195364|0.00800322|0.0472365|0.0115254|0.0326183|0.0387741|0.0293842|0.0130093,0.973537|0.923215|0.951762|0.90679|0.953794|0.949999|0.912097|0.987763|0.927471|0.98883,4.63983|4.79469|0.85792|1.41691|3.07459|0.722366|5.92115|6.03913|5.03384|4.04415,90.7492|58.7029|37.9513|94.4507|96.5216|51.9256|61.035|13.5087|11.2844,0.215706|0.201188|0.246589|0.168303|0.241387|0.247077|0.21409|0.230182|0.200895,0.53635|0.666395|0.157157|0.263233|0.664018|0.469529|0.722832|0.731663|0.836539,0.869523,0.801463,0.117836,0.0993652,0.460468,0.534015,0.0732846,0.487967,0.198257,0.921169,51.6436,5.43263e-12,47756,0.887486,41.1981,1.06086e-12,38445,0.895553,0.876428,0.0878307,0.631141,0.996144,0.511517,0.22039,0.459803,0.228135,0.891603,87.9902,7.64954e-10,30733,0.967162,70.4477,9.04596e-11,52512
24,123,n1->n13->n14->n75->n71->n73->n10->n63->n61->n51,5.37021e+09|6.60497e+13|3.70261e+10|8.71921e+10|7.70008e+11|1.41706e+11|2.49624e+09|6.55204e+12|6.44979e+11|7.46708e+11,8.19724e+08|8.87204e+12|1.44234e+10|5.29113e+10|1.60546e+11|5.76853e+10|7.32581e+08|2.63574e+12|1.30372e+11|5.06847e+11,0.000494453|0.000787814|3.25754e-05|0.000766915|0.00017279|6.32916e-05|6.27016e-05|0.000116235|3.71253e-05|0.000185382,0.000316017|0.00788063|0.000181646|0.000203965|0.00123164|0.000807753|0.00113469|0.00126856|0.00313588|0.00344885,0.0109342|0.0476737|0.0426128|0.0243876|0.0398828|0.0455502|0.00597815|0.0100727|0.0266048|0.0365406,0.000178506|0.00335145|0.049061|0.0250863|0.0326729|0.028193|0.0245713|0.0107197|0.0179693|0.0130093,0.973537|0.954869|0.906626|0.936129|0.947193|0.909539|0.962416|0.903245|0.958619|0.98883,4.63983|5.26639|0.762282|3.39264|0.117525|3.29092|1.97158|4.68449|2.63855|4.04415,79.8117|92.5451|56.2706|14.5634|28.2621|29.3778|65.1286|47.0482|66.5616,0.246796|0.191459|0.226178|0.169453|0.242769|0.202302|0.203746|0.167884|0.171721,0.338018|0.161307|0.725021|0.275247|0.940077|0.747283|0.514129|0.410418|0.235817,0.869523,0.801463,0.117836,0.0993652,0.460468,0.534015,0.0732846,0.487967,0.198257,0.921169,51.6436,5.43263e-12,47756,0.887486,41.1981,1.06086e-12,38445,0.895553,0.876428,0.0878307,0.631141,0.996144,0.511517,0.22039,0.459803,0.228135,0.891603,87.9902,7.64954e-10,30733,0.967162,70.4477,9.04596e-11,52512
24,124,n1->n99->n98->n57->n83->n85->n65->n64->n49->n51,5.37021e+09|1.57108e+10|1.8266e+13|4.14288e+09|3.76373e+13|2.02447e+09|1.12599e+09|4.21034e+09|2.45005e+09|7.46708e+11,8.19724e+08|4.21389e+09|5.99087e+12|2.05006e+09|2.34723e+13|2.41326e+08|3.2906e+08|1.60867e+09|2.44458e+09|5.06847e+11,0.000494453|0.00089026|0.000410965|0.000173612|1.86087e-05|2.04325e-05|1.96575e-05|1.88732e-05|1.07426e-05|0.000185382,0.000316017|0.000350126|0.000548485|0.00271581|0.000175452|0.000338175|0.000428116|0.000135861|0.000979027|0.00344885,0.0109342|0.0362414|0.0295222|0.0328142|0.015405|0.0354515|0.00118659|0.0266797|0.0183567|0.0365406,0.000178506|0.0472365|0.0297366|0.0437642|0.038157|0.0266209|0.00176737|0.0436548|0.0388066|0.0130093,0.973537|0.953794|0.959539|0.983348|0.947801|0.940474|0.967717|0.933821|0.969899|0.98883,4.63983|3.07459|2.95405|1.93323|4.11052|4.91715|4.1126|5.77568|3.94615|4.04415,66.2586|58.4557|98.2355|50.003|92.2019|82.5435|56.7563|77.768|10.4661,0.180129|0.227784|0.190047|0.1911|0.231254|0.20461|0.186349|0.165457|0.216931,0.323551|0.686264|0.757428|0.161388|0.604504|0.519435|0.927837|0.348083|0.516407,0.869523,0.801463,0.117836,0.0993652,0.460468,0.534015,0.0732846,0.487967,0.198257,0.921169,51.6436,5.43263e-12,47756,0.887486,41.1981,1.06086e-12,38445,0.895553,0.876428,0.0878307,0.631141,0.996144,0.511517,0.22039,0.459803,0.228135,0.891603,87.9902,7.64954e-10,30733,0.967162,70.4477,9.04596e-11,52512
24,125,n1->n20->n18->n16->n38->n36->n64->n93->n94->n51,5.37021e+09|4.0293e+11|7.59179e+12|1.09193e+13|1.16426e+13|7.73972e+11|4.21034e+09|4.22601e+13|1.36531e+10|7.46708e+11,8.19724e+08|1.89646e+11|4.11836e+12|1.33827e+12|1.19258e+12|7.77593e+10|1.60867e+09|1.3774e+13|1.67171e+09|5.06847e+11,0.000494453|5.21063e-05|2.98936e-05|3.71682e-05|1.04425e-05|0.000426407|1.88732e-05|8.45967e-05|2.95455e-05|0.000185382,0.000316017|0.000368678|0.000681499|0.00174713|0.00950649|0.00396778|0.000135861|0.000162335|0.000125263|0.00344885,0.0109342|0.0108696|0.0192976|0.0123696|0.0263713|0.00497013|0.0266797|0.0108045|0.00830448|0.0365406,0.000178506|0.0181411|0.0120519|0.0240438|0.00318517|0.0341912|0.0436548|0.0326183|0.0293842|0.0130093,0.973537|0.923215|0.946711|0.979533|0.902547|0.94998|0.933821|0.912097|0.927471|0.98883,4.63983|4.79469|4.38273|1.69436|5.09423|3.70656|5.77568|5.92115|5.03384|4.04415,90.7492|89.2299|72.2829|28.0546|61.2725|43.8659|32.5899|63.1349|11.2844,0.215706|0.247215|0.180241|0.17367|0.204351|0.241695|0.178102|0.209804|0.200895,0.53635|0.652252|0.553025|0.828443|0.413834|0.590576|0.548301|0.17375|0.836539,0.869523,0.801463,0.117836,0.0993652,0.460468,0.534015,0.0732846,0.487967,0.198257,0.921169,51.6436,5.43263e-12,47756,0.887486,41.1981,1.06086e-12,38445,0.895553,0.876428,0.0878307,0.631141,0.996144,0.511517,0.22039,0.459803,0.228135,0.891603,87.9902,7.64954e-10,30733,0.967162,70.4477,9.04596e-11,52512
24,126,n1->n99->n98->n57->n74->n35->n31->n29->n50->n51,5.37021e+09|1.57108e+10|1.8266e+13|4.14288e+09|5.8385e+13|5.77859e+11|4.79342e+12|3.6336e+13|2.36425e+09|7.46708e+11,8.19724e+08|4.21389e+09|5.99087e+12|2.05006e+09|7.35096e+12|4.88834e+11|4.42443e+12|1.77292e+13|4.07889e+08|5.06847e+11,0.000494453|0.00089026|0.000410965|0.000173612|0.000875739|0.000412952|0.00024651|0.000125062|1.54283e-05|0.000185382,0.000316017|0.000350126|0.000548485|0.00271581|0.00944671|0.00138752|0.00308746|0.00231296|0.00907722|0.00344885,0.0109342|0.0362414|0.0295222|0.0328142|0.0280357|0.00215298|0.0211034|0.0255931|0.00638914|0.0365406,0.000178506|0.0472365|0.0297366|0.0437642|0.0166219|0.0375959|0.0151027|0.00291922|0.0483596|0.0130093,0.973537|0.953794|0.959539|0.983348|0.90082|0.952159|0.943878|0.962742|0.910708|0.98883,4.63983|3.07459|2.95405|1.93323|0.0974208|5.24666|4.82496|0.0327787|5.41755|4.04415,66.2586|58.4557|98.2355|95.6836|67.7415|91.3525|70.4589|37.0378|82.9474,0.180129|0.227784|0.190047|0.169856|0.161632|0.243038|0.246199|0.191256|0.24308,0.323551|0.686264|0.757428|0.815246|0.301798|0.658826|0.415176|0.182586|0.624607,0.869523,0.801463,0.117836,0.0993652,0.460468,0.534015,0.0732846,0.487967,0.198257,0.921169,51.6436,5.43263e-12,47756,0.887486,41.1981,1.06086e-12,38445,0.895553,0.876428,0.0878307,0.631141,0.996144,0.511517,0.22039,0.459803,0.228135,0.891603,87.9902,7.64954e-10,30733,0.967162,70.4477,9.04596e-11,52512
24,127,n1->n99->n77->n72->n71->n75->n4->n27->n52->n51,5.37021e+09|1.57108e+10|5.68112e+11|6.83442e+09|7.70008e+11|8.71921e+10|7.07339e+12|4.19351e+12|1.02428e+10|7.46708e+11,8.19724e+08|4.21389e+09|3.56307e+11|1.48353e+09|1.60546e+11|5.29113e+10|2.43435e+12|8.73344e+11|2.07235e+09|5.06847e+11,0.000494453|0.00089026|8.49487e-05|0.000159499|0.00017279|0.000766915|0.000113681|1.08528e-05|0.00011644|0.000185382,0.000316017|0.000350126|0.000906866|0.00384342|0.00123164|0.000203965|0.00198341|0.00262605|0.00580301|0.00344885,0.0109342|0.0362414|0.04851|0.0479977|0.0398828|0.0243876|0.0350273|0.0303206|0.0398377|0.0365406,0.000178506|0.0472365|0.0115254|0.0299903|0.0326729|0.0250863|0.0273051|0.0230682|0.0151024|0.0130093,0.973537|0.953794|0.949999|0.96924|0.947193|0.936129|0.917619|0.985376|0.965406|0.98883,4.63983|3.07459|0.722366|3.90463|0.117525|3.39264|1.56082|4.5695|0.0104102|4.04415,66.2586|96.5216|92.3918|45.8448|14.5634|81.7362|52.1141|46.2248|83.3731,0.180129|0.241387|0.167022|0.218487|0.169453|0.218556|0.184605|0.183493|0.197114,0.323551|0.664018|0.776051|0.29317|0.275247|0.847503|0.200735|0.657987|0.942894,0.869523,0.801463,0.117836,0.0993652,0.460468,0.534015,0.0732846,0.487967,0.198257,0.921169,51.6436,5.43263e-12,47756,0.887486,41.1981,1.06086e-12,38445,0.895553,0.876428,0.0878307,0.631141,0.996144,0.511517,0.22039,0.459803,0.228135,0.891603,87.9902,7.64954e-10,30733,0.967162,70.4477,9.04596e-11,52512
24,128,n1->n20->n18->n19->n17->n85->n58->n59->n50->n51,5.37021e+09|4.0293e+11|7.59179e+12|2.47533e+11|1.51096e+11|2.02447e+09|8.16696e+09|3.04563e+11|2.36425e+09|7.46708e+11,8.19724e+08|1.89646e+11|4.11836e+12|2.33399e+11|1.57582e+10|2.41326e+08|6.89506e+09|3.06423e+10|4.07889e+08|5.06847e+11,0.000494453|5.21063e-05|2.98936e-05|0.000261527|0.000261059|2.04325e-05|0.000266735|2.43107e-05|1.54283e-05|0.000185382,0.000316017|0.000368678|0.000681499|0.000768065|0.000513001|0.000338175|0.00874893|0.000202742|0.00907722|0.00344885,0.0109342|0.0108696|0.0192976|0.0201979|0.0430027|0.0354515|0.0248478|0.00304046|0.00638914|0.0365406,0.000178506|0.0181411|0.0120519|0.0291803|0.00442808|0.0266209|0.0481122|0.0474075|0.0483596|0.0130093,0.973537|0.923215|0.946711|0.941018|0.974312|0.940474|0.911658|0.99171|0.910708|0.98883,4.63983|4.79469|4.38273|1.39448|5.11322|4.91715|3.70937|5.60303|5.41755|4.04415,90.7492|89.2299|34.0839|10.3361|84.7043|90.6886|56.397|47.7013|82.9474,0.215706|0.247215|0.248409|0.172286|0.225161|0.194345|0.21902|0.170229|0.24308,0.53635|0.652252|0.983209|0.559133|0.880608|0.45102|0.533324|0.776444|0.624607,0.869523,0.801463,0.117836,0.0993652,0.460468,0.534015,0.0732846,0.487967,0.198257,0.921169,51.6436,5.43263e-12,47756,0.887486,41.1981,1.06086e-12,38445,0.895553,0.876428,0.0878307,0.631141,0.996144,0.511517,0.22039,0.459803,0.228135,0.891603,87.9902,7.64954e-10,30733,0.967162,70.4477,9.04596e-11,52512
24,129,n1->n20->n18->n19->n17->n68->n58->n59->n50->n51,5.37021e+09|4.0293e+11|7.59179e+12|2.47533e+11|1.51096e+11|1.31753e+09|8.16696e+09|3.04563e+11|2.36425e+09|7.46708e+11,8.19724e+08|1.89646e+11|4.11836e+12|2.33399e+11|1.57582e+10|3.10679e+08|6.89506e+09|3.06423e+10|4.07889e+08|5.06847e+11,0.000494453|5.21063e-05|2.98936e-05|0.000261527|0.000261059|0.000223952|0.000266735|2.43107e-05|1.54283e-05|0.000185382,0.000316017|0.000368678|0.000681499|0.000768065|0.000513001|0.00843573|0.00874893|0.000202742|0.00907722|0.00344885,0.0109342|0.0108696|0.0192976|0.0201979|0.0430027|0.0370095|0.0248478|0.00304046|0.00638914|0.0365406,0.000178506|0.0181411|0.0120519|0.0291803|0.00442808|0.00589983|0.0481122|0.0474075|0.0483596|0.0130093,0.973537|0.923215|0.946711|0.941018|0.974312|0.984554|0.911658|0.99171|0.910708|0.98883,4.63983|4.79469|4.38273|1.39448|5.11322|5.26958|3.70937|5.60303|5.41755|4.04415,90.7492|89.2299|34.0839|10.3361|23.9015|56.905|56.397|47.7013|82.9474,0.215706|0.247215|0.248409|0.172286|0.236806|0.185169|0.21902|0.170229|0.24308,0.53635|0.652252|0.983209|0.559133|0.2818|0.476138|0.533324|0.776444|0.624607,0.869523,0.801463,0.117836,0.0993652,0.460468,0.534015,0.0732846,0.487967,0.198257,0.921169,51.6436,5.43263e-12,47756,0.887486,41.1981,1.06086e-12,38445,0.895553,0.876428,0.0878307,0.631141,0.996144,0.511517,0.22039,0.459803,0.228135,0.891603,87.9902,7.64954e-10,30733,0.967162,70.4477,9.04596e-11,52512
24,130,n1->n20->n96->n14->n13->n15->n29->n27->n52->n51,5.37021e+09|4.0293e+11|2.51165e+12|3.70261e+10|6.60497e+13|8.77071e+11|3.6336e+13|4.19351e+12|1.02428e+10|7.46708e+11,8.19724e+08|1.89646e+11|5.36324e+11|1.44234e+10|8.87204e+12|1.06991e+11|1.77292e+13|8.73344e+11|2.07235e+09|5.06847e+11,0.000494453|5.21063e-05|1.2987e-05|3.25754e-05|0.000787814|0.000182949|0.000125062|1.08528e-05|0.00011644|0.000185382,0.000316017|0.000368678|0.000286765|0.000181646|0.00788063|0.00274771|0.00231296|0.00262605|0.00580301|0.00344885,0.0109342|0.0108696|0.0377902|0.0426128|0.0476737|0.0207315|0.0255931|0.0303206|0.0398377|0.0365406,0.000178506|0.0181411|0.0195364|0.049061|0.00335145|0.0378122|0.00291922|0.0230682|0.0151024|0.0130093,0.973537|0.923215|0.951762|0.906626|0.954869|0.910795|0.962742|0.985376|0.965406|0.98883,4.63983|4.79469|0.85792|0.762282|5.26639|1.89272|0.0327787|4.5695|0.0104102|4.04415,90.7492|58.7029|54.7186|92.5451|66.6304|32.2763|49.6282|46.2248|83.3731,0.215706|0.201188|0.208433|0.191459|0.179788|0.240047|0.180772|0.183493|0.197114,0.53635|0.666395|0.448351|0.161307|0.275394|0.895675|0.511755|0.657987|0.942894,0.869523,0.801463,0.117836,0.0993652,0.460468,0.534015,0.0732846,0.487967,0.198257,0.921169,51.6436,5.43263e-12,47756,0.887486,41.1981,1.06086e-12,38445,0.895553,0.876428,0.0878307,0.631141,0.996144,0.511517,0.22039,0.459803,0.228135,0.891603,87.9902,7.64954e-10,30733,0.967162,70.4477,9.04596e-11,52512
24,131,n1->n13->n15->n29->n11->n9->n10->n63->n61->n51,5.37021e+09|6.60497e+13|8.77071e+11|3.6336e+13|1.78735e+12|1.49139e+12|2.49624e+09|6.55204e+12|6.44979e+11|7.46708e+11,8.19724e+08|8.87204e+12|1.06991e+11|1.77292e+13|3.29521e+11|3.79906e+11|7.32581e+08|2.63574e+12|1.30372e+11|5.06847e+11,0.000494453|0.000787814|0.000182949|0.000125062|5.47786e-05|1.80008e-05|6.27016e-05|0.000116235|3.71253e-05|0.000185382,0.000316017|0.00788063|0.00274771|0.00231296|0.00652494|0.00065196|0.00113469|0.00126856|0.00313588|0.00344885,0.0109342|0.0476737|0.0207315|0.0255931|0.00125292|0.0140743|0.00597815|0.0100727|0.0266048|0.0365406,0.000178506|0.00335145|0.0378122|0.00291922|0.0136412|0.033904|0.0245713|0.0107197|0.0179693|0.0130093,0.973537|0.954869|0.910795|0.962742|0.988894|0.963574|0.962416|0.903245|0.958619|0.98883,4.63983|5.26639|1.89272|0.0327787|0.923897|5.88966|1.97158|4.68449|2.63855|4.04415,79.8117|66.6304|32.2763|13.2112|99.0064|65.9961|65.1286|47.0482|66.5616,0.246796|0.179788|0.240047|0.219003|0.201409|0.193896|0.203746|0.167884|0.171721,0.338018|0.275394|0.895675|0.427028|0.439638|0.982181|0.514129|0.410418|0.235817,0.869523,0.801463,0.117836,0.0993652,0.460468,0.534015,0.0732846,0.487967,0.198257,0.921169,51.6436,5.43263e-12,47756,0.887486,41.1981,1.06086e-12,38445,0.895553,0.876428,0.0878307,0.631141,0.996144,0.511517,0.22039,0.459803,0.228135,0.891603,87.9902,7.64954e-10,30733,0.967162,70.4477,9.04596e-11,52512
24,132,n1->n13->n12->n6->n33->n32->n30->n29->n50->n51,5.37021e+09|6.60497e+13|9.70597e+10|1.14208e+09|3.64323e+13|1.78367e+12|1.26395e+10|3.6336e+13|2.36425e+09|7.46708e+11,8.19724e+08|8.87204e+12|2.76143e+10|2.20459e+08|6.32377e+12|1.05491e+12|1.81012e+09|1.77292e+13|4.07889e+08|5.06847e+11,0.000494453|0.000787814|0.000201974|1.08483e-05|1.50316e-05|0.000179959|4.789e-05|0.000125062|1.54283e-05|0.000185382,0.000316017|0.00788063|0.0016732|0.00010157|0.00213059|0.00292552|0.00655588|0.00231296|0.00907722|0.00344885,0.0109342|0.0476737|0.0313381|0.00160082|0.00968695|0.00778345|0.00398508|0.0255931|0.00638914|0.0365406,0.000178506|0.00335145|0.0470205|0.0260762|0.0280967|0.0161829|0.0178703|0.00291922|0.0483596|0.0130093,0.973537|0.954869|0.937315|0.908628|0.923653|0.953313|0.972158|0.962742|0.910708|0.98883,4.63983|5.26639|3.07758|5.01633|1.04264|0.10397|5.42296|0.0327787|5.41755|4.04415,79.8117|56.34|32.9383|50.0569|61.2747|69.5993|29.3504|37.0378|82.9474,0.246796|0.206669|0.230728|0.19306|0.208144|0.204659|0.179657|0.191256|0.24308,0.338018|0.285239|0.628307|0.116472|0.704271|0.237533|0.887943|0.182586|0.624607,0.869523,0.801463,0.117836,0.0993652,0.460468,0.534015,0.0732846,0.487967,0.198257,0.921169,51.6436,5.43263e-12,47756,0.887486,41.1981,1.06086e-12,38445,0.895553,0.876428,0.0878307,0.631141,0.996144,0.511517,0.22039,0.459803,0.228135,0.891603,87.9902,7.64954e-10,30733,0.967162,70.4477,9.04596e-11,52512
24,133,n1->n99->n97->n96->n20->n89->n90->n59->n50->n51,5.37021e+09|1.57108e+10|2.90604e+09|2.51165e+12|4.0293e+11|2.68119e+11|1.33273e+11|3.04563e+11|2.36425e+09|7.46708e+11,8.19724e+08|4.21389e+09|5.04144e+08|5.36324e+11|1.89646e+11|9.23423e+10|6.41526e+10|3.06423e+10|4.07889e+08|5.06847e+11,0.000494453|0.00089026|8.81202e-05|1.2987e-05|5.21063e-05|3.55201e-05|0.000319756|2.43107e-05|1.54283e-05|0.000185382,0.000316017|0.000350126|0.00494291|0.000286765|0.000368678|0.000111435|0.000672662|0.000202742|0.00907722|0.00344885,0.0109342|0.0362414|0.0381696|0.0377902|0.0108696|0.0107812|0.0285929|0.00304046|0.00638914|0.0365406,0.000178506|0.0472365|0.00800322|0.0195364|0.0181411|0.0401575|0.0372754|0.0474075|0.0483596|0.0130093,0.973537|0.953794|0.90679|0.951762|0.923215|0.926416|0.984478|0.99171|0.910708|0.98883,4.63983|3.07459|1.41691|0.85792|4.79469|0.0868458|4.02061|5.60303|5.41755|4.04415,66.2586|94.4507|37.9513|58.7029|18.2346|12.726|62.2588|47.7013|82.9474,0.180129|0.168303|0.246589|0.201188|0.231355|0.226099|0.169222|0.170229|0.24308,0.323551|0.263233|0.157157|0.666395|0.595303|0.757755|0.361153|0.776444|0.624607,0.869523,0.801463,0.117836,0.0993652,0.460468,0.534015,0.0732846,0.487967,0.198257,0.921169,51.6436,5.43263e-12,47756,0.887486,41.1981,1.06086e-12,38445,0.895553,0.876428,0.0878307,0.631141,0.996144,0.511517,0.22039,0.459803,0.228135,0.891603,87.9902,7.64954e-10,30733,0.967162,70.4477,9.04596e-11,52512
24,134,n1->n99->n77->n23->n83->n85->n58->n59->n50->n51,5.37021e+09|1.57108e+10|5.68112e+11|4.63033e+10|3.76373e+13|2.02447e+09|8.16696e+09|3.04563e+11|2.36425e+09|7.46708e+11,8.19724e+08|4.21389e+09|3.56307e+11|3.30225e+10|2.34723e+13|2.41326e+08|6.89506e+09|3.06423e+10|4.07889e+08|5.06847e+11,0.000494453|0.00089026|8.49487e-05|0.000277161|1.86087e-05|2.04325e-05|0.000266735|2.43107e-05|1.54283e-05|0.000185382,0.000316017|0.000350126|0.000906866|0.00418014|0.000175452|0.000338175|0.00874893|0.000202742|0.00907722|0.00344885,0.0109342|0.0362414|0.04851|0.00314906|0.015405|0.0354515|0.0248478|0.00304046|0.00638914|0.0365406,0.000178506|0.0472365|0.0115254|0.0470385|0.038157|0.0266209|0.0481122|0.0474075|0.0483596|0.0130093,0.973537|0.953794|0.949999|0.92176|0.947801|0.940474|0.911658|0.99171|0.910708|0.98883,4.63983|3.07459|0.722366|2.08786|4.11052|4.91715|3.70937|5.60303|5.41755|4.04415,66.2586|96.5216|39.0733|23.518|92.2019|90.6886|56.397|47.7013|82.9474,0.180129|0.241387|0.178948|0.181099|0.231254|0.194345|0.21902|0.170229|0.24308,0.323551|0.664018|0.23533|0.741177|0.604504|0.45102|0.533324|0.776444|0.624607,0.869523,0.801463,0.117836,0.0993652,0.460468,0.534015,0.0732846,0.487967,0.198257,0.921169,51.6436,5.43263e-12,47756,0.887486,41.1981,1.06086e-12,38445,0.895553,0.876428,0.0878307,0.631141,0.996144,0.511517,0.22039,0.459803,0.228135,0.891603,87.9902,7.64954e-10,30733,0.967162,70.4477,9.04596e-11,52512
24,135,n1->n20->n89->n48->n46->n62->n60->n59->n50->n51,5.37021e+09|4.0293e+11|2.68119e+11|3.98001e+12|5.53417e+12|2.37342e+11|8.79841e+13|3.04563e+11|2.36425e+09|7.46708e+11,8.19724e+08|1.89646e+11|9.23423e+10|1.69514e+12|1.63629e+12|1.13053e+11|5.95756e+13|3.06423e+10|4.07889e+08|5.06847e+11,0.000494453|5.21063e-05|3.55201e-05|4.78153e-05|0.000489732|8.24006e-05|0.000731749|2.43107e-05|1.54283e-05|0.000185382,0.000316017|0.000368678|0.000111435|0.00544009|0.000159088|0.00794111|0.000248463|0.000202742|0.00907722|0.00344885,0.0109342|0.0108696|0.0107812|0.0455031|0.029055|0.0242596|0.0128442|0.00304046|0.00638914|0.0365406,0.000178506|0.0181411|0.0401575|0.0360942|0.0302566|0.0480911|0.0431033|0.0474075|0.0483596|0.0130093,0.973537|0.923215|0.926416|0.967439|0.923372|0.98053|0.945549|0.99171|0.910708|0.98883,4.63983|4.79469|0.0868458|3.09858|0.31178|5.59786|4.50487|5.60303|5.41755|4.04415,90.7492|18.2346|94.0077|41.9872|56.7189|48.3985|76.8491|47.7013|82.9474,0.215706|0.231355|0.234363|0.178665|0.167864|0.17162|0.204072|0.170229|0.24308,0.53635|0.595303|0.948873|0.182289|0.624525|0.641887|0.509755|0.776444|0.624607,0.869523,0.801463,0.117836,0.0993652,0.460468,0.534015,0.0732846,0.487967,0.198257,0.921169,51.6436,5.43263e-12,47756,0.887486,41.1981,1.06086e-12,38445,0.895553,0.876428,0.0878307,0.631141,0.996144,0.511517,0.22039,0.459803,0.228135,0.891603,87.9902,7.64954e-10,30733,0.967162,70.4477,9.04596e-11,52512
24,136,n1->n13->n14->n96->n97->n27->n28->n29->n50->n51,5.37021e+09|6.60497e+13|3.70261e+10|2.51165e+12|2.90604e+09|4.19351e+12|1.34247e+11|3.6336e+13|2.36425e+09|7.46708e+11,8.19724e+08|8.87204e+12|1.44234e+10|5.36324e+11|5.04144e+08|8.73344e+11|1.51805e+10|1.77292e+13|4.07889e+08|5.06847e+11,0.000494453|0.000787814|3.25754e-05|1.2987e-05|8.81202e-05|1.08528e-05|0.00056516|0.000125062|1.54283e-05|0.000185382,0.000316017|0.00788063|0.000181646|0.000286765|0.00494291|0.00262605|0.0093172|0.00231296|0.00907722|0.00344885,0.0109342|0.0476737|0.0426128|0.0377902|0.0381696|0.0303206|0.0317261|0.0255931|0.00638914|0.0365406,0.000178506|0.00335145|0.049061|0.0195364|0.00800322|0.0230682|0.03841|0.00291922|0.0483596|0.0130093,0.973537|0.954869|0.906626|0.951762|0.90679|0.985376|0.948072|0.962742|0.910708|0.98883,4.63983|5.26639|0.762282|0.85792|1.41691|4.5695|1.48687|0.0327787|5.41755|4.04415,79.8117|92.5451|54.7186|37.9513|31.5608|23.5709|18.7034|37.0378|82.9474,0.246796|0.191459|0.208433|0.246589|0.219936|0.207151|0.249902|0.191256|0.24308,0.338018|0.161307|0.448351|0.157157|0.557853|0.340196|0.259002|0.182586|0.624607,0.869523,0.801463,0.117836,0.0993652,0.460468,0.534015,0.0732846,0.487967,0.198257,0.921169,51.6436,5.43263e-12,47756,0.887486,41.1981,1.06086e-12,38445,0.895553,0.876428,0.0878307,0.631141,0.996144,0.511517,0.22039,0.459803,0.228135,0.891603,87.9902,7.64954e-10,30733,0.967162,70.4477,9.04596e-11,52512
24,137,n1->n13->n14->n75->n73->n54->n55->n53->n52->n51,5.37021e+09|6.60497e+13|3.70261e+10|8.71921e+10|1.41706e+11|2.80961e+11|8.84081e+12|4.60474e+10|1.02428e+10|7.46708e+11,8.19724e+08|8.87204e+12|1.44234e+10|5.29113e+10|5.76853e+10|2.23178e+11|4.69454e+12|3.18273e+10|2.07235e+09|5.06847e+11,0.000494453|0.000787814|3.25754e-05|0.000766915|6.32916e-05|1.47667e-05|4.06274e-05|2.00633e-05|0.00011644|0.000185382,0.000316017|0.00788063|0.000181646|0.000203965|0.000807753|0.00549128|0.000128431|0.000509085|0.00580301|0.00344885,0.0109342|0.0476737|0.0426128|0.0243876|0.0455502|0.0334079|0.00843704|5.21659e-05|0.0398377|0.0365406,0.000178506|0.00335145|0.049061|0.0250863|0.028193|0.00844474|0.0314938|0.00115664|0.0151024|0.0130093,0.973537|0.954869|0.906626|0.936129|0.909539|0.927525|0.908585|0.913872|0.965406|0.98883,4.63983|5.26639|0.762282|3.39264|3.29092|1.22009|3.37071|0.640024|0.0104102|4.04415,79.8117|92.5451|56.2706|85.6152|26.1465|27.8669|30.3781|81.3721|83.3731,0.246796|0.191459|0.226178|0.185893|0.196311|0.169326|0.207992|0.184589|0.197114,0.338018|0.161307|0.725021|0.624191|0.754315|0.414082|0.646488|0.272111|0.942894,0.869523,0.801463,0.117836,0.0993652,0.460468,0.534015,0.0732846,0.487967,0.198257,0.921169,51.6436,5.43263e-12,47756,0.887486,41.1981,1.06086e-12,38445,0.895553,0.876428,0.0878307,0.631141,0.996144,0.511517,0.22039,0.459803,0.228135,0.891603,87.9902,7.64954e-10,30733,0.967162,70.4477,9.04596e-11,52512
24,138,n1->n99->n98->n57->n83->n81->n37->n65->n52->n51,5.37021e+09|1.57108e+10|1.8266e+13|4.14288e+09|3.76373e+13|2.58887e+10|2.79748e+13|1.12599e+09|1.02428e+10|7.46708e+11,8.19724e+08|4.21389e+09|5.99087e+12|2.05006e+09|2.34723e+13|8.36206e+09|4.96975e+12|3.2906e+08|2.07235e+09|5.06847e+11,0.000494453|0.00089026|0.000410965|0.000173612|1.86087e-05|0.000268232|1.06248e-05|1.96575e-05|0.00011644|0.000185382,0.000316017|0.000350126|0.000548485|0.00271581|0.000175452|0.000752991|0.000261291|0.000428116|0.00580301|0.00344885,0.0109342|0.0362414|0.0295222|0.0328142|0.015405|0.0481357|0.0457563|0.00118659|0.0398377|0.0365406,0.000178506|0.0472365|0.0297366|0.0437642|0.038157|0.00997263|0.0105712|0.00176737|0.0151024|0.0130093,0.973537|0.953794|0.959539|0.983348|0.947801|0.948836|0.964079|0.967717|0.965406|0.98883,4.63983|3.07459|2.95405|1.93323|4.11052|1.5908|4.96174|4.1126|0.0104102|4.04415,66.2586|58.4557|98.2355|50.003|78.7627|88.8597|13.4252|56.1703|83.3731,0.180129|0.227784|0.190047|0.1911|0.170031|0.211898|0.230756|0.247907|0.197114,0.323551|0.686264|0.757428|0.161388|0.530775|0.430076|0.986996|0.827328|0.942894,0.869523,0.801463,0.117836,0.0993652,0.460468,0.534015,0.0732846,0.487967,0.198257,0.921169,51.6436,5.43263e-12,47756,0.887486,41.1981,1.06086e-12,38445,0.895553,0.876428,0.0878307,0.631141,0.996144,0.511517,0.22039,0.459803,0.228135,0.891603,87.9902,7.64954e-10,30733,0.967162,70.4477,9.04596e-11,52512
24,139,n1->n99->n98->n57->n83->n85->n58->n59->n50->n51,5.37021e+09|1.57108e+10|1.8266e+13|4.14288e+09|3.76373e+13|2.02447e+09|8.16696e+09|3.04563e+11|2.36425e+09|7.46708e+11,8.19724e+08|4.21389e+09|5.99087e+12|2.05006e+09|2.34723e+13|2.41326e+08|6.89506e+09|3.06423e+10|4.07889e+08|5.06847e+11,0.000494453|0.00089026|0.000410965|0.000173612|1.86087e-05|2.04325e-05|0.000266735|2.43107e-05|1.54283e-05|0.000185382,0.000316017|0.000350126|0.000548485|0.00271581|0.000175452|0.000338175|0.00874893|0.000202742|0.00907722|0.00344885,0.0109342|0.0362414|0.0295222|0.0328142|0.015405|0.0354515|0.0248478|0.00304046|0.00638914|0.0365406,0.000178506|0.0472365|0.0297366|0.0437642|0.038157|0.0266209|0.0481122|0.0474075|0.0483596|0.0130093,0.973537|0.953794|0.959539|0.983348|0.947801|0.940474|0.911658|0.99171|0.910708|0.98883,4.63983|3.07459|2.95405|1.93323|4.11052|4.91715|3.70937|5.60303|5.41755|4.04415,66.2586|58.4557|98.2355|50.003|92.2019|90.6886|56.397|47.7013|82.9474,0.180129|0.227784|0.190047|0.1911|0.231254|0.194345|0.21902|0.170229|0.24308,0.323551|0.686264|0.757428|0.161388|0.604504|0.45102|0.533324|0.776444|0.624607,0.869523,0.801463,0.117836,0.0993652,0.460468,0.534015,0.0732846,0.487967,0.198257,0.921169,51.6436,5.43263e-12,47756,0.887486,41.1981,1.06086e-12,38445,0.895553,0.876428,0.0878307,0.631141,0.996144,0.511517,0.22039,0.459803,0.228135,0.891603,87.9902,7.64954e-10,30733,0.967162,70.4477,9.04596e-11,52512
24,140,n1->n13->n12->n14->n96->n94->n93->n64->n49->n51,5.37021e+09|6.60497e+13|9.70597e+10|3.70261e+10|2.51165e+12|1.36531e+10|4.22601e+13|4.21034e+09|2.45005e+09|7.46708e+11,8.19724e+08|8.87204e+12|2.76143e+10|1.44234e+10|5.36324e+11|1.67171e+09|1.3774e+13|1.60867e+09|2.44458e+09|5.06847e+11,0.000494453|0.000787814|0.000201974|3.25754e-05|1.2987e-05|2.95455e-05|8.45967e-05|1.88732e-05|1.07426e-05|0.000185382,0.000316017|0.00788063|0.0016732|0.000181646|0.000286765|0.000125263|0.000162335|0.000135861|0.000979027|0.00344885,0.0109342|0.0476737|0.0313381|0.0426128|0.0377902|0.00830448|0.0108045|0.0266797|0.0183567|0.0365406,0.000178506|0.00335145|0.0470205|0.049061|0.0195364|0.0293842|0.0326183|0.0436548|0.0388066|0.0130093,0.973537|0.954869|0.937315|0.906626|0.951762|0.927471|0.912097|0.933821|0.969899|0.98883,4.63983|5.26639|3.07758|0.762282|0.85792|5.03384|5.92115|5.77568|3.94615|4.04415,79.8117|56.34|51.9585|54.7186|71.0086|63.1349|32.5899|77.768|10.4661,0.246796|0.206669|0.222459|0.208433|0.230021|0.209804|0.178102|0.165457|0.216931,0.338018|0.285239|0.326911|0.448351|0.131268|0.17375|0.548301|0.348083|0.516407,0.869523,0.801463,0.117836,0.0993652,0.460468,0.534015,0.0732846,0.487967,0.198257,0.921169,51.6436,5.43263e-12,47756,0.887486,41.1981,1.06086e-12,38445,0.895553,0.876428,0.0878307,0.631141,0.996144,0.511517,0.22039,0.459803,0.228135,0.891603,87.9902,7.64954e-10,30733,0.967162,70.4477,9.04596e-11,52512
24,141,n1->n20->n19->n18->n16->n38->n36->n64->n49->n51,5.37021e+09|4.0293e+11|2.47533e+11|7.59179e+12|1.09193e+13|1.16426e+13|7.73972e+11|4.21034e+09|2.45005e+09|7.46708e+11,8.19724e+08|1.89646e+11|2.33399e+11|4.11836e+12|1.33827e+12|1.19258e+12|7.77593e+10|1.60867e+09|2.44458e+09|5.06847e+11,0.000494453|5.21063e-05|0.000261527|2.98936e-05|3.71682e-05|1.04425e-05|0.000426407|1.88732e-05|1.07426e-05|0.000185382,0.000316017|0.000368678|0.000768065|0.000681499|0.00174713|0.00950649|0.00396778|0.000135861|0.000979027|0.00344885,0.0109342|0.0108696|0.0201979|0.0192976|0.0123696|0.0263713|0.00497013|0.0266797|0.0183567|0.0365406,0.000178506|0.0181411|0.0291803|0.0120519|0.0240438|0.00318517|0.0341912|0.0436548|0.0388066|0.0130093,0.973537|0.923215|0.941018|0.946711|0.979533|0.902547|0.94998|0.933821|0.969899|0.98883,4.63983|4.79469|1.39448|4.38273|1.69436|5.09423|3.70656|5.77568|3.94615|4.04415,90.7492|86.2435|34.0839|72.2829|28.0546|61.2725|43.8659|77.768|10.4661,0.215706|0.182991|0.248409|0.180241|0.17367|0.204351|0.241695|0.165457|0.216931,0.53635|0.182796|0.983209|0.553025|0.828443|0.413834|0.590576|0.348083|0.516407,0.869523,0.801463,0.117836,0.0993652,0.460468,0.534015,0.0732846,0.487967,0.198257,0.921169,51.6436,5.43263e-12,47756,0.887486,41.1981,1.06086e-12,38445,0.895553,0.876428,0.0878307,0.631141,0.996144,0.511517,0.22039,0.459803,0.228135,0.891603,87.9902,7.64954e-10,30733,0.967162,70.4477,9.04596e-11,52512
24,142,n1->n13->n11->n29->n15->n34->n36->n64->n49->n51,5.37021e+09|6.60497e+13|1.78735e+12|3.6336e+13|8.77071e+11|4.7313e+12|7.73972e+11|4.21034e+09|2.45005e+09|7.46708e+11,8.19724e+08|8.87204e+12|3.29521e+11|1.77292e+13|1.06991e+11|1.15705e+12|7.77593e+10|1.60867e+09|2.44458e+09|5.06847e+11,0.000494453|0.000787814|5.47786e-05|0.000125062|0.000182949|0.000140889|0.000426407|1.88732e-05|1.07426e-05|0.000185382,0.000316017|0.00788063|0.00652494|0.00231296|0.00274771|0.000270551|0.00396778|0.000135861|0.000979027|0.00344885,0.0109342|0.0476737|0.00125292|0.0255931|0.0207315|0.0276207|0.00497013|0.0266797|0.0183567|0.0365406,0.000178506|0.00335145|0.0136412|0.00291922|0.0378122|0.0210615|0.0341912|0.0436548|0.0388066|0.0130093,0.973537|0.954869|0.988894|0.962742|0.910795|0.904866|0.94998|0.933821|0.969899|0.98883,4.63983|5.26639|0.923897|0.0327787|1.89272|4.56594|3.70656|5.77568|3.94615|4.04415,79.8117|13.9548|13.2112|32.2763|27.3162|89.5651|43.8659|77.768|10.4661,0.246796|0.189728|0.219003|0.240047|0.231681|0.241996|0.241695|0.165457|0.216931,0.338018|0.801183|0.427028|0.895675|0.750497|0.265381|0.590576|0.348083|0.516407,0.869523,0.801463,0.117836,0.0993652,0.460468,0.534015,0.0732846,0.487967,0.198257,0.921169,51.6436,5.43263e-12,47756,0.887486,41.1981,1.06086e-12,38445,0.895553,0.876428,0.0878307,0.631141,0.996144,0.511517,0.22039,0.459803,0.228135,0.891603,87.9902,7.64954e-10,30733,0.967162,70.4477,9.04596e-11,52512
24,143,n1->n99->n77->n72->n71->n24->n26->n27->n52->n51,5.37021e+09|1.57108e+10|5.68112e+11|6.83442e+09|7.70008e+11|1.59557e+13|7.09351e+09|4.19351e+12|1.02428e+10|7.46708e+11,8.19724e+08|4.21389e+09|3.56307e+11|1.48353e+09|1.60546e+11|4.06569e+12|1.31666e+09|8.73344e+11|2.07235e+09|5.06847e+11,0.000494453|0.00089026|8.49487e-05|0.000159499|0.00017279|0.000193265|3.77967e-05|1.08528e-05|0.00011644|0.000185382,0.000316017|0.000350126|0.000906866|0.00384342|0.00123164|0.0012727|0.00522178|0.00262605|0.00580301|0.00344885,0.0109342|0.0362414|0.04851|0.0479977|0.0398828|0.0433038|0.0101688|0.0303206|0.0398377|0.0365406,0.000178506|0.0472365|0.0115254|0.0299903|0.0326729|0.00780618|0.0409649|0.0230682|0.0151024|0.0130093,0.973537|0.953794|0.949999|0.96924|0.947193|0.90929|0.981638|0.985376|0.965406|0.98883,4.63983|3.07459|0.722366|3.90463|0.117525|3.9732|2.91399|4.5695|0.0104102|4.04415,66.2586|96.5216|92.3918|45.8448|44.1502|83.4704|67.4197|46.2248|83.3731,0.180129|0.241387|0.167022|0.218487|0.204574|0.216464|0.171162|0.183493|0.197114,0.323551|0.664018|0.776051|0.29317|0.45026|0.583168|0.40751|0.657987|0.942894,0.869523,0.801463,0.117836,0.0993652,0.460468,0.534015,0.0732846,0.487967,0.198257,0.921169,51.6436,5.43263e-12,47756,0.887486,41.1981,1.06086e-12,38445,0.895553,0.876428,0.0878307,0.631141,0.996144,0.511517,0.22039,0.459803,0.228135,0.891603,87.9902,7.64954e-10,30733,0.967162,70.4477,9.04596e-11,52512
24,144,n1->n20->n96->n97->n95->n82->n54->n53->n52->n51,5.37021e+09|4.0293e+11|2.51165e+12|2.90604e+09|1.05601e+11|1.07979e+13|2.80961e+11|4.60474e+10|1.02428e+10|7.46708e+11,8.19724e+08|1.89646e+11|5.36324e+11|5.04144e+08|5.46554e+10|1.66379e+12|2.23178e+11|3.18273e+10|2.07235e+09|5.06847e+11,0.000494453|5.21063e-05|1.2987e-05|8.81202e-05|0.000260968|0.000837919|1.47667e-05|2.00633e-05|0.00011644|0.000185382,0.000316017|0.000368678|0.000286765|0.00494291|0.000186877|0.00271152|0.00549128|0.000509085|0.00580301|0.00344885,0.0109342|0.0108696|0.0377902|0.0381696|0.00282907|0.0278433|0.0334079|5.21659e-05|0.0398377|0.0365406,0.000178506|0.0181411|0.0195364|0.00800322|0.0420997|0.0266174|0.00844474|0.00115664|0.0151024|0.0130093,0.973537|0.923215|0.951762|0.90679|0.966581|0.934435|0.927525|0.913872|0.965406|0.98883,4.63983|4.79469|0.85792|1.41691|1.09944|0.132111|1.22009|0.640024|0.0104102|4.04415,90.7492|58.7029|37.9513|11.8968|75.699|41.1455|75.3264|81.3721|83.3731,0.215706|0.201188|0.246589|0.228013|0.21275|0.242874|0.191357|0.184589|0.197114,0.53635|0.666395|0.157157|0.342677|0.837867|0.378494|0.567841|0.272111|0.942894,0.869523,0.801463,0.117836,0.0993652,0.460468,0.534015,0.0732846,0.487967,0.198257,0.921169,51.6436,5.43263e-12,47756,0.887486,41.1981,1.06086e-12,38445,0.895553,0.876428,0.0878307,0.631141,0.996144,0.511517,0.22039,0.459803,0.228135,0.891603,87.9902,7.64954e-10,30733,0.967162,70.4477,9.04596e-11,52512
24,145,n1->n13->n15->n34->n36->n38->n67->n64->n49->n51,5.37021e+09|6.60497e+13|8.77071e+11|4.7313e+12|7.73972e+11|1.16426e+13|4.7483e+09|4.21034e+09|2.45005e+09|7.46708e+11,8.19724e+08|8.87204e+12|1.06991e+11|1.15705e+12|7.77593e+10|1.19258e+12|7.5553e+08|1.60867e+09|2.44458e+09|5.06847e+11,0.000494453|0.000787814|0.000182949|0.000140889|0.000426407|1.04425e-05|3.91885e-05|1.88732e-05|1.07426e-05|0.000185382,0.000316017|0.00788063|0.00274771|0.000270551|0.00396778|0.00950649|0.000640186|0.000135861|0.000979027|0.00344885,0.0109342|0.0476737|0.0207315|0.0276207|0.00497013|0.0263713|0.029632|0.0266797|0.0183567|0.0365406,0.000178506|0.00335145|0.0378122|0.0210615|0.0341912|0.00318517|0.0482082|0.0436548|0.0388066|0.0130093,0.973537|0.954869|0.910795|0.904866|0.94998|0.902547|0.924883|0.933821|0.969899|0.98883,4.63983|5.26639|1.89272|4.56594|3.70656|5.09423|2.06342|5.77568|3.94615|4.04415,79.8117|66.6304|27.3162|89.5651|61.2725|59.2872|95.5844|77.768|10.4661,0.246796|0.179788|0.231681|0.241996|0.204351|0.200548|0.248978|0.165457|0.216931,0.338018|0.275394|0.750497|0.265381|0.413834|0.127053|0.480161|0.348083|0.516407,0.869523,0.801463,0.117836,0.0993652,0.460468,0.534015,0.0732846,0.487967,0.198257,0.921169,51.6436,5.43263e-12,47756,0.887486,41.1981,1.06086e-12,38445,0.895553,0.876428,0.0878307,0.631141,0.996144,0.511517,0.22039,0.459803,0.228135,0.891603,87.9902,7.64954e-10,30733,0.967162,70.4477,9.04596e-11,52512
24,146,n1->n20->n21->n23->n24->n33->n31->n29->n50->n51,5.37021e+09|4.0293e+11|1.56161e+12|4.63033e+10|1.59557e+13|3.64323e+13|4.79342e+12|3.6336e+13|2.36425e+09|7.46708e+11,8.19724e+08|1.89646e+11|3.02345e+11|3.30225e+10|4.06569e+12|6.32377e+12|4.42443e+12|1.77292e+13|4.07889e+08|5.06847e+11,0.000494453|5.21063e-05|0.00096308|0.000277161|0.000193265|1.50316e-05|0.00024651|0.000125062|1.54283e-05|0.000185382,0.000316017|0.000368678|0.00195589|0.00418014|0.0012727|0.00213059|0.00308746|0.00231296|0.00907722|0.00344885,0.0109342|0.0108696|0.00712365|0.00314906|0.0433038|0.00968695|0.0211034|0.0255931|0.00638914|0.0365406,0.000178506|0.0181411|0.0414669|0.0470385|0.00780618|0.0280967|0.0151027|0.00291922|0.0483596|0.0130093,0.973537|0.923215|0.971602|0.92176|0.90929|0.923653|0.943878|0.962742|0.910708|0.98883,4.63983|4.79469|3.14177|2.08786|3.9732|1.04264|4.82496|0.0327787|5.41755|4.04415,90.7492|76.7594|88.4205|44.8869|98.0873|95.0453|70.4589|37.0378|82.9474,0.215706|0.218425|0.232237|0.161116|0.239791|0.234751|0.246199|0.191256|0.24308,0.53635|0.515127|0.516177|0.528582|0.939209|0.258586|0.415176|0.182586|0.624607,0.869523,0.801463,0.117836,0.0993652,0.460468,0.534015,0.0732846,0.487967,0.198257,0.921169,51.6436,5.43263e-12,47756,0.887486,41.1981,1.06086e-12,38445,0.895553,0.876428,0.0878307,0.631141,0.996144,0.511517,0.22039,0.459803,0.228135,0.891603,87.9902,7.64954e-10,30733,0.967162,70.4477,9.04596e-11,52512
24,147,n1->n20->n96->n94->n93->n64->n62->n60->n50->n51,5.37021e+09|4.0293e+11|2.51165e+12|1.36531e+10|4.22601e+13|4.21034e+09|2.37342e+11|8.79841e+13|2.36425e+09|7.46708e+11,8.19724e+08|1.89646e+11|5.36324e+11|1.67171e+09|1.3774e+13|1.60867e+09|1.13053e+11|5.95756e+13|4.07889e+08|5.06847e+11,0.000494453|5.21063e-05|1.2987e-05|2.95455e-05|8.45967e-05|1.88732e-05|8.24006e-05|0.000731749|1.54283e-05|0.000185382,0.000316017|0.000368678|0.000286765|0.000125263|0.000162335|0.000135861|0.00794111|0.000248463|0.00907722|0.00344885,0.0109342|0.0108696|0.0377902|0.00830448|0.0108045|0.0266797|0.0242596|0.0128442|0.00638914|0.0365406,0.000178506|0.0181411|0.0195364|0.0293842|0.0326183|0.0436548|0.0480911|0.0431033|0.0483596|0.0130093,0.973537|0.923215|0.951762|0.927471|0.912097|0.933821|0.98053|0.945549|0.910708|0.98883,4.63983|4.79469|0.85792|5.03384|5.92115|5.77568|5.59786|4.50487|5.41755|4.04415,90.7492|58.7029|71.0086|63.1349|32.5899|93.0484|48.3985|22.3088|82.9474,0.215706|0.201188|0.230021|0.209804|0.178102|0.176232|0.17162|0.190841|0.24308,0.53635|0.666395|0.131268|0.17375|0.548301|0.182879|0.641887|0.323935|0.624607,0.869523,0.801463,0.117836,0.0993652,0.460468,0.534015,0.0732846,0.487967,0.198257,0.921169,51.6436,5.43263e-12,47756,0.887486,41.1981,1.06086e-12,38445,0.895553,0.876428,0.0878307,0.631141,0.996144,0.511517,0.22039,0.459803,0.228135,0.891603,87.9902,7.64954e-10,30733,0.967162,70.4477,9.04596e-11,52512
24,148,n1->n20->n21->n67->n38->n36->n64->n93->n94->n51,5.37021e+09|4.0293e+11|1.56161e+12|4.7483e+09|1.16426e+13|7.73972e+11|4.21034e+09|4.22601e+13|1.36531e+10|7.46708e+11,8.19724e+08|1.89646e+11|3.02345e+11|7.5553e+08|1.19258e+12|7.77593e+10|1.60867e+09|1.3774e+13|1.67171e+09|5.06847e+11,0.000494453|5.21063e-05|0.00096308|3.91885e-05|1.04425e-05|0.000426407|1.88732e-05|8.45967e-05|2.95455e-05|0.000185382,0.000316017|0.000368678|0.00195589|0.000640186|0.00950649|0.00396778|0.000135861|0.000162335|0.000125263|0.00344885,0.0109342|0.0108696|0.00712365|0.029632|0.0263713|0.00497013|0.0266797|0.0108045|0.00830448|0.0365406,0.000178506|0.0181411|0.0414669|0.0482082|0.00318517|0.0341912|0.0436548|0.0326183|0.0293842|0.0130093,0.973537|0.923215|0.971602|0.924883|0.902547|0.94998|0.933821|0.912097|0.927471|0.98883,4.63983|4.79469|3.14177|2.06342|5.09423|3.70656|5.77568|5.92115|5.03384|4.04415,90.7492|76.7594|42.5138|59.2872|61.2725|43.8659|32.5899|63.1349|11.2844,0.215706|0.218425|0.197352|0.200548|0.204351|0.241695|0.178102|0.209804|0.200895,0.53635|0.515127|0.602799|0.127053|0.413834|0.590576|0.548301|0.17375|0.836539,0.869523,0.801463,0.117836,0.0993652,0.460468,0.534015,0.0732846,0.487967,0.198257,0.921169,51.6436,5.43263e-12,47756,0.887486,41.1981,1.06086e-12,38445,0.895553,0.876428,0.0878307,0.631141,0.996144,0.511517,0.22039,0.459803,0.228135,0.891603,87.9902,7.64954e-10,30733,0.967162,70.4477,9.04596e-11,52512
24,149,n1->n99->n98->n57->n74->n75->n4->n27->n52->n51,5.37021e+09|1.57108e+10|1.8266e+13|4.14288e+09|5.8385e+13|8.71921e+10|7.07339e+12|4.19351e+12|1.02428e+10|7.46708e+11,8.19724e+08|4.21389e+09|5.99087e+12|2.05006e+09|7.35096e+12|5.29113e+10|2.43435e+12|8.73344e+11|2.07235e+09|5.06847e+11,0.000494453|0.00089026|0.000410965|0.000173612|0.000875739|0.000766915|0.000113681|1.08528e-05|0.00011644|0.000185382,0.000316017|0.000350126|0.000548485|0.00271581|0.00944671|0.000203965|0.00198341|0.00262605|0.00580301|0.00344885,0.0109342|0.0362414|0.0295222|0.0328142|0.0280357|0.0243876|0.0350273|0.0303206|0.0398377|0.0365406,0.000178506|0.0472365|0.0297366|0.0437642|0.0166219|0.0250863|0.0273051|0.0230682|0.0151024|0.0130093,0.973537|0.953794|0.959539|0.983348|0.90082|0.936129|0.917619|0.985376|0.965406|0.98883,4.63983|3.07459|2.95405|1.93323|0.0974208|3.39264|1.56082|4.5695|0.0104102|4.04415,66.2586|58.4557|98.2355|95.6836|64.3401|81.7362|52.1141|46.2248|83.3731,0.180129|0.227784|0.190047|0.169856|0.220369|0.218556|0.184605|0.183493|0.197114,0.323551|0.686264|0.757428|0.815246|0.119032|0.847503|0.200735|0.657987|0.942894,0.869523,0.801463,0.117836,0.0993652,0.460468,0.534015,0.0732846,0.487967,0.198257,0.921169,51.6436,5.43263e-12,47756,0.887486,41.1981,1.06086e-12,38445,0.895553,0.876428,0.0878307,0.631141,0.996144,0.511517,0.22039,0.459803,0.228135,0.891603,87.9902,7.64954e-10,30733,0.967162,70.4477,9.04596e-11,52512
24,150,n1->n20->n96->n94->n92->n91->n93->n64->n49->n51,5.37021e+09|4.0293e+11|2.51165e+12|1.36531e+10|1.97334e+09|2.84652e+12|4.22601e+13|4.21034e+09|2.45005e+09|7.46708e+11,8.19724e+08|1.89646e+11|5.36324e+11|1.67171e+09|1.46451e+09|3.57264e+11|1.3774e+13|1.60867e+09|2.44458e+09|5.06847e+11,0.000494453|5.21063e-05|1.2987e-05|2.95455e-05|2.75832e-05|6.93267e-05|8.45967e-05|1.88732e-05|1.07426e-05|0.000185382,0.000316017|0.000368678|0.000286765|0.000125263|0.0052688|0.00599677|0.000162335|0.000135861|0.000979027|0.00344885,0.0109342|0.0108696|0.0377902|0.00830448|0.0444618|0.008036|0.0108045|0.0266797|0.0183567|0.0365406,0.000178506|0.0181411|0.0195364|0.0293842|0.0387741|0.015498|0.0326183|0.0436548|0.0388066|0.0130093,0.973537|0.923215|0.951762|0.927471|0.987763|0.964407|0.912097|0.933821|0.969899|0.98883,4.63983|4.79469|0.85792|5.03384|6.03913|5.6679|5.92115|5.77568|3.94615|4.04415,90.7492|58.7029|71.0086|13.5087|32.3713|26.8753|32.5899|77.768|10.4661,0.215706|0.201188|0.230021|0.230182|0.161013|0.203549|0.178102|0.165457|0.216931,0.53635|0.666395|0.131268|0.731663|0.940947|0.21516|0.548301|0.348083|0.516407,0.869523,0.801463,0.117836,0.0993652,0.460468,0.534015,0.0732846,0.487967,0.198257,0.921169,51.6436,5.43263e-12,47756,0.887486,41.1981,1.06086e-12,38445,0.895553,0.876428,0.0878307,0.631141,0.996144,0.511517,0.22039,0.459803,0.228135,0.891603,87.9902,7.64954e-10,30733,0.967162,70.4477,9.04596e-11,52512
24,151,n1->n20->n96->n14->n12->n13->n11->n29->n50->n51,5.37021e+09|4.0293e+11|2.51165e+12|3.70261e+10|9.70597e+10|6.60497e+13|1.78735e+12|3.6336e+13|2.36425e+09|7.46708e+11,8.19724e+08|1.89646e+11|5.36324e+11|1.44234e+10|2.76143e+10|8.87204e+12|3.29521e+11|1.77292e+13|4.07889e+08|5.06847e+11,0.000494453|5.21063e-05|1.2987e-05|3.25754e-05|0.000201974|0.000787814|5.47786e-05|0.000125062|1.54283e-05|0.000185382,0.000316017|0.000368678|0.000286765|0.000181646|0.0016732|0.00788063|0.00652494|0.00231296|0.00907722|0.00344885,0.0109342|0.0108696|0.0377902|0.0426128|0.0313381|0.0476737|0.00125292|0.0255931|0.00638914|0.0365406,0.000178506|0.0181411|0.0195364|0.049061|0.0470205|0.00335145|0.0136412|0.00291922|0.0483596|0.0130093,0.973537|0.923215|0.951762|0.906626|0.937315|0.954869|0.988894|0.962742|0.910708|0.98883,4.63983|4.79469|0.85792|0.762282|3.07758|5.26639|0.923897|0.0327787|5.41755|4.04415,90.7492|58.7029|54.7186|51.9585|56.34|13.9548|13.2112|37.0378|82.9474,0.215706|0.201188|0.208433|0.222459|0.206669|0.189728|0.219003|0.191256|0.24308,0.53635|0.666395|0.448351|0.326911|0.285239|0.801183|0.427028|0.182586|0.624607,0.869523,0.801463,0.117836,0.0993652,0.460468,0.534015,0.0732846,0.487967,0.198257,0.921169,51.6436,5.43263e-12,47756,0.887486,41.1981,1.06086e-12,38445,0.895553,0.876428,0.0878307,0.631141,0.996144,0.511517,0.22039,0.459803,0.228135,0.891603,87.9902,7.64954e-10,30733,0.967162,70.4477,9.04596e-11,52512
24,152,n1->n20->n19->n17->n18->n16->n38->n67->n64->n49->n51,5.37021e+09|4.0293e+11|2.47533e+11|1.51096e+11|7.59179e+12|1.09193e+13|1.16426e+13|4.7483e+09|4.21034e+09|2.45005e+09|7.46708e+11,8.19724e+08|1.89646e+11|2.33399e+11|1.57582e+10|4.11836e+12|1.33827e+12|1.19258e+12|7.5553e+08|1.60867e+09|2.44458e+09|5.06847e+11,0.000494453|5.21063e-05|0.000261527|0.000261059|2.98936e-05|3.71682e-05|1.04425e-05|3.91885e-05|1.88732e-05|1.07426e-05|0.000185382,0.000316017|0.000368678|0.000768065|0.000513001|0.000681499|0.00174713|0.00950649|0.000640186|0.000135861|0.000979027|0.00344885,0.0109342|0.0108696|0.0201979|0.0430027|0.0192976|0.0123696|0.0263713|0.029632|0.0266797|0.0183567|0.0365406,0.000178506|0.0181411|0.0291803|0.00442808|0.0120519|0.0240438|0.00318517|0.0482082|0.0436548|0.0388066|0.0130093,0.973537|0.923215|0.941018|0.974312|0.946711|0.979533|0.902547|0.924883|0.933821|0.969899|0.98883,4.63983|4.79469|1.39448|5.11322|4.38273|1.69436|5.09423|2.06342|5.77568|3.94615|4.04415,90.7492|86.2435|10.3361|43.2583|72.2829|28.0546|59.2872|95.5844|77.768|10.4661,0.215706|0.182991|0.172286|0.218822|0.180241|0.17367|0.200548|0.248978|0.165457|0.216931,0.53635|0.182796|0.559133|0.981182|0.553025|0.828443|0.127053|0.480161|0.348083|0.516407,0.869523,0.801463,0.117836,0.0993652,0.460468,0.534015,0.0732846,0.487967,0.198257,0.921169,51.6436,5.43263e-12,47756,0.887486,41.1981,1.06086e-12,38445,0.895553,0.876428,0.0878307,0.631141,0.996144,0.511517,0.22039,0.459803,0.228135,0.891603,87.9902,7.64954e-10,30733,0.967162,70.4477,9.04596e-11,52512
24,153,n1->n99->n97->n96->n14->n12->n8->n10->n63->n61->n51,5.37021e+09|1.57108e+10|2.90604e+09|2.51165e+12|3.70261e+10|9.70597e+10|4.61239e+13|2.49624e+09|6.55204e+12|6.44979e+11|7.46708e+11,8.19724e+08|4.21389e+09|5.04144e+08|5.36324e+11|1.44234e+10|2.76143e+10|1.04208e+13|7.32581e+08|2.63574e+12|1.30372e+11|5.06847e+11,0.000494453|0.00089026|8.81202e-05|1.2987e-05|3.25754e-05|0.000201974|6.6054e-05|6.27016e-05|0.000116235|3.71253e-05|0.000185382,0.000316017|0.000350126|0.00494291|0.000286765|0.000181646|0.0016732|0.00522046|0.00113469|0.00126856|0.00313588|0.00344885,0.0109342|0.0362414|0.0381696|0.0377902|0.0426128|0.0313381|0.0318744|0.00597815|0.0100727|0.0266048|0.0365406,0.000178506|0.0472365|0.00800322|0.0195364|0.049061|0.0470205|0.0483133|0.0245713|0.0107197|0.0179693|0.0130093,0.973537|0.953794|0.90679|0.951762|0.906626|0.937315|0.975256|0.962416|0.903245|0.958619|0.98883,4.63983|3.07459|1.41691|0.85792|0.762282|3.07758|3.22282|1.97158|4.68449|2.63855|4.04415,66.2586|94.4507|37.9513|54.7186|51.9585|81.3396|99.595|65.1286|47.0482|66.5616,0.180129|0.168303|0.246589|0.208433|0.222459|0.186476|0.184434|0.203746|0.167884|0.171721,0.323551|0.263233|0.157157|0.448351|0.326911|0.379326|0.703378|0.514129|0.410418|0.235817,0.869523,0.801463,0.117836,0.0993652,0.460468,0.534015,0.0732846,0.487967,0.198257,0.921169,51.6436,5.43263e-12,47756,0.887486,41.1981,1.06086e-12,38445,0.895553,0.876428,0.0878307,0.631141,0.996144,0.511517,0.22039,0.459803,0.228135,0.891603,87.9902,7.64954e-10,30733,0.967162,70.4477,9.04596e-11,52512
24,154,n1->n13->n15->n63->n10->n8->n7->n5->n65->n52->n51,5.37021e+09|6.60497e+13|8.77071e+11|6.55204e+12|2.49624e+09|4.61239e+13|3.81012e+11|2.91995e+11|1.12599e+09|1.02428e+10|7.46708e+11,8.19724e+08|8.87204e+12|1.06991e+11|2.63574e+12|7.32581e+08|1.04208e+13|6.70334e+10|4.67133e+10|3.2906e+08|2.07235e+09|5.06847e+11,0.000494453|0.000787814|0.000182949|0.000116235|6.27016e-05|6.6054e-05|0.000475679|7.03031e-05|1.96575e-05|0.00011644|0.000185382,0.000316017|0.00788063|0.00274771|0.00126856|0.00113469|0.00522046|0.00104538|0.000196916|0.000428116|0.00580301|0.00344885,0.0109342|0.0476737|0.0207315|0.0100727|0.00597815|0.0318744|0.01754|0.00731162|0.00118659|0.0398377|0.0365406,0.000178506|0.00335145|0.0378122|0.0107197|0.0245713|0.0483133|0.0283975|0.0421608|0.00176737|0.0151024|0.0130093,0.973537|0.954869|0.910795|0.903245|0.962416|0.975256|0.963898|0.951514|0.967717|0.965406|0.98883,4.63983|5.26639|1.89272|4.68449|1.97158|3.22282|3.51107|4.90362|4.1126|0.0104102|4.04415,79.8117|66.6304|11.0615|65.1286|99.595|55.4093|37.2729|35.0583|56.1703|83.3731,0.246796|0.179788|0.214255|0.203746|0.184434|0.230451|0.176784|0.209201|0.247907|0.197114,0.338018|0.275394|0.692153|0.514129|0.703378|0.745697|0.943162|0.297185|0.827328|0.942894,0.869523,0.801463,0.117836,0.0993652,0.460468,0.534015,0.0732846,0.487967,0.198257,0.921169,51.6436,5.43263e-12,47756,0.887486,41.1981,1.06086e-12,38445,0.895553,0.876428,0.0878307,0.631141,0.996144,0.511517,0.22039,0.459803,0.228135,0.891603,87.9902,7.64954e-10,30733,0.967162,70.4477,9.04596e-11,52512
24,155,n1->n13->n14->n75->n71->n24->n26->n47->n48->n50->n51,5.37021e+09|6.60497e+13|3.70261e+10|8.71921e+10|7.70008e+11|1.59557e+13|7.09351e+09|4.74236e+11|3.98001e+12|2.36425e+09|7.46708e+11,8.19724e+08|8.87204e+12|1.44234e+10|5.29113e+10|1.60546e+11|4.06569e+12|1.31666e+09|1.54765e+11|1.69514e+12|4.07889e+08|5.06847e+11,0.000494453|0.000787814|3.25754e-05|0.000766915|0.00017279|0.000193265|3.77967e-05|0.000202873|4.78153e-05|1.54283e-05|0.000185382,0.000316017|0.00788063|0.000181646|0.000203965|0.00123164|0.0012727|0.00522178|0.000266598|0.00544009|0.00907722|0.00344885,0.0109342|0.0476737|0.0426128|0.0243876|0.0398828|0.0433038|0.0101688|0.00898217|0.0455031|0.00638914|0.0365406,0.000178506|0.00335145|0.049061|0.0250863|0.0326729|0.00780618|0.0409649|0.0488958|0.0360942|0.0483596|0.0130093,0.973537|0.954869|0.906626|0.936129|0.947193|0.90929|0.981638|0.9108|0.967439|0.910708|0.98883,4.63983|5.26639|0.762282|3.39264|0.117525|3.9732|2.91399|6.27947|3.09858|5.41755|4.04415,79.8117|92.5451|56.2706|14.5634|44.1502|83.4704|70.8805|78.8723|23.5956|82.9474,0.246796|0.191459|0.226178|0.169453|0.204574|0.216464|0.189485|0.239998|0.191801|0.24308,0.338018|0.161307|0.725021|0.275247|0.45026|0.583168|0.757042|0.300482|0.688345|0.624607,0.869523,0.801463,0.117836,0.0993652,0.460468,0.534015,0.0732846,0.487967,0.198257,0.921169,51.6436,5.43263e-12,47756,0.887486,41.1981,1.06086e-12,38445,0.895553,0.876428,0.0878307,0.631141,0.996144,0.511517,0.22039,0.459803,0.228135,0.891603,87.9902,7.64954e-10,30733,0.967162,70.4477,9.04596e-11,52512
24,156,n1->n20->n21->n67->n38->n36->n64->n62->n60->n50->n51,5.37021e+09|4.0293e+11|1.56161e+12|4.7483e+09|1.16426e+13|7.73972e+11|4.21034e+09|2.37342e+11|8.79841e+13|2.36425e+09|7.46708e+11,8.19724e+08|1.89646e+11|3.02345e+11|7.5553e+08|1.19258e+12|7.77593e+10|1.60867e+09|1.13053e+11|5.95756e+13|4.07889e+08|5.06847e+11,0.000494453|5.21063e-05|0.00096308|3.91885e-05|1.04425e-05|0.000426407|1.88732e-05|8.24006e-05|0.000731749|1.54283e-05|0.000185382,0.000316017|0.000368678|0.00195589|0.000640186|0.00950649|0.00396778|0.000135861|0.00794111|0.000248463|0.00907722|0.00344885,0.0109342|0.0108696|0.00712365|0.029632|0.0263713|0.00497013|0.0266797|0.0242596|0.0128442|0.00638914|0.0365406,0.000178506|0.0181411|0.0414669|0.0482082|0.00318517|0.0341912|0.0436548|0.0480911|0.0431033|0.0483596|0.0130093,0.973537|0.923215|0.971602|0.924883|0.902547|0.94998|0.933821|0.98053|0.945549|0.910708|0.98883,4.63983|4.79469|3.14177|2.06342|5.09423|3.70656|5.77568|5.59786|4.50487|5.41755|4.04415,90.7492|76.7594|42.5138|59.2872|61.2725|43.8659|93.0484|48.3985|22.3088|82.9474,0.215706|0.218425|0.197352|0.200548|0.204351|0.241695|0.176232|0.17162|0.190841|0.24308,0.53635|0.515127|0.602799|0.127053|0.413834|0.590576|0.182879|0.641887|0.323935|0.624607,0.869523,0.801463,0.117836,0.0993652,0.460468,0.534015,0.0732846,0.487967,0.198257,0.921169,51.6436,5.43263e-12,47756,0.887486,41.1981,1.06086e-12,38445,0.895553,0.876428,0.0878307,0.631141,0.996144,0.511517,0.22039,0.459803,0.228135,0.891603,87.9902,7.64954e-10,30733,0.967162,70.4477,9.04596e-11,52512
24,157,n1->n13->n14->n12->n6->n33->n32->n30->n29->n50->n51,5.37021e+09|6.60497e+13|3.70261e+10|9.70597e+10|1.14208e+09|3.64323e+13|1.78367e+12|1.26395e+10|3.6336e+13|2.36425e+09|7.46708e+11,8.19724e+08|8.87204e+12|1.44234e+10|2.76143e+10|2.20459e+08|6.32377e+12|1.05491e+12|1.81012e+09|1.77292e+13|4.07889e+08|5.06847e+11,0.000494453|0.000787814|3.25754e-05|0.000201974|1.08483e-05|1.50316e-05|0.000179959|4.789e-05|0.000125062|1.54283e-05|0.000185382,0.000316017|0.00788063|0.000181646|0.0016732|0.00010157|0.00213059|0.00292552|0.00655588|0.00231296|0.00907722|0.00344885,0.0109342|0.0476737|0.0426128|0.0313381|0.00160082|0.00968695|0.00778345|0.00398508|0.0255931|0.00638914|0.0365406,0.000178506|0.00335145|0.049061|0.0470205|0.0260762|0.0280967|0.0161829|0.0178703|0.00291922|0.0483596|0.0130093,0.973537|0.954869|0.906626|0.937315|0.908628|0.923653|0.953313|0.972158|0.962742|0.910708|0.98883,4.63983|5.26639|0.762282|3.07758|5.01633|1.04264|0.10397|5.42296|0.0327787|5.41755|4.04415,79.8117|92.5451|51.9585|32.9383|50.0569|61.2747|69.5993|29.3504|37.0378|82.9474,0.246796|0.191459|0.222459|0.230728|0.19306|0.208144|0.204659|0.179657|0.191256|0.24308,0.338018|0.161307|0.326911|0.628307|0.116472|0.704271|0.237533|0.887943|0.182586|0.624607,0.869523,0.801463,0.117836,0.0993652,0.460468,0.534015,0.0732846,0.487967,0.198257,0.921169,51.6436,5.43263e-12,47756,0.887486,41.1981,1.06086e-12,38445,0.895553,0.876428,0.0878307,0.631141,0.996144,0.511517,0.22039,0.459803,0.228135,0.891603,87.9902,7.64954e-10,30733,0.967162,70.4477,9.04596e-11,52512
24,158,n1->n13->n12->n14->n75->n74->n35->n31->n29->n50->n51,5.37021e+09|6.60497e+13|9.70597e+10|3.70261e+10|8.71921e+10|5.8385e+13|5.77859e+11|4.79342e+12|3.6336e+13|2.36425e+09|7.46708e+11,8.19724e+08|8.87204e+12|2.76143e+10|1.44234e+10|5.29113e+10|7.35096e+12|4.88834e+11|4.42443e+12|1.77292e+13|4.07889e+08|5.06847e+11,0.000494453|0.000787814|0.000201974|3.25754e-05|0.000766915|0.000875739|0.000412952|0.00024651|0.000125062|1.54283e-05|0.000185382,0.000316017|0.00788063|0.0016732|0.000181646|0.000203965|0.00944671|0.00138752|0.00308746|0.00231296|0.00907722|0.00344885,0.0109342|0.0476737|0.0313381|0.0426128|0.0243876|0.0280357|0.00215298|0.0211034|0.0255931|0.00638914|0.0365406,0.000178506|0.00335145|0.0470205|0.049061|0.0250863|0.0166219|0.0375959|0.0151027|0.00291922|0.0483596|0.0130093,0.973537|0.954869|0.937315|0.906626|0.936129|0.90082|0.952159|0.943878|0.962742|0.910708|0.98883,4.63983|5.26639|3.07758|0.762282|3.39264|0.0974208|5.24666|4.82496|0.0327787|5.41755|4.04415,79.8117|56.34|51.9585|56.2706|64.3401|67.7415|91.3525|70.4589|37.0378|82.9474,0.246796|0.206669|0.222459|0.226178|0.220369|0.161632|0.243038|0.246199|0.191256|0.24308,0.338018|0.285239|0.326911|0.725021|0.119032|0.301798|0.658826|0.415176|0.182586|0.624607,0.869523,0.801463,0.117836,0.0993652,0.460468,0.534015,0.0732846,0.487967,0.198257,0.921169,51.6436,5.43263e-12,47756,0.887486,41.1981,1.06086e-12,38445,0.895553,0.876428,0.0878307,0.631141,0.996144,0.511517,0.22039,0.459803,0.228135,0.891603,87.9902,7.64954e-10,30733,0.967162,70.4477,9.04596e-11,52512
24,159,n1->n13->n15->n34->n35->n74->n57->n55->n53->n52->n51,5.37021e+09|6.60497e+13|8.77071e+11|4.7313e+12|5.77859e+11|5.8385e+13|4.14288e+09|8.84081e+12|4.60474e+10|1.02428e+10|7.46708e+11,8.19724e+08|8.87204e+12|1.06991e+11|1.15705e+12|4.88834e+11|7.35096e+12|2.05006e+09|4.69454e+12|3.18273e+10|2.07235e+09|5.06847e+11,0.000494453|0.000787814|0.000182949|0.000140889|0.000412952|0.000875739|0.000173612|4.06274e-05|2.00633e-05|0.00011644|0.000185382,0.000316017|0.00788063|0.00274771|0.000270551|0.00138752|0.00944671|0.00271581|0.000128431|0.000509085|0.00580301|0.00344885,0.0109342|0.0476737|0.0207315|0.0276207|0.00215298|0.0280357|0.0328142|0.00843704|5.21659e-05|0.0398377|0.0365406,0.000178506|0.00335145|0.0378122|0.0210615|0.0375959|0.0166219|0.0437642|0.0314938|0.00115664|0.0151024|0.0130093,0.973537|0.954869|0.910795|0.904866|0.952159|0.90082|0.983348|0.908585|0.913872|0.965406|0.98883,4.63983|5.26639|1.89272|4.56594|5.24666|0.0974208|1.93323|3.37071|0.640024|0.0104102|4.04415,79.8117|66.6304|27.3162|26.2497|67.7415|95.6836|61.5999|30.3781|81.3721|83.3731,0.246796|0.179788|0.231681|0.244194|0.161632|0.169856|0.220389|0.207992|0.184589|0.197114,0.338018|0.275394|0.750497|0.307851|0.301798|0.815246|0.549818|0.646488|0.272111|0.942894,0.869523,0.801463,0.117836,0.0993652,0.460468,0.534015,0.0732846,0.487967,0.198257,0.921169,51.6436,5.43263e-12,47756,0.887486,41.1981,1.06086e-12,38445,0.895553,0.876428,0.0878307,0.631141,0.996144,0.511517,0.22039,0.459803,0.228135,0.891603,87.9902,7.64954e-10,30733,0.967162,70.4477,9.04596e-11,52512
24,160,n1->n99->n98->n57->n83->n84->n85->n58->n59->n50->n51,5.37021e+09|1.57108e+10|1.8266e+13|4.14288e+09|3.76373e+13|1.07392e+09|2.02447e+09|8.16696e+09|3.04563e+11|2.36425e+09|7.46708e+11,8.19724e+08|4.21389e+09|5.99087e+12|2.05006e+09|2.34723e+13|9.00899e+08|2.41326e+08|6.89506e+09|3.06423e+10|4.07889e+08|5.06847e+11,0.000494453|0.00089026|0.000410965|0.000173612|1.86087e-05|2.14473e-05|2.04325e-05|0.000266735|2.43107e-05|1.54283e-05|0.000185382,0.000316017|0.000350126|0.000548485|0.00271581|0.000175452|0.000434313|0.000338175|0.00874893|0.000202742|0.00907722|0.00344885,0.0109342|0.0362414|0.0295222|0.0328142|0.015405|0.0473575|0.0354515|0.0248478|0.00304046|0.00638914|0.0365406,0.000178506|0.0472365|0.0297366|0.0437642|0.038157|0.0366447|0.0266209|0.0481122|0.0474075|0.0483596|0.0130093,0.973537|0.953794|0.959539|0.983348|0.947801|0.948551|0.940474|0.911658|0.99171|0.910708|0.98883,4.63983|3.07459|2.95405|1.93323|4.11052|5.42186|4.91715|3.70937|5.60303|5.41755|4.04415,66.2586|58.4557|98.2355|50.003|20.1884|82.1833|90.6886|56.397|47.7013|82.9474,0.180129|0.227784|0.190047|0.1911|0.246081|0.216313|0.194345|0.21902|0.170229|0.24308,0.323551|0.686264|0.757428|0.161388|0.599197|0.528406|0.45102|0.533324|0.776444|0.624607,0.869523,0.801463,0.117836,0.0993652,0.460468,0.534015,0.0732846,0.487967,0.198257,0.921169,51.6436,5.43263e-12,47756,0.887486,41.1981,1.06086e-12,38445,0.895553,0.876428,0.0878307,0.631141,0.996144,0.511517,0.22039,0.459803,0.228135,0.891603,87.9902,7.64954e-10,30733,0.967162,70.4477,9.04596e-11,52512
24,161,n1->n99->n98->n57->n83->n84->n85->n65->n64->n49->n51,5.37021e+09|1.57108e+10|1.8266e+13|4.14288e+09|3.76373e+13|1.07392e+09|2.02447e+09|1.12599e+09|4.21034e+09|2.45005e+09|7.46708e+11,8.19724e+08|4.21389e+09|5.99087e+12|2.05006e+09|2.34723e+13|9.00899e+08|2.41326e+08|3.2906e+08|1.60867e+09|2.44458e+09|5.06847e+11,0.000494453|0.00089026|0.000410965|0.000173612|1.86087e-05|2.14473e-05|2.04325e-05|1.96575e-05|1.88732e-05|1.07426e-05|0.000185382,0.000316017|0.000350126|0.000548485|0.00271581|0.000175452|0.000434313|0.000338175|0.000428116|0.000135861|0.000979027|0.00344885,0.0109342|0.0362414|0.0295222|0.0328142|0.015405|0.0473575|0.0354515|0.00118659|0.0266797|0.0183567|0.0365406,0.000178506|0.0472365|0.0297366|0.0437642|0.038157|0.0366447|0.0266209|0.00176737|0.0436548|0.0388066|0.0130093,0.973537|0.953794|0.959539|0.983348|0.947801|0.948551|0.940474|0.967717|0.933821|0.969899|0.98883,4.63983|3.07459|2.95405|1.93323|4.11052|5.42186|4.91715|4.1126|5.77568|3.94615|4.04415,66.2586|58.4557|98.2355|50.003|20.1884|82.1833|82.5435|56.7563|77.768|10.4661,0.180129|0.227784|0.190047|0.1911|0.246081|0.216313|0.20461|0.186349|0.165457|0.216931,0.323551|0.686264|0.757428|0.161388|0.599197|0.528406|0.519435|0.927837|0.348083|0.516407,0.869523,0.801463,0.117836,0.0993652,0.460468,0.534015,0.0732846,0.487967,0.198257,0.921169,51.6436,5.43263e-12,47756,0.887486,41.1981,1.06086e-12,38445,0.895553,0.876428,0.0878307,0.631141,0.996144,0.511517,0.22039,0.459803,0.228135,0.891603,87.9902,7.64954e-10,30733,0.967162,70.4477,9.04596e-11,52512
24,162,n1->n99->n98->n57->n74->n22->n68->n58->n59->n50->n51,5.37021e+09|1.57108e+10|1.8266e+13|4.14288e+09|5.8385e+13|1.47e+10|1.31753e+09|8.16696e+09|3.04563e+11|2.36425e+09|7.46708e+11,8.19724e+08|4.21389e+09|5.99087e+12|2.05006e+09|7.35096e+12|9.51029e+09|3.10679e+08|6.89506e+09|3.06423e+10|4.07889e+08|5.06847e+11,0.000494453|0.00089026|0.000410965|0.000173612|0.000875739|1.77434e-05|0.000223952|0.000266735|2.43107e-05|1.54283e-05|0.000185382,0.000316017|0.000350126|0.000548485|0.00271581|0.00944671|0.0006856|0.00843573|0.00874893|0.000202742|0.00907722|0.00344885,0.0109342|0.0362414|0.0295222|0.0328142|0.0280357|0.0408661|0.0370095|0.0248478|0.00304046|0.00638914|0.0365406,0.000178506|0.0472365|0.0297366|0.0437642|0.0166219|0.040072|0.00589983|0.0481122|0.0474075|0.0483596|0.0130093,0.973537|0.953794|0.959539|0.983348|0.90082|0.95984|0.984554|0.911658|0.99171|0.910708|0.98883,4.63983|3.07459|2.95405|1.93323|0.0974208|0.048646|5.26958|3.70937|5.60303|5.41755|4.04415,66.2586|58.4557|98.2355|95.6836|63.8366|15.3326|56.905|56.397|47.7013|82.9474,0.180129|0.227784|0.190047|0.169856|0.241428|0.236297|0.185169|0.21902|0.170229|0.24308,0.323551|0.686264|0.757428|0.815246|0.480684|0.655447|0.476138|0.533324|0.776444|0.624607,0.869523,0.801463,0.117836,0.0993652,0.460468,0.534015,0.0732846,0.487967,0.198257,0.921169,51.6436,5.43263e-12,47756,0.887486,41.1981,1.06086e-12,38445,0.895553,0.876428,0.0878307,0.631141,0.996144,0.511517,0.22039,0.459803,0.228135,0.891603,87.9902,7.64954e-10,30733,0.967162,70.4477,9.04596e-11,52512
24,163,n1->n99->n98->n57->n55->n53->n54->n82->n63->n61->n51,5.37021e+09|1.57108e+10|1.8266e+13|4.14288e+09|8.84081e+12|4.60474e+10|2.80961e+11|1.07979e+13|6.55204e+12|6.44979e+11|7.46708e+11,8.19724e+08|4.21389e+09|5.99087e+12|2.05006e+09|4.69454e+12|3.18273e+10|2.23178e+11|1.66379e+12|2.63574e+12|1.30372e+11|5.06847e+11,0.000494453|0.00089026|0.000410965|0.000173612|4.06274e-05|2.00633e-05|1.47667e-05|0.000837919|0.000116235|3.71253e-05|0.000185382,0.000316017|0.000350126|0.000548485|0.00271581|0.000128431|0.000509085|0.00549128|0.00271152|0.00126856|0.00313588|0.00344885,0.0109342|0.0362414|0.0295222|0.0328142|0.00843704|5.21659e-05|0.0334079|0.0278433|0.0100727|0.0266048|0.0365406,0.000178506|0.0472365|0.0297366|0.0437642|0.0314938|0.00115664|0.00844474|0.0266174|0.0107197|0.0179693|0.0130093,0.973537|0.953794|0.959539|0.983348|0.908585|0.913872|0.927525|0.934435|0.903245|0.958619|0.98883,4.63983|3.07459|2.95405|1.93323|3.37071|0.640024|1.22009|0.132111|4.68449|2.63855|4.04415,66.2586|58.4557|98.2355|61.5999|30.3781|75.3264|41.1455|48.6997|47.0482|66.5616,0.180129|0.227784|0.190047|0.220389|0.207992|0.191357|0.242874|0.175742|0.167884|0.171721,0.323551|0.686264|0.757428|0.549818|0.646488|0.567841|0.378494|0.4301|0.410418|0.235817,0.869523,0.801463,0.117836,0.0993652,0.460468,0.534015,0.0732846,0.487967,0.198257,0.921169,51.6436,5.43263e-12,47756,0.887486,41.1981,1.06086e-12,38445,0.895553,0.876428,0.0878307,0.631141,0.996144,0.511517,0.22039,0.459803,0.228135,0.891603,87.9902,7.64954e-10,30733,0.967162,70.4477,9.04596e-11,52512
24,164,n1->n20->n19->n18->n70->n69->n76->n30->n29->n50->n51,5.37021e+09|4.0293e+11|2.47533e+11|7.59179e+12|6.87309e+13|8.81277e+09|4.21804e+13|1.26395e+10|3.6336e+13|2.36425e+09|7.46708e+11,8.19724e+08|1.89646e+11|2.33399e+11|4.11836e+12|9.78332e+12|7.57626e+09|1.15782e+13|1.81012e+09|1.77292e+13|4.07889e+08|5.06847e+11,0.000494453|5.21063e-05|0.000261527|2.98936e-05|5.13815e-05|0.000268039|1.88608e-05|4.789e-05|0.000125062|1.54283e-05|0.000185382,0.000316017|0.000368678|0.000768065|0.000681499|0.00295865|0.00367819|0.00214239|0.00655588|0.00231296|0.00907722|0.00344885,0.0109342|0.0108696|0.0201979|0.0192976|0.0286141|0.022957|0.00156873|0.00398508|0.0255931|0.00638914|0.0365406,0.000178506|0.0181411|0.0291803|0.0120519|0.0216638|0.0100342|0.0470058|0.0178703|0.00291922|0.0483596|0.0130093,0.973537|0.923215|0.941018|0.946711|0.966653|0.975915|0.989289|0.972158|0.962742|0.910708|0.98883,4.63983|4.79469|1.39448|4.38273|4.60778|2.99986|0.578949|5.42296|0.0327787|5.41755|4.04415,90.7492|86.2435|34.0839|55.8812|74.5377|66.666|21.8454|29.3504|37.0378|82.9474,0.215706|0.182991|0.248409|0.234874|0.172691|0.212271|0.220509|0.179657|0.191256|0.24308,0.53635|0.182796|0.983209|0.16843|0.416585|0.890059|0.936019|0.887943|0.182586|0.624607,0.869523,0.801463,0.117836,0.0993652,0.460468,0.534015,0.0732846,0.487967,0.198257,0.921169,51.6436,5.43263e-12,47756,0.887486,41.1981,1.06086e-12,38445,0.895553,0.876428,0.0878307,0.631141,0.996144,0.511517,0.22039,0.459803,0.228135,0.891603,87.9902,7.64954e-10,30733,0.967162,70.4477,9.04596e-11,52512
24,165,n1->n99->n98->n57->n74->n35->n33->n31->n29->n50->n51,5.37021e+09|1.57108e+10|1.8266e+13|4.14288e+09|5.8385e+13|5.77859e+11|3.64323e+13|4.79342e+12|3.6336e+13|2.36425e+09|7.46708e+11,8.19724e+08|4.21389e+09|5.99087e+12|2.05006e+09|7.35096e+12|4.88834e+11|6.32377e+12|4.42443e+12|1.77292e+13|4.07889e+08|5.06847e+11,0.000494453|0.00089026|0.000410965|0.000173612|0.000875739|0.000412952|1.50316e-05|0.00024651|0.000125062|1.54283e-05|0.000185382,0.000316017|0.000350126|0.000548485|0.00271581|0.00944671|0.00138752|0.00213059|0.00308746|0.00231296|0.00907722|0.00344885,0.0109342|0.0362414|0.0295222|0.0328142|0.0280357|0.00215298|0.00968695|0.0211034|0.0255931|0.00638914|0.0365406,0.000178506|0.0472365|0.0297366|0.0437642|0.0166219|0.0375959|0.0280967|0.0151027|0.00291922|0.0483596|0.0130093,0.973537|0.953794|0.959539|0.983348|0.90082|0.952159|0.923653|0.943878|0.962742|0.910708|0.98883,4.63983|3.07459|2.95405|1.93323|0.0974208|5.24666|1.04264|4.82496|0.0327787|5.41755|4.04415,66.2586|58.4557|98.2355|95.6836|67.7415|93.5115|95.0453|70.4589|37.0378|82.9474,0.180129|0.227784|0.190047|0.169856|0.161632|0.242679|0.234751|0.246199|0.191256|0.24308,0.323551|0.686264|0.757428|0.815246|0.301798|0.487093|0.258586|0.415176|0.182586|0.624607,0.869523,0.801463,0.117836,0.0993652,0.460468,0.534015,0.0732846,0.487967,0.198257,0.921169,51.6436,5.43263e-12,47756,0.887486,41.1981,1.06086e-12,38445,0.895553,0.876428,0.0878307,0.631141,0.996144,0.511517,0.22039,0.459803,0.228135,0.891603,87.9902,7.64954e-10,30733,0.967162,70.4477,9.04596e-11,52512
24,166,n1->n13->n15->n63->n61->n62->n46->n48->n47->n49->n51,5.37021e+09|6.60497e+13|8.77071e+11|6.55204e+12|6.44979e+11|2.37342e+11|5.53417e+12|3.98001e+12|4.74236e+11|2.45005e+09|7.46708e+11,8.19724e+08|8.87204e+12|1.06991e+11|2.63574e+12|1.30372e+11|1.13053e+11|1.63629e+12|1.69514e+12|1.54765e+11|2.44458e+09|5.06847e+11,0.000494453|0.000787814|0.000182949|0.000116235|3.71253e-05|8.24006e-05|0.000489732|4.78153e-05|0.000202873|1.07426e-05|0.000185382,0.000316017|0.00788063|0.00274771|0.00126856|0.00313588|0.00794111|0.000159088|0.00544009|0.000266598|0.000979027|0.00344885,0.0109342|0.0476737|0.0207315|0.0100727|0.0266048|0.0242596|0.029055|0.0455031|0.00898217|0.0183567|0.0365406,0.000178506|0.00335145|0.0378122|0.0107197|0.0179693|0.0480911|0.0302566|0.0360942|0.0488958|0.0388066|0.0130093,0.973537|0.954869|0.910795|0.903245|0.958619|0.98053|0.923372|0.967439|0.9108|0.969899|0.98883,4.63983|5.26639|1.89272|4.68449|2.63855|5.59786|0.31178|3.09858|6.27947|3.94615|4.04415,79.8117|66.6304|11.0615|47.0482|89.0369|56.7189|41.9872|78.8723|91.8261|10.4661,0.246796|0.179788|0.214255|0.167884|0.198053|0.167864|0.178665|0.239998|0.228404|0.216931,0.338018|0.275394|0.692153|0.410418|0.704733|0.624525|0.182289|0.300482|0.133861|0.516407,0.869523,0.801463,0.117836,0.0993652,0.460468,0.534015,0.0732846,0.487967,0.198257,0.921169,51.6436,5.43263e-12,47756,0.887486,41.1981,1.06086e-12,38445,0.895553,0.876428,0.0878307,0.631141,0.996144,0.511517,0.22039,0.459803,0.228135,0.891603,87.9902,7.64954e-10,30733,0.967162,70.4477,9.04596e-11,52512
24,167,n1->n13->n12->n6->n33->n32->n31->n29->n27->n52->n51,5.37021e+09|6.60497e+13|9.70597e+10|1.14208e+09|3.64323e+13|1.78367e+12|4.79342e+12|3.6336e+13|4.19351e+12|1.02428e+10|7.46708e+11,8.19724e+08|8.87204e+12|2.76143e+10|2.20459e+08|6.32377e+12|1.05491e+12|4.42443e+12|1.77292e+13|8.73344e+11|2.07235e+09|5.06847e+11,0.000494453|0.000787814|0.000201974|1.08483e-05|1.50316e-05|0.000179959|0.00024651|0.000125062|1.08528e-05|0.00011644|0.000185382,0.000316017|0.00788063|0.0016732|0.00010157|0.00213059|0.00292552|0.00308746|0.00231296|0.00262605|0.00580301|0.00344885,0.0109342|0.0476737|0.0313381|0.00160082|0.00968695|0.00778345|0.0211034|0.0255931|0.0303206|0.0398377|0.0365406,0.000178506|0.00335145|0.0470205|0.0260762|0.0280967|0.0161829|0.0151027|0.00291922|0.0230682|0.0151024|0.0130093,0.973537|0.954869|0.937315|0.908628|0.923653|0.953313|0.943878|0.962742|0.985376|0.965406|0.98883,4.63983|5.26639|3.07758|5.01633|1.04264|0.10397|4.82496|0.0327787|4.5695|0.0104102|4.04415,79.8117|56.34|32.9383|50.0569|61.2747|86.0567|70.4589|49.6282|46.2248|83.3731,0.246796|0.206669|0.230728|0.19306|0.208144|0.16799|0.246199|0.180772|0.183493|0.197114,0.338018|0.285239|0.628307|0.116472|0.704271|0.799966|0.415176|0.511755|0.657987|0.942894,0.869523,0.801463,0.117836,0.0993652,0.460468,0.534015,0.0732846,0.487967,0.198257,0.921169,51.6436,5.43263e-12,47756,0.887486,41.1981,1.06086e-12,38445,0.895553,0.876428,0.0878307,0.631141,0.996144,0.511517,0.22039,0.459803,0.228135,0.891603,87.9902,7.64954e-10,30733,0.967162,70.4477,9.04596e-11,52512
24,168,n1->n99->n77->n72->n70->n87->n88->n90->n59->n50->n51,5.37021e+09|1.57108e+10|5.68112e+11|6.83442e+09|6.87309e+13|7.3435e+12|9.00567e+12|1.33273e+11|3.04563e+11|2.36425e+09|7.46708e+11,8.19724e+08|4.21389e+09|3.56307e+11|1.48353e+09|9.78332e+12|2.79916e+12|8.66002e+12|6.41526e+10|3.06423e+10|4.07889e+08|5.06847e+11,0.000494453|0.00089026|8.49487e-05|0.000159499|5.13815e-05|0.000634307|6.2721e-05|0.000319756|2.43107e-05|1.54283e-05|0.000185382,0.000316017|0.000350126|0.000906866|0.00384342|0.00295865|0.00151267|0.000480267|0.000672662|0.000202742|0.00907722|0.00344885,0.0109342|0.0362414|0.04851|0.0479977|0.0286141|0.0186268|0.00850464|0.0285929|0.00304046|0.00638914|0.0365406,0.000178506|0.0472365|0.0115254|0.0299903|0.0216638|0.00979507|0.0237676|0.0372754|0.0474075|0.0483596|0.0130093,0.973537|0.953794|0.949999|0.96924|0.966653|0.977244|0.962132|0.984478|0.99171|0.910708|0.98883,4.63983|3.07459|0.722366|3.90463|4.60778|2.33192|1.9653|4.02061|5.60303|5.41755|4.04415,66.2586|96.5216|92.3918|97.4405|39.9413|57.0974|14.1987|62.2588|47.7013|82.9474,0.180129|0.241387|0.167022|0.180102|0.180359|0.227675|0.244274|0.169222|0.170229|0.24308,0.323551|0.664018|0.776051|0.79408|0.129355|0.396625|0.997795|0.361153|0.776444|0.624607,0.869523,0.801463,0.117836,0.0993652,0.460468,0.534015,0.0732846,0.487967,0.198257,0.921169,51.6436,5.43263e-12,47756,0.887486,41.1981,1.06086e-12,38445,0.895553,0.876428,0.0878307,0.631141,0.996144,0.511517,0.22039,0.459803,0.228135,0.891603,87.9902,7.64954e-10,30733,0.967162,70.4477,9.04596e-11,52512
24,169,n1->n99->n98->n57->n74->n76->n75->n14->n96->n94->n51,5.37021e+09|1.57108e+10|1.8266e+13|4.14288e+09|5.8385e+13|4.21804e+13|8.71921e+10|3.70261e+10|2.51165e+12|1.36531e+10|7.46708e+11,8.19724e+08|4.21389e+09|5.99087e+12|2.05006e+09|7.35096e+12|1.15782e+13|5.29113e+10|1.44234e+10|5.36324e+11|1.67171e+09|5.06847e+11,0.000494453|0.00089026|0.000410965|0.000173612|0.000875739|1.88608e-05|0.000766915|3.25754e-05|1.2987e-05|2.95455e-05|0.000185382,0.000316017|0.000350126|0.000548485|0.00271581|0.00944671|0.00214239|0.000203965|0.000181646|0.000286765|0.000125263|0.00344885,0.0109342|0.0362414|0.0295222|0.0328142|0.0280357|0.00156873|0.0243876|0.0426128|0.0377902|0.00830448|0.0365406,0.000178506|0.0472365|0.0297366|0.0437642|0.0166219|0.0470058|0.0250863|0.049061|0.0195364|0.0293842|0.0130093,0.973537|0.953794|0.959539|0.983348|0.90082|0.989289|0.936129|0.906626|0.951762|0.927471|0.98883,4.63983|3.07459|2.95405|1.93323|0.0974208|0.578949|3.39264|0.762282|0.85792|5.03384|4.04415,66.2586|58.4557|98.2355|95.6836|53.1277|63.5216|56.2706|54.7186|71.0086|11.2844,0.180129|0.227784|0.190047|0.169856|0.181342|0.207806|0.226178|0.208433|0.230021|0.200895,0.323551|0.686264|0.757428|0.815246|0.519715|0.844544|0.725021|0.448351|0.131268|0.836539,0.869523,0.801463,0.117836,0.0993652,0.460468,0.534015,0.0732846,0.487967,0.198257,0.921169,51.6436,5.43263e-12,47756,0.887486,41.1981,1.06086e-12,38445,0.895553,0.876428,0.0878307,0.631141,0.996144,0.511517,0.22039,0.459803,0.228135,0.891603,87.9902,7.64954e-10,30733,0.967162,70.4477,9.04596e-11,52512
24,170,n1->n20->n18->n17->n68->n22->n21->n67->n64->n49->n51,5.37021e+09|4.0293e+11|7.59179e+12|1.51096e+11|1.31753e+09|1.47e+10|1.56161e+12|4.7483e+09|4.21034e+09|2.45005e+09|7.46708e+11,8.19724e+08|1.89646e+11|4.11836e+12|1.57582e+10|3.10679e+08|9.51029e+09|3.02345e+11|7.5553e+08|1.60867e+09|2.44458e+09|5.06847e+11,0.000494453|5.21063e-05|2.98936e-05|0.000261059|0.000223952|1.77434e-05|0.00096308|3.91885e-05|1.88732e-05|1.07426e-05|0.000185382,0.000316017|0.000368678|0.000681499|0.000513001|0.00843573|0.0006856|0.00195589|0.000640186|0.000135861|0.000979027|0.00344885,0.0109342|0.0108696|0.0192976|0.0430027|0.0370095|0.0408661|0.00712365|0.029632|0.0266797|0.0183567|0.0365406,0.000178506|0.0181411|0.0120519|0.00442808|0.00589983|0.040072|0.0414669|0.0482082|0.0436548|0.0388066|0.0130093,0.973537|0.923215|0.946711|0.974312|0.984554|0.95984|0.971602|0.924883|0.933821|0.969899|0.98883,4.63983|4.79469|4.38273|5.11322|5.26958|0.048646|3.14177|2.06342|5.77568|3.94615|4.04415,90.7492|89.2299|43.2583|23.9015|15.3326|55.6995|42.5138|95.5844|77.768|10.4661,0.215706|0.247215|0.218822|0.236806|0.236297|0.206062|0.197352|0.248978|0.165457|0.216931,0.53635|0.652252|0.981182|0.2818|0.655447|0.677391|0.602799|0.480161|0.348083|0.516407,0.869523,0.801463,0.117836,0.0993652,0.460468,0.534015,0.0732846,0.487967,0.198257,0.921169,51.6436,5.43263e-12,47756,0.887486,41.1981,1.06086e-12,38445,0.895553,0.876428,0.0878307,0.631141,0.996144,0.511517,0.22039,0.459803,0.228135,0.891603,87.9902,7.64954e-10,30733,0.967162,70.4477,9.04596e-11,52512
24,171,n1->n20->n18->n17->n19->n68->n58->n59->n60->n50->n51,5.37021e+09|4.0293e+11|7.59179e+12|1.51096e+11|2.47533e+11|1.31753e+09|8.16696e+09|3.04563e+11|8.79841e+13|2.36425e+09|7.46708e+11,8.19724e+08|1.89646e+11|4.11836e+12|1.57582e+10|2.33399e+11|3.10679e+08|6.89506e+09|3.06423e+10|5.95756e+13|4.07889e+08|5.06847e+11,0.000494453|5.21063e-05|2.98936e-05|0.000261059|0.000261527|0.000223952|0.000266735|2.43107e-05|0.000731749|1.54283e-05|0.000185382,0.000316017|0.000368678|0.000681499|0.000513001|0.000768065|0.00843573|0.00874893|0.000202742|0.000248463|0.00907722|0.00344885,0.0109342|0.0108696|0.0192976|0.0430027|0.0201979|0.0370095|0.0248478|0.00304046|0.0128442|0.00638914|0.0365406,0.000178506|0.0181411|0.0120519|0.00442808|0.0291803|0.00589983|0.0481122|0.0474075|0.0431033|0.0483596|0.0130093,0.973537|0.923215|0.946711|0.974312|0.941018|0.984554|0.911658|0.99171|0.945549|0.910708|0.98883,4.63983|4.79469|4.38273|5.11322|1.39448|5.26958|3.70937|5.60303|4.50487|5.41755|4.04415,90.7492|89.2299|43.2583|10.3361|67.5745|56.905|56.397|76.8491|22.3088|82.9474,0.215706|0.247215|0.218822|0.172286|0.2055|0.185169|0.21902|0.204072|0.190841|0.24308,0.53635|0.652252|0.981182|0.559133|0.968257|0.476138|0.533324|0.509755|0.323935|0.624607,0.869523,0.801463,0.117836,0.0993652,0.460468,0.534015,0.0732846,0.487967,0.198257,0.921169,51.6436,5.43263e-12,47756,0.887486,41.1981,1.06086e-12,38445,0.895553,0.876428,0.0878307,0.631141,0.996144,0.511517,0.22039,0.459803,0.228135,0.891603,87.9902,7.64954e-10,30733,0.967162,70.4477,9.04596e-11,52512
24,172,n1->n13->n12->n6->n33->n35->n34->n15->n63->n61->n51,5.37021e+09|6.60497e+13|9.70597e+10|1.14208e+09|3.64323e+13|5.77859e+11|4.7313e+12|8.77071e+11|6.55204e+12|6.44979e+11|7.46708e+11,8.19724e+08|8.87204e+12|2.76143e+10|2.20459e+08|6.32377e+12|4.88834e+11|1.15705e+12|1.06991e+11|2.63574e+12|1.30372e+11|5.06847e+11,0.000494453|0.000787814|0.000201974|1.08483e-05|1.50316e-05|0.000412952|0.000140889|0.000182949|0.000116235|3.71253e-05|0.000185382,0.000316017|0.00788063|0.0016732|0.00010157|0.00213059|0.00138752|0.000270551|0.00274771|0.00126856|0.00313588|0.00344885,0.0109342|0.0476737|0.0313381|0.00160082|0.00968695|0.00215298|0.0276207|0.0207315|0.0100727|0.0266048|0.0365406,0.000178506|0.00335145|0.0470205|0.0260762|0.0280967|0.0375959|0.0210615|0.0378122|0.0107197|0.0179693|0.0130093,0.973537|0.954869|0.937315|0.908628|0.923653|0.952159|0.904866|0.910795|0.903245|0.958619|0.98883,4.63983|5.26639|3.07758|5.01633|1.04264|5.24666|4.56594|1.89272|4.68449|2.63855|4.04415,79.8117|56.34|32.9383|50.0569|93.5115|26.2497|27.3162|11.0615|47.0482|66.5616,0.246796|0.206669|0.230728|0.19306|0.242679|0.244194|0.231681|0.214255|0.167884|0.171721,0.338018|0.285239|0.628307|0.116472|0.487093|0.307851|0.750497|0.692153|0.410418|0.235817,0.869523,0.801463,0.117836,0.0993652,0.460468,0.534015,0.0732846,0.487967,0.198257,0.921169,51.6436,5.43263e-12,47756,0.887486,41.1981,1.06086e-12,38445,0.895553,0.876428,0.0878307,0.631141,0.996144,0.511517,0.22039,0.459803,0.228135,0.891603,87.9902,7.64954e-10,30733,0.967162,70.4477,9.04596e-11,52512
24,173,n1->n99->n98->n57->n74->n76->n30->n29->n27->n52->n51,5.37021e+09|1.57108e+10|1.8266e+13|4.14288e+09|5.8385e+13|4.21804e+13|1.26395e+10|3.6336e+13|4.19351e+12|1.02428e+10|7.46708e+11,8.19724e+08|4.21389e+09|5.99087e+12|2.05006e+09|7.35096e+12|1.15782e+13|1.81012e+09|1.77292e+13|8.73344e+11|2.07235e+09|5.06847e+11,0.000494453|0.00089026|0.000410965|0.000173612|0.000875739|1.88608e-05|4.789e-05|0.000125062|1.08528e-05|0.00011644|0.000185382,0.000316017|0.000350126|0.000548485|0.00271581|0.00944671|0.00214239|0.00655588|0.00231296|0.00262605|0.00580301|0.00344885,0.0109342|0.0362414|0.0295222|0.0328142|0.0280357|0.00156873|0.00398508|0.0255931|0.0303206|0.0398377|0.0365406,0.000178506|0.0472365|0.0297366|0.0437642|0.0166219|0.0470058|0.0178703|0.00291922|0.0230682|0.0151024|0.0130093,0.973537|0.953794|0.959539|0.983348|0.90082|0.989289|0.972158|0.962742|0.985376|0.965406|0.98883,4.63983|3.07459|2.95405|1.93323|0.0974208|0.578949|5.42296|0.0327787|4.5695|0.0104102|4.04415,66.2586|58.4557|98.2355|95.6836|53.1277|21.8454|29.3504|49.6282|46.2248|83.3731,0.180129|0.227784|0.190047|0.169856|0.181342|0.220509|0.179657|0.180772|0.183493|0.197114,0.323551|0.686264|0.757428|0.815246|0.519715|0.936019|0.887943|0.511755|0.657987|0.942894,0.869523,0.801463,0.117836,0.0993652,0.460468,0.534015,0.0732846,0.487967,0.198257,0.921169,51.6436,5.43263e-12,47756,0.887486,41.1981,1.06086e-12,38445,0.895553,0.876428,0.0878307,0.631141,0.996144,0.511517,0.22039,0.459803,0.228135,0.891603,87.9902,7.64954e-10,30733,0.967162,70.4477,9.04596e-11,52512
24,174,n1->n13->n15->n34->n32->n33->n24->n26->n27->n52->n51,5.37021e+09|6.60497e+13|8.77071e+11|4.7313e+12|1.78367e+12|3.64323e+13|1.59557e+13|7.09351e+09|4.19351e+12|1.02428e+10|7.46708e+11,8.19724e+08|8.87204e+12|1.06991e+11|1.15705e+12|1.05491e+12|6.32377e+12|4.06569e+12|1.31666e+09|8.73344e+11|2.07235e+09|5.06847e+11,0.000494453|0.000787814|0.000182949|0.000140889|0.000179959|1.50316e-05|0.000193265|3.77967e-05|1.08528e-05|0.00011644|0.000185382,0.000316017|0.00788063|0.00274771|0.000270551|0.00292552|0.00213059|0.0012727|0.00522178|0.00262605|0.00580301|0.00344885,0.0109342|0.0476737|0.0207315|0.0276207|0.00778345|0.00968695|0.0433038|0.0101688|0.0303206|0.0398377|0.0365406,0.000178506|0.00335145|0.0378122|0.0210615|0.0161829|0.0280967|0.00780618|0.0409649|0.0230682|0.0151024|0.0130093,0.973537|0.954869|0.910795|0.904866|0.953313|0.923653|0.90929|0.981638|0.985376|0.965406|0.98883,4.63983|5.26639|1.89272|4.56594|0.10397|1.04264|3.9732|2.91399|4.5695|0.0104102|4.04415,79.8117|66.6304|27.3162|23.0914|61.2747|98.0873|83.4704|67.4197|46.2248|83.3731,0.246796|0.179788|0.231681|0.18593|0.208144|0.239791|0.216464|0.171162|0.183493|0.197114,0.338018|0.275394|0.750497|0.12287|0.704271|0.939209|0.583168|0.40751|0.657987|0.942894,0.869523,0.801463,0.117836,0.0993652,0.460468,0.534015,0.0732846,0.487967,0.198257,0.921169,51.6436,5.43263e-12,47756,0.887486,41.1981,1.06086e-12,38445,0.895553,0.876428,0.0878307,0.631141,0.996144,0.511517,0.22039,0.459803,0.228135,0.891603,87.9902,7.64954e-10,30733,0.967162,70.4477,9.04596e-11,52512
24,175,n1->n99->n97->n27->n28->n69->n76->n30->n29->n50->n51,5.37021e+09|1.57108e+10|2.90604e+09|4.19351e+12|1.34247e+11|8.81277e+09|4.21804e+13|1.26395e+10|3.6336e+13|2.36425e+09|7.46708e+11,8.19724e+08|4.21389e+09|5.04144e+08|8.73344e+11|1.51805e+10|7.57626e+09|1.15782e+13|1.81012e+09|1.77292e+13|4.07889e+08|5.06847e+11,0.000494453|0.00089026|8.81202e-05|1.08528e-05|0.00056516|0.000268039|1.88608e-05|4.789e-05|0.000125062|1.54283e-05|0.000185382,0.000316017|0.000350126|0.00494291|0.00262605|0.0093172|0.00367819|0.00214239|0.00655588|0.00231296|0.00907722|0.00344885,0.0109342|0.0362414|0.0381696|0.0303206|0.0317261|0.022957|0.00156873|0.00398508|0.0255931|0.00638914|0.0365406,0.000178506|0.0472365|0.00800322|0.0230682|0.03841|0.0100342|0.0470058|0.0178703|0.00291922|0.0483596|0.0130093,0.973537|0.953794|0.90679|0.985376|0.948072|0.975915|0.989289|0.972158|0.962742|0.910708|0.98883,4.63983|3.07459|1.41691|4.5695|1.48687|2.99986|0.578949|5.42296|0.0327787|5.41755|4.04415,66.2586|94.4507|31.5608|23.5709|97.1045|66.666|21.8454|29.3504|37.0378|82.9474,0.180129|0.168303|0.219936|0.207151|0.207556|0.212271|0.220509|0.179657|0.191256|0.24308,0.323551|0.263233|0.557853|0.340196|0.438091|0.890059|0.936019|0.887943|0.182586|0.624607,0.869523,0.801463,0.117836,0.0993652,0.460468,0.534015,0.0732846,0.487967,0.198257,0.921169,51.6436,5.43263e-12,47756,0.887486,41.1981,1.06086e-12,38445,0.895553,0.876428,0.0878307,0.631141,0.996144,0.511517,0.22039,0.459803,0.228135,0.891603,87.9902,7.64954e-10,30733,0.967162,70.4477,9.04596e-11,52512
24,176,n1->n99->n77->n72->n45->n47->n46->n62->n64->n49->n51,5.37021e+09|1.57108e+10|5.68112e+11|6.83442e+09|8.38488e+13|4.74236e+11|5.53417e+12|2.37342e+11|4.21034e+09|2.45005e+09|7.46708e+11,8.19724e+08|4.21389e+09|3.56307e+11|1.48353e+09|1.01787e+13|1.54765e+11|1.63629e+12|1.13053e+11|1.60867e+09|2.44458e+09|5.06847e+11,0.000494453|0.00089026|8.49487e-05|0.000159499|1.67225e-05|0.000202873|0.000489732|8.24006e-05|1.88732e-05|1.07426e-05|0.000185382,0.000316017|0.000350126|0.000906866|0.00384342|0.000742576|0.000266598|0.000159088|0.00794111|0.000135861|0.000979027|0.00344885,0.0109342|0.0362414|0.04851|0.0479977|0.00846218|0.00898217|0.029055|0.0242596|0.0266797|0.0183567|0.0365406,0.000178506|0.0472365|0.0115254|0.0299903|0.0342415|0.0488958|0.0302566|0.0480911|0.0436548|0.0388066|0.0130093,0.973537|0.953794|0.949999|0.96924|0.934264|0.9108|0.923372|0.98053|0.933821|0.969899|0.98883,4.63983|3.07459|0.722366|3.90463|5.31688|6.27947|0.31178|5.59786|5.77568|3.94615|4.04415,66.2586|96.5216|92.3918|63.1262|40.979|71.5316|56.7189|93.0484|77.768|10.4661,0.180129|0.241387|0.167022|0.243732|0.216949|0.196056|0.167864|0.176232|0.165457|0.216931,0.323551|0.664018|0.776051|0.65643|0.317946|0.758317|0.624525|0.182879|0.348083|0.516407,0.869523,0.801463,0.117836,0.0993652,0.460468,0.534015,0.0732846,0.487967,0.198257,0.921169,51.6436,5.43263e-12,47756,0.887486,41.1981,1.06086e-12,38445,0.895553,0.876428,0.0878307,0.631141,0.996144,0.511517,0.22039,0.459803,0.228135,0.891603,87.9902,7.64954e-10,30733,0.967162,70.4477,9.04596e-11,52512
24,177,n1->n99->n98->n57->n83->n81->n80->n82->n63->n61->n51,5.37021e+09|1.57108e+10|1.8266e+13|4.14288e+09|3.76373e+13|2.58887e+10|2.45686e+13|1.07979e+13|6.55204e+12|6.44979e+11|7.46708e+11,8.19724e+08|4.21389e+09|5.99087e+12|2.05006e+09|2.34723e+13|8.36206e+09|2.75437e+12|1.66379e+12|2.63574e+12|1.30372e+11|5.06847e+11,0.000494453|0.00089026|0.000410965|0.000173612|1.86087e-05|0.000268232|1.13052e-05|0.000837919|0.000116235|3.71253e-05|0.000185382,0.000316017|0.000350126|0.000548485|0.00271581|0.000175452|0.000752991|0.000238286|0.00271152|0.00126856|0.00313588|0.00344885,0.0109342|0.0362414|0.0295222|0.0328142|0.015405|0.0481357|0.00592883|0.0278433|0.0100727|0.0266048|0.0365406,0.000178506|0.0472365|0.0297366|0.0437642|0.038157|0.00997263|0.0262948|0.0266174|0.0107197|0.0179693|0.0130093,0.973537|0.953794|0.959539|0.983348|0.947801|0.948836|0.919013|0.934435|0.903245|0.958619|0.98883,4.63983|3.07459|2.95405|1.93323|4.11052|1.5908|0.100836|0.132111|4.68449|2.63855|4.04415,66.2586|58.4557|98.2355|50.003|78.7627|15.5679|47.0365|48.6997|47.0482|66.5616,0.180129|0.227784|0.190047|0.1911|0.170031|0.212149|0.231931|0.175742|0.167884|0.171721,0.323551|0.686264|0.757428|0.161388|0.530775|0.870283|0.796307|0.4301|0.410418|0.235817,0.869523,0.801463,0.117836,0.0993652,0.460468,0.534015,0.0732846,0.487967,0.198257,0.921169,51.6436,5.43263e-12,47756,0.887486,41.1981,1.06086e-12,38445,0.895553,0.876428,0.0878307,0.631141,0.996144,0.511517,0.22039,0.459803,0.228135,0.891603,87.9902,7.64954e-10,30733,0.967162,70.4477,9.04596e-11,52512
24,178,n1->n99->n77->n23->n24->n71->n72->n45->n47->n49->n51,5.37021e+09|1.57108e+10|5.68112e+11|4.63033e+10|1.59557e+13|7.70008e+11|6.83442e+09|8.38488e+13|4.74236e+11|2.45005e+09|7.46708e+11,8.19724e+08|4.21389e+09|3.56307e+11|3.30225e+10|4.06569e+12|1.60546e+11|1.48353e+09|1.01787e+13|1.54765e+11|2.44458e+09|5.06847e+11,0.000494453|0.00089026|8.49487e-05|0.000277161|0.000193265|0.00017279|0.000159499|1.67225e-05|0.000202873|1.07426e-05|0.000185382,0.000316017|0.000350126|0.000906866|0.00418014|0.0012727|0.00123164|0.00384342|0.000742576|0.000266598|0.000979027|0.00344885,0.0109342|0.0362414|0.04851|0.00314906|0.0433038|0.0398828|0.0479977|0.00846218|0.00898217|0.0183567|0.0365406,0.000178506|0.0472365|0.0115254|0.0470385|0.00780618|0.0326729|0.0299903|0.0342415|0.0488958|0.0388066|0.0130093,0.973537|0.953794|0.949999|0.92176|0.90929|0.947193|0.96924|0.934264|0.9108|0.969899|0.98883,4.63983|3.07459|0.722366|2.08786|3.9732|0.117525|3.90463|5.31688|6.27947|3.94615|4.04415,66.2586|96.5216|39.0733|44.8869|44.1502|45.8448|63.1262|40.979|91.8261|10.4661,0.180129|0.241387|0.178948|0.161116|0.204574|0.218487|0.243732|0.216949|0.228404|0.216931,0.323551|0.664018|0.23533|0.528582|0.45026|0.29317|0.65643|0.317946|0.133861|0.516407,0.869523,0.801463,0.117836,0.0993652,0.460468,0.534015,0.0732846,0.487967,0.198257,0.921169,51.6436,5.43263e-12,47756,0.887486,41.1981,1.06086e-12,38445,0.895553,0.876428,0.0878307,0.631141,0.996144,0.511517,0.22039,0.459803,0.228135,0.891603,87.9902,7.64954e-10,30733,0.967162,70.4477,9.04596e-11,52512
24,179,n1->n20->n18->n17->n19->n68->n58->n85->n65->n52->n51,5.37021e+09|4.0293e+11|7.59179e+12|1.51096e+11|2.47533e+11|1.31753e+09|8.16696e+09|2.02447e+09|1.12599e+09|1.02428e+10|7.46708e+11,8.19724e+08|1.89646e+11|4.11836e+12|1.57582e+10|2.33399e+11|3.10679e+08|6.89506e+09|2.41326e+08|3.2906e+08|2.07235e+09|5.06847e+11,0.000494453|5.21063e-05|2.98936e-05|0.000261059|0.000261527|0.000223952|0.000266735|2.04325e-05|1.96575e-05|0.00011644|0.000185382,0.000316017|0.000368678|0.000681499|0.000513001|0.000768065|0.00843573|0.00874893|0.000338175|0.000428116|0.00580301|0.00344885,0.0109342|0.0108696|0.0192976|0.0430027|0.0201979|0.0370095|0.0248478|0.0354515|0.00118659|0.0398377|0.0365406,0.000178506|0.0181411|0.0120519|0.00442808|0.0291803|0.00589983|0.0481122|0.0266209|0.00176737|0.0151024|0.0130093,0.973537|0.923215|0.946711|0.974312|0.941018|0.984554|0.911658|0.940474|0.967717|0.965406|0.98883,4.63983|4.79469|4.38273|5.11322|1.39448|5.26958|3.70937|4.91715|4.1126|0.0104102|4.04415,90.7492|89.2299|43.2583|10.3361|67.5745|56.905|90.6886|82.5435|56.1703|83.3731,0.215706|0.247215|0.218822|0.172286|0.2055|0.185169|0.194345|0.20461|0.247907|0.197114,0.53635|0.652252|0.981182|0.559133|0.968257|0.476138|0.45102|0.519435|0.827328|0.942894,0.869523,0.801463,0.117836,0.0993652,0.460468,0.534015,0.0732846,0.487967,0.198257,0.921169,51.6436,5.43263e-12,47756,0.887486,41.1981,1.06086e-12,38445,0.895553,0.876428,0.0878307,0.631141,0.996144,0.511517,0.22039,0.459803,0.228135,0.891603,87.9902,7.64954e-10,30733,0.967162,70.4477,9.04596e-11,52512
24,180,n1->n13->n14->n75->n71->n72->n73->n54->n53->n52->n51,5.37021e+09|6.60497e+13|3.70261e+10|8.71921e+10|7.70008e+11|6.83442e+09|1.41706e+11|2.80961e+11|4.60474e+10|1.02428e+10|7.46708e+11,8.19724e+08|8.87204e+12|1.44234e+10|5.29113e+10|1.60546e+11|1.48353e+09|5.76853e+10|2.23178e+11|3.18273e+10|2.07235e+09|5.06847e+11,0.000494453|0.000787814|3.25754e-05|0.000766915|0.00017279|0.000159499|6.32916e-05|1.47667e-05|2.00633e-05|0.00011644|0.000185382,0.000316017|0.00788063|0.000181646|0.000203965|0.00123164|0.00384342|0.000807753|0.00549128|0.000509085|0.00580301|0.00344885,0.0109342|0.0476737|0.0426128|0.0243876|0.0398828|0.0479977|0.0455502|0.0334079|5.21659e-05|0.0398377|0.0365406,0.000178506|0.00335145|0.049061|0.0250863|0.0326729|0.0299903|0.028193|0.00844474|0.00115664|0.0151024|0.0130093,0.973537|0.954869|0.906626|0.936129|0.947193|0.96924|0.909539|0.927525|0.913872|0.965406|0.98883,4.63983|5.26639|0.762282|3.39264|0.117525|3.90463|3.29092|1.22009|0.640024|0.0104102|4.04415,79.8117|92.5451|56.2706|14.5634|45.8448|29.1617|26.1465|75.3264|81.3721|83.3731,0.246796|0.191459|0.226178|0.169453|0.218487|0.178937|0.196311|0.191357|0.184589|0.197114,0.338018|0.161307|0.725021|0.275247|0.29317|0.920295|0.754315|0.567841|0.272111|0.942894,0.869523,0.801463,0.117836,0.0993652,0.460468,0.534015,0.0732846,0.487967,0.198257,0.921169,51.6436,5.43263e-12,47756,0.887486,41.1981,1.06086e-12,38445,0.895553,0.876428,0.0878307,0.631141,0.996144,0.511517,0.22039,0.459803,0.228135,0.891603,87.9902,7.64954e-10,30733,0.967162,70.4477,9.04596e-11,52512
24,181,n1->n20->n19->n17->n68->n66->n32->n30->n29->n50->n51,5.37021e+09|4.0293e+11|2.47533e+11|1.51096e+11|1.31753e+09|1.10072e+10|1.78367e+12|1.26395e+10|3.6336e+13|2.36425e+09|7.46708e+11,8.19724e+08|1.89646e+11|2.33399e+11|1.57582e+10|3.10679e+08|8.7665e+09|1.05491e+12|1.81012e+09|1.77292e+13|4.07889e+08|5.06847e+11,0.000494453|5.21063e-05|0.000261527|0.000261059|0.000223952|0.000237659|0.000179959|4.789e-05|0.000125062|1.54283e-05|0.000185382,0.000316017|0.000368678|0.000768065|0.000513001|0.00843573|0.000470269|0.00292552|0.00655588|0.00231296|0.00907722|0.00344885,0.0109342|0.0108696|0.0201979|0.0430027|0.0370095|0.0203827|0.00778345|0.00398508|0.0255931|0.00638914|0.0365406,0.000178506|0.0181411|0.0291803|0.00442808|0.00589983|0.0146278|0.0161829|0.0178703|0.00291922|0.0483596|0.0130093,0.973537|0.923215|0.941018|0.974312|0.984554|0.978907|0.953313|0.972158|0.962742|0.910708|0.98883,4.63983|4.79469|1.39448|5.11322|5.26958|3.10364|0.10397|5.42296|0.0327787|5.41755|4.04415,90.7492|86.2435|10.3361|23.9015|70.8824|27.3217|69.5993|29.3504|37.0378|82.9474,0.215706|0.182991|0.172286|0.236806|0.16183|0.199785|0.204659|0.179657|0.191256|0.24308,0.53635|0.182796|0.559133|0.2818|0.215539|0.769012|0.237533|0.887943|0.182586|0.624607,0.869523,0.801463,0.117836,0.0993652,0.460468,0.534015,0.0732846,0.487967,0.198257,0.921169,51.6436,5.43263e-12,47756,0.887486,41.1981,1.06086e-12,38445,0.895553,0.876428,0.0878307,0.631141,0.996144,0.511517,0.22039,0.459803,0.228135,0.891603,87.9902,7.64954e-10,30733,0.967162,70.4477,9.04596e-11,52512
24,182,n1->n20->n18->n70->n87->n86->n76->n30->n29->n50->n51,5.37021e+09|4.0293e+11|7.59179e+12|6.87309e+13|7.3435e+12|3.85304e+10|4.21804e+13|1.26395e+10|3.6336e+13|2.36425e+09|7.46708e+11,8.19724e+08|1.89646e+11|4.11836e+12|9.78332e+12|2.79916e+12|4.69095e+09|1.15782e+13|1.81012e+09|1.77292e+13|4.07889e+08|5.06847e+11,0.000494453|5.21063e-05|2.98936e-05|5.13815e-05|0.000634307|6.21631e-05|1.88608e-05|4.789e-05|0.000125062|1.54283e-05|0.000185382,0.000316017|0.000368678|0.000681499|0.00295865|0.00151267|0.00341054|0.00214239|0.00655588|0.00231296|0.00907722|0.00344885,0.0109342|0.0108696|0.0192976|0.0286141|0.0186268|0.0237043|0.00156873|0.00398508|0.0255931|0.00638914|0.0365406,0.000178506|0.0181411|0.0120519|0.0216638|0.00979507|0.0488574|0.0470058|0.0178703|0.00291922|0.0483596|0.0130093,0.973537|0.923215|0.946711|0.966653|0.977244|0.981332|0.989289|0.972158|0.962742|0.910708|0.98883,4.63983|4.79469|4.38273|4.60778|2.33192|4.96971|0.578949|5.42296|0.0327787|5.41755|4.04415,90.7492|89.2299|55.8812|39.9413|88.9922|37.5994|21.8454|29.3504|37.0378|82.9474,0.215706|0.247215|0.234874|0.180359|0.246364|0.17745|0.220509|0.179657|0.191256|0.24308,0.53635|0.652252|0.16843|0.129355|0.83582|0.871942|0.936019|0.887943|0.182586|0.624607,0.869523,0.801463,0.117836,0.0993652,0.460468,0.534015,0.0732846,0.487967,0.198257,0.921169,51.6436,5.43263e-12,47756,0.887486,41.1981,1.06086e-12,38445,0.895553,0.876428,0.0878307,0.631141,0.996144,0.511517,0.22039,0.459803,0.228135,0.891603,87.9902,7.64954e-10,30733,0.967162,70.4477,9.04596e-11,52512
24,183,n1->n99->n98->n57->n74->n76->n78->n85->n65->n52->n51,5.37021e+09|1.57108e+10|1.8266e+13|4.14288e+09|5.8385e+13|4.21804e+13|3.25238e+10|2.02447e+09|1.12599e+09|1.02428e+10|7.46708e+11,8.19724e+08|4.21389e+09|5.99087e+12|2.05006e+09|7.35096e+12|1.15782e+13|2.30731e+10|2.41326e+08|3.2906e+08|2.07235e+09|5.06847e+11,0.000494453|0.00089026|0.000410965|0.000173612|0.000875739|1.88608e-05|0.000270955|2.04325e-05|1.96575e-05|0.00011644|0.000185382,0.000316017|0.000350126|0.000548485|0.00271581|0.00944671|0.00214239|0.00167497|0.000338175|0.000428116|0.00580301|0.00344885,0.0109342|0.0362414|0.0295222|0.0328142|0.0280357|0.00156873|0.00569443|0.0354515|0.00118659|0.0398377|0.0365406,0.000178506|0.0472365|0.0297366|0.0437642|0.0166219|0.0470058|0.0425349|0.0266209|0.00176737|0.0151024|0.0130093,0.973537|0.953794|0.959539|0.983348|0.90082|0.989289|0.92832|0.940474|0.967717|0.965406|0.98883,4.63983|3.07459|2.95405|1.93323|0.0974208|0.578949|3.3614|4.91715|4.1126|0.0104102|4.04415,66.2586|58.4557|98.2355|95.6836|53.1277|69.3348|67.1704|82.5435|56.1703|83.3731,0.180129|0.227784|0.190047|0.169856|0.181342|0.194827|0.184721|0.20461|0.247907|0.197114,0.323551|0.686264|0.757428|0.815246|0.519715|0.93416|0.609732|0.519435|0.827328|0.942894,0.869523,0.801463,0.117836,0.0993652,0.460468,0.534015,0.0732846,0.487967,0.198257,0.921169,51.6436,5.43263e-12,47756,0.887486,41.1981,1.06086e-12,38445,0.895553,0.876428,0.0878307,0.631141,0.996144,0.511517,0.22039,0.459803,0.228135,0.891603,87.9902,7.64954e-10,30733,0.967162,70.4477,9.04596e-11,52512
24,184,n1->n20->n18->n17->n85->n83->n84->n82->n63->n61->n51,5.37021e+09|4.0293e+11|7.59179e+12|1.51096e+11|2.02447e+09|3.76373e+13|1.07392e+09|1.07979e+13|6.55204e+12|6.44979e+11|7.46708e+11,8.19724e+08|1.89646e+11|4.11836e+12|1.57582e+10|2.41326e+08|2.34723e+13|9.00899e+08|1.66379e+12|2.63574e+12|1.30372e+11|5.06847e+11,0.000494453|5.21063e-05|2.98936e-05|0.000261059|2.04325e-05|1.86087e-05|2.14473e-05|0.000837919|0.000116235|3.71253e-05|0.000185382,0.000316017|0.000368678|0.000681499|0.000513001|0.000338175|0.000175452|0.000434313|0.00271152|0.00126856|0.00313588|0.00344885,0.0109342|0.0108696|0.0192976|0.0430027|0.0354515|0.015405|0.0473575|0.0278433|0.0100727|0.0266048|0.0365406,0.000178506|0.0181411|0.0120519|0.00442808|0.0266209|0.038157|0.0366447|0.0266174|0.0107197|0.0179693|0.0130093,0.973537|0.923215|0.946711|0.974312|0.940474|0.947801|0.948551|0.934435|0.903245|0.958619|0.98883,4.63983|4.79469|4.38273|5.11322|4.91715|4.11052|5.42186|0.132111|4.68449|2.63855|4.04415,90.7492|89.2299|43.2583|84.7043|92.2019|20.1884|83.37|48.6997|47.0482|66.5616,0.215706|0.247215|0.218822|0.225161|0.231254|0.246081|0.203763|0.175742|0.167884|0.171721,0.53635|0.652252|0.981182|0.880608|0.604504|0.599197|0.808712|0.4301|0.410418|0.235817,0.869523,0.801463,0.117836,0.0993652,0.460468,0.534015,0.0732846,0.487967,0.198257,0.921169,51.6436,5.43263e-12,47756,0.887486,41.1981,1.06086e-12,38445,0.895553,0.876428,0.0878307,0.631141,0.996144,0.511517,0.22039,0.459803,0.228135,0.891603,87.9902,7.64954e-10,30733,0.967162,70.4477,9.04596e-11,52512
24,185,n1->n20->n96->n97->n99->n98->n57->n55->n53->n52->n51,5.37021e+09|4.0293e+11|2.51165e+12|2.90604e+09|1.57108e+10|1.8266e+13|4.14288e+09|8.84081e+12|4.60474e+10|1.02428e+10|7.46708e+11,8.19724e+08|1.89646e+11|5.36324e+11|5.04144e+08|4.21389e+09|5.99087e+12|2.05006e+09|4.69454e+12|3.18273e+10|2.07235e+09|5.06847e+11,0.000494453|5.21063e-05|1.2987e-05|8.81202e-05|0.00089026|0.000410965|0.000173612|4.06274e-05|2.00633e-05|0.00011644|0.000185382,0.000316017|0.000368678|0.000286765|0.00494291|0.000350126|0.000548485|0.00271581|0.000128431|0.000509085|0.00580301|0.00344885,0.0109342|0.0108696|0.0377902|0.0381696|0.0362414|0.0295222|0.0328142|0.00843704|5.21659e-05|0.0398377|0.0365406,0.000178506|0.0181411|0.0195364|0.00800322|0.0472365|0.0297366|0.0437642|0.0314938|0.00115664|0.0151024|0.0130093,0.973537|0.923215|0.951762|0.90679|0.953794|0.959539|0.983348|0.908585|0.913872|0.965406|0.98883,4.63983|4.79469|0.85792|1.41691|3.07459|2.95405|1.93323|3.37071|0.640024|0.0104102|4.04415,90.7492|58.7029|37.9513|94.4507|58.4557|98.2355|61.5999|30.3781|81.3721|83.3731,0.215706|0.201188|0.246589|0.168303|0.227784|0.190047|0.220389|0.207992|0.184589|0.197114,0.53635|0.666395|0.157157|0.263233|0.686264|0.757428|0.549818|0.646488|0.272111|0.942894,0.869523,0.801463,0.117836,0.0993652,0.460468,0.534015,0.0732846,0.487967,0.198257,0.921169,51.6436,5.43263e-12,47756,0.887486,41.1981,1.06086e-12,38445,0.895553,0.876428,0.0878307,0.631141,0.996144,0.511517,0.22039,0.459803,0.228135,0.891603,87.9902,7.64954e-10,30733,0.967162,70.4477,9.04596e-11,52512
24,186,n1->n20->n96->n14->n13->n12->n8->n10->n63->n61->n51,5.37021e+09|4.0293e+11|2.51165e+12|3.70261e+10|6.60497e+13|9.70597e+10|4.61239e+13|2.49624e+09|6.55204e+12|6.44979e+11|7.46708e+11,8.19724e+08|1.89646e+11|5.36324e+11|1.44234e+10|8.87204e+12|2.76143e+10|1.04208e+13|7.32581e+08|2.63574e+12|1.30372e+11|5.06847e+11,0.000494453|5.21063e-05|1.2987e-05|3.25754e-05|0.000787814|0.000201974|6.6054e-05|6.27016e-05|0.000116235|3.71253e-05|0.000185382,0.000316017|0.000368678|0.000286765|0.000181646|0.00788063|0.0016732|0.00522046|0.00113469|0.00126856|0.00313588|0.00344885,0.0109342|0.0108696|0.0377902|0.0426128|0.0476737|0.0313381|0.0318744|0.00597815|0.0100727|0.0266048|0.0365406,0.000178506|0.0181411|0.0195364|0.049061|0.00335145|0.0470205|0.0483133|0.0245713|0.0107197|0.0179693|0.0130093,0.973537|0.923215|0.951762|0.906626|0.954869|0.937315|0.975256|0.962416|0.903245|0.958619|0.98883,4.63983|4.79469|0.85792|0.762282|5.26639|3.07758|3.22282|1.97158|4.68449|2.63855|4.04415,90.7492|58.7029|54.7186|92.5451|56.34|81.3396|99.595|65.1286|47.0482|66.5616,0.215706|0.201188|0.208433|0.191459|0.206669|0.186476|0.184434|0.203746|0.167884|0.171721,0.53635|0.666395|0.448351|0.161307|0.285239|0.379326|0.703378|0.514129|0.410418|0.235817,0.869523,0.801463,0.117836,0.0993652,0.460468,0.534015,0.0732846,0.487967,0.198257,0.921169,51.6436,5.43263e-12,47756,0.887486,41.1981,1.06086e-12,38445,0.895553,0.876428,0.0878307,0.631141,0.996144,0.511517,0.22039,0.459803,0.228135,0.891603,87.9902,7.64954e-10,30733,0.967162,70.4477,9.04596e-11,52512
24,187,n1->n99->n98->n57->n74->n22->n21->n67->n64->n49->n51,5.37021e+09|1.57108e+10|1.8266e+13|4.14288e+09|5.8385e+13|1.47e+10|1.56161e+12|4.7483e+09|4.21034e+09|2.45005e+09|7.46708e+11,8.19724e+08|4.21389e+09|5.99087e+12|2.05006e+09|7.35096e+12|9.51029e+09|3.02345e+11|7.5553e+08|1.60867e+09|2.44458e+09|5.06847e+11,0.000494453|0.00089026|0.000410965|0.000173612|0.000875739|1.77434e-05|0.00096308|3.91885e-05|1.88732e-05|1.07426e-05|0.000185382,0.000316017|0.000350126|0.000548485|0.00271581|0.00944671|0.0006856|0.00195589|0.000640186|0.000135861|0.000979027|0.00344885,0.0109342|0.0362414|0.0295222|0.0328142|0.0280357|0.0408661|0.00712365|0.029632|0.0266797|0.0183567|0.0365406,0.000178506|0.0472365|0.0297366|0.0437642|0.0166219|0.040072|0.0414669|0.0482082|0.0436548|0.0388066|0.0130093,0.973537|0.953794|0.959539|0.983348|0.90082|0.95984|0.971602|0.924883|0.933821|0.969899|0.98883,4.63983|3.07459|2.95405|1.93323|0.0974208|0.048646|3.14177|2.06342|5.77568|3.94615|4.04415,66.2586|58.4557|98.2355|95.6836|63.8366|55.6995|42.5138|95.5844|77.768|10.4661,0.180129|0.227784|0.190047|0.169856|0.241428|0.206062|0.197352|0.248978|0.165457|0.216931,0.323551|0.686264|0.757428|0.815246|0.480684|0.677391|0.602799|0.480161|0.348083|0.516407,0.869523,0.801463,0.117836,0.0993652,0.460468,0.534015,0.0732846,0.487967,0.198257,0.921169,51.6436,5.43263e-12,47756,0.887486,41.1981,1.06086e-12,38445,0.895553,0.876428,0.0878307,0.631141,0.996144,0.511517,0.22039,0.459803,0.228135,0.891603,87.9902,7.64954e-10,30733,0.967162,70.4477,9.04596e-11,52512
24,188,n1->n13->n12->n8->n10->n73->n100->n90->n59->n50->n51,5.37021e+09|6.60497e+13|9.70597e+10|4.61239e+13|2.49624e+09|1.41706e+11|4.01966e+09|1.33273e+11|3.04563e+11|2.36425e+09|7.46708e+11,8.19724e+08|8.87204e+12|2.76143e+10|1.04208e+13|7.32581e+08|5.76853e+10|2.27749e+09|6.41526e+10|3.06423e+10|4.07889e+08|5.06847e+11,0.000494453|0.000787814|0.000201974|6.6054e-05|6.27016e-05|6.32916e-05|0.000665246|0.000319756|2.43107e-05|1.54283e-05|0.000185382,0.000316017|0.00788063|0.0016732|0.00522046|0.00113469|0.000807753|0.00914892|0.000672662|0.000202742|0.00907722|0.00344885,0.0109342|0.0476737|0.0313381|0.0318744|0.00597815|0.0455502|0.0100829|0.0285929|0.00304046|0.00638914|0.0365406,0.000178506|0.00335145|0.0470205|0.0483133|0.0245713|0.028193|0.0460028|0.0372754|0.0474075|0.0483596|0.0130093,0.973537|0.954869|0.937315|0.975256|0.962416|0.909539|0.935175|0.984478|0.99171|0.910708|0.98883,4.63983|5.26639|3.07758|3.22282|1.97158|3.29092|3.89025|4.02061|5.60303|5.41755|4.04415,79.8117|56.34|81.3396|99.595|29.3778|20.1165|32.7492|62.2588|47.7013|82.9474,0.246796|0.206669|0.186476|0.184434|0.202302|0.175955|0.191207|0.169222|0.170229|0.24308,0.338018|0.285239|0.379326|0.703378|0.747283|0.825877|0.878161|0.361153|0.776444|0.624607,0.869523,0.801463,0.117836,0.0993652,0.460468,0.534015,0.0732846,0.487967,0.198257,0.921169,51.6436,5.43263e-12,47756,0.887486,41.1981,1.06086e-12,38445,0.895553,0.876428,0.0878307,0.631141,0.996144,0.511517,0.22039,0.459803,0.228135,0.891603,87.9902,7.64954e-10,30733,0.967162,70.4477,9.04596e-11,52512
24,189,n1->n20->n18->n17->n85->n84->n33->n31->n29->n50->n51,5.37021e+09|4.0293e+11|7.59179e+12|1.51096e+11|2.02447e+09|1.07392e+09|3.64323e+13|4.79342e+12|3.6336e+13|2.36425e+09|7.46708e+11,8.19724e+08|1.89646e+11|4.11836e+12|1.57582e+10|2.41326e+08|9.00899e+08|6.32377e+12|4.42443e+12|1.77292e+13|4.07889e+08|5.06847e+11,0.000494453|5.21063e-05|2.98936e-05|0.000261059|2.04325e-05|2.14473e-05|1.50316e-05|0.00024651|0.000125062|1.54283e-05|0.000185382,0.000316017|0.000368678|0.000681499|0.000513001|0.000338175|0.000434313|0.00213059|0.00308746|0.00231296|0.00907722|0.00344885,0.0109342|0.0108696|0.0192976|0.0430027|0.0354515|0.0473575|0.00968695|0.0211034|0.0255931|0.00638914|0.0365406,0.000178506|0.0181411|0.0120519|0.00442808|0.0266209|0.0366447|0.0280967|0.0151027|0.00291922|0.0483596|0.0130093,0.973537|0.923215|0.946711|0.974312|0.940474|0.948551|0.923653|0.943878|0.962742|0.910708|0.98883,4.63983|4.79469|4.38273|5.11322|4.91715|5.42186|1.04264|4.82496|0.0327787|5.41755|4.04415,90.7492|89.2299|43.2583|84.7043|82.1833|59.7094|95.0453|70.4589|37.0378|82.9474,0.215706|0.247215|0.218822|0.225161|0.216313|0.183728|0.234751|0.246199|0.191256|0.24308,0.53635|0.652252|0.981182|0.880608|0.528406|0.218166|0.258586|0.415176|0.182586|0.624607,0.869523,0.801463,0.117836,0.0993652,0.460468,0.534015,0.0732846,0.487967,0.198257,0.921169,51.6436,5.43263e-12,47756,0.887486,41.1981,1.06086e-12,38445,0.895553,0.876428,0.0878307,0.631141,0.996144,0.511517,0.22039,0.459803,0.228135,0.891603,87.9902,7.64954e-10,30733,0.967162,70.4477,9.04596e-11,52512
24,190,n1->n99->n77->n23->n21->n67->n38->n36->n64->n49->n51,5.37021e+09|1.57108e+10|5.68112e+11|4.63033e+10|1.56161e+12|4.7483e+09|1.16426e+13|7.73972e+11|4.21034e+09|2.45005e+09|7.46708e+11,8.19724e+08|4.21389e+09|3.56307e+11|3.30225e+10|3.02345e+11|7.5553e+08|1.19258e+12|7.77593e+10|1.60867e+09|2.44458e+09|5.06847e+11,0.000494453|0.00089026|8.49487e-05|0.000277161|0.00096308|3.91885e-05|1.04425e-05|0.000426407|1.88732e-05|1.07426e-05|0.000185382,0.000316017|0.000350126|0.000906866|0.00418014|0.00195589|0.000640186|0.00950649|0.00396778|0.000135861|0.000979027|0.00344885,0.0109342|0.0362414|0.04851|0.00314906|0.00712365|0.029632|0.0263713|0.00497013|0.0266797|0.0183567|0.0365406,0.000178506|0.0472365|0.0115254|0.0470385|0.0414669|0.0482082|0.00318517|0.0341912|0.0436548|0.0388066|0.0130093,0.973537|0.953794|0.949999|0.92176|0.971602|0.924883|0.902547|0.94998|0.933821|0.969899|0.98883,4.63983|3.07459|0.722366|2.08786|3.14177|2.06342|5.09423|3.70656|5.77568|3.94615|4.04415,66.2586|96.5216|39.0733|88.4205|42.5138|59.2872|61.2725|43.8659|77.768|10.4661,0.180129|0.241387|0.178948|0.232237|0.197352|0.200548|0.204351|0.241695|0.165457|0.216931,0.323551|0.664018|0.23533|0.516177|0.602799|0.127053|0.413834|0.590576|0.348083|0.516407,0.869523,0.801463,0.117836,0.0993652,0.460468,0.534015,0.0732846,0.487967,0.198257,0.921169,51.6436,5.43263e-12,47756,0.887486,41.1981,1.06086e-12,38445,0.895553,0.876428,0.0878307,0.631141,0.996144,0.511517,0.22039,0.459803,0.228135,0.891603,87.9902,7.64954e-10,30733,0.967162,70.4477,9.04596e-11,52512
24,191,n1->n13->n12->n14->n75->n76->n78->n85->n65->n52->n51,5.37021e+09|6.60497e+13|9.70597e+10|3.70261e+10|8.71921e+10|4.21804e+13|3.25238e+10|2.02447e+09|1.12599e+09|1.02428e+10|7.46708e+11,8.19724e+08|8.87204e+12|2.76143e+10|1.44234e+10|5.29113e+10|1.15782e+13|2.30731e+10|2.41326e+08|3.2906e+08|2.07235e+09|5.06847e+11,0.000494453|0.000787814|0.000201974|3.25754e-05|0.000766915|1.88608e-05|0.000270955|2.04325e-05|1.96575e-05|0.00011644|0.000185382,0.000316017|0.00788063|0.0016732|0.000181646|0.000203965|0.00214239|0.00167497|0.000338175|0.000428116|0.00580301|0.00344885,0.0109342|0.0476737|0.0313381|0.0426128|0.0243876|0.00156873|0.00569443|0.0354515|0.00118659|0.0398377|0.0365406,0.000178506|0.00335145|0.0470205|0.049061|0.0250863|0.0470058|0.0425349|0.0266209|0.00176737|0.0151024|0.0130093,0.973537|0.954869|0.937315|0.906626|0.936129|0.989289|0.92832|0.940474|0.967717|0.965406|0.98883,4.63983|5.26639|3.07758|0.762282|3.39264|0.578949|3.3614|4.91715|4.1126|0.0104102|4.04415,79.8117|56.34|51.9585|56.2706|63.5216|69.3348|67.1704|82.5435|56.1703|83.3731,0.246796|0.206669|0.222459|0.226178|0.207806|0.194827|0.184721|0.20461|0.247907|0.197114,0.338018|0.285239|0.326911|0.725021|0.844544|0.93416|0.609732|0.519435|0.827328|0.942894,0.869523,0.801463,0.117836,0.0993652,0.460468,0.534015,0.0732846,0.487967,0.198257,0.921169,51.6436,5.43263e-12,47756,0.887486,41.1981,1.06086e-12,38445,0.895553,0.876428,0.0878307,0.631141,0.996144,0.511517,0.22039,0.459803,0.228135,0.891603,87.9902,7.64954e-10,30733,0.967162,70.4477,9.04596e-11,52512
24,192,n1->n99->n77->n72->n73->n100->n2->n4->n27->n52->n51,5.37021e+09|1.57108e+10|5.68112e+11|6.83442e+09|1.41706e+11|4.01966e+09|5.94248e+10|7.07339e+12|4.19351e+12|1.02428e+10|7.46708e+11,8.19724e+08|4.21389e+09|3.56307e+11|1.48353e+09|5.76853e+10|2.27749e+09|3.74975e+10|2.43435e+12|8.73344e+11|2.07235e+09|5.06847e+11,0.000494453|0.00089026|8.49487e-05|0.000159499|6.32916e-05|0.000665246|1.10648e-05|0.000113681|1.08528e-05|0.00011644|0.000185382,0.000316017|0.000350126|0.000906866|0.00384342|0.000807753|0.00914892|0.00120557|0.00198341|0.00262605|0.00580301|0.00344885,0.0109342|0.0362414|0.04851|0.0479977|0.0455502|0.0100829|0.00369149|0.0350273|0.0303206|0.0398377|0.0365406,0.000178506|0.0472365|0.0115254|0.0299903|0.028193|0.0460028|0.0127317|0.0273051|0.0230682|0.0151024|0.0130093,0.973537|0.953794|0.949999|0.96924|0.909539|0.935175|0.968894|0.917619|0.985376|0.965406|0.98883,4.63983|3.07459|0.722366|3.90463|3.29092|3.89025|4.74216|1.56082|4.5695|0.0104102|4.04415,66.2586|96.5216|92.3918|29.1617|20.1165|37.015|30.2686|52.1141|46.2248|83.3731,0.180129|0.241387|0.167022|0.178937|0.175955|0.17211|0.239023|0.184605|0.183493|0.197114,0.323551|0.664018|0.776051|0.920295|0.825877|0.315214|0.514427|0.200735|0.657987|0.942894,0.869523,0.801463,0.117836,0.0993652,0.460468,0.534015,0.0732846,0.487967,0.198257,0.921169,51.6436,5.43263e-12,47756,0.887486,41.1981,1.06086e-12,38445,0.895553,0.876428,0.0878307,0.631141,0.996144,0.511517,0.22039,0.459803,0.228135,0.891603,87.9902,7.64954e-10,30733,0.967162,70.4477,9.04596e-11,52512
24,193,n1->n20->n19->n18->n70->n87->n88->n90->n59->n50->n51,5.37021e+09|4.0293e+11|2.47533e+11|7.59179e+12|6.87309e+13|7.3435e+12|9.00567e+12|1.33273e+11|3.04563e+11|2.36425e+09|7.46708e+11,8.19724e+08|1.89646e+11|2.33399e+11|4.11836e+12|9.78332e+12|2.79916e+12|8.66002e+12|6.41526e+10|3.06423e+10|4.07889e+08|5.06847e+11,0.000494453|5.21063e-05|0.000261527|2.98936e-05|5.13815e-05|0.000634307|6.2721e-05|0.000319756|2.43107e-05|1.54283e-05|0.000185382,0.000316017|0.000368678|0.000768065|0.000681499|0.00295865|0.00151267|0.000480267|0.000672662|0.000202742|0.00907722|0.00344885,0.0109342|0.0108696|0.0201979|0.0192976|0.0286141|0.0186268|0.00850464|0.0285929|0.00304046|0.00638914|0.0365406,0.000178506|0.0181411|0.0291803|0.0120519|0.0216638|0.00979507|0.0237676|0.0372754|0.0474075|0.0483596|0.0130093,0.973537|0.923215|0.941018|0.946711|0.966653|0.977244|0.962132|0.984478|0.99171|0.910708|0.98883,4.63983|4.79469|1.39448|4.38273|4.60778|2.33192|1.9653|4.02061|5.60303|5.41755|4.04415,90.7492|86.2435|34.0839|55.8812|39.9413|57.0974|14.1987|62.2588|47.7013|82.9474,0.215706|0.182991|0.248409|0.234874|0.180359|0.227675|0.244274|0.169222|0.170229|0.24308,0.53635|0.182796|0.983209|0.16843|0.129355|0.396625|0.997795|0.361153|0.776444|0.624607,0.869523,0.801463,0.117836,0.0993652,0.460468,0.534015,0.0732846,0.487967,0.198257,0.921169,51.6436,5.43263e-12,47756,0.887486,41.1981,1.06086e-12,38445,0.895553,0.876428,0.0878307,0.631141,0.996144,0.511517,0.22039,0.459803,0.228135,0.891603,87.9902,7.64954e-10,30733,0.967162,70.4477,9.04596e-11,52512
24,194,n1->n99->n97->n27->n4->n2->n100->n90->n59->n50->n51,5.37021e+09|1.57108e+10|2.90604e+09|4.19351e+12|7.07339e+12|5.94248e+10|4.01966e+09|1.33273e+11|3.04563e+11|2.36425e+09|7.46708e+11,8.19724e+08|4.21389e+09|5.04144e+08|8.73344e+11|2.43435e+12|3.74975e+10|2.27749e+09|6.41526e+10|3.06423e+10|4.07889e+08|5.06847e+11,0.000494453|0.00089026|8.81202e-05|1.08528e-05|0.000113681|1.10648e-05|0.000665246|0.000319756|2.43107e-05|1.54283e-05|0.000185382,0.000316017|0.000350126|0.00494291|0.00262605|0.00198341|0.00120557|0.00914892|0.000672662|0.000202742|0.00907722|0.00344885,0.0109342|0.0362414|0.0381696|0.0303206|0.0350273|0.00369149|0.0100829|0.0285929|0.00304046|0.00638914|0.0365406,0.000178506|0.0472365|0.00800322|0.0230682|0.0273051|0.0127317|0.0460028|0.0372754|0.0474075|0.0483596|0.0130093,0.973537|0.953794|0.90679|0.985376|0.917619|0.968894|0.935175|0.984478|0.99171|0.910708|0.98883,4.63983|3.07459|1.41691|4.5695|1.56082|4.74216|3.89025|4.02061|5.60303|5.41755|4.04415,66.2586|94.4507|31.5608|52.1141|30.2686|37.015|32.7492|62.2588|47.7013|82.9474,0.180129|0.168303|0.219936|0.184605|0.239023|0.17211|0.191207|0.169222|0.170229|0.24308,0.323551|0.263233|0.557853|0.200735|0.514427|0.315214|0.878161|0.361153|0.776444|0.624607,0.869523,0.801463,0.117836,0.0993652,0.460468,0.534015,0.0732846,0.487967,0.198257,0.921169,51.6436,5.43263e-12,47756,0.887486,41.1981,1.06086e-12,38445,0.895553,0.876428,0.0878307,0.631141,0.996144,0.511517,0.22039,0.459803,0.228135,0.891603,87.9902,7.64954e-10,30733,0.967162,70.4477,9.04596e-11,52512
24,195,n1->n13->n12->n6->n33->n32->n31->n30->n29->n50->n51,5.37021e+09|6.60497e+13|9.70597e+10|1.14208e+09|3.64323e+13|1.78367e+12|4.79342e+12|1.26395e+10|3.6336e+13|2.36425e+09|7.46708e+11,8.19724e+08|8.87204e+12|2.76143e+10|2.20459e+08|6.32377e+12|1.05491e+12|4.42443e+12|1.81012e+09|1.77292e+13|4.07889e+08|5.06847e+11,0.000494453|0.000787814|0.000201974|1.08483e-05|1.50316e-05|0.000179959|0.00024651|4.789e-05|0.000125062|1.54283e-05|0.000185382,0.000316017|0.00788063|0.0016732|0.00010157|0.00213059|0.00292552|0.00308746|0.00655588|0.00231296|0.00907722|0.00344885,0.0109342|0.0476737|0.0313381|0.00160082|0.00968695|0.00778345|0.0211034|0.00398508|0.0255931|0.00638914|0.0365406,0.000178506|0.00335145|0.0470205|0.0260762|0.0280967|0.0161829|0.0151027|0.0178703|0.00291922|0.0483596|0.0130093,0.973537|0.954869|0.937315|0.908628|0.923653|0.953313|0.943878|0.972158|0.962742|0.910708|0.98883,4.63983|5.26639|3.07758|5.01633|1.04264|0.10397|4.82496|5.42296|0.0327787|5.41755|4.04415,79.8117|56.34|32.9383|50.0569|61.2747|86.0567|88.6669|29.3504|37.0378|82.9474,0.246796|0.206669|0.230728|0.19306|0.208144|0.16799|0.215598|0.179657|0.191256|0.24308,0.338018|0.285239|0.628307|0.116472|0.704271|0.799966|0.123891|0.887943|0.182586|0.624607,0.869523,0.801463,0.117836,0.0993652,0.460468,0.534015,0.0732846,0.487967,0.198257,0.921169,51.6436,5.43263e-12,47756,0.887486,41.1981,1.06086e-12,38445,0.895553,0.876428,0.0878307,0.631141,0.996144,0.511517,0.22039,0.459803,0.228135,0.891603,87.9902,7.64954e-10,30733,0.967162,70.4477,9.04596e-11,52512
24,196,n1->n13->n15->n63->n82->n84->n33->n31->n29->n50->n51,5.37021e+09|6.60497e+13|8.77071e+11|6.55204e+12|1.07979e+13|1.07392e+09|3.64323e+13|4.79342e+12|3.6336e+13|2.36425e+09|7.46708e+11,8.19724e+08|8.87204e+12|1.06991e+11|2.63574e+12|1.66379e+12|9.00899e+08|6.32377e+12|4.42443e+12|1.77292e+13|4.07889e+08|5.06847e+11,0.000494453|0.000787814|0.000182949|0.000116235|0.000837919|2.14473e-05|1.50316e-05|0.00024651|0.000125062|1.54283e-05|0.000185382,0.000316017|0.00788063|0.00274771|0.00126856|0.00271152|0.000434313|0.00213059|0.00308746|0.00231296|0.00907722|0.00344885,0.0109342|0.0476737|0.0207315|0.0100727|0.0278433|0.0473575|0.00968695|0.0211034|0.0255931|0.00638914|0.0365406,0.000178506|0.00335145|0.0378122|0.0107197|0.0266174|0.0366447|0.0280967|0.0151027|0.00291922|0.0483596|0.0130093,0.973537|0.954869|0.910795|0.903245|0.934435|0.948551|0.923653|0.943878|0.962742|0.910708|0.98883,4.63983|5.26639|1.89272|4.68449|0.132111|5.42186|1.04264|4.82496|0.0327787|5.41755|4.04415,79.8117|66.6304|11.0615|48.6997|83.37|59.7094|95.0453|70.4589|37.0378|82.9474,0.246796|0.179788|0.214255|0.175742|0.203763|0.183728|0.234751|0.246199|0.191256|0.24308,0.338018|0.275394|0.692153|0.4301|0.808712|0.218166|0.258586|0.415176|0.182586|0.624607,0.869523,0.801463,0.117836,0.0993652,0.460468,0.534015,0.0732846,0.487967,0.198257,0.921169,51.6436,5.43263e-12,47756,0.887486,41.1981,1.06086e-12,38445,0.895553,0.876428,0.0878307,0.631141,0.996144,0.511517,0.22039,0.459803,0.228135,0.891603,87.9902,7.64954e-10,30733,0.967162,70.4477,9.04596e-11,52512
24,197,n1->n20->n19->n18->n16->n38->n37->n65->n64->n49->n51,5.37021e+09|4.0293e+11|2.47533e+11|7.59179e+12|1.09193e+13|1.16426e+13|2.79748e+13|1.12599e+09|4.21034e+09|2.45005e+09|7.46708e+11,8.19724e+08|1.89646e+11|2.33399e+11|4.11836e+12|1.33827e+12|1.19258e+12|4.96975e+12|3.2906e+08|1.60867e+09|2.44458e+09|5.06847e+11,0.000494453|5.21063e-05|0.000261527|2.98936e-05|3.71682e-05|1.04425e-05|1.06248e-05|1.96575e-05|1.88732e-05|1.07426e-05|0.000185382,0.000316017|0.000368678|0.000768065|0.000681499|0.00174713|0.00950649|0.000261291|0.000428116|0.000135861|0.000979027|0.00344885,0.0109342|0.0108696|0.0201979|0.0192976|0.0123696|0.0263713|0.0457563|0.00118659|0.0266797|0.0183567|0.0365406,0.000178506|0.0181411|0.0291803|0.0120519|0.0240438|0.00318517|0.0105712|0.00176737|0.0436548|0.0388066|0.0130093,0.973537|0.923215|0.941018|0.946711|0.979533|0.902547|0.964079|0.967717|0.933821|0.969899|0.98883,4.63983|4.79469|1.39448|4.38273|1.69436|5.09423|4.96174|4.1126|5.77568|3.94615|4.04415,90.7492|86.2435|34.0839|72.2829|28.0546|46.986|13.4252|56.7563|77.768|10.4661,0.215706|0.182991|0.248409|0.180241|0.17367|0.170599|0.230756|0.186349|0.165457|0.216931,0.53635|0.182796|0.983209|0.553025|0.828443|0.662799|0.986996|0.927837|0.348083|0.516407,0.869523,0.801463,0.117836,0.0993652,0.460468,0.534015,0.0732846,0.487967,0.198257,0.921169,51.6436,5.43263e-12,47756,0.887486,41.1981,1.06086e-12,38445,0.895553,0.876428,0.0878307,0.631141,0.996144,0.511517,0.22039,0.459803,0.228135,0.891603,87.9902,7.64954e-10,30733,0.967162,70.4477,9.04596e-11,52512
24,198,n1->n13->n12->n6->n33->n35->n31->n30->n29->n50->n51,5.37021e+09|6.60497e+13|9.70597e+10|1.14208e+09|3.64323e+13|5.77859e+11|4.79342e+12|1.26395e+10|3.6336e+13|2.36425e+09|7.46708e+11,8.19724e+08|8.87204e+12|2.76143e+10|2.20459e+08|6.32377e+12|4.88834e+11|4.42443e+12|1.81012e+09|1.77292e+13|4.07889e+08|5.06847e+11,0.000494453|0.000787814|0.000201974|1.08483e-05|1.50316e-05|0.000412952|0.00024651|4.789e-05|0.000125062|1.54283e-05|0.000185382,0.000316017|0.00788063|0.0016732|0.00010157|0.00213059|0.00138752|0.00308746|0.00655588|0.00231296|0.00907722|0.00344885,0.0109342|0.0476737|0.0313381|0.00160082|0.00968695|0.00215298|0.0211034|0.00398508|0.0255931|0.00638914|0.0365406,0.000178506|0.00335145|0.0470205|0.0260762|0.0280967|0.0375959|0.0151027|0.0178703|0.00291922|0.0483596|0.0130093,0.973537|0.954869|0.937315|0.908628|0.923653|0.952159|0.943878|0.972158|0.962742|0.910708|0.98883,4.63983|5.26639|3.07758|5.01633|1.04264|5.24666|4.82496|5.42296|0.0327787|5.41755|4.04415,79.8117|56.34|32.9383|50.0569|93.5115|91.3525|88.6669|29.3504|37.0378|82.9474,0.246796|0.206669|0.230728|0.19306|0.242679|0.243038|0.215598|0.179657|0.191256|0.24308,0.338018|0.285239|0.628307|0.116472|0.487093|0.658826|0.123891|0.887943|0.182586|0.624607,0.869523,0.801463,0.117836,0.0993652,0.460468,0.534015,0.0732846,0.487967,0.198257,0.921169,51.6436,5.43263e-12,47756,0.887486,41.1981,1.06086e-12,38445,0.895553,0.876428,0.0878307,0.631141,0.996144,0.511517,0.22039,0.459803,0.228135,0.891603,87.9902,7.64954e-10,30733,0.967162,70.4477,9.04596e-11,52512
24,199,n1->n99->n97->n96->n20->n18->n17->n85->n65->n52->n51,5.37021e+09|1.57108e+10|2.90604e+09|2.51165e+12|4.0293e+11|7.59179e+12|1.51096e+11|2.02447e+09|1.12599e+09|1.02428e+10|7.46708e+11,8.19724e+08|4.21389e+09|5.04144e+08|5.36324e+11|1.89646e+11|4.11836e+12|1.57582e+10|2.41326e+08|3.2906e+08|2.07235e+09|5.06847e+11,0.000494453|0.00089026|8.81202e-05|1.2987e-05|5.21063e-05|2.98936e-05|0.000261059|2.04325e-05|1.96575e-05|0.00011644|0.000185382,0.000316017|0.000350126|0.00494291|0.000286765|0.000368678|0.000681499|0.000513001|0.000338175|0.000428116|0.00580301|0.00344885,0.0109342|0.0362414|0.0381696|0.0377902|0.0108696|0.0192976|0.0430027|0.0354515|0.00118659|0.0398377|0.0365406,0.000178506|0.0472365|0.00800322|0.0195364|0.0181411|0.0120519|0.00442808|0.0266209|0.00176737|0.0151024|0.0130093,0.973537|0.953794|0.90679|0.951762|0.923215|0.946711|0.974312|0.940474|0.967717|0.965406|0.98883,4.63983|3.07459|1.41691|0.85792|4.79469|4.38273|5.11322|4.91715|4.1126|0.0104102|4.04415,66.2586|94.4507|37.9513|58.7029|89.2299|43.2583|84.7043|82.5435|56.1703|83.3731,0.180129|0.168303|0.246589|0.201188|0.247215|0.218822|0.225161|0.20461|0.247907|0.197114,0.323551|0.263233|0.157157|0.666395|0.652252|0.981182|0.880608|0.519435|0.827328|0.942894,0.869523,0.801463,0.117836,0.0993652,0.460468,0.534015,0.0732846,0.487967,0.198257,0.921169,51.6436,5.43263e-12,47756,0.887486,41.1981,1.06086e-12,38445,0.895553,0.876428,0.0878307,0.631141,0.996144,0.511517,0.22039,0.459803,0.228135,0.891603,87.9902,7.64954e-10,30733,0.967162,70.4477,9.04596e-11,52512
24,200,n1->n20->n89->n88->n87->n86->n76->n30->n29->n50->n51,5.37021e+09|4.0293e+11|2.68119e+11|9.00567e+12|7.3435e+12|3.85304e+10|4.21804e+13|1.26395e+10|3.6336e+13|2.36425e+09|7.46708e+11,8.19724e+08|1.89646e+11|9.23423e+10|8.66002e+12|2.79916e+12|4.69095e+09|1.15782e+13|1.81012e+09|1.77292e+13|4.07889e+08|5.06847e+11,0.000494453|5.21063e-05|3.55201e-05|6.2721e-05|0.000634307|6.21631e-05|1.88608e-05|4.789e-05|0.000125062|1.54283e-05|0.000185382,0.000316017|0.000368678|0.000111435|0.000480267|0.00151267|0.00341054|0.00214239|0.00655588|0.00231296|0.00907722|0.00344885,0.0109342|0.0108696|0.0107812|0.00850464|0.0186268|0.0237043|0.00156873|0.00398508|0.0255931|0.00638914|0.0365406,0.000178506|0.0181411|0.0401575|0.0237676|0.00979507|0.0488574|0.0470058|0.0178703|0.00291922|0.0483596|0.0130093,0.973537|0.923215|0.926416|0.962132|0.977244|0.981332|0.989289|0.972158|0.962742|0.910708|0.98883,4.63983|4.79469|0.0868458|1.9653|2.33192|4.96971|0.578949|5.42296|0.0327787|5.41755|4.04415,90.7492|18.2346|92.4072|57.0974|88.9922|37.5994|21.8454|29.3504|37.0378|82.9474,0.215706|0.231355|0.203687|0.227675|0.246364|0.17745|0.220509|0.179657|0.191256|0.24308,0.53635|0.595303|0.876618|0.396625|0.83582|0.871942|0.936019|0.887943|0.182586|0.624607,0.869523,0.801463,0.117836,0.0993652,0.460468,0.534015,0.0732846,0.487967,0.198257,0.921169,51.6436,5.43263e-12,47756,0.887486,41.1981,1.06086e-12,38445,0.895553,0.876428,0.0878307,0.631141,0.996144,0.511517,0.22039,0.459803,0.228135,0.891603,87.9902,7.64954e-10,30733,0.967162,70.4477,9.04596e-11,52512
24,201,n1->n99->n97->n27->n4->n2->n7->n5->n65->n52->n51,5.37021e+09|1.57108e+10|2.90604e+09|4.19351e+12|7.07339e+12|5.94248e+10|3.81012e+11|2.91995e+11|1.12599e+09|1.02428e+10|7.46708e+11,8.19724e+08|4.21389e+09|5.04144e+08|8.73344e+11|2.43435e+12|3.74975e+10|6.70334e+10|4.67133e+10|3.2906e+08|2.07235e+09|5.06847e+11,0.000494453|0.00089026|8.81202e-05|1.08528e-05|0.000113681|1.10648e-05|0.000475679|7.03031e-05|1.96575e-05|0.00011644|0.000185382,0.000316017|0.000350126|0.00494291|0.00262605|0.00198341|0.00120557|0.00104538|0.000196916|0.000428116|0.00580301|0.00344885,0.0109342|0.0362414|0.0381696|0.0303206|0.0350273|0.00369149|0.01754|0.00731162|0.00118659|0.0398377|0.0365406,0.000178506|0.0472365|0.00800322|0.0230682|0.0273051|0.0127317|0.0283975|0.0421608|0.00176737|0.0151024|0.0130093,0.973537|0.953794|0.90679|0.985376|0.917619|0.968894|0.963898|0.951514|0.967717|0.965406|0.98883,4.63983|3.07459|1.41691|4.5695|1.56082|4.74216|3.51107|4.90362|4.1126|0.0104102|4.04415,66.2586|94.4507|31.5608|52.1141|30.2686|88.6198|37.2729|35.0583|56.1703|83.3731,0.180129|0.168303|0.219936|0.184605|0.239023|0.228013|0.176784|0.209201|0.247907|0.197114,0.323551|0.263233|0.557853|0.200735|0.514427|0.84397|0.943162|0.297185|0.827328|0.942894,0.869523,0.801463,0.117836,0.0993652,0.460468,0.534015,0.0732846,0.487967,0.198257,0.921169,51.6436,5.43263e-12,47756,0.887486,41.1981,1.06086e-12,38445,0.895553,0.876428,0.0878307,0.631141,0.996144,0.511517,0.22039,0.459803,0.228135,0.891603,87.9902,7.64954e-10,30733,0.967162,70.4477,9.04596e-11,52512
24,202,n1->n13->n14->n96->n20->n21->n23->n77->n93->n94->n51,5.37021e+09|6.60497e+13|3.70261e+10|2.51165e+12|4.0293e+11|1.56161e+12|4.63033e+10|5.68112e+11|4.22601e+13|1.36531e+10|7.46708e+11,8.19724e+08|8.87204e+12|1.44234e+10|5.36324e+11|1.89646e+11|3.02345e+11|3.30225e+10|3.56307e+11|1.3774e+13|1.67171e+09|5.06847e+11,0.000494453|0.000787814|3.25754e-05|1.2987e-05|5.21063e-05|0.00096308|0.000277161|8.49487e-05|8.45967e-05|2.95455e-05|0.000185382,0.000316017|0.00788063|0.000181646|0.000286765|0.000368678|0.00195589|0.00418014|0.000906866|0.000162335|0.000125263|0.00344885,0.0109342|0.0476737|0.0426128|0.0377902|0.0108696|0.00712365|0.00314906|0.04851|0.0108045|0.00830448|0.0365406,0.000178506|0.00335145|0.049061|0.0195364|0.0181411|0.0414669|0.0470385|0.0115254|0.0326183|0.0293842|0.0130093,0.973537|0.954869|0.906626|0.951762|0.923215|0.971602|0.92176|0.949999|0.912097|0.927471|0.98883,4.63983|5.26639|0.762282|0.85792|4.79469|3.14177|2.08786|0.722366|5.92115|5.03384|4.04415,79.8117|92.5451|54.7186|58.7029|76.7594|88.4205|39.0733|51.9256|63.1349|11.2844,0.246796|0.191459|0.208433|0.201188|0.218425|0.232237|0.178948|0.247077|0.209804|0.200895,0.338018|0.161307|0.448351|0.666395|0.515127|0.516177|0.23533|0.469529|0.17375|0.836539,0.869523,0.801463,0.117836,0.0993652,0.460468,0.534015,0.0732846,0.487967,0.198257,0.921169,51.6436,5.43263e-12,47756,0.887486,41.1981,1.06086e-12,38445,0.895553,0.876428,0.0878307,0.631141,0.996144,0.511517,0.22039,0.459803,0.228135,0.891603,87.9902,7.64954e-10,30733,0.967162,70.4477,9.04596e-11,52512
24,203,n1->n13->n11->n9->n7->n5->n65->n85->n58->n59->n50->n51,5.37021e+09|6.60497e+13|1.78735e+12|1.49139e+12|3.81012e+11|2.91995e+11|1.12599e+09|2.02447e+09|8.16696e+09|3.04563e+11|2.36425e+09|7.46708e+11,8.19724e+08|8.87204e+12|3.29521e+11|3.79906e+11|6.70334e+10|4.67133e+10|3.2906e+08|2.41326e+08|6.89506e+09|3.06423e+10|4.07889e+08|5.06847e+11,0.000494453|0.000787814|5.47786e-05|1.80008e-05|0.000475679|7.03031e-05|1.96575e-05|2.04325e-05|0.000266735|2.43107e-05|1.54283e-05|0.000185382,0.000316017|0.00788063|0.00652494|0.00065196|0.00104538|0.000196916|0.000428116|0.000338175|0.00874893|0.000202742|0.00907722|0.00344885,0.0109342|0.0476737|0.00125292|0.0140743|0.01754|0.00731162|0.00118659|0.0354515|0.0248478|0.00304046|0.00638914|0.0365406,0.000178506|0.00335145|0.0136412|0.033904|0.0283975|0.0421608|0.00176737|0.0266209|0.0481122|0.0474075|0.0483596|0.0130093,0.973537|0.954869|0.988894|0.963574|0.963898|0.951514|0.967717|0.940474|0.911658|0.99171|0.910708|0.98883,4.63983|5.26639|0.923897|5.88966|3.51107|4.90362|4.1126|4.91715|3.70937|5.60303|5.41755|4.04415,79.8117|13.9548|99.0064|59.8148|37.2729|35.0583|82.5435|90.6886|56.397|47.7013|82.9474,0.246796|0.189728|0.201409|0.18359|0.176784|0.209201|0.20461|0.194345|0.21902|0.170229|0.24308,0.338018|0.801183|0.439638|0.339058|0.943162|0.297185|0.519435|0.45102|0.533324|0.776444|0.624607,0.869523,0.801463,0.117836,0.0993652,0.460468,0.534015,0.0732846,0.487967,0.198257,0.921169,51.6436,5.43263e-12,47756,0.887486,41.1981,1.06086e-12,38445,0.895553,0.876428,0.0878307,0.631141,0.996144,0.511517,0.22039,0.459803,0.228135,0.891603,87.9902,7.64954e-10,30733,0.967162,70.4477,9.04596e-11,52512
24,204,n1->n99->n98->n57->n74->n76->n78->n44->n42->n63->n61->n51,5.37021e+09|1.57108e+10|1.8266e+13|4.14288e+09|5.8385e+13|4.21804e+13|3.25238e+10|5.26537e+13|2.42905e+09|6.55204e+12|6.44979e+11|7.46708e+11,8.19724e+08|4.21389e+09|5.99087e+12|2.05006e+09|7.35096e+12|1.15782e+13|2.30731e+10|2.86817e+13|2.47264e+08|2.63574e+12|1.30372e+11|5.06847e+11,0.000494453|0.00089026|0.000410965|0.000173612|0.000875739|1.88608e-05|0.000270955|0.000124649|8.79758e-05|0.000116235|3.71253e-05|0.000185382,0.000316017|0.000350126|0.000548485|0.00271581|0.00944671|0.00214239|0.00167497|0.00158999|0.000493531|0.00126856|0.00313588|0.00344885,0.0109342|0.0362414|0.0295222|0.0328142|0.0280357|0.00156873|0.00569443|0.0486405|0.00783732|0.0100727|0.0266048|0.0365406,0.000178506|0.0472365|0.0297366|0.0437642|0.0166219|0.0470058|0.0425349|0.00764508|0.0327962|0.0107197|0.0179693|0.0130093,0.973537|0.953794|0.959539|0.983348|0.90082|0.989289|0.92832|0.932977|0.960936|0.903245|0.958619|0.98883,4.63983|3.07459|2.95405|1.93323|0.0974208|0.578949|3.3614|2.64532|0.765875|4.68449|2.63855|4.04415,66.2586|58.4557|98.2355|95.6836|53.1277|69.3348|88.5528|21.0603|97.0433|47.0482|66.5616,0.180129|0.227784|0.190047|0.169856|0.181342|0.194827|0.200088|0.23095|0.211509|0.167884|0.171721,0.323551|0.686264|0.757428|0.815246|0.519715|0.93416|0.134865|0.399278|0.758395|0.410418|0.235817,0.869523,0.801463,0.117836,0.0993652,0.460468,0.534015,0.0732846,0.487967,0.198257,0.921169,51.6436,5.43263e-12,47756,0.887486,41.1981,1.06086e-12,38445,0.895553,0.876428,0.0878307,0.631141,0.996144,0.511517,0.22039,0.459803,0.228135,0.891603,87.9902,7.64954e-10,30733,0.967162,70.4477,9.04596e-11,52512
24,205,n1->n99->n77->n23->n83->n57->n55->n56->n54->n53->n52->n51,5.37021e+09|1.57108e+10|5.68112e+11|4.63033e+10|3.76373e+13|4.14288e+09|8.84081e+12|1.1605e+12|2.80961e+11|4.60474e+10|1.02428e+10|7.46708e+11,8.19724e+08|4.21389e+09|3.56307e+11|3.30225e+10|2.34723e+13|2.05006e+09|4.69454e+12|5.65456e+11|2.23178e+11|3.18273e+10|2.07235e+09|5.06847e+11,0.000494453|0.00089026|8.49487e-05|0.000277161|1.86087e-05|0.000173612|4.06274e-05|1.7812e-05|1.47667e-05|2.00633e-05|0.00011644|0.000185382,0.000316017|0.000350126|0.000906866|0.00418014|0.000175452|0.00271581|0.000128431|0.000830638|0.00549128|0.000509085|0.00580301|0.00344885,0.0109342|0.0362414|0.04851|0.00314906|0.015405|0.0328142|0.00843704|0.0231698|0.0334079|5.21659e-05|0.0398377|0.0365406,0.000178506|0.0472365|0.0115254|0.0470385|0.038157|0.0437642|0.0314938|0.0417641|0.00844474|0.00115664|0.0151024|0.0130093,0.973537|0.953794|0.949999|0.92176|0.947801|0.983348|0.908585|0.944528|0.927525|0.913872|0.965406|0.98883,4.63983|3.07459|0.722366|2.08786|4.11052|1.93323|3.37071|2.55597|1.22009|0.640024|0.0104102|4.04415,66.2586|96.5216|39.0733|23.518|50.003|61.5999|95.3312|42.6814|75.3264|81.3721|83.3731,0.180129|0.241387|0.178948|0.181099|0.1911|0.220389|0.167906|0.167734|0.191357|0.184589|0.197114,0.323551|0.664018|0.23533|0.741177|0.161388|0.549818|0.402595|0.927159|0.567841|0.272111|0.942894,0.869523,0.801463,0.117836,0.0993652,0.460468,0.534015,0.0732846,0.487967,0.198257,0.921169,51.6436,5.43263e-12,47756,0.887486,41.1981,1.06086e-12,38445,0.895553,0.876428,0.0878307,0.631141,0.996144,0.511517,0.22039,0.459803,0.228135,0.891603,87.9902,7.64954e-10,30733,0.967162,70.4477,9.04596e-11,52512
24,206,n1->n13->n11->n29->n31->n33->n24->n23->n77->n93->n94->n51,5.37021e+09|6.60497e+13|1.78735e+12|3.6336e+13|4.79342e+12|3.64323e+13|1.59557e+13|4.63033e+10|5.68112e+11|4.22601e+13|1.36531e+10|7.46708e+11,8.19724e+08|8.87204e+12|3.29521e+11|1.77292e+13|4.42443e+12|6.32377e+12|4.06569e+12|3.30225e+10|3.56307e+11|1.3774e+13|1.67171e+09|5.06847e+11,0.000494453|0.000787814|5.47786e-05|0.000125062|0.00024651|1.50316e-05|0.000193265|0.000277161|8.49487e-05|8.45967e-05|2.95455e-05|0.000185382,0.000316017|0.00788063|0.00652494|0.00231296|0.00308746|0.00213059|0.0012727|0.00418014|0.000906866|0.000162335|0.000125263|0.00344885,0.0109342|0.0476737|0.00125292|0.0255931|0.0211034|0.00968695|0.0433038|0.00314906|0.04851|0.0108045|0.00830448|0.0365406,0.000178506|0.00335145|0.0136412|0.00291922|0.0151027|0.0280967|0.00780618|0.0470385|0.0115254|0.0326183|0.0293842|0.0130093,0.973537|0.954869|0.988894|0.962742|0.943878|0.923653|0.90929|0.92176|0.949999|0.912097|0.927471|0.98883,4.63983|5.26639|0.923897|0.0327787|4.82496|1.04264|3.9732|2.08786|0.722366|5.92115|5.03384|4.04415,79.8117|13.9548|13.2112|70.4589|95.0453|98.0873|44.8869|39.0733|51.9256|63.1349|11.2844,0.246796|0.189728|0.219003|0.246199|0.234751|0.239791|0.161116|0.178948|0.247077|0.209804|0.200895,0.338018|0.801183|0.427028|0.415176|0.258586|0.939209|0.528582|0.23533|0.469529|0.17375|0.836539,0.869523,0.801463,0.117836,0.0993652,0.460468,0.534015,0.0732846,0.487967,0.198257,0.921169,51.6436,5.43263e-12,47756,0.887486,41.1981,1.06086e-12,38445,0.895553,0.876428,0.0878307,0.631141,0.996144,0.511517,0.22039,0.459803,0.228135,0.891603,87.9902,7.64954e-10,30733,0.967162,70.4477,9.04596e-11,52512
24,207,n1->n20->n21->n23->n83->n81->n37->n39->n10->n63->n61->n51,5.37021e+09|4.0293e+11|1.56161e+12|4.63033e+10|3.76373e+13|2.58887e+10|2.79748e+13|3.34792e+13|2.49624e+09|6.55204e+12|6.44979e+11|7.46708e+11,8.19724e+08|1.89646e+11|3.02345e+11|3.30225e+10|2.34723e+13|8.36206e+09|4.96975e+12|1.12013e+13|7.32581e+08|2.63574e+12|1.30372e+11|5.06847e+11,0.000494453|5.21063e-05|0.00096308|0.000277161|1.86087e-05|0.000268232|1.06248e-05|5.53896e-05|6.27016e-05|0.000116235|3.71253e-05|0.000185382,0.000316017|0.000368678|0.00195589|0.00418014|0.000175452|0.000752991|0.000261291|0.0025393|0.00113469|0.00126856|0.00313588|0.00344885,0.0109342|0.0108696|0.00712365|0.00314906|0.015405|0.0481357|0.0457563|0.00111942|0.00597815|0.0100727|0.0266048|0.0365406,0.000178506|0.0181411|0.0414669|0.0470385|0.038157|0.00997263|0.0105712|0.0449458|0.0245713|0.0107197|0.0179693|0.0130093,0.973537|0.923215|0.971602|0.92176|0.947801|0.948836|0.964079|0.924329|0.962416|0.903245|0.958619|0.98883,4.63983|4.79469|3.14177|2.08786|4.11052|1.5908|4.96174|1.19952|1.97158|4.68449|2.63855|4.04415,90.7492|76.7594|88.4205|23.518|78.7627|88.8597|31.554|24.4191|65.1286|47.0482|66.5616,0.215706|0.218425|0.232237|0.181099|0.170031|0.211898|0.195005|0.239532|0.203746|0.167884|0.171721,0.53635|0.515127|0.516177|0.741177|0.530775|0.430076|0.711047|0.991722|0.514129|0.410418|0.235817,0.869523,0.801463,0.117836,0.0993652,0.460468,0.534015,0.0732846,0.487967,0.198257,0.921169,51.6436,5.43263e-12,47756,0.887486,41.1981,1.06086e-12,38445,0.895553,0.876428,0.0878307,0.631141,0.996144,0.511517,0.22039,0.459803,0.228135,0.891603,87.9902,7.64954e-10,30733,0.967162,70.4477,9.04596e-11,52512
24,208,n1->n20->n18->n70->n72->n45->n47->n49->n64->n93->n94->n51,5.37021e+09|4.0293e+11|7.59179e+12|6.87309e+13|6.83442e+09|8.38488e+13|4.74236e+11|2.45005e+09|4.21034e+09|4.22601e+13|1.36531e+10|7.46708e+11,8.19724e+08|1.89646e+11|4.11836e+12|9.78332e+12|1.48353e+09|1.01787e+13|1.54765e+11|2.44458e+09|1.60867e+09|1.3774e+13|1.67171e+09|5.06847e+11,0.000494453|5.21063e-05|2.98936e-05|5.13815e-05|0.000159499|1.67225e-05|0.000202873|1.07426e-05|1.88732e-05|8.45967e-05|2.95455e-05|0.000185382,0.000316017|0.000368678|0.000681499|0.00295865|0.00384342|0.000742576|0.000266598|0.000979027|0.000135861|0.000162335|0.000125263|0.00344885,0.0109342|0.0108696|0.0192976|0.0286141|0.0479977|0.00846218|0.00898217|0.0183567|0.0266797|0.0108045|0.00830448|0.0365406,0.000178506|0.0181411|0.0120519|0.0216638|0.0299903|0.0342415|0.0488958|0.0388066|0.0436548|0.0326183|0.0293842|0.0130093,0.973537|0.923215|0.946711|0.966653|0.96924|0.934264|0.9108|0.969899|0.933821|0.912097|0.927471|0.98883,4.63983|4.79469|4.38273|4.60778|3.90463|5.31688|6.27947|3.94615|5.77568|5.92115|5.03384|4.04415,90.7492|89.2299|55.8812|97.4405|63.1262|40.979|91.8261|77.768|32.5899|63.1349|11.2844,0.215706|0.247215|0.234874|0.180102|0.243732|0.216949|0.228404|0.165457|0.178102|0.209804|0.200895,0.53635|0.652252|0.16843|0.79408|0.65643|0.317946|0.133861|0.348083|0.548301|0.17375|0.836539,0.869523,0.801463,0.117836,0.0993652,0.460468,0.534015,0.0732846,0.487967,0.198257,0.921169,51.6436,5.43263e-12,47756,0.887486,41.1981,1.06086e-12,38445,0.895553,0.876428,0.0878307,0.631141,0.996144,0.511517,0.22039,0.459803,0.228135,0.891603,87.9902,7.64954e-10,30733,0.967162,70.4477,9.04596e-11,52512
24,209,n1->n99->n97->n27->n26->n47->n49->n64->n93->n92->n94->n51,5.37021e+09|1.57108e+10|2.90604e+09|4.19351e+12|7.09351e+09|4.74236e+11|2.45005e+09|4.21034e+09|4.22601e+13|1.97334e+09|1.36531e+10|7.46708e+11,8.19724e+08|4.21389e+09|5.04144e+08|8.73344e+11|1.31666e+09|1.54765e+11|2.44458e+09|1.60867e+09|1.3774e+13|1.46451e+09|1.67171e+09|5.06847e+11,0.000494453|0.00089026|8.81202e-05|1.08528e-05|3.77967e-05|0.000202873|1.07426e-05|1.88732e-05|8.45967e-05|2.75832e-05|2.95455e-05|0.000185382,0.000316017|0.000350126|0.00494291|0.00262605|0.00522178|0.000266598|0.000979027|0.000135861|0.000162335|0.0052688|0.000125263|0.00344885,0.0109342|0.0362414|0.0381696|0.0303206|0.0101688|0.00898217|0.0183567|0.0266797|0.0108045|0.0444618|0.00830448|0.0365406,0.000178506|0.0472365|0.00800322|0.0230682|0.0409649|0.0488958|0.0388066|0.0436548|0.0326183|0.0387741|0.0293842|0.0130093,0.973537|0.953794|0.90679|0.985376|0.981638|0.9108|0.969899|0.933821|0.912097|0.987763|0.927471|0.98883,4.63983|3.07459|1.41691|4.5695|2.91399|6.27947|3.94615|5.77568|5.92115|6.03913|5.03384|4.04415,66.2586|94.4507|31.5608|67.4197|70.8805|91.8261|77.768|32.5899|61.035|13.5087|11.2844,0.180129|0.168303|0.219936|0.171162|0.189485|0.228404|0.165457|0.178102|0.21409|0.230182|0.200895,0.323551|0.263233|0.557853|0.40751|0.757042|0.133861|0.348083|0.548301|0.722832|0.731663|0.836539,0.869523,0.801463,0.117836,0.0993652,0.460468,0.534015,0.0732846,0.487967,0.198257,0.921169,51.6436,5.43263e-12,47756,0.887486,41.1981,1.06086e-12,38445,0.895553,0.876428,0.0878307,0.631141,0.996144,0.511517,0.22039,0.459803,0.228135,0.891603,87.9902,7.64954e-10,30733,0.967162,70.4477,9.04596e-11,52512
24,210,n1->n99->n97->n95->n89->n48->n50->n29->n28->n27->n52->n51,5.37021e+09|1.57108e+10|2.90604e+09|1.05601e+11|2.68119e+11|3.98001e+12|2.36425e+09|3.6336e+13|1.34247e+11|4.19351e+12|1.02428e+10|7.46708e+11,8.19724e+08|4.21389e+09|5.04144e+08|5.46554e+10|9.23423e+10|1.69514e+12|4.07889e+08|1.77292e+13|1.51805e+10|8.73344e+11|2.07235e+09|5.06847e+11,0.000494453|0.00089026|8.81202e-05|0.000260968|3.55201e-05|4.78153e-05|1.54283e-05|0.000125062|0.00056516|1.08528e-05|0.00011644|0.000185382,0.000316017|0.000350126|0.00494291|0.000186877|0.000111435|0.00544009|0.00907722|0.00231296|0.0093172|0.00262605|0.00580301|0.00344885,0.0109342|0.0362414|0.0381696|0.00282907|0.0107812|0.0455031|0.00638914|0.0255931|0.0317261|0.0303206|0.0398377|0.0365406,0.000178506|0.0472365|0.00800322|0.0420997|0.0401575|0.0360942|0.0483596|0.00291922|0.03841|0.0230682|0.0151024|0.0130093,0.973537|0.953794|0.90679|0.966581|0.926416|0.967439|0.910708|0.962742|0.948072|0.985376|0.965406|0.98883,4.63983|3.07459|1.41691|1.09944|0.0868458|3.09858|5.41755|0.0327787|1.48687|4.5695|0.0104102|4.04415,66.2586|94.4507|11.8968|11.8194|94.0077|23.5956|37.0378|18.7034|23.5709|46.2248|83.3731,0.180129|0.168303|0.228013|0.168449|0.234363|0.191801|0.191256|0.249902|0.207151|0.183493|0.197114,0.323551|0.263233|0.342677|0.776387|0.948873|0.688345|0.182586|0.259002|0.340196|0.657987|0.942894,0.869523,0.801463,0.117836,0.0993652,0.460468,0.534015,0.0732846,0.487967,0.198257,0.921169,51.6436,5.43263e-12,47756,0.887486,41.1981,1.06086e-12,38445,0.895553,0.876428,0.0878307,0.631141,0.996144,0.511517,0.22039,0.459803,0.228135,0.891603,87.9902,7.64954e-10,30733,0.967162,70.4477,9.04596e-11,52512
24,211,n1->n99->n97->n27->n4->n75->n71->n24->n26->n47->n49->n51,5.37021e+09|1.57108e+10|2.90604e+09|4.19351e+12|7.07339e+12|8.71921e+10|7.70008e+11|1.59557e+13|7.09351e+09|4.74236e+11|2.45005e+09|7.46708e+11,8.19724e+08|4.21389e+09|5.04144e+08|8.73344e+11|2.43435e+12|5.29113e+10|1.60546e+11|4.06569e+12|1.31666e+09|1.54765e+11|2.44458e+09|5.06847e+11,0.000494453|0.00089026|8.81202e-05|1.08528e-05|0.000113681|0.000766915|0.00017279|0.000193265|3.77967e-05|0.000202873|1.07426e-05|0.000185382,0.000316017|0.000350126|0.00494291|0.00262605|0.00198341|0.000203965|0.00123164|0.0012727|0.00522178|0.000266598|0.000979027|0.00344885,0.0109342|0.0362414|0.0381696|0.0303206|0.0350273|0.0243876|0.0398828|0.0433038|0.0101688|0.00898217|0.0183567|0.0365406,0.000178506|0.0472365|0.00800322|0.0230682|0.0273051|0.0250863|0.0326729|0.00780618|0.0409649|0.0488958|0.0388066|0.0130093,0.973537|0.953794|0.90679|0.985376|0.917619|0.936129|0.947193|0.90929|0.981638|0.9108|0.969899|0.98883,4.63983|3.07459|1.41691|4.5695|1.56082|3.39264|0.117525|3.9732|2.91399|6.27947|3.94615|4.04415,66.2586|94.4507|31.5608|52.1141|81.7362|14.5634|44.1502|83.4704|70.8805|91.8261|10.4661,0.180129|0.168303|0.219936|0.184605|0.218556|0.169453|0.204574|0.216464|0.189485|0.228404|0.216931,0.323551|0.263233|0.557853|0.200735|0.847503|0.275247|0.45026|0.583168|0.757042|0.133861|0.516407,0.869523,0.801463,0.117836,0.0993652,0.460468,0.534015,0.0732846,0.487967,0.198257,0.921169,51.6436,5.43263e-12,47756,0.887486,41.1981,1.06086e-12,38445,0.895553,0.876428,0.0878307,0.631141,0.996144,0.511517,0.22039,0.459803,0.228135,0.891603,87.9902,7.64954e-10,30733,0.967162,70.4477,9.04596e-11,52512
24,212,n1->n13->n14->n96->n20->n21->n22->n68->n58->n59->n50->n51,5.37021e+09|6.60497e+13|3.70261e+10|2.51165e+12|4.0293e+11|1.56161e+12|1.47e+10|1.31753e+09|8.16696e+09|3.04563e+11|2.36425e+09|7.46708e+11,8.19724e+08|8.87204e+12|1.44234e+10|5.36324e+11|1.89646e+11|3.02345e+11|9.51029e+09|3.10679e+08|6.89506e+09|3.06423e+10|4.07889e+08|5.06847e+11,0.000494453|0.000787814|3.25754e-05|1.2987e-05|5.21063e-05|0.00096308|1.77434e-05|0.000223952|0.000266735|2.43107e-05|1.54283e-05|0.000185382,0.000316017|0.00788063|0.000181646|0.000286765|0.000368678|0.00195589|0.0006856|0.00843573|0.00874893|0.000202742|0.00907722|0.00344885,0.0109342|0.0476737|0.0426128|0.0377902|0.0108696|0.00712365|0.0408661|0.0370095|0.0248478|0.00304046|0.00638914|0.0365406,0.000178506|0.00335145|0.049061|0.0195364|0.0181411|0.0414669|0.040072|0.00589983|0.0481122|0.0474075|0.0483596|0.0130093,0.973537|0.954869|0.906626|0.951762|0.923215|0.971602|0.95984|0.984554|0.911658|0.99171|0.910708|0.98883,4.63983|5.26639|0.762282|0.85792|4.79469|3.14177|0.048646|5.26958|3.70937|5.60303|5.41755|4.04415,79.8117|92.5451|54.7186|58.7029|76.7594|55.6995|15.3326|56.905|56.397|47.7013|82.9474,0.246796|0.191459|0.208433|0.201188|0.218425|0.206062|0.236297|0.185169|0.21902|0.170229|0.24308,0.338018|0.161307|0.448351|0.666395|0.515127|0.677391|0.655447|0.476138|0.533324|0.776444|0.624607,0.869523,0.801463,0.117836,0.0993652,0.460468,0.534015,0.0732846,0.487967,0.198257,0.921169,51.6436,5.43263e-12,47756,0.887486,41.1981,1.06086e-12,38445,0.895553,0.876428,0.0878307,0.631141,0.996144,0.511517,0.22039,0.459803,0.228135,0.891603,87.9902,7.64954e-10,30733,0.967162,70.4477,9.04596e-11,52512
24,213,n1->n99->n98->n57->n55->n56->n54->n73->n10->n63->n61->n51,5.37021e+09|1.57108e+10|1.8266e+13|4.14288e+09|8.84081e+12|1.1605e+12|2.80961e+11|1.41706e+11|2.49624e+09|6.55204e+12|6.44979e+11|7.46708e+11,8.19724e+08|4.21389e+09|5.99087e+12|2.05006e+09|4.69454e+12|5.65456e+11|2.23178e+11|5.76853e+10|7.32581e+08|2.63574e+12|1.30372e+11|5.06847e+11,0.000494453|0.00089026|0.000410965|0.000173612|4.06274e-05|1.7812e-05|1.47667e-05|6.32916e-05|6.27016e-05|0.000116235|3.71253e-05|0.000185382,0.000316017|0.000350126|0.000548485|0.00271581|0.000128431|0.000830638|0.00549128|0.000807753|0.00113469|0.00126856|0.00313588|0.00344885,0.0109342|0.0362414|0.0295222|0.0328142|0.00843704|0.0231698|0.0334079|0.0455502|0.00597815|0.0100727|0.0266048|0.0365406,0.000178506|0.0472365|0.0297366|0.0437642|0.0314938|0.0417641|0.00844474|0.028193|0.0245713|0.0107197|0.0179693|0.0130093,0.973537|0.953794|0.959539|0.983348|0.908585|0.944528|0.927525|0.909539|0.962416|0.903245|0.958619|0.98883,4.63983|3.07459|2.95405|1.93323|3.37071|2.55597|1.22009|3.29092|1.97158|4.68449|2.63855|4.04415,66.2586|58.4557|98.2355|61.5999|95.3312|42.6814|26.1465|29.3778|65.1286|47.0482|66.5616,0.180129|0.227784|0.190047|0.220389|0.167906|0.167734|0.196311|0.202302|0.203746|0.167884|0.171721,0.323551|0.686264|0.757428|0.549818|0.402595|0.927159|0.754315|0.747283|0.514129|0.410418|0.235817,0.869523,0.801463,0.117836,0.0993652,0.460468,0.534015,0.0732846,0.487967,0.198257,0.921169,51.6436,5.43263e-12,47756,0.887486,41.1981,1.06086e-12,38445,0.895553,0.876428,0.0878307,0.631141,0.996144,0.511517,0.22039,0.459803,0.228135,0.891603,87.9902,7.64954e-10,30733,0.967162,70.4477,9.04596e-11,52512
24,214,n1->n99->n98->n57->n74->n22->n21->n67->n64->n62->n61->n51,5.37021e+09|1.57108e+10|1.8266e+13|4.14288e+09|5.8385e+13|1.47e+10|1.56161e+12|4.7483e+09|4.21034e+09|2.37342e+11|6.44979e+11|7.46708e+11,8.19724e+08|4.21389e+09|5.99087e+12|2.05006e+09|7.35096e+12|9.51029e+09|3.02345e+11|7.5553e+08|1.60867e+09|1.13053e+11|1.30372e+11|5.06847e+11,0.000494453|0.00089026|0.000410965|0.000173612|0.000875739|1.77434e-05|0.00096308|3.91885e-05|1.88732e-05|8.24006e-05|3.71253e-05|0.000185382,0.000316017|0.000350126|0.000548485|0.00271581|0.00944671|0.0006856|0.00195589|0.000640186|0.000135861|0.00794111|0.00313588|0.00344885,0.0109342|0.0362414|0.0295222|0.0328142|0.0280357|0.0408661|0.00712365|0.029632|0.0266797|0.0242596|0.0266048|0.0365406,0.000178506|0.0472365|0.0297366|0.0437642|0.0166219|0.040072|0.0414669|0.0482082|0.0436548|0.0480911|0.0179693|0.0130093,0.973537|0.953794|0.959539|0.983348|0.90082|0.95984|0.971602|0.924883|0.933821|0.98053|0.958619|0.98883,4.63983|3.07459|2.95405|1.93323|0.0974208|0.048646|3.14177|2.06342|5.77568|5.59786|2.63855|4.04415,66.2586|58.4557|98.2355|95.6836|63.8366|55.6995|42.5138|95.5844|93.0484|89.0369|66.5616,0.180129|0.227784|0.190047|0.169856|0.241428|0.206062|0.197352|0.248978|0.176232|0.198053|0.171721,0.323551|0.686264|0.757428|0.815246|0.480684|0.677391|0.602799|0.480161|0.182879|0.704733|0.235817,0.869523,0.801463,0.117836,0.0993652,0.460468,0.534015,0.0732846,0.487967,0.198257,0.921169,51.6436,5.43263e-12,47756,0.887486,41.1981,1.06086e-12,38445,0.895553,0.876428,0.0878307,0.631141,0.996144,0.511517,0.22039,0.459803,0.228135,0.891603,87.9902,7.64954e-10,30733,0.967162,70.4477,9.04596e-11,52512
24,215,n1->n13->n12->n6->n33->n35->n74->n57->n55->n53->n52->n51,5.37021e+09|6.60497e+13|9.70597e+10|1.14208e+09|3.64323e+13|5.77859e+11|5.8385e+13|4.14288e+09|8.84081e+12|4.60474e+10|1.02428e+10|7.46708e+11,8.19724e+08|8.87204e+12|2.76143e+10|2.20459e+08|6.32377e+12|4.88834e+11|7.35096e+12|2.05006e+09|4.69454e+12|3.18273e+10|2.07235e+09|5.06847e+11,0.000494453|0.000787814|0.000201974|1.08483e-05|1.50316e-05|0.000412952|0.000875739|0.000173612|4.06274e-05|2.00633e-05|0.00011644|0.000185382,0.000316017|0.00788063|0.0016732|0.00010157|0.00213059|0.00138752|0.00944671|0.00271581|0.000128431|0.000509085|0.00580301|0.00344885,0.0109342|0.0476737|0.0313381|0.00160082|0.00968695|0.00215298|0.0280357|0.0328142|0.00843704|5.21659e-05|0.0398377|0.0365406,0.000178506|0.00335145|0.0470205|0.0260762|0.0280967|0.0375959|0.0166219|0.0437642|0.0314938|0.00115664|0.0151024|0.0130093,0.973537|0.954869|0.937315|0.908628|0.923653|0.952159|0.90082|0.983348|0.908585|0.913872|0.965406|0.98883,4.63983|5.26639|3.07758|5.01633|1.04264|5.24666|0.0974208|1.93323|3.37071|0.640024|0.0104102|4.04415,79.8117|56.34|32.9383|50.0569|93.5115|67.7415|95.6836|61.5999|30.3781|81.3721|83.3731,0.246796|0.206669|0.230728|0.19306|0.242679|0.161632|0.169856|0.220389|0.207992|0.184589|0.197114,0.338018|0.285239|0.628307|0.116472|0.487093|0.301798|0.815246|0.549818|0.646488|0.272111|0.942894,0.869523,0.801463,0.117836,0.0993652,0.460468,0.534015,0.0732846,0.487967,0.198257,0.921169,51.6436,5.43263e-12,47756,0.887486,41.1981,1.06086e-12,38445,0.895553,0.876428,0.0878307,0.631141,0.996144,0.511517,0.22039,0.459803,0.228135,0.891603,87.9902,7.64954e-10,30733,0.967162,70.4477,9.04596e-11,52512
24,216,n1->n99->n98->n57->n55->n56->n84->n83->n85->n65->n52->n51,5.37021e+09|1.57108e+10|1.8266e+13|4.14288e+09|8.84081e+12|1.1605e+12|1.07392e+09|3.76373e+13|2.02447e+09|1.12599e+09|1.02428e+10|7.46708e+11,8.19724e+08|4.21389e+09|5.99087e+12|2.05006e+09|4.69454e+12|5.65456e+11|9.00899e+08|2.34723e+13|2.41326e+08|3.2906e+08|2.07235e+09|5.06847e+11,0.000494453|0.00089026|0.000410965|0.000173612|4.06274e-05|1.7812e-05|2.14473e-05|1.86087e-05|2.04325e-05|1.96575e-05|0.00011644|0.000185382,0.000316017|0.000350126|0.000548485|0.00271581|0.000128431|0.000830638|0.000434313|0.000175452|0.000338175|0.000428116|0.00580301|0.00344885,0.0109342|0.0362414|0.0295222|0.0328142|0.00843704|0.0231698|0.0473575|0.015405|0.0354515|0.00118659|0.0398377|0.0365406,0.000178506|0.0472365|0.0297366|0.0437642|0.0314938|0.0417641|0.0366447|0.038157|0.0266209|0.00176737|0.0151024|0.0130093,0.973537|0.953794|0.959539|0.983348|0.908585|0.944528|0.948551|0.947801|0.940474|0.967717|0.965406|0.98883,4.63983|3.07459|2.95405|1.93323|3.37071|2.55597|5.42186|4.11052|4.91715|4.1126|0.0104102|4.04415,66.2586|58.4557|98.2355|61.5999|95.3312|34.4372|20.1884|92.2019|82.5435|56.1703|83.3731,0.180129|0.227784|0.190047|0.220389|0.167906|0.222961|0.246081|0.231254|0.20461|0.247907|0.197114,0.323551|0.686264|0.757428|0.549818|0.402595|0.762891|0.599197|0.604504|0.519435|0.827328|0.942894,0.869523,0.801463,0.117836,0.0993652,0.460468,0.534015,0.0732846,0.487967,0.198257,0.921169,51.6436,5.43263e-12,47756,0.887486,41.1981,1.06086e-12,38445,0.895553,0.876428,0.0878307,0.631141,0.996144,0.511517,0.22039,0.459803,0.228135,0.891603,87.9902,7.64954e-10,30733,0.967162,70.4477,9.04596e-11,52512
24,217,n1->n13->n11->n9->n10->n63->n82->n95->n97->n96->n94->n51,5.37021e+09|6.60497e+13|1.78735e+12|1.49139e+12|2.49624e+09|6.55204e+12|1.07979e+13|1.05601e+11|2.90604e+09|2.51165e+12|1.36531e+10|7.46708e+11,8.19724e+08|8.87204e+12|3.29521e+11|3.79906e+11|7.32581e+08|2.63574e+12|1.66379e+12|5.46554e+10|5.04144e+08|5.36324e+11|1.67171e+09|5.06847e+11,0.000494453|0.000787814|5.47786e-05|1.80008e-05|6.27016e-05|0.000116235|0.000837919|0.000260968|8.81202e-05|1.2987e-05|2.95455e-05|0.000185382,0.000316017|0.00788063|0.00652494|0.00065196|0.00113469|0.00126856|0.00271152|0.000186877|0.00494291|0.000286765|0.000125263|0.00344885,0.0109342|0.0476737|0.00125292|0.0140743|0.00597815|0.0100727|0.0278433|0.00282907|0.0381696|0.0377902|0.00830448|0.0365406,0.000178506|0.00335145|0.0136412|0.033904|0.0245713|0.0107197|0.0266174|0.0420997|0.00800322|0.0195364|0.0293842|0.0130093,0.973537|0.954869|0.988894|0.963574|0.962416|0.903245|0.934435|0.966581|0.90679|0.951762|0.927471|0.98883,4.63983|5.26639|0.923897|5.88966|1.97158|4.68449|0.132111|1.09944|1.41691|0.85792|5.03384|4.04415,79.8117|13.9548|99.0064|65.9961|65.1286|48.6997|75.699|11.8968|37.9513|71.0086|11.2844,0.246796|0.189728|0.201409|0.193896|0.203746|0.175742|0.21275|0.228013|0.246589|0.230021|0.200895,0.338018|0.801183|0.439638|0.982181|0.514129|0.4301|0.837867|0.342677|0.157157|0.131268|0.836539,0.869523,0.801463,0.117836,0.0993652,0.460468,0.534015,0.0732846,0.487967,0.198257,0.921169,51.6436,5.43263e-12,47756,0.887486,41.1981,1.06086e-12,38445,0.895553,0.876428,0.0878307,0.631141,0.996144,0.511517,0.22039,0.459803,0.228135,0.891603,87.9902,7.64954e-10,30733,0.967162,70.4477,9.04596e-11,52512
24,218,n1->n20->n19->n18->n70->n72->n77->n93->n64->n65->n52->n51,5.37021e+09|4.0293e+11|2.47533e+11|7.59179e+12|6.87309e+13|6.83442e+09|5.68112e+11|4.22601e+13|4.21034e+09|1.12599e+09|1.02428e+10|7.46708e+11,8.19724e+08|1.89646e+11|2.33399e+11|4.11836e+12|9.78332e+12|1.48353e+09|3.56307e+11|1.3774e+13|1.60867e+09|3.2906e+08|2.07235e+09|5.06847e+11,0.000494453|5.21063e-05|0.000261527|2.98936e-05|5.13815e-05|0.000159499|8.49487e-05|8.45967e-05|1.88732e-05|1.96575e-05|0.00011644|0.000185382,0.000316017|0.000368678|0.000768065|0.000681499|0.00295865|0.00384342|0.000906866|0.000162335|0.000135861|0.000428116|0.00580301|0.00344885,0.0109342|0.0108696|0.0201979|0.0192976|0.0286141|0.0479977|0.04851|0.0108045|0.0266797|0.00118659|0.0398377|0.0365406,0.000178506|0.0181411|0.0291803|0.0120519|0.0216638|0.0299903|0.0115254|0.0326183|0.0436548|0.00176737|0.0151024|0.0130093,0.973537|0.923215|0.941018|0.946711|0.966653|0.96924|0.949999|0.912097|0.933821|0.967717|0.965406|0.98883,4.63983|4.79469|1.39448|4.38273|4.60778|3.90463|0.722366|5.92115|5.77568|4.1126|0.0104102|4.04415,90.7492|86.2435|34.0839|55.8812|97.4405|92.3918|51.9256|32.5899|56.7563|56.1703|83.3731,0.215706|0.182991|0.248409|0.234874|0.180102|0.167022|0.247077|0.178102|0.186349|0.247907|0.197114,0.53635|0.182796|0.983209|0.16843|0.79408|0.776051|0.469529|0.548301|0.927837|0.827328|0.942894,0.869523,0.801463,0.117836,0.0993652,0.460468,0.534015,0.0732846,0.487967,0.198257,0.921169,51.6436,5.43263e-12,47756,0.887486,41.1981,1.06086e-12,38445,0.895553,0.876428,0.0878307,0.631141,0.996144,0.511517,0.22039,0.459803,0.228135,0.891603,87.9902,7.64954e-10,30733,0.967162,70.4477,9.04596e-11,52512
24,219,n1->n20->n96->n14->n12->n13->n11->n9->n10->n63->n61->n51,5.37021e+09|4.0293e+11|2.51165e+12|3.70261e+10|9.70597e+10|6.60497e+13|1.78735e+12|1.49139e+12|2.49624e+09|6.55204e+12|6.44979e+11|7.46708e+11,8.19724e+08|1.89646e+11|5.36324e+11|1.44234e+10|2.76143e+10|8.87204e+12|3.29521e+11|3.79906e+11|7.32581e+08|2.63574e+12|1.30372e+11|5.06847e+11,0.000494453|5.21063e-05|1.2987e-05|3.25754e-05|0.000201974|0.000787814|5.47786e-05|1.80008e-05|6.27016e-05|0.000116235|3.71253e-05|0.000185382,0.000316017|0.000368678|0.000286765|0.000181646|0.0016732|0.00788063|0.00652494|0.00065196|0.00113469|0.00126856|0.00313588|0.00344885,0.0109342|0.0108696|0.0377902|0.0426128|0.0313381|0.0476737|0.00125292|0.0140743|0.00597815|0.0100727|0.0266048|0.0365406,0.000178506|0.0181411|0.0195364|0.049061|0.0470205|0.00335145|0.0136412|0.033904|0.0245713|0.0107197|0.0179693|0.0130093,0.973537|0.923215|0.951762|0.906626|0.937315|0.954869|0.988894|0.963574|0.962416|0.903245|0.958619|0.98883,4.63983|4.79469|0.85792|0.762282|3.07758|5.26639|0.923897|5.88966|1.97158|4.68449|2.63855|4.04415,90.7492|58.7029|54.7186|51.9585|56.34|13.9548|99.0064|65.9961|65.1286|47.0482|66.5616,0.215706|0.201188|0.208433|0.222459|0.206669|0.189728|0.201409|0.193896|0.203746|0.167884|0.171721,0.53635|0.666395|0.448351|0.326911|0.285239|0.801183|0.439638|0.982181|0.514129|0.410418|0.235817,0.869523,0.801463,0.117836,0.0993652,0.460468,0.534015,0.0732846,0.487967,0.198257,0.921169,51.6436,5.43263e-12,47756,0.887486,41.1981,1.06086e-12,38445,0.895553,0.876428,0.0878307,0.631141,0.996144,0.511517,0.22039,0.459803,0.228135,0.891603,87.9902,7.64954e-10,30733,0.967162,70.4477,9.04596e-11,52512
24,220,n1->n13->n14->n12->n6->n33->n32->n31->n30->n29->n50->n51,5.37021e+09|6.60497e+13|3.70261e+10|9.70597e+10|1.14208e+09|3.64323e+13|1.78367e+12|4.79342e+12|1.26395e+10|3.6336e+13|2.36425e+09|7.46708e+11,8.19724e+08|8.87204e+12|1.44234e+10|2.76143e+10|2.20459e+08|6.32377e+12|1.05491e+12|4.42443e+12|1.81012e+09|1.77292e+13|4.07889e+08|5.06847e+11,0.000494453|0.000787814|3.25754e-05|0.000201974|1.08483e-05|1.50316e-05|0.000179959|0.00024651|4.789e-05|0.000125062|1.54283e-05|0.000185382,0.000316017|0.00788063|0.000181646|0.0016732|0.00010157|0.00213059|0.00292552|0.00308746|0.00655588|0.00231296|0.00907722|0.00344885,0.0109342|0.0476737|0.0426128|0.0313381|0.00160082|0.00968695|0.00778345|0.0211034|0.00398508|0.0255931|0.00638914|0.0365406,0.000178506|0.00335145|0.049061|0.0470205|0.0260762|0.0280967|0.0161829|0.0151027|0.0178703|0.00291922|0.0483596|0.0130093,0.973537|0.954869|0.906626|0.937315|0.908628|0.923653|0.953313|0.943878|0.972158|0.962742|0.910708|0.98883,4.63983|5.26639|0.762282|3.07758|5.01633|1.04264|0.10397|4.82496|5.42296|0.0327787|5.41755|4.04415,79.8117|92.5451|51.9585|32.9383|50.0569|61.2747|86.0567|88.6669|29.3504|37.0378|82.9474,0.246796|0.191459|0.222459|0.230728|0.19306|0.208144|0.16799|0.215598|0.179657|0.191256|0.24308,0.338018|0.161307|0.326911|0.628307|0.116472|0.704271|0.799966|0.123891|0.887943|0.182586|0.624607,0.869523,0.801463,0.117836,0.0993652,0.460468,0.534015,0.0732846,0.487967,0.198257,0.921169,51.6436,5.43263e-12,47756,0.887486,41.1981,1.06086e-12,38445,0.895553,0.876428,0.0878307,0.631141,0.996144,0.511517,0.22039,0.459803,0.228135,0.891603,87.9902,7.64954e-10,30733,0.967162,70.4477,9.04596e-11,52512
24,221,n1->n99->n77->n72->n73->n71->n24->n26->n25->n27->n52->n51,5.37021e+09|1.57108e+10|5.68112e+11|6.83442e+09|1.41706e+11|7.70008e+11|1.59557e+13|7.09351e+09|1.67189e+13|4.19351e+12|1.02428e+10|7.46708e+11,8.19724e+08|4.21389e+09|3.56307e+11|1.48353e+09|5.76853e+10|1.60546e+11|4.06569e+12|1.31666e+09|1.40059e+13|8.73344e+11|2.07235e+09|5.06847e+11,0.000494453|0.00089026|8.49487e-05|0.000159499|6.32916e-05|0.00017279|0.000193265|3.77967e-05|6.30741e-05|1.08528e-05|0.00011644|0.000185382,0.000316017|0.000350126|0.000906866|0.00384342|0.000807753|0.00123164|0.0012727|0.00522178|0.00294926|0.00262605|0.00580301|0.00344885,0.0109342|0.0362414|0.04851|0.0479977|0.0455502|0.0398828|0.0433038|0.0101688|0.0195393|0.0303206|0.0398377|0.0365406,0.000178506|0.0472365|0.0115254|0.0299903|0.028193|0.0326729|0.00780618|0.0409649|0.0159438|0.0230682|0.0151024|0.0130093,0.973537|0.953794|0.949999|0.96924|0.909539|0.947193|0.90929|0.981638|0.9023|0.985376|0.965406|0.98883,4.63983|3.07459|0.722366|3.90463|3.29092|0.117525|3.9732|2.91399|1.57149|4.5695|0.0104102|4.04415,66.2586|96.5216|92.3918|29.1617|28.2621|44.1502|83.4704|63.0993|64.4551|46.2248|83.3731,0.180129|0.241387|0.167022|0.178937|0.242769|0.204574|0.216464|0.228799|0.242248|0.183493|0.197114,0.323551|0.664018|0.776051|0.920295|0.940077|0.45026|0.583168|0.359402|0.837222|0.657987|0.942894,0.869523,0.801463,0.117836,0.0993652,0.460468,0.534015,0.0732846,0.487967,0.198257,0.921169,51.6436,5.43263e-12,47756,0.887486,41.1981,1.06086e-12,38445,0.895553,0.876428,0.0878307,0.631141,0.996144,0.511517,0.22039,0.459803,0.228135,0.891603,87.9902,7.64954e-10,30733,0.967162,70.4477,9.04596e-11,52512
24,222,n1->n20->n19->n68->n66->n32->n30->n31->n29->n27->n52->n51,5.37021e+09|4.0293e+11|2.47533e+11|1.31753e+09|1.10072e+10|1.78367e+12|1.26395e+10|4.79342e+12|3.6336e+13|4.19351e+12|1.02428e+10|7.46708e+11,8.19724e+08|1.89646e+11|2.33399e+11|3.10679e+08|8.7665e+09|1.05491e+12|1.81012e+09|4.42443e+12|1.77292e+13|8.73344e+11|2.07235e+09|5.06847e+11,0.000494453|5.21063e-05|0.000261527|0.000223952|0.000237659|0.000179959|4.789e-05|0.00024651|0.000125062|1.08528e-05|0.00011644|0.000185382,0.000316017|0.000368678|0.000768065|0.00843573|0.000470269|0.00292552|0.00655588|0.00308746|0.00231296|0.00262605|0.00580301|0.00344885,0.0109342|0.0108696|0.0201979|0.0370095|0.0203827|0.00778345|0.00398508|0.0211034|0.0255931|0.0303206|0.0398377|0.0365406,0.000178506|0.0181411|0.0291803|0.00589983|0.0146278|0.0161829|0.0178703|0.0151027|0.00291922|0.0230682|0.0151024|0.0130093,0.973537|0.923215|0.941018|0.984554|0.978907|0.953313|0.972158|0.943878|0.962742|0.985376|0.965406|0.98883,4.63983|4.79469|1.39448|5.26958|3.10364|0.10397|5.42296|4.82496|0.0327787|4.5695|0.0104102|4.04415,90.7492|86.2435|67.5745|70.8824|27.3217|69.5993|88.6669|70.4589|49.6282|46.2248|83.3731,0.215706|0.182991|0.2055|0.16183|0.199785|0.204659|0.215598|0.246199|0.180772|0.183493|0.197114,0.53635|0.182796|0.968257|0.215539|0.769012|0.237533|0.123891|0.415176|0.511755|0.657987|0.942894,0.869523,0.801463,0.117836,0.0993652,0.460468,0.534015,0.0732846,0.487967,0.198257,0.921169,51.6436,5.43263e-12,47756,0.887486,41.1981,1.06086e-12,38445,0.895553,0.876428,0.0878307,0.631141,0.996144,0.511517,0.22039,0.459803,0.228135,0.891603,87.9902,7.64954e-10,30733,0.967162,70.4477,9.04596e-11,52512
24,223,n1->n13->n15->n29->n27->n97->n99->n77->n93->n92->n94->n51,5.37021e+09|6.60497e+13|8.77071e+11|3.6336e+13|4.19351e+12|2.90604e+09|1.57108e+10|5.68112e+11|4.22601e+13|1.97334e+09|1.36531e+10|7.46708e+11,8.19724e+08|8.87204e+12|1.06991e+11|1.77292e+13|8.73344e+11|5.04144e+08|4.21389e+09|3.56307e+11|1.3774e+13|1.46451e+09|1.67171e+09|5.06847e+11,0.000494453|0.000787814|0.000182949|0.000125062|1.08528e-05|8.81202e-05|0.00089026|8.49487e-05|8.45967e-05|2.75832e-05|2.95455e-05|0.000185382,0.000316017|0.00788063|0.00274771|0.00231296|0.00262605|0.00494291|0.000350126|0.000906866|0.000162335|0.0052688|0.000125263|0.00344885,0.0109342|0.0476737|0.0207315|0.0255931|0.0303206|0.0381696|0.0362414|0.04851|0.0108045|0.0444618|0.00830448|0.0365406,0.000178506|0.00335145|0.0378122|0.00291922|0.0230682|0.00800322|0.0472365|0.0115254|0.0326183|0.0387741|0.0293842|0.0130093,0.973537|0.954869|0.910795|0.962742|0.985376|0.90679|0.953794|0.949999|0.912097|0.987763|0.927471|0.98883,4.63983|5.26639|1.89272|0.0327787|4.5695|1.41691|3.07459|0.722366|5.92115|6.03913|5.03384|4.04415,79.8117|66.6304|32.2763|49.6282|31.5608|94.4507|96.5216|51.9256|61.035|13.5087|11.2844,0.246796|0.179788|0.240047|0.180772|0.219936|0.168303|0.241387|0.247077|0.21409|0.230182|0.200895,0.338018|0.275394|0.895675|0.511755|0.557853|0.263233|0.664018|0.469529|0.722832|0.731663|0.836539,0.869523,0.801463,0.117836,0.0993652,0.460468,0.534015,0.0732846,0.487967,0.198257,0.921169,51.6436,5.43263e-12,47756,0.887486,41.1981,1.06086e-12,38445,0.895553,0.876428,0.0878307,0.631141,0.996144,0.511517,0.22039,0.459803,0.228135,0.891603,87.9902,7.64954e-10,30733,0.967162,70.4477,9.04596e-11,52512
24,224,n1->n13->n11->n29->n27->n52->n65->n85->n58->n59->n50->n51,5.37021e+09|6.60497e+13|1.78735e+12|3.6336e+13|4.19351e+12|1.02428e+10|1.12599e+09|2.02447e+09|8.16696e+09|3.04563e+11|2.36425e+09|7.46708e+11,8.19724e+08|8.87204e+12|3.29521e+11|1.77292e+13|8.73344e+11|2.07235e+09|3.2906e+08|2.41326e+08|6.89506e+09|3.06423e+10|4.07889e+08|5.06847e+11,0.000494453|0.000787814|5.47786e-05|0.000125062|1.08528e-05|0.00011644|1.96575e-05|2.04325e-05|0.000266735|2.43107e-05|1.54283e-05|0.000185382,0.000316017|0.00788063|0.00652494|0.00231296|0.00262605|0.00580301|0.000428116|0.000338175|0.00874893|0.000202742|0.00907722|0.00344885,0.0109342|0.0476737|0.00125292|0.0255931|0.0303206|0.0398377|0.00118659|0.0354515|0.0248478|0.00304046|0.00638914|0.0365406,0.000178506|0.00335145|0.0136412|0.00291922|0.0230682|0.0151024|0.00176737|0.0266209|0.0481122|0.0474075|0.0483596|0.0130093,0.973537|0.954869|0.988894|0.962742|0.985376|0.965406|0.967717|0.940474|0.911658|0.99171|0.910708|0.98883,4.63983|5.26639|0.923897|0.0327787|4.5695|0.0104102|4.1126|4.91715|3.70937|5.60303|5.41755|4.04415,79.8117|13.9548|13.2112|49.6282|46.2248|56.1703|82.5435|90.6886|56.397|47.7013|82.9474,0.246796|0.189728|0.219003|0.180772|0.183493|0.247907|0.20461|0.194345|0.21902|0.170229|0.24308,0.338018|0.801183|0.427028|0.511755|0.657987|0.827328|0.519435|0.45102|0.533324|0.776444|0.624607,0.869523,0.801463,0.117836,0.0993652,0.460468,0.534015,0.0732846,0.487967,0.198257,0.921169,51.6436,5.43263e-12,47756,0.887486,41.1981,1.06086e-12,38445,0.895553,0.876428,0.0878307,0.631141,0.996144,0.511517,0.22039,0.459803,0.228135,0.891603,87.9902,7.64954e-10,30733,0.967162,70.4477,9.04596e-11,52512
24,225,n1->n99->n77->n72->n73->n10->n8->n12->n14->n96->n94->n51,5.37021e+09|1.57108e+10|5.68112e+11|6.83442e+09|1.41706e+11|2.49624e+09|4.61239e+13|9.70597e+10|3.70261e+10|2.51165e+12|1.36531e+10|7.46708e+11,8.19724e+08|4.21389e+09|3.56307e+11|1.48353e+09|5.76853e+10|7.32581e+08|1.04208e+13|2.76143e+10|1.44234e+10|5.36324e+11|1.67171e+09|5.06847e+11,0.000494453|0.00089026|8.49487e-05|0.000159499|6.32916e-05|6.27016e-05|6.6054e-05|0.000201974|3.25754e-05|1.2987e-05|2.95455e-05|0.000185382,0.000316017|0.000350126|0.000906866|0.00384342|0.000807753|0.00113469|0.00522046|0.0016732|0.000181646|0.000286765|0.000125263|0.00344885,0.0109342|0.0362414|0.04851|0.0479977|0.0455502|0.00597815|0.0318744|0.0313381|0.0426128|0.0377902|0.00830448|0.0365406,0.000178506|0.0472365|0.0115254|0.0299903|0.028193|0.0245713|0.0483133|0.0470205|0.049061|0.0195364|0.0293842|0.0130093,0.973537|0.953794|0.949999|0.96924|0.909539|0.962416|0.975256|0.937315|0.906626|0.951762|0.927471|0.98883,4.63983|3.07459|0.722366|3.90463|3.29092|1.97158|3.22282|3.07758|0.762282|0.85792|5.03384|4.04415,66.2586|96.5216|92.3918|29.1617|29.3778|99.595|81.3396|51.9585|54.7186|71.0086|11.2844,0.180129|0.241387|0.167022|0.178937|0.202302|0.184434|0.186476|0.222459|0.208433|0.230021|0.200895,0.323551|0.664018|0.776051|0.920295|0.747283|0.703378|0.379326|0.326911|0.448351|0.131268|0.836539,0.869523,0.801463,0.117836,0.0993652,0.460468,0.534015,0.0732846,0.487967,0.198257,0.921169,51.6436,5.43263e-12,47756,0.887486,41.1981,1.06086e-12,38445,0.895553,0.876428,0.0878307,0.631141,0.996144,0.511517,0.22039,0.459803,0.228135,0.891603,87.9902,7.64954e-10,30733,0.967162,70.4477,9.04596e-11,52512
24,226,n1->n20->n96->n14->n75->n71->n24->n23->n77->n93->n94->n51,5.37021e+09|4.0293e+11|2.51165e+12|3.70261e+10|8.71921e+10|7.70008e+11|1.59557e+13|4.63033e+10|5.68112e+11|4.22601e+13|1.36531e+10|7.46708e+11,8.19724e+08|1.89646e+11|5.36324e+11|1.44234e+10|5.29113e+10|1.60546e+11|4.06569e+12|3.30225e+10|3.56307e+11|1.3774e+13|1.67171e+09|5.06847e+11,0.000494453|5.21063e-05|1.2987e-05|3.25754e-05|0.000766915|0.00017279|0.000193265|0.000277161|8.49487e-05|8.45967e-05|2.95455e-05|0.000185382,0.000316017|0.000368678|0.000286765|0.000181646|0.000203965|0.00123164|0.0012727|0.00418014|0.000906866|0.000162335|0.000125263|0.00344885,0.0109342|0.0108696|0.0377902|0.0426128|0.0243876|0.0398828|0.0433038|0.00314906|0.04851|0.0108045|0.00830448|0.0365406,0.000178506|0.0181411|0.0195364|0.049061|0.0250863|0.0326729|0.00780618|0.0470385|0.0115254|0.0326183|0.0293842|0.0130093,0.973537|0.923215|0.951762|0.906626|0.936129|0.947193|0.90929|0.92176|0.949999|0.912097|0.927471|0.98883,4.63983|4.79469|0.85792|0.762282|3.39264|0.117525|3.9732|2.08786|0.722366|5.92115|5.03384|4.04415,90.7492|58.7029|54.7186|56.2706|14.5634|44.1502|44.8869|39.0733|51.9256|63.1349|11.2844,0.215706|0.201188|0.208433|0.226178|0.169453|0.204574|0.161116|0.178948|0.247077|0.209804|0.200895,0.53635|0.666395|0.448351|0.725021|0.275247|0.45026|0.528582|0.23533|0.469529|0.17375|0.836539,0.869523,0.801463,0.117836,0.0993652,0.460468,0.534015,0.0732846,0.487967,0.198257,0.921169,51.6436,5.43263e-12,47756,0.887486,41.1981,1.06086e-12,38445,0.895553,0.876428,0.0878307,0.631141,0.996144,0.511517,0.22039,0.459803,0.228135,0.891603,87.9902,7.64954e-10,30733,0.967162,70.4477,9.04596e-11,52512
24,227,n1->n20->n96->n97->n99->n77->n72->n45->n47->n48->n50->n51,5.37021e+09|4.0293e+11|2.51165e+12|2.90604e+09|1.57108e+10|5.68112e+11|6.83442e+09|8.38488e+13|4.74236e+11|3.98001e+12|2.36425e+09|7.46708e+11,8.19724e+08|1.89646e+11|5.36324e+11|5.04144e+08|4.21389e+09|3.56307e+11|1.48353e+09|1.01787e+13|1.54765e+11|1.69514e+12|4.07889e+08|5.06847e+11,0.000494453|5.21063e-05|1.2987e-05|8.81202e-05|0.00089026|8.49487e-05|0.000159499|1.67225e-05|0.000202873|4.78153e-05|1.54283e-05|0.000185382,0.000316017|0.000368678|0.000286765|0.00494291|0.000350126|0.000906866|0.00384342|0.000742576|0.000266598|0.00544009|0.00907722|0.00344885,0.0109342|0.0108696|0.0377902|0.0381696|0.0362414|0.04851|0.0479977|0.00846218|0.00898217|0.0455031|0.00638914|0.0365406,0.000178506|0.0181411|0.0195364|0.00800322|0.0472365|0.0115254|0.0299903|0.0342415|0.0488958|0.0360942|0.0483596|0.0130093,0.973537|0.923215|0.951762|0.90679|0.953794|0.949999|0.96924|0.934264|0.9108|0.967439|0.910708|0.98883,4.63983|4.79469|0.85792|1.41691|3.07459|0.722366|3.90463|5.31688|6.27947|3.09858|5.41755|4.04415,90.7492|58.7029|37.9513|94.4507|96.5216|92.3918|63.1262|40.979|78.8723|23.5956|82.9474,0.215706|0.201188|0.246589|0.168303|0.241387|0.167022|0.243732|0.216949|0.239998|0.191801|0.24308,0.53635|0.666395|0.157157|0.263233|0.664018|0.776051|0.65643|0.317946|0.300482|0.688345|0.624607,0.869523,0.801463,0.117836,0.0993652,0.460468,0.534015,0.0732846,0.487967,0.198257,0.921169,51.6436,5.43263e-12,47756,0.887486,41.1981,1.06086e-12,38445,0.895553,0.876428,0.0878307,0.631141,0.996144,0.511517,0.22039,0.459803,0.228135,0.891603,87.9902,7.64954e-10,30733,0.967162,70.4477,9.04596e-11,52512
24,228,n1->n13->n12->n14->n75->n74->n22->n21->n20->n96->n94->n51,5.37021e+09|6.60497e+13|9.70597e+10|3.70261e+10|8.71921e+10|5.8385e+13|1.47e+10|1.56161e+12|4.0293e+11|2.51165e+12|1.36531e+10|7.46708e+11,8.19724e+08|8.87204e+12|2.76143e+10|1.44234e+10|5.29113e+10|7.35096e+12|9.51029e+09|3.02345e+11|1.89646e+11|5.36324e+11|1.67171e+09|5.06847e+11,0.000494453|0.000787814|0.000201974|3.25754e-05|0.000766915|0.000875739|1.77434e-05|0.00096308|5.21063e-05|1.2987e-05|2.95455e-05|0.000185382,0.000316017|0.00788063|0.0016732|0.000181646|0.000203965|0.00944671|0.0006856|0.00195589|0.000368678|0.000286765|0.000125263|0.00344885,0.0109342|0.0476737|0.0313381|0.0426128|0.0243876|0.0280357|0.0408661|0.00712365|0.0108696|0.0377902|0.00830448|0.0365406,0.000178506|0.00335145|0.0470205|0.049061|0.0250863|0.0166219|0.040072|0.0414669|0.0181411|0.0195364|0.0293842|0.0130093,0.973537|0.954869|0.937315|0.906626|0.936129|0.90082|0.95984|0.971602|0.923215|0.951762|0.927471|0.98883,4.63983|5.26639|3.07758|0.762282|3.39264|0.0974208|0.048646|3.14177|4.79469|0.85792|5.03384|4.04415,79.8117|56.34|51.9585|56.2706|64.3401|63.8366|55.6995|76.7594|58.7029|71.0086|11.2844,0.246796|0.206669|0.222459|0.226178|0.220369|0.241428|0.206062|0.218425|0.201188|0.230021|0.200895,0.338018|0.285239|0.326911|0.725021|0.119032|0.480684|0.677391|0.515127|0.666395|0.131268|0.836539,0.869523,0.801463,0.117836,0.0993652,0.460468,0.534015,0.0732846,0.487967,0.198257,0.921169,51.6436,5.43263e-12,47756,0.887486,41.1981,1.06086e-12,38445,0.895553,0.876428,0.0878307,0.631141,0.996144,0.511517,0.22039,0.459803,0.228135,0.891603,87.9902,7.64954e-10,30733,0.967162,70.4477,9.04596e-11,52512
24,229,n1->n99->n98->n57->n55->n53->n54->n40->n42->n63->n61->n51,5.37021e+09|1.57108e+10|1.8266e+13|4.14288e+09|8.84081e+12|4.60474e+10|2.80961e+11|3.58065e+10|2.42905e+09|6.55204e+12|6.44979e+11|7.46708e+11,8.19724e+08|4.21389e+09|5.99087e+12|2.05006e+09|4.69454e+12|3.18273e+10|2.23178e+11|4.14657e+09|2.47264e+08|2.63574e+12|1.30372e+11|5.06847e+11,0.000494453|0.00089026|0.000410965|0.000173612|4.06274e-05|2.00633e-05|1.47667e-05|6.01341e-05|8.79758e-05|0.000116235|3.71253e-05|0.000185382,0.000316017|0.000350126|0.000548485|0.00271581|0.000128431|0.000509085|0.00549128|0.00268841|0.000493531|0.00126856|0.00313588|0.00344885,0.0109342|0.0362414|0.0295222|0.0328142|0.00843704|5.21659e-05|0.0334079|0.0249103|0.00783732|0.0100727|0.0266048|0.0365406,0.000178506|0.0472365|0.0297366|0.0437642|0.0314938|0.00115664|0.00844474|0.033399|0.0327962|0.0107197|0.0179693|0.0130093,0.973537|0.953794|0.959539|0.983348|0.908585|0.913872|0.927525|0.920308|0.960936|0.903245|0.958619|0.98883,4.63983|3.07459|2.95405|1.93323|3.37071|0.640024|1.22009|2.50002|0.765875|4.68449|2.63855|4.04415,66.2586|58.4557|98.2355|61.5999|30.3781|75.3264|12.2677|77.6192|97.0433|47.0482|66.5616,0.180129|0.227784|0.190047|0.220389|0.207992|0.191357|0.248162|0.243521|0.211509|0.167884|0.171721,0.323551|0.686264|0.757428|0.549818|0.646488|0.567841|0.812759|0.14346|0.758395|0.410418|0.235817,0.869523,0.801463,0.117836,0.0993652,0.460468,0.534015,0.0732846,0.487967,0.198257,0.921169,51.6436,5.43263e-12,47756,0.887486,41.1981,1.06086e-12,38445,0.895553,0.876428,0.0878307,0.631141,0.996144,0.511517,0.22039,0.459803,0.228135,0.891603,87.9902,7.64954e-10,30733,0.967162,70.4477,9.04596e-11,52512
24,230,n1->n13->n15->n29->n30->n31->n32->n34->n36->n64->n49->n51,5.37021e+09|6.60497e+13|8.77071e+11|3.6336e+13|1.26395e+10|4.79342e+12|1.78367e+12|4.7313e+12|7.73972e+11|4.21034e+09|2.45005e+09|7.46708e+11,8.19724e+08|8.87204e+12|1.06991e+11|1.77292e+13|1.81012e+09|4.42443e+12|1.05491e+12|1.15705e+12|7.77593e+10|1.60867e+09|2.44458e+09|5.06847e+11,0.000494453|0.000787814|0.000182949|0.000125062|4.789e-05|0.00024651|0.000179959|0.000140889|0.000426407|1.88732e-05|1.07426e-05|0.000185382,0.000316017|0.00788063|0.00274771|0.00231296|0.00655588|0.00308746|0.00292552|0.000270551|0.00396778|0.000135861|0.000979027|0.00344885,0.0109342|0.0476737|0.0207315|0.0255931|0.00398508|0.0211034|0.00778345|0.0276207|0.00497013|0.0266797|0.0183567|0.0365406,0.000178506|0.00335145|0.0378122|0.00291922|0.0178703|0.0151027|0.0161829|0.0210615|0.0341912|0.0436548|0.0388066|0.0130093,0.973537|0.954869|0.910795|0.962742|0.972158|0.943878|0.953313|0.904866|0.94998|0.933821|0.969899|0.98883,4.63983|5.26639|1.89272|0.0327787|5.42296|4.82496|0.10397|4.56594|3.70656|5.77568|3.94615|4.04415,79.8117|66.6304|32.2763|29.3504|88.6669|86.0567|23.0914|89.5651|43.8659|77.768|10.4661,0.246796|0.179788|0.240047|0.179657|0.215598|0.16799|0.18593|0.241996|0.241695|0.165457|0.216931,0.338018|0.275394|0.895675|0.887943|0.123891|0.799966|0.12287|0.265381|0.590576|0.348083|0.516407,0.869523,0.801463,0.117836,0.0993652,0.460468,0.534015,0.0732846,0.487967,0.198257,0.921169,51.6436,5.43263e-12,47756,0.887486,41.1981,1.06086e-12,38445,0.895553,0.876428,0.0878307,0.631141,0.996144,0.511517,0.22039,0.459803,0.228135,0.891603,87.9902,7.64954e-10,30733,0.967162,70.4477,9.04596e-11,52512
24,231,n1->n20->n89->n95->n97->n96->n94->n92->n93->n64->n49->n51,5.37021e+09|4.0293e+11|2.68119e+11|1.05601e+11|2.90604e+09|2.51165e+12|1.36531e+10|1.97334e+09|4.22601e+13|4.21034e+09|2.45005e+09|7.46708e+11,8.19724e+08|1.89646e+11|9.23423e+10|5.46554e+10|5.04144e+08|5.36324e+11|1.67171e+09|1.46451e+09|1.3774e+13|1.60867e+09|2.44458e+09|5.06847e+11,0.000494453|5.21063e-05|3.55201e-05|0.000260968|8.81202e-05|1.2987e-05|2.95455e-05|2.75832e-05|8.45967e-05|1.88732e-05|1.07426e-05|0.000185382,0.000316017|0.000368678|0.000111435|0.000186877|0.00494291|0.000286765|0.000125263|0.0052688|0.000162335|0.000135861|0.000979027|0.00344885,0.0109342|0.0108696|0.0107812|0.00282907|0.0381696|0.0377902|0.00830448|0.0444618|0.0108045|0.0266797|0.0183567|0.0365406,0.000178506|0.0181411|0.0401575|0.0420997|0.00800322|0.0195364|0.0293842|0.0387741|0.0326183|0.0436548|0.0388066|0.0130093,0.973537|0.923215|0.926416|0.966581|0.90679|0.951762|0.927471|0.987763|0.912097|0.933821|0.969899|0.98883,4.63983|4.79469|0.0868458|1.09944|1.41691|0.85792|5.03384|6.03913|5.92115|5.77568|3.94615|4.04415,90.7492|18.2346|11.8194|11.8968|37.9513|71.0086|13.5087|61.035|32.5899|77.768|10.4661,0.215706|0.231355|0.168449|0.228013|0.246589|0.230021|0.230182|0.21409|0.178102|0.165457|0.216931,0.53635|0.595303|0.776387|0.342677|0.157157|0.131268|0.731663|0.722832|0.548301|0.348083|0.516407,0.869523,0.801463,0.117836,0.0993652,0.460468,0.534015,0.0732846,0.487967,0.198257,0.921169,51.6436,5.43263e-12,47756,0.887486,41.1981,1.06086e-12,38445,0.895553,0.876428,0.0878307,0.631141,0.996144,0.511517,0.22039,0.459803,0.228135,0.891603,87.9902,7.64954e-10,30733,0.967162,70.4477,9.04596e-11,52512
24,232,n1->n20->n19->n68->n22->n74->n57->n83->n85->n65->n52->n51,5.37021e+09|4.0293e+11|2.47533e+11|1.31753e+09|1.47e+10|5.8385e+13|4.14288e+09|3.76373e+13|2.02447e+09|1.12599e+09|1.02428e+10|7.46708e+11,8.19724e+08|1.89646e+11|2.33399e+11|3.10679e+08|9.51029e+09|7.35096e+12|2.05006e+09|2.34723e+13|2.41326e+08|3.2906e+08|2.07235e+09|5.06847e+11,0.000494453|5.21063e-05|0.000261527|0.000223952|1.77434e-05|0.000875739|0.000173612|1.86087e-05|2.04325e-05|1.96575e-05|0.00011644|0.000185382,0.000316017|0.000368678|0.000768065|0.00843573|0.0006856|0.00944671|0.00271581|0.000175452|0.000338175|0.000428116|0.00580301|0.00344885,0.0109342|0.0108696|0.0201979|0.0370095|0.0408661|0.0280357|0.0328142|0.015405|0.0354515|0.00118659|0.0398377|0.0365406,0.000178506|0.0181411|0.0291803|0.00589983|0.040072|0.0166219|0.0437642|0.038157|0.0266209|0.00176737|0.0151024|0.0130093,0.973537|0.923215|0.941018|0.984554|0.95984|0.90082|0.983348|0.947801|0.940474|0.967717|0.965406|0.98883,4.63983|4.79469|1.39448|5.26958|0.048646|0.0974208|1.93323|4.11052|4.91715|4.1126|0.0104102|4.04415,90.7492|86.2435|67.5745|15.3326|63.8366|95.6836|50.003|92.2019|82.5435|56.1703|83.3731,0.215706|0.182991|0.2055|0.236297|0.241428|0.169856|0.1911|0.231254|0.20461|0.247907|0.197114,0.53635|0.182796|0.968257|0.655447|0.480684|0.815246|0.161388|0.604504|0.519435|0.827328|0.942894,0.869523,0.801463,0.117836,0.0993652,0.460468,0.534015,0.0732846,0.487967,0.198257,0.921169,51.6436,5.43263e-12,47756,0.887486,41.1981,1.06086e-12,38445,0.895553,0.876428,0.0878307,0.631141,0.996144,0.511517,0.22039,0.459803,0.228135,0.891603,87.9902,7.64954e-10,30733,0.967162,70.4477,9.04596e-11,52512
24,233,n1->n20->n89->n90->n100->n73->n54->n40->n42->n63->n61->n51,5.37021e+09|4.0293e+11|2.68119e+11|1.33273e+11|4.01966e+09|1.41706e+11|2.80961e+11|3.58065e+10|2.42905e+09|6.55204e+12|6.44979e+11|7.46708e+11,8.19724e+08|1.89646e+11|9.23423e+10|6.41526e+10|2.27749e+09|5.76853e+10|2.23178e+11|4.14657e+09|2.47264e+08|2.63574e+12|1.30372e+11|5.06847e+11,0.000494453|5.21063e-05|3.55201e-05|0.000319756|0.000665246|6.32916e-05|1.47667e-05|6.01341e-05|8.79758e-05|0.000116235|3.71253e-05|0.000185382,0.000316017|0.000368678|0.000111435|0.000672662|0.00914892|0.000807753|0.00549128|0.00268841|0.000493531|0.00126856|0.00313588|0.00344885,0.0109342|0.0108696|0.0107812|0.0285929|0.0100829|0.0455502|0.0334079|0.0249103|0.00783732|0.0100727|0.0266048|0.0365406,0.000178506|0.0181411|0.0401575|0.0372754|0.0460028|0.028193|0.00844474|0.033399|0.0327962|0.0107197|0.0179693|0.0130093,0.973537|0.923215|0.926416|0.984478|0.935175|0.909539|0.927525|0.920308|0.960936|0.903245|0.958619|0.98883,4.63983|4.79469|0.0868458|4.02061|3.89025|3.29092|1.22009|2.50002|0.765875|4.68449|2.63855|4.04415,90.7492|18.2346|12.726|32.7492|20.1165|26.1465|12.2677|77.6192|97.0433|47.0482|66.5616,0.215706|0.231355|0.226099|0.191207|0.175955|0.196311|0.248162|0.243521|0.211509|0.167884|0.171721,0.53635|0.595303|0.757755|0.878161|0.825877|0.754315|0.812759|0.14346|0.758395|0.410418|0.235817,0.869523,0.801463,0.117836,0.0993652,0.460468,0.534015,0.0732846,0.487967,0.198257,0.921169,51.6436,5.43263e-12,47756,0.887486,41.1981,1.06086e-12,38445,0.895553,0.876428,0.0878307,0.631141,0.996144,0.511517,0.22039,0.459803,0.228135,0.891603,87.9902,7.64954e-10,30733,0.967162,70.4477,9.04596e-11,52512
24,234,n1->n20->n19->n17->n18->n70->n87->n88->n89->n48->n50->n51,5.37021e+09|4.0293e+11|2.47533e+11|1.51096e+11|7.59179e+12|6.87309e+13|7.3435e+12|9.00567e+12|2.68119e+11|3.98001e+12|2.36425e+09|7.46708e+11,8.19724e+08|1.89646e+11|2.33399e+11|1.57582e+10|4.11836e+12|9.78332e+12|2.79916e+12|8.66002e+12|9.23423e+10|1.69514e+12|4.07889e+08|5.06847e+11,0.000494453|5.21063e-05|0.000261527|0.000261059|2.98936e-05|5.13815e-05|0.000634307|6.2721e-05|3.55201e-05|4.78153e-05|1.54283e-05|0.000185382,0.000316017|0.000368678|0.000768065|0.000513001|0.000681499|0.00295865|0.00151267|0.000480267|0.000111435|0.00544009|0.00907722|0.00344885,0.0109342|0.0108696|0.0201979|0.0430027|0.0192976|0.0286141|0.0186268|0.00850464|0.0107812|0.0455031|0.00638914|0.0365406,0.000178506|0.0181411|0.0291803|0.00442808|0.0120519|0.0216638|0.00979507|0.0237676|0.0401575|0.0360942|0.0483596|0.0130093,0.973537|0.923215|0.941018|0.974312|0.946711|0.966653|0.977244|0.962132|0.926416|0.967439|0.910708|0.98883,4.63983|4.79469|1.39448|5.11322|4.38273|4.60778|2.33192|1.9653|0.0868458|3.09858|5.41755|4.04415,90.7492|86.2435|10.3361|43.2583|55.8812|39.9413|57.0974|92.4072|94.0077|23.5956|82.9474,0.215706|0.182991|0.172286|0.218822|0.234874|0.180359|0.227675|0.203687|0.234363|0.191801|0.24308,0.53635|0.182796|0.559133|0.981182|0.16843|0.129355|0.396625|0.876618|0.948873|0.688345|0.624607,0.869523,0.801463,0.117836,0.0993652,0.460468,0.534015,0.0732846,0.487967,0.198257,0.921169,51.6436,5.43263e-12,47756,0.887486,41.1981,1.06086e-12,38445,0.895553,0.876428,0.0878307,0.631141,0.996144,0.511517,0.22039,0.459803,0.228135,0.891603,87.9902,7.64954e-10,30733,0.967162,70.4477,9.04596e-11,52512
24,235,n1->n13->n14->n12->n8->n10->n63->n82->n95->n93->n94->n51,5.37021e+09|6.60497e+13|3.70261e+10|9.70597e+10|4.61239e+13|2.49624e+09|6.55204e+12|1.07979e+13|1.05601e+11|4.22601e+13|1.36531e+10|7.46708e+11,8.19724e+08|8.87204e+12|1.44234e+10|2.76143e+10|1.04208e+13|7.32581e+08|2.63574e+12|1.66379e+12|5.46554e+10|1.3774e+13|1.67171e+09|5.06847e+11,0.000494453|0.000787814|3.25754e-05|0.000201974|6.6054e-05|6.27016e-05|0.000116235|0.000837919|0.000260968|8.45967e-05|2.95455e-05|0.000185382,0.000316017|0.00788063|0.000181646|0.0016732|0.00522046|0.00113469|0.00126856|0.00271152|0.000186877|0.000162335|0.000125263|0.00344885,0.0109342|0.0476737|0.0426128|0.0313381|0.0318744|0.00597815|0.0100727|0.0278433|0.00282907|0.0108045|0.00830448|0.0365406,0.000178506|0.00335145|0.049061|0.0470205|0.0483133|0.0245713|0.0107197|0.0266174|0.0420997|0.0326183|0.0293842|0.0130093,0.973537|0.954869|0.906626|0.937315|0.975256|0.962416|0.903245|0.934435|0.966581|0.912097|0.927471|0.98883,4.63983|5.26639|0.762282|3.07758|3.22282|1.97158|4.68449|0.132111|1.09944|5.92115|5.03384|4.04415,79.8117|92.5451|51.9585|81.3396|99.595|65.1286|48.6997|75.699|24.941|63.1349|11.2844,0.246796|0.191459|0.222459|0.186476|0.184434|0.203746|0.175742|0.21275|0.237661|0.209804|0.200895,0.338018|0.161307|0.326911|0.379326|0.703378|0.514129|0.4301|0.837867|0.985064|0.17375|0.836539,0.869523,0.801463,0.117836,0.0993652,0.460468,0.534015,0.0732846,0.487967,0.198257,0.921169,51.6436,5.43263e-12,47756,0.887486,41.1981,1.06086e-12,38445,0.895553,0.876428,0.0878307,0.631141,0.996144,0.511517,0.22039,0.459803,0.228135,0.891603,87.9902,7.64954e-10,30733,0.967162,70.4477,9.04596e-11,52512
24,236,n1->n20->n18->n16->n38->n67->n21->n23->n77->n93->n94->n51,5.37021e+09|4.0293e+11|7.59179e+12|1.09193e+13|1.16426e+13|4.7483e+09|1.56161e+12|4.63033e+10|5.68112e+11|4.22601e+13|1.36531e+10|7.46708e+11,8.19724e+08|1.89646e+11|4.11836e+12|1.33827e+12|1.19258e+12|7.5553e+08|3.02345e+11|3.30225e+10|3.56307e+11|1.3774e+13|1.67171e+09|5.06847e+11,0.000494453|5.21063e-05|2.98936e-05|3.71682e-05|1.04425e-05|3.91885e-05|0.00096308|0.000277161|8.49487e-05|8.45967e-05|2.95455e-05|0.000185382,0.000316017|0.000368678|0.000681499|0.00174713|0.00950649|0.000640186|0.00195589|0.00418014|0.000906866|0.000162335|0.000125263|0.00344885,0.0109342|0.0108696|0.0192976|0.0123696|0.0263713|0.029632|0.00712365|0.00314906|0.04851|0.0108045|0.00830448|0.0365406,0.000178506|0.0181411|0.0120519|0.0240438|0.00318517|0.0482082|0.0414669|0.0470385|0.0115254|0.0326183|0.0293842|0.0130093,0.973537|0.923215|0.946711|0.979533|0.902547|0.924883|0.971602|0.92176|0.949999|0.912097|0.927471|0.98883,4.63983|4.79469|4.38273|1.69436|5.09423|2.06342|3.14177|2.08786|0.722366|5.92115|5.03384|4.04415,90.7492|89.2299|72.2829|28.0546|59.2872|42.5138|88.4205|39.0733|51.9256|63.1349|11.2844,0.215706|0.247215|0.180241|0.17367|0.200548|0.197352|0.232237|0.178948|0.247077|0.209804|0.200895,0.53635|0.652252|0.553025|0.828443|0.127053|0.602799|0.516177|0.23533|0.469529|0.17375|0.836539,0.869523,0.801463,0.117836,0.0993652,0.460468,0.534015,0.0732846,0.487967,0.198257,0.921169,51.6436,5.43263e-12,47756,0.887486,41.1981,1.06086e-12,38445,0.895553,0.876428,0.0878307,0.631141,0.996144,0.511517,0.22039,0.459803,0.228135,0.891603,87.9902,7.64954e-10,30733,0.967162,70.4477,9.04596e-11,52512
24,237,n1->n99->n77->n23->n21->n20->n96->n94->n93->n64->n49->n51,5.37021e+09|1.57108e+10|5.68112e+11|4.63033e+10|1.56161e+12|4.0293e+11|2.51165e+12|1.36531e+10|4.22601e+13|4.21034e+09|2.45005e+09|7.46708e+11,8.19724e+08|4.21389e+09|3.56307e+11|3.30225e+10|3.02345e+11|1.89646e+11|5.36324e+11|1.67171e+09|1.3774e+13|1.60867e+09|2.44458e+09|5.06847e+11,0.000494453|0.00089026|8.49487e-05|0.000277161|0.00096308|5.21063e-05|1.2987e-05|2.95455e-05|8.45967e-05|1.88732e-05|1.07426e-05|0.000185382,0.000316017|0.000350126|0.000906866|0.00418014|0.00195589|0.000368678|0.000286765|0.000125263|0.000162335|0.000135861|0.000979027|0.00344885,0.0109342|0.0362414|0.04851|0.00314906|0.00712365|0.0108696|0.0377902|0.00830448|0.0108045|0.0266797|0.0183567|0.0365406,0.000178506|0.0472365|0.0115254|0.0470385|0.0414669|0.0181411|0.0195364|0.0293842|0.0326183|0.0436548|0.0388066|0.0130093,0.973537|0.953794|0.949999|0.92176|0.971602|0.923215|0.951762|0.927471|0.912097|0.933821|0.969899|0.98883,4.63983|3.07459|0.722366|2.08786|3.14177|4.79469|0.85792|5.03384|5.92115|5.77568|3.94615|4.04415,66.2586|96.5216|39.0733|88.4205|76.7594|58.7029|71.0086|63.1349|32.5899|77.768|10.4661,0.180129|0.241387|0.178948|0.232237|0.218425|0.201188|0.230021|0.209804|0.178102|0.165457|0.216931,0.323551|0.664018|0.23533|0.516177|0.515127|0.666395|0.131268|0.17375|0.548301|0.348083|0.516407,0.869523,0.801463,0.117836,0.0993652,0.460468,0.534015,0.0732846,0.487967,0.198257,0.921169,51.6436,5.43263e-12,47756,0.887486,41.1981,1.06086e-12,38445,0.895553,0.876428,0.0878307,0.631141,0.996144,0.511517,0.22039,0.459803,0.228135,0.891603,87.9902,7.64954e-10,30733,0.967162,70.4477,9.04596e-11,52512
24,238,n1->n99->n97->n95->n89->n20->n19->n17->n85->n65->n52->n51,5.37021e+09|1.57108e+10|2.90604e+09|1.05601e+11|2.68119e+11|4.0293e+11|2.47533e+11|1.51096e+11|2.02447e+09|1.12599e+09|1.02428e+10|7.46708e+11,8.19724e+08|4.21389e+09|5.04144e+08|5.46554e+10|9.23423e+10|1.89646e+11|2.33399e+11|1.57582e+10|2.41326e+08|3.2906e+08|2.07235e+09|5.06847e+11,0.000494453|0.00089026|8.81202e-05|0.000260968|3.55201e-05|5.21063e-05|0.000261527|0.000261059|2.04325e-05|1.96575e-05|0.00011644|0.000185382,0.000316017|0.000350126|0.00494291|0.000186877|0.000111435|0.000368678|0.000768065|0.000513001|0.000338175|0.000428116|0.00580301|0.00344885,0.0109342|0.0362414|0.0381696|0.00282907|0.0107812|0.0108696|0.0201979|0.0430027|0.0354515|0.00118659|0.0398377|0.0365406,0.000178506|0.0472365|0.00800322|0.0420997|0.0401575|0.0181411|0.0291803|0.00442808|0.0266209|0.00176737|0.0151024|0.0130093,0.973537|0.953794|0.90679|0.966581|0.926416|0.923215|0.941018|0.974312|0.940474|0.967717|0.965406|0.98883,4.63983|3.07459|1.41691|1.09944|0.0868458|4.79469|1.39448|5.11322|4.91715|4.1126|0.0104102|4.04415,66.2586|94.4507|11.8968|11.8194|18.2346|86.2435|10.3361|84.7043|82.5435|56.1703|83.3731,0.180129|0.168303|0.228013|0.168449|0.231355|0.182991|0.172286|0.225161|0.20461|0.247907|0.197114,0.323551|0.263233|0.342677|0.776387|0.595303|0.182796|0.559133|0.880608|0.519435|0.827328|0.942894,0.869523,0.801463,0.117836,0.0993652,0.460468,0.534015,0.0732846,0.487967,0.198257,0.921169,51.6436,5.43263e-12,47756,0.887486,41.1981,1.06086e-12,38445,0.895553,0.876428,0.0878307,0.631141,0.996144,0.511517,0.22039,0.459803,0.228135,0.891603,87.9902,7.64954e-10,30733,0.967162,70.4477,9.04596e-11,52512
24,239,n1->n99->n77->n23->n24->n33->n32->n30->n31->n29->n50->n51,5.37021e+09|1.57108e+10|5.68112e+11|4.63033e+10|1.59557e+13|3.64323e+13|1.78367e+12|1.26395e+10|4.79342e+12|3.6336e+13|2.36425e+09|7.46708e+11,8.19724e+08|4.21389e+09|3.56307e+11|3.30225e+10|4.06569e+12|6.32377e+12|1.05491e+12|1.81012e+09|4.42443e+12|1.77292e+13|4.07889e+08|5.06847e+11,0.000494453|0.00089026|8.49487e-05|0.000277161|0.000193265|1.50316e-05|0.000179959|4.789e-05|0.00024651|0.000125062|1.54283e-05|0.000185382,0.000316017|0.000350126|0.000906866|0.00418014|0.0012727|0.00213059|0.00292552|0.00655588|0.00308746|0.00231296|0.00907722|0.00344885,0.0109342|0.0362414|0.04851|0.00314906|0.0433038|0.00968695|0.00778345|0.00398508|0.0211034|0.0255931|0.00638914|0.0365406,0.000178506|0.0472365|0.0115254|0.0470385|0.00780618|0.0280967|0.0161829|0.0178703|0.0151027|0.00291922|0.0483596|0.0130093,0.973537|0.953794|0.949999|0.92176|0.90929|0.923653|0.953313|0.972158|0.943878|0.962742|0.910708|0.98883,4.63983|3.07459|0.722366|2.08786|3.9732|1.04264|0.10397|5.42296|4.82496|0.0327787|5.41755|4.04415,66.2586|96.5216|39.0733|44.8869|98.0873|61.2747|69.5993|88.6669|70.4589|37.0378|82.9474,0.180129|0.241387|0.178948|0.161116|0.239791|0.208144|0.204659|0.215598|0.246199|0.191256|0.24308,0.323551|0.664018|0.23533|0.528582|0.939209|0.704271|0.237533|0.123891|0.415176|0.182586|0.624607,0.869523,0.801463,0.117836,0.0993652,0.460468,0.534015,0.0732846,0.487967,0.198257,0.921169,51.6436,5.43263e-12,47756,0.887486,41.1981,1.06086e-12,38445,0.895553,0.876428,0.0878307,0.631141,0.996144,0.511517,0.22039,0.459803,0.228135,0.891603,87.9902,7.64954e-10,30733,0.967162,70.4477,9.04596e-11,52512
24,240,n1->n99->n77->n72->n71->n73->n54->n40->n42->n63->n61->n51,5.37021e+09|1.57108e+10|5.68112e+11|6.83442e+09|7.70008e+11|1.41706e+11|2.80961e+11|3.58065e+10|2.42905e+09|6.55204e+12|6.44979e+11|7.46708e+11,8.19724e+08|4.21389e+09|3.56307e+11|1.48353e+09|1.60546e+11|5.76853e+10|2.23178e+11|4.14657e+09|2.47264e+08|2.63574e+12|1.30372e+11|5.06847e+11,0.000494453|0.00089026|8.49487e-05|0.000159499|0.00017279|6.32916e-05|1.47667e-05|6.01341e-05|8.79758e-05|0.000116235|3.71253e-05|0.000185382,0.000316017|0.000350126|0.000906866|0.00384342|0.00123164|0.000807753|0.00549128|0.00268841|0.000493531|0.00126856|0.00313588|0.00344885,0.0109342|0.0362414|0.04851|0.0479977|0.0398828|0.0455502|0.0334079|0.0249103|0.00783732|0.0100727|0.0266048|0.0365406,0.000178506|0.0472365|0.0115254|0.0299903|0.0326729|0.028193|0.00844474|0.033399|0.0327962|0.0107197|0.0179693|0.0130093,0.973537|0.953794|0.949999|0.96924|0.947193|0.909539|0.927525|0.920308|0.960936|0.903245|0.958619|0.98883,4.63983|3.07459|0.722366|3.90463|0.117525|3.29092|1.22009|2.50002|0.765875|4.68449|2.63855|4.04415,66.2586|96.5216|92.3918|45.8448|28.2621|26.1465|12.2677|77.6192|97.0433|47.0482|66.5616,0.180129|0.241387|0.167022|0.218487|0.242769|0.196311|0.248162|0.243521|0.211509|0.167884|0.171721,0.323551|0.664018|0.776051|0.29317|0.940077|0.754315|0.812759|0.14346|0.758395|0.410418|0.235817,0.869523,0.801463,0.117836,0.0993652,0.460468,0.534015,0.0732846,0.487967,0.198257,0.921169,51.6436,5.43263e-12,47756,0.887486,41.1981,1.06086e-12,38445,0.895553,0.876428,0.0878307,0.631141,0.996144,0.511517,0.22039,0.459803,0.228135,0.891603,87.9902,7.64954e-10,30733,0.967162,70.4477,9.04596e-11,52512
24,241,n1->n99->n97->n95->n82->n84->n83->n57->n55->n53->n52->n51,5.37021e+09|1.57108e+10|2.90604e+09|1.05601e+11|1.07979e+13|1.07392e+09|3.76373e+13|4.14288e+09|8.84081e+12|4.60474e+10|1.02428e+10|7.46708e+11,8.19724e+08|4.21389e+09|5.04144e+08|5.46554e+10|1.66379e+12|9.00899e+08|2.34723e+13|2.05006e+09|4.69454e+12|3.18273e+10|2.07235e+09|5.06847e+11,0.000494453|0.00089026|8.81202e-05|0.000260968|0.000837919|2.14473e-05|1.86087e-05|0.000173612|4.06274e-05|2.00633e-05|0.00011644|0.000185382,0.000316017|0.000350126|0.00494291|0.000186877|0.00271152|0.000434313|0.000175452|0.00271581|0.000128431|0.000509085|0.00580301|0.00344885,0.0109342|0.0362414|0.0381696|0.00282907|0.0278433|0.0473575|0.015405|0.0328142|0.00843704|5.21659e-05|0.0398377|0.0365406,0.000178506|0.0472365|0.00800322|0.0420997|0.0266174|0.0366447|0.038157|0.0437642|0.0314938|0.00115664|0.0151024|0.0130093,0.973537|0.953794|0.90679|0.966581|0.934435|0.948551|0.947801|0.983348|0.908585|0.913872|0.965406|0.98883,4.63983|3.07459|1.41691|1.09944|0.132111|5.42186|4.11052|1.93323|3.37071|0.640024|0.0104102|4.04415,66.2586|94.4507|11.8968|75.699|83.37|20.1884|50.003|61.5999|30.3781|81.3721|83.3731,0.180129|0.168303|0.228013|0.21275|0.203763|0.246081|0.1911|0.220389|0.207992|0.184589|0.197114,0.323551|0.263233|0.342677|0.837867|0.808712|0.599197|0.161388|0.549818|0.646488|0.272111|0.942894,0.869523,0.801463,0.117836,0.0993652,0.460468,0.534015,0.0732846,0.487967,0.198257,0.921169,51.6436,5.43263e-12,47756,0.887486,41.1981,1.06086e-12,38445,0.895553,0.876428,0.0878307,0.631141,0.996144,0.511517,0.22039,0.459803,0.228135,0.891603,87.9902,7.64954e-10,30733,0.967162,70.4477,9.04596e-11,52512
24,242,n1->n99->n98->n57->n83->n84->n33->n32->n31->n29->n50->n51,5.37021e+09|1.57108e+10|1.8266e+13|4.14288e+09|3.76373e+13|1.07392e+09|3.64323e+13|1.78367e+12|4.79342e+12|3.6336e+13|2.36425e+09|7.46708e+11,8.19724e+08|4.21389e+09|5.99087e+12|2.05006e+09|2.34723e+13|9.00899e+08|6.32377e+12|1.05491e+12|4.42443e+12|1.77292e+13|4.07889e+08|5.06847e+11,0.000494453|0.00089026|0.000410965|0.000173612|1.86087e-05|2.14473e-05|1.50316e-05|0.000179959|0.00024651|0.000125062|1.54283e-05|0.000185382,0.000316017|0.000350126|0.000548485|0.00271581|0.000175452|0.000434313|0.00213059|0.00292552|0.00308746|0.00231296|0.00907722|0.00344885,0.0109342|0.0362414|0.0295222|0.0328142|0.015405|0.0473575|0.00968695|0.00778345|0.0211034|0.0255931|0.00638914|0.0365406,0.000178506|0.0472365|0.0297366|0.0437642|0.038157|0.0366447|0.0280967|0.0161829|0.0151027|0.00291922|0.0483596|0.0130093,0.973537|0.953794|0.959539|0.983348|0.947801|0.948551|0.923653|0.953313|0.943878|0.962742|0.910708|0.98883,4.63983|3.07459|2.95405|1.93323|4.11052|5.42186|1.04264|0.10397|4.82496|0.0327787|5.41755|4.04415,66.2586|58.4557|98.2355|50.003|20.1884|59.7094|61.2747|86.0567|70.4589|37.0378|82.9474,0.180129|0.227784|0.190047|0.1911|0.246081|0.183728|0.208144|0.16799|0.246199|0.191256|0.24308,0.323551|0.686264|0.757428|0.161388|0.599197|0.218166|0.704271|0.799966|0.415176|0.182586|0.624607,0.869523,0.801463,0.117836,0.0993652,0.460468,0.534015,0.0732846,0.487967,0.198257,0.921169,51.6436,5.43263e-12,47756,0.887486,41.1981,1.06086e-12,38445,0.895553,0.876428,0.0878307,0.631141,0.996144,0.511517,0.22039,0.459803,0.228135,0.891603,87.9902,7.64954e-10,30733,0.967162,70.4477,9.04596e-11,52512
24,243,n1->n99->n97->n27->n28->n69->n76->n78->n85->n65->n52->n51,5.37021e+09|1.57108e+10|2.90604e+09|4.19351e+12|1.34247e+11|8.81277e+09|4.21804e+13|3.25238e+10|2.02447e+09|1.12599e+09|1.02428e+10|7.46708e+11,8.19724e+08|4.21389e+09|5.04144e+08|8.73344e+11|1.51805e+10|7.57626e+09|1.15782e+13|2.30731e+10|2.41326e+08|3.2906e+08|2.07235e+09|5.06847e+11,0.000494453|0.00089026|8.81202e-05|1.08528e-05|0.00056516|0.000268039|1.88608e-05|0.000270955|2.04325e-05|1.96575e-05|0.00011644|0.000185382,0.000316017|0.000350126|0.00494291|0.00262605|0.0093172|0.00367819|0.00214239|0.00167497|0.000338175|0.000428116|0.00580301|0.00344885,0.0109342|0.0362414|0.0381696|0.0303206|0.0317261|0.022957|0.00156873|0.00569443|0.0354515|0.00118659|0.0398377|0.0365406,0.000178506|0.0472365|0.00800322|0.0230682|0.03841|0.0100342|0.0470058|0.0425349|0.0266209|0.00176737|0.0151024|0.0130093,0.973537|0.953794|0.90679|0.985376|0.948072|0.975915|0.989289|0.92832|0.940474|0.967717|0.965406|0.98883,4.63983|3.07459|1.41691|4.5695|1.48687|2.99986|0.578949|3.3614|4.91715|4.1126|0.0104102|4.04415,66.2586|94.4507|31.5608|23.5709|97.1045|66.666|69.3348|67.1704|82.5435|56.1703|83.3731,0.180129|0.168303|0.219936|0.207151|0.207556|0.212271|0.194827|0.184721|0.20461|0.247907|0.197114,0.323551|0.263233|0.557853|0.340196|0.438091|0.890059|0.93416|0.609732|0.519435|0.827328|0.942894,0.869523,0.801463,0.117836,0.0993652,0.460468,0.534015,0.0732846,0.487967,0.198257,0.921169,51.6436,5.43263e-12,47756,0.887486,41.1981,1.06086e-12,38445,0.895553,0.876428,0.0878307,0.631141,0.996144,0.511517,0.22039,0.459803,0.228135,0.891603,87.9902,7.64954e-10,30733,0.967162,70.4477,9.04596e-11,52512
24,244,n1->n13->n12->n6->n33->n32->n34->n36->n64->n93->n94->n51,5.37021e+09|6.60497e+13|9.70597e+10|1.14208e+09|3.64323e+13|1.78367e+12|4.7313e+12|7.73972e+11|4.21034e+09|4.22601e+13|1.36531e+10|7.46708e+11,8.19724e+08|8.87204e+12|2.76143e+10|2.20459e+08|6.32377e+12|1.05491e+12|1.15705e+12|7.77593e+10|1.60867e+09|1.3774e+13|1.67171e+09|5.06847e+11,0.000494453|0.000787814|0.000201974|1.08483e-05|1.50316e-05|0.000179959|0.000140889|0.000426407|1.88732e-05|8.45967e-05|2.95455e-05|0.000185382,0.000316017|0.00788063|0.0016732|0.00010157|0.00213059|0.00292552|0.000270551|0.00396778|0.000135861|0.000162335|0.000125263|0.00344885,0.0109342|0.0476737|0.0313381|0.00160082|0.00968695|0.00778345|0.0276207|0.00497013|0.0266797|0.0108045|0.00830448|0.0365406,0.000178506|0.00335145|0.0470205|0.0260762|0.0280967|0.0161829|0.0210615|0.0341912|0.0436548|0.0326183|0.0293842|0.0130093,0.973537|0.954869|0.937315|0.908628|0.923653|0.953313|0.904866|0.94998|0.933821|0.912097|0.927471|0.98883,4.63983|5.26639|3.07758|5.01633|1.04264|0.10397|4.56594|3.70656|5.77568|5.92115|5.03384|4.04415,79.8117|56.34|32.9383|50.0569|61.2747|23.0914|89.5651|43.8659|32.5899|63.1349|11.2844,0.246796|0.206669|0.230728|0.19306|0.208144|0.18593|0.241996|0.241695|0.178102|0.209804|0.200895,0.338018|0.285239|0.628307|0.116472|0.704271|0.12287|0.265381|0.590576|0.548301|0.17375|0.836539,0.869523,0.801463,0.117836,0.0993652,0.460468,0.534015,0.0732846,0.487967,0.198257,0.921169,51.6436,5.43263e-12,47756,0.887486,41.1981,1.06086e-12,38445,0.895553,0.876428,0.0878307,0.631141,0.996144,0.511517,0.22039,0.459803,0.228135,0.891603,87.9902,7.64954e-10,30733,0.967162,70.4477,9.04596e-11,52512
24,245,n1->n13->n14->n75->n73->n100->n2->n7->n5->n65->n52->n51,5.37021e+09|6.60497e+13|3.70261e+10|8.71921e+10|1.41706e+11|4.01966e+09|5.94248e+10|3.81012e+11|2.91995e+11|1.12599e+09|1.02428e+10|7.46708e+11,8.19724e+08|8.87204e+12|1.44234e+10|5.29113e+10|5.76853e+10|2.27749e+09|3.74975e+10|6.70334e+10|4.67133e+10|3.2906e+08|2.07235e+09|5.06847e+11,0.000494453|0.000787814|3.25754e-05|0.000766915|6.32916e-05|0.000665246|1.10648e-05|0.000475679|7.03031e-05|1.96575e-05|0.00011644|0.000185382,0.000316017|0.00788063|0.000181646|0.000203965|0.000807753|0.00914892|0.00120557|0.00104538|0.000196916|0.000428116|0.00580301|0.00344885,0.0109342|0.0476737|0.0426128|0.0243876|0.0455502|0.0100829|0.00369149|0.01754|0.00731162|0.00118659|0.0398377|0.0365406,0.000178506|0.00335145|0.049061|0.0250863|0.028193|0.0460028|0.0127317|0.0283975|0.0421608|0.00176737|0.0151024|0.0130093,0.973537|0.954869|0.906626|0.936129|0.909539|0.935175|0.968894|0.963898|0.951514|0.967717|0.965406|0.98883,4.63983|5.26639|0.762282|3.39264|3.29092|3.89025|4.74216|3.51107|4.90362|4.1126|0.0104102|4.04415,79.8117|92.5451|56.2706|85.6152|20.1165|37.015|88.6198|37.2729|35.0583|56.1703|83.3731,0.246796|0.191459|0.226178|0.185893|0.175955|0.17211|0.228013|0.176784|0.209201|0.247907|0.197114,0.338018|0.161307|0.725021|0.624191|0.825877|0.315214|0.84397|0.943162|0.297185|0.827328|0.942894,0.869523,0.801463,0.117836,0.0993652,0.460468,0.534015,0.0732846,0.487967,0.198257,0.921169,51.6436,5.43263e-12,47756,0.887486,41.1981,1.06086e-12,38445,0.895553,0.876428,0.0878307,0.631141,0.996144,0.511517,0.22039,0.459803,0.228135,0.891603,87.9902,7.64954e-10,30733,0.967162,70.4477,9.04596e-11,52512
24,246,n1->n99->n97->n96->n94->n92->n91->n93->n64->n65->n52->n51,5.37021e+09|1.57108e+10|2.90604e+09|2.51165e+12|1.36531e+10|1.97334e+09|2.84652e+12|4.22601e+13|4.21034e+09|1.12599e+09|1.02428e+10|7.46708e+11,8.19724e+08|4.21389e+09|5.04144e+08|5.36324e+11|1.67171e+09|1.46451e+09|3.57264e+11|1.3774e+13|1.60867e+09|3.2906e+08|2.07235e+09|5.06847e+11,0.000494453|0.00089026|8.81202e-05|1.2987e-05|2.95455e-05|2.75832e-05|6.93267e-05|8.45967e-05|1.88732e-05|1.96575e-05|0.00011644|0.000185382,0.000316017|0.000350126|0.00494291|0.000286765|0.000125263|0.0052688|0.00599677|0.000162335|0.000135861|0.000428116|0.00580301|0.00344885,0.0109342|0.0362414|0.0381696|0.0377902|0.00830448|0.0444618|0.008036|0.0108045|0.0266797|0.00118659|0.0398377|0.0365406,0.000178506|0.0472365|0.00800322|0.0195364|0.0293842|0.0387741|0.015498|0.0326183|0.0436548|0.00176737|0.0151024|0.0130093,0.973537|0.953794|0.90679|0.951762|0.927471|0.987763|0.964407|0.912097|0.933821|0.967717|0.965406|0.98883,4.63983|3.07459|1.41691|0.85792|5.03384|6.03913|5.6679|5.92115|5.77568|4.1126|0.0104102|4.04415,66.2586|94.4507|37.9513|71.0086|13.5087|32.3713|26.8753|32.5899|56.7563|56.1703|83.3731,0.180129|0.168303|0.246589|0.230021|0.230182|0.161013|0.203549|0.178102|0.186349|0.247907|0.197114,0.323551|0.263233|0.157157|0.131268|0.731663|0.940947|0.21516|0.548301|0.927837|0.827328|0.942894,0.869523,0.801463,0.117836,0.0993652,0.460468,0.534015,0.0732846,0.487967,0.198257,0.921169,51.6436,5.43263e-12,47756,0.887486,41.1981,1.06086e-12,38445,0.895553,0.876428,0.0878307,0.631141,0.996144,0.511517,0.22039,0.459803,0.228135,0.891603,87.9902,7.64954e-10,30733,0.967162,70.4477,9.04596e-11,52512
24,247,n1->n20->n96->n94->n93->n77->n99->n97->n27->n29->n50->n51,5.37021e+09|4.0293e+11|2.51165e+12|1.36531e+10|4.22601e+13|5.68112e+11|1.57108e+10|2.90604e+09|4.19351e+12|3.6336e+13|2.36425e+09|7.46708e+11,8.19724e+08|1.89646e+11|5.36324e+11|1.67171e+09|1.3774e+13|3.56307e+11|4.21389e+09|5.04144e+08|8.73344e+11|1.77292e+13|4.07889e+08|5.06847e+11,0.000494453|5.21063e-05|1.2987e-05|2.95455e-05|8.45967e-05|8.49487e-05|0.00089026|8.81202e-05|1.08528e-05|0.000125062|1.54283e-05|0.000185382,0.000316017|0.000368678|0.000286765|0.000125263|0.000162335|0.000906866|0.000350126|0.00494291|0.00262605|0.00231296|0.00907722|0.00344885,0.0109342|0.0108696|0.0377902|0.00830448|0.0108045|0.04851|0.0362414|0.0381696|0.0303206|0.0255931|0.00638914|0.0365406,0.000178506|0.0181411|0.0195364|0.0293842|0.0326183|0.0115254|0.0472365|0.00800322|0.0230682|0.00291922|0.0483596|0.0130093,0.973537|0.923215|0.951762|0.927471|0.912097|0.949999|0.953794|0.90679|0.985376|0.962742|0.910708|0.98883,4.63983|4.79469|0.85792|5.03384|5.92115|0.722366|3.07459|1.41691|4.5695|0.0327787|5.41755|4.04415,90.7492|58.7029|71.0086|63.1349|51.9256|96.5216|94.4507|31.5608|49.6282|37.0378|82.9474,0.215706|0.201188|0.230021|0.209804|0.247077|0.241387|0.168303|0.219936|0.180772|0.191256|0.24308,0.53635|0.666395|0.131268|0.17375|0.469529|0.664018|0.263233|0.557853|0.511755|0.182586|0.624607,0.869523,0.801463,0.117836,0.0993652,0.460468,0.534015,0.0732846,0.487967,0.198257,0.921169,51.6436,5.43263e-12,47756,0.887486,41.1981,1.06086e-12,38445,0.895553,0.876428,0.0878307,0.631141,0.996144,0.511517,0.22039,0.459803,0.228135,0.891603,87.9902,7.64954e-10,30733,0.967162,70.4477,9.04596e-11,52512
24,248,n1->n20->n21->n67->n38->n16->n18->n17->n85->n65->n52->n51,5.37021e+09|4.0293e+11|1.56161e+12|4.7483e+09|1.16426e+13|1.09193e+13|7.59179e+12|1.51096e+11|2.02447e+09|1.12599e+09|1.02428e+10|7.46708e+11,8.19724e+08|1.89646e+11|3.02345e+11|7.5553e+08|1.19258e+12|1.33827e+12|4.11836e+12|1.57582e+10|2.41326e+08|3.2906e+08|2.07235e+09|5.06847e+11,0.000494453|5.21063e-05|0.00096308|3.91885e-05|1.04425e-05|3.71682e-05|2.98936e-05|0.000261059|2.04325e-05|1.96575e-05|0.00011644|0.000185382,0.000316017|0.000368678|0.00195589|0.000640186|0.00950649|0.00174713|0.000681499|0.000513001|0.000338175|0.000428116|0.00580301|0.00344885,0.0109342|0.0108696|0.00712365|0.029632|0.0263713|0.0123696|0.0192976|0.0430027|0.0354515|0.00118659|0.0398377|0.0365406,0.000178506|0.0181411|0.0414669|0.0482082|0.00318517|0.0240438|0.0120519|0.00442808|0.0266209|0.00176737|0.0151024|0.0130093,0.973537|0.923215|0.971602|0.924883|0.902547|0.979533|0.946711|0.974312|0.940474|0.967717|0.965406|0.98883,4.63983|4.79469|3.14177|2.06342|5.09423|1.69436|4.38273|5.11322|4.91715|4.1126|0.0104102|4.04415,90.7492|76.7594|42.5138|59.2872|28.0546|72.2829|43.2583|84.7043|82.5435|56.1703|83.3731,0.215706|0.218425|0.197352|0.200548|0.17367|0.180241|0.218822|0.225161|0.20461|0.247907|0.197114,0.53635|0.515127|0.602799|0.127053|0.828443|0.553025|0.981182|0.880608|0.519435|0.827328|0.942894,0.869523,0.801463,0.117836,0.0993652,0.460468,0.534015,0.0732846,0.487967,0.198257,0.921169,51.6436,5.43263e-12,47756,0.887486,41.1981,1.06086e-12,38445,0.895553,0.876428,0.0878307,0.631141,0.996144,0.511517,0.22039,0.459803,0.228135,0.891603,87.9902,7.64954e-10,30733,0.967162,70.4477,9.04596e-11,52512
24,249,n1->n20->n18->n16->n38->n36->n34->n35->n31->n29->n50->n51,5.37021e+09|4.0293e+11|7.59179e+12|1.09193e+13|1.16426e+13|7.73972e+11|4.7313e+12|5.77859e+11|4.79342e+12|3.6336e+13|2.36425e+09|7.46708e+11,8.19724e+08|1.89646e+11|4.11836e+12|1.33827e+12|1.19258e+12|7.77593e+10|1.15705e+12|4.88834e+11|4.42443e+12|1.77292e+13|4.07889e+08|5.06847e+11,0.000494453|5.21063e-05|2.98936e-05|3.71682e-05|1.04425e-05|0.000426407|0.000140889|0.000412952|0.00024651|0.000125062|1.54283e-05|0.000185382,0.000316017|0.000368678|0.000681499|0.00174713|0.00950649|0.00396778|0.000270551|0.00138752|0.00308746|0.00231296|0.00907722|0.00344885,0.0109342|0.0108696|0.0192976|0.0123696|0.0263713|0.00497013|0.0276207|0.00215298|0.0211034|0.0255931|0.00638914|0.0365406,0.000178506|0.0181411|0.0120519|0.0240438|0.00318517|0.0341912|0.0210615|0.0375959|0.0151027|0.00291922|0.0483596|0.0130093,0.973537|0.923215|0.946711|0.979533|0.902547|0.94998|0.904866|0.952159|0.943878|0.962742|0.910708|0.98883,4.63983|4.79469|4.38273|1.69436|5.09423|3.70656|4.56594|5.24666|4.82496|0.0327787|5.41755|4.04415,90.7492|89.2299|72.2829|28.0546|61.2725|89.5651|26.2497|91.3525|70.4589|37.0378|82.9474,0.215706|0.247215|0.180241|0.17367|0.204351|0.241996|0.244194|0.243038|0.246199|0.191256|0.24308,0.53635|0.652252|0.553025|0.828443|0.413834|0.265381|0.307851|0.658826|0.415176|0.182586|0.624607,0.869523,0.801463,0.117836,0.0993652,0.460468,0.534015,0.0732846,0.487967,0.198257,0.921169,51.6436,5.43263e-12,47756,0.887486,41.1981,1.06086e-12,38445,0.895553,0.876428,0.0878307,0.631141,0.996144,0.511517,0.22039,0.459803,0.228135,0.891603,87.9902,7.64954e-10,30733,0.967162,70.4477,9.04596e-11,52512
24,250,n1->n99->n97->n27->n25->n26->n47->n49->n64->n65->n52->n51,5.37021e+09|1.57108e+10|2.90604e+09|4.19351e+12|1.67189e+13|7.09351e+09|4.74236e+11|2.45005e+09|4.21034e+09|1.12599e+09|1.02428e+10|7.46708e+11,8.19724e+08|4.21389e+09|5.04144e+08|8.73344e+11|1.40059e+13|1.31666e+09|1.54765e+11|2.44458e+09|1.60867e+09|3.2906e+08|2.07235e+09|5.06847e+11,0.000494453|0.00089026|8.81202e-05|1.08528e-05|6.30741e-05|3.77967e-05|0.000202873|1.07426e-05|1.88732e-05|1.96575e-05|0.00011644|0.000185382,0.000316017|0.000350126|0.00494291|0.00262605|0.00294926|0.00522178|0.000266598|0.000979027|0.000135861|0.000428116|0.00580301|0.00344885,0.0109342|0.0362414|0.0381696|0.0303206|0.0195393|0.0101688|0.00898217|0.0183567|0.0266797|0.00118659|0.0398377|0.0365406,0.000178506|0.0472365|0.00800322|0.0230682|0.0159438|0.0409649|0.0488958|0.0388066|0.0436548|0.00176737|0.0151024|0.0130093,0.973537|0.953794|0.90679|0.985376|0.9023|0.981638|0.9108|0.969899|0.933821|0.967717|0.965406|0.98883,4.63983|3.07459|1.41691|4.5695|1.57149|2.91399|6.27947|3.94615|5.77568|4.1126|0.0104102|4.04415,66.2586|94.4507|31.5608|64.4551|63.0993|70.8805|91.8261|77.768|56.7563|56.1703|83.3731,0.180129|0.168303|0.219936|0.242248|0.228799|0.189485|0.228404|0.165457|0.186349|0.247907|0.197114,0.323551|0.263233|0.557853|0.837222|0.359402|0.757042|0.133861|0.348083|0.927837|0.827328|0.942894,0.869523,0.801463,0.117836,0.0993652,0.460468,0.534015,0.0732846,0.487967,0.198257,0.921169,51.6436,5.43263e-12,47756,0.887486,41.1981,1.06086e-12,38445,0.895553,0.876428,0.0878307,0.631141,0.996144,0.511517,0.22039,0.459803,0.228135,0.891603,87.9902,7.64954e-10,30733,0.967162,70.4477,9.04596e-11,52512
24,251,n1->n13->n12->n6->n33->n32->n66->n68->n58->n59->n50->n51,5.37021e+09|6.60497e+13|9.70597e+10|1.14208e+09|3.64323e+13|1.78367e+12|1.10072e+10|1.31753e+09|8.16696e+09|3.04563e+11|2.36425e+09|7.46708e+11,8.19724e+08|8.87204e+12|2.76143e+10|2.20459e+08|6.32377e+12|1.05491e+12|8.7665e+09|3.10679e+08|6.89506e+09|3.06423e+10|4.07889e+08|5.06847e+11,0.000494453|0.000787814|0.000201974|1.08483e-05|1.50316e-05|0.000179959|0.000237659|0.000223952|0.000266735|2.43107e-05|1.54283e-05|0.000185382,0.000316017|0.00788063|0.0016732|0.00010157|0.00213059|0.00292552|0.000470269|0.00843573|0.00874893|0.000202742|0.00907722|0.00344885,0.0109342|0.0476737|0.0313381|0.00160082|0.00968695|0.00778345|0.0203827|0.0370095|0.0248478|0.00304046|0.00638914|0.0365406,0.000178506|0.00335145|0.0470205|0.0260762|0.0280967|0.0161829|0.0146278|0.00589983|0.0481122|0.0474075|0.0483596|0.0130093,0.973537|0.954869|0.937315|0.908628|0.923653|0.953313|0.978907|0.984554|0.911658|0.99171|0.910708|0.98883,4.63983|5.26639|3.07758|5.01633|1.04264|0.10397|3.10364|5.26958|3.70937|5.60303|5.41755|4.04415,79.8117|56.34|32.9383|50.0569|61.2747|27.3217|70.8824|56.905|56.397|47.7013|82.9474,0.246796|0.206669|0.230728|0.19306|0.208144|0.199785|0.16183|0.185169|0.21902|0.170229|0.24308,0.338018|0.285239|0.628307|0.116472|0.704271|0.769012|0.215539|0.476138|0.533324|0.776444|0.624607,0.869523,0.801463,0.117836,0.0993652,0.460468,0.534015,0.0732846,0.487967,0.198257,0.921169,51.6436,5.43263e-12,47756,0.887486,41.1981,1.06086e-12,38445,0.895553,0.876428,0.0878307,0.631141,0.996144,0.511517,0.22039,0.459803,0.228135,0.891603,87.9902,7.64954e-10,30733,0.967162,70.4477,9.04596e-11,52512
24,252,n1->n99->n97->n27->n29->n31->n33->n24->n26->n47->n49->n51,5.37021e+09|1.57108e+10|2.90604e+09|4.19351e+12|3.6336e+13|4.79342e+12|3.64323e+13|1.59557e+13|7.09351e+09|4.74236e+11|2.45005e+09|7.46708e+11,8.19724e+08|4.21389e+09|5.04144e+08|8.73344e+11|1.77292e+13|4.42443e+12|6.32377e+12|4.06569e+12|1.31666e+09|1.54765e+11|2.44458e+09|5.06847e+11,0.000494453|0.00089026|8.81202e-05|1.08528e-05|0.000125062|0.00024651|1.50316e-05|0.000193265|3.77967e-05|0.000202873|1.07426e-05|0.000185382,0.000316017|0.000350126|0.00494291|0.00262605|0.00231296|0.00308746|0.00213059|0.0012727|0.00522178|0.000266598|0.000979027|0.00344885,0.0109342|0.0362414|0.0381696|0.0303206|0.0255931|0.0211034|0.00968695|0.0433038|0.0101688|0.00898217|0.0183567|0.0365406,0.000178506|0.0472365|0.00800322|0.0230682|0.00291922|0.0151027|0.0280967|0.00780618|0.0409649|0.0488958|0.0388066|0.0130093,0.973537|0.953794|0.90679|0.985376|0.962742|0.943878|0.923653|0.90929|0.981638|0.9108|0.969899|0.98883,4.63983|3.07459|1.41691|4.5695|0.0327787|4.82496|1.04264|3.9732|2.91399|6.27947|3.94615|4.04415,66.2586|94.4507|31.5608|49.6282|70.4589|95.0453|98.0873|83.4704|70.8805|91.8261|10.4661,0.180129|0.168303|0.219936|0.180772|0.246199|0.234751|0.239791|0.216464|0.189485|0.228404|0.216931,0.323551|0.263233|0.557853|0.511755|0.415176|0.258586|0.939209|0.583168|0.757042|0.133861|0.516407,0.869523,0.801463,0.117836,0.0993652,0.460468,0.534015,0.0732846,0.487967,0.198257,0.921169,51.6436,5.43263e-12,47756,0.887486,41.1981,1.06086e-12,38445,0.895553,0.876428,0.0878307,0.631141,0.996144,0.511517,0.22039,0.459803,0.228135,0.891603,87.9902,7.64954e-10,30733,0.967162,70.4477,9.04596e-11,52512
24,253,n1->n99->n77->n72->n71->n24->n23->n21->n20->n96->n94->n51,5.37021e+09|1.57108e+10|5.68112e+11|6.83442e+09|7.70008e+11|1.59557e+13|4.63033e+10|1.56161e+12|4.0293e+11|2.51165e+12|1.36531e+10|7.46708e+11,8.19724e+08|4.21389e+09|3.56307e+11|1.48353e+09|1.60546e+11|4.06569e+12|3.30225e+10|3.02345e+11|1.89646e+11|5.36324e+11|1.67171e+09|5.06847e+11,0.000494453|0.00089026|8.49487e-05|0.000159499|0.00017279|0.000193265|0.000277161|0.00096308|5.21063e-05|1.2987e-05|2.95455e-05|0.000185382,0.000316017|0.000350126|0.000906866|0.00384342|0.00123164|0.0012727|0.00418014|0.00195589|0.000368678|0.000286765|0.000125263|0.00344885,0.0109342|0.0362414|0.04851|0.0479977|0.0398828|0.0433038|0.00314906|0.00712365|0.0108696|0.0377902|0.00830448|0.0365406,0.000178506|0.0472365|0.0115254|0.0299903|0.0326729|0.00780618|0.0470385|0.0414669|0.0181411|0.0195364|0.0293842|0.0130093,0.973537|0.953794|0.949999|0.96924|0.947193|0.90929|0.92176|0.971602|0.923215|0.951762|0.927471|0.98883,4.63983|3.07459|0.722366|3.90463|0.117525|3.9732|2.08786|3.14177|4.79469|0.85792|5.03384|4.04415,66.2586|96.5216|92.3918|45.8448|44.1502|44.8869|88.4205|76.7594|58.7029|71.0086|11.2844,0.180129|0.241387|0.167022|0.218487|0.204574|0.161116|0.232237|0.218425|0.201188|0.230021|0.200895,0.323551|0.664018|0.776051|0.29317|0.45026|0.528582|0.516177|0.515127|0.666395|0.131268|0.836539,0.869523,0.801463,0.117836,0.0993652,0.460468,0.534015,0.0732846,0.487967,0.198257,0.921169,51.6436,5.43263e-12,47756,0.887486,41.1981,1.06086e-12,38445,0.895553,0.876428,0.0878307,0.631141,0.996144,0.511517,0.22039,0.459803,0.228135,0.891603,87.9902,7.64954e-10,30733,0.967162,70.4477,9.04596e-11,52512
24,254,n1->n20->n21->n67->n64->n49->n47->n45->n72->n77->n93->n94->n51,5.37021e+09|4.0293e+11|1.56161e+12|4.7483e+09|4.21034e+09|2.45005e+09|4.74236e+11|8.38488e+13|6.83442e+09|5.68112e+11|4.22601e+13|1.36531e+10|7.46708e+11,8.19724e+08|1.89646e+11|3.02345e+11|7.5553e+08|1.60867e+09|2.44458e+09|1.54765e+11|1.01787e+13|1.48353e+09|3.56307e+11|1.3774e+13|1.67171e+09|5.06847e+11,0.000494453|5.21063e-05|0.00096308|3.91885e-05|1.88732e-05|1.07426e-05|0.000202873|1.67225e-05|0.000159499|8.49487e-05|8.45967e-05|2.95455e-05|0.000185382,0.000316017|0.000368678|0.00195589|0.000640186|0.000135861|0.000979027|0.000266598|0.000742576|0.00384342|0.000906866|0.000162335|0.000125263|0.00344885,0.0109342|0.0108696|0.00712365|0.029632|0.0266797|0.0183567|0.00898217|0.00846218|0.0479977|0.04851|0.0108045|0.00830448|0.0365406,0.000178506|0.0181411|0.0414669|0.0482082|0.0436548|0.0388066|0.0488958|0.0342415|0.0299903|0.0115254|0.0326183|0.0293842|0.0130093,0.973537|0.923215|0.971602|0.924883|0.933821|0.969899|0.9108|0.934264|0.96924|0.949999|0.912097|0.927471|0.98883,4.63983|4.79469|3.14177|2.06342|5.77568|3.94615|6.27947|5.31688|3.90463|0.722366|5.92115|5.03384|4.04415,90.7492|76.7594|42.5138|95.5844|77.768|91.8261|40.979|63.1262|92.3918|51.9256|63.1349|11.2844,0.215706|0.218425|0.197352|0.248978|0.165457|0.228404|0.216949|0.243732|0.167022|0.247077|0.209804|0.200895,0.53635|0.515127|0.602799|0.480161|0.348083|0.133861|0.317946|0.65643|0.776051|0.469529|0.17375|0.836539,0.869523,0.801463,0.117836,0.0993652,0.460468,0.534015,0.0732846,0.487967,0.198257,0.921169,51.6436,5.43263e-12,47756,0.887486,41.1981,1.06086e-12,38445,0.895553,0.876428,0.0878307,0.631141,0.996144,0.511517,0.22039,0.459803,0.228135,0.891603,87.9902,7.64954e-10,30733,0.967162,70.4477,9.04596e-11,52512
24,255,n1->n20->n19->n18->n16->n38->n67->n21->n23->n77->n93->n94->n51,5.37021e+09|4.0293e+11|2.47533e+11|7.59179e+12|1.09193e+13|1.16426e+13|4.7483e+09|1.56161e+12|4.63033e+10|5.68112e+11|4.22601e+13|1.36531e+10|7.46708e+11,8.19724e+08|1.89646e+11|2.33399e+11|4.11836e+12|1.33827e+12|1.19258e+12|7.5553e+08|3.02345e+11|3.30225e+10|3.56307e+11|1.3774e+13|1.67171e+09|5.06847e+11,0.000494453|5.21063e-05|0.000261527|2.98936e-05|3.71682e-05|1.04425e-05|3.91885e-05|0.00096308|0.000277161|8.49487e-05|8.45967e-05|2.95455e-05|0.000185382,0.000316017|0.000368678|0.000768065|0.000681499|0.00174713|0.00950649|0.000640186|0.00195589|0.00418014|0.000906866|0.000162335|0.000125263|0.00344885,0.0109342|0.0108696|0.0201979|0.0192976|0.0123696|0.0263713|0.029632|0.00712365|0.00314906|0.04851|0.0108045|0.00830448|0.0365406,0.000178506|0.0181411|0.0291803|0.0120519|0.0240438|0.00318517|0.0482082|0.0414669|0.0470385|0.0115254|0.0326183|0.0293842|0.0130093,0.973537|0.923215|0.941018|0.946711|0.979533|0.902547|0.924883|0.971602|0.92176|0.949999|0.912097|0.927471|0.98883,4.63983|4.79469|1.39448|4.38273|1.69436|5.09423|2.06342|3.14177|2.08786|0.722366|5.92115|5.03384|4.04415,90.7492|86.2435|34.0839|72.2829|28.0546|59.2872|42.5138|88.4205|39.0733|51.9256|63.1349|11.2844,0.215706|0.182991|0.248409|0.180241|0.17367|0.200548|0.197352|0.232237|0.178948|0.247077|0.209804|0.200895,0.53635|0.182796|0.983209|0.553025|0.828443|0.127053|0.602799|0.516177|0.23533|0.469529|0.17375|0.836539,0.869523,0.801463,0.117836,0.0993652,0.460468,0.534015,0.0732846,0.487967,0.198257,0.921169,51.6436,5.43263e-12,47756,0.887486,41.1981,1.06086e-12,38445,0.895553,0.876428,0.0878307,0.631141,0.996144,0.511517,0.22039,0.459803,0.228135,0.891603,87.9902,7.64954e-10,30733,0.967162,70.4477,9.04596e-11,52512
24,256,n1->n20->n89->n95->n82->n84->n83->n81->n37->n65->n64->n49->n51,5.37021e+09|4.0293e+11|2.68119e+11|1.05601e+11|1.07979e+13|1.07392e+09|3.76373e+13|2.58887e+10|2.79748e+13|1.12599e+09|4.21034e+09|2.45005e+09|7.46708e+11,8.19724e+08|1.89646e+11|9.23423e+10|5.46554e+10|1.66379e+12|9.00899e+08|2.34723e+13|8.36206e+09|4.96975e+12|3.2906e+08|1.60867e+09|2.44458e+09|5.06847e+11,0.000494453|5.21063e-05|3.55201e-05|0.000260968|0.000837919|2.14473e-05|1.86087e-05|0.000268232|1.06248e-05|1.96575e-05|1.88732e-05|1.07426e-05|0.000185382,0.000316017|0.000368678|0.000111435|0.000186877|0.00271152|0.000434313|0.000175452|0.000752991|0.000261291|0.000428116|0.000135861|0.000979027|0.00344885,0.0109342|0.0108696|0.0107812|0.00282907|0.0278433|0.0473575|0.015405|0.0481357|0.0457563|0.00118659|0.0266797|0.0183567|0.0365406,0.000178506|0.0181411|0.0401575|0.0420997|0.0266174|0.0366447|0.038157|0.00997263|0.0105712|0.00176737|0.0436548|0.0388066|0.0130093,0.973537|0.923215|0.926416|0.966581|0.934435|0.948551|0.947801|0.948836|0.964079|0.967717|0.933821|0.969899|0.98883,4.63983|4.79469|0.0868458|1.09944|0.132111|5.42186|4.11052|1.5908|4.96174|4.1126|5.77568|3.94615|4.04415,90.7492|18.2346|11.8194|75.699|83.37|20.1884|78.7627|88.8597|13.4252|56.7563|77.768|10.4661,0.215706|0.231355|0.168449|0.21275|0.203763|0.246081|0.170031|0.211898|0.230756|0.186349|0.165457|0.216931,0.53635|0.595303|0.776387|0.837867|0.808712|0.599197|0.530775|0.430076|0.986996|0.927837|0.348083|0.516407,0.869523,0.801463,0.117836,0.0993652,0.460468,0.534015,0.0732846,0.487967,0.198257,0.921169,51.6436,5.43263e-12,47756,0.887486,41.1981,1.06086e-12,38445,0.895553,0.876428,0.0878307,0.631141,0.996144,0.511517,0.22039,0.459803,0.228135,0.891603,87.9902,7.64954e-10,30733,0.967162,70.4477,9.04596e-11,52512
24,257,n1->n13->n14->n96->n94->n92->n91->n93->n64->n62->n60->n50->n51,5.37021e+09|6.60497e+13|3.70261e+10|2.51165e+12|1.36531e+10|1.97334e+09|2.84652e+12|4.22601e+13|4.21034e+09|2.37342e+11|8.79841e+13|2.36425e+09|7.46708e+11,8.19724e+08|8.87204e+12|1.44234e+10|5.36324e+11|1.67171e+09|1.46451e+09|3.57264e+11|1.3774e+13|1.60867e+09|1.13053e+11|5.95756e+13|4.07889e+08|5.06847e+11,0.000494453|0.000787814|3.25754e-05|1.2987e-05|2.95455e-05|2.75832e-05|6.93267e-05|8.45967e-05|1.88732e-05|8.24006e-05|0.000731749|1.54283e-05|0.000185382,0.000316017|0.00788063|0.000181646|0.000286765|0.000125263|0.0052688|0.00599677|0.000162335|0.000135861|0.00794111|0.000248463|0.00907722|0.00344885,0.0109342|0.0476737|0.0426128|0.0377902|0.00830448|0.0444618|0.008036|0.0108045|0.0266797|0.0242596|0.0128442|0.00638914|0.0365406,0.000178506|0.00335145|0.049061|0.0195364|0.0293842|0.0387741|0.015498|0.0326183|0.0436548|0.0480911|0.0431033|0.0483596|0.0130093,0.973537|0.954869|0.906626|0.951762|0.927471|0.987763|0.964407|0.912097|0.933821|0.98053|0.945549|0.910708|0.98883,4.63983|5.26639|0.762282|0.85792|5.03384|6.03913|5.6679|5.92115|5.77568|5.59786|4.50487|5.41755|4.04415,79.8117|92.5451|54.7186|71.0086|13.5087|32.3713|26.8753|32.5899|93.0484|48.3985|22.3088|82.9474,0.246796|0.191459|0.208433|0.230021|0.230182|0.161013|0.203549|0.178102|0.176232|0.17162|0.190841|0.24308,0.338018|0.161307|0.448351|0.131268|0.731663|0.940947|0.21516|0.548301|0.182879|0.641887|0.323935|0.624607,0.869523,0.801463,0.117836,0.0993652,0.460468,0.534015,0.0732846,0.487967,0.198257,0.921169,51.6436,5.43263e-12,47756,0.887486,41.1981,1.06086e-12,38445,0.895553,0.876428,0.0878307,0.631141,0.996144,0.511517,0.22039,0.459803,0.228135,0.891603,87.9902,7.64954e-10,30733,0.967162,70.4477,9.04596e-11,52512
24,258,n1->n20->n96->n94->n92->n93->n64->n49->n47->n26->n27->n52->n51,5.37021e+09|4.0293e+11|2.51165e+12|1.36531e+10|1.97334e+09|4.22601e+13|4.21034e+09|2.45005e+09|4.74236e+11|7.09351e+09|4.19351e+12|1.02428e+10|7.46708e+11,8.19724e+08|1.89646e+11|5.36324e+11|1.67171e+09|1.46451e+09|1.3774e+13|1.60867e+09|2.44458e+09|1.54765e+11|1.31666e+09|8.73344e+11|2.07235e+09|5.06847e+11,0.000494453|5.21063e-05|1.2987e-05|2.95455e-05|2.75832e-05|8.45967e-05|1.88732e-05|1.07426e-05|0.000202873|3.77967e-05|1.08528e-05|0.00011644|0.000185382,0.000316017|0.000368678|0.000286765|0.000125263|0.0052688|0.000162335|0.000135861|0.000979027|0.000266598|0.00522178|0.00262605|0.00580301|0.00344885,0.0109342|0.0108696|0.0377902|0.00830448|0.0444618|0.0108045|0.0266797|0.0183567|0.00898217|0.0101688|0.0303206|0.0398377|0.0365406,0.000178506|0.0181411|0.0195364|0.0293842|0.0387741|0.0326183|0.0436548|0.0388066|0.0488958|0.0409649|0.0230682|0.0151024|0.0130093,0.973537|0.923215|0.951762|0.927471|0.987763|0.912097|0.933821|0.969899|0.9108|0.981638|0.985376|0.965406|0.98883,4.63983|4.79469|0.85792|5.03384|6.03913|5.92115|5.77568|3.94615|6.27947|2.91399|4.5695|0.0104102|4.04415,90.7492|58.7029|71.0086|13.5087|61.035|32.5899|77.768|91.8261|70.8805|67.4197|46.2248|83.3731,0.215706|0.201188|0.230021|0.230182|0.21409|0.178102|0.165457|0.228404|0.189485|0.171162|0.183493|0.197114,0.53635|0.666395|0.131268|0.731663|0.722832|0.548301|0.348083|0.133861|0.757042|0.40751|0.657987|0.942894,0.869523,0.801463,0.117836,0.0993652,0.460468,0.534015,0.0732846,0.487967,0.198257,0.921169,51.6436,5.43263e-12,47756,0.887486,41.1981,1.06086e-12,38445,0.895553,0.876428,0.0878307,0.631141,0.996144,0.511517,0.22039,0.459803,0.228135,0.891603,87.9902,7.64954e-10,30733,0.967162,70.4477,9.04596e-11,52512
24,259,n1->n20->n21->n22->n74->n35->n33->n31->n29->n15->n63->n61->n51,5.37021e+09|4.0293e+11|1.56161e+12|1.47e+10|5.8385e+13|5.77859e+11|3.64323e+13|4.79342e+12|3.6336e+13|8.77071e+11|6.55204e+12|6.44979e+11|7.46708e+11,8.19724e+08|1.89646e+11|3.02345e+11|9.51029e+09|7.35096e+12|4.88834e+11|6.32377e+12|4.42443e+12|1.77292e+13|1.06991e+11|2.63574e+12|1.30372e+11|5.06847e+11,0.000494453|5.21063e-05|0.00096308|1.77434e-05|0.000875739|0.000412952|1.50316e-05|0.00024651|0.000125062|0.000182949|0.000116235|3.71253e-05|0.000185382,0.000316017|0.000368678|0.00195589|0.0006856|0.00944671|0.00138752|0.00213059|0.00308746|0.00231296|0.00274771|0.00126856|0.00313588|0.00344885,0.0109342|0.0108696|0.00712365|0.0408661|0.0280357|0.00215298|0.00968695|0.0211034|0.0255931|0.0207315|0.0100727|0.0266048|0.0365406,0.000178506|0.0181411|0.0414669|0.040072|0.0166219|0.0375959|0.0280967|0.0151027|0.00291922|0.0378122|0.0107197|0.0179693|0.0130093,0.973537|0.923215|0.971602|0.95984|0.90082|0.952159|0.923653|0.943878|0.962742|0.910795|0.903245|0.958619|0.98883,4.63983|4.79469|3.14177|0.048646|0.0974208|5.24666|1.04264|4.82496|0.0327787|1.89272|4.68449|2.63855|4.04415,90.7492|76.7594|55.6995|63.8366|67.7415|93.5115|95.0453|70.4589|32.2763|11.0615|47.0482|66.5616,0.215706|0.218425|0.206062|0.241428|0.161632|0.242679|0.234751|0.246199|0.240047|0.214255|0.167884|0.171721,0.53635|0.515127|0.677391|0.480684|0.301798|0.487093|0.258586|0.415176|0.895675|0.692153|0.410418|0.235817,0.869523,0.801463,0.117836,0.0993652,0.460468,0.534015,0.0732846,0.487967,0.198257,0.921169,51.6436,5.43263e-12,47756,0.887486,41.1981,1.06086e-12,38445,0.895553,0.876428,0.0878307,0.631141,0.996144,0.511517,0.22039,0.459803,0.228135,0.891603,87.9902,7.64954e-10,30733,0.967162,70.4477,9.04596e-11,52512
24,260,n1->n20->n18->n70->n69->n3->n5->n65->n85->n58->n59->n50->n51,5.37021e+09|4.0293e+11|7.59179e+12|6.87309e+13|8.81277e+09|2.78751e+13|2.91995e+11|1.12599e+09|2.02447e+09|8.16696e+09|3.04563e+11|2.36425e+09|7.46708e+11,8.19724e+08|1.89646e+11|4.11836e+12|9.78332e+12|7.57626e+09|1.44762e+13|4.67133e+10|3.2906e+08|2.41326e+08|6.89506e+09|3.06423e+10|4.07889e+08|5.06847e+11,0.000494453|5.21063e-05|2.98936e-05|5.13815e-05|0.000268039|0.00022361|7.03031e-05|1.96575e-05|2.04325e-05|0.000266735|2.43107e-05|1.54283e-05|0.000185382,0.000316017|0.000368678|0.000681499|0.00295865|0.00367819|0.00776667|0.000196916|0.000428116|0.000338175|0.00874893|0.000202742|0.00907722|0.00344885,0.0109342|0.0108696|0.0192976|0.0286141|0.022957|0.0268705|0.00731162|0.00118659|0.0354515|0.0248478|0.00304046|0.00638914|0.0365406,0.000178506|0.0181411|0.0120519|0.0216638|0.0100342|0.0326941|0.0421608|0.00176737|0.0266209|0.0481122|0.0474075|0.0483596|0.0130093,0.973537|0.923215|0.946711|0.966653|0.975915|0.982466|0.951514|0.967717|0.940474|0.911658|0.99171|0.910708|0.98883,4.63983|4.79469|4.38273|4.60778|2.99986|4.79844|4.90362|4.1126|4.91715|3.70937|5.60303|5.41755|4.04415,90.7492|89.2299|55.8812|74.5377|83.9106|10.4739|35.0583|82.5435|90.6886|56.397|47.7013|82.9474,0.215706|0.247215|0.234874|0.172691|0.204476|0.163561|0.209201|0.20461|0.194345|0.21902|0.170229|0.24308,0.53635|0.652252|0.16843|0.416585|0.65353|0.469027|0.297185|0.519435|0.45102|0.533324|0.776444|0.624607,0.869523,0.801463,0.117836,0.0993652,0.460468,0.534015,0.0732846,0.487967,0.198257,0.921169,51.6436,5.43263e-12,47756,0.887486,41.1981,1.06086e-12,38445,0.895553,0.876428,0.0878307,0.631141,0.996144,0.511517,0.22039,0.459803,0.228135,0.891603,87.9902,7.64954e-10,30733,0.967162,70.4477,9.04596e-11,52512
24,261,n1->n13->n15->n29->n28->n27->n26->n24->n23->n77->n93->n94->n51,5.37021e+09|6.60497e+13|8.77071e+11|3.6336e+13|1.34247e+11|4.19351e+12|7.09351e+09|1.59557e+13|4.63033e+10|5.68112e+11|4.22601e+13|1.36531e+10|7.46708e+11,8.19724e+08|8.87204e+12|1.06991e+11|1.77292e+13|1.51805e+10|8.73344e+11|1.31666e+09|4.06569e+12|3.30225e+10|3.56307e+11|1.3774e+13|1.67171e+09|5.06847e+11,0.000494453|0.000787814|0.000182949|0.000125062|0.00056516|1.08528e-05|3.77967e-05|0.000193265|0.000277161|8.49487e-05|8.45967e-05|2.95455e-05|0.000185382,0.000316017|0.00788063|0.00274771|0.00231296|0.0093172|0.00262605|0.00522178|0.0012727|0.00418014|0.000906866|0.000162335|0.000125263|0.00344885,0.0109342|0.0476737|0.0207315|0.0255931|0.0317261|0.0303206|0.0101688|0.0433038|0.00314906|0.04851|0.0108045|0.00830448|0.0365406,0.000178506|0.00335145|0.0378122|0.00291922|0.03841|0.0230682|0.0409649|0.00780618|0.0470385|0.0115254|0.0326183|0.0293842|0.0130093,0.973537|0.954869|0.910795|0.962742|0.948072|0.985376|0.981638|0.90929|0.92176|0.949999|0.912097|0.927471|0.98883,4.63983|5.26639|1.89272|0.0327787|1.48687|4.5695|2.91399|3.9732|2.08786|0.722366|5.92115|5.03384|4.04415,79.8117|66.6304|32.2763|18.7034|23.5709|67.4197|83.4704|44.8869|39.0733|51.9256|63.1349|11.2844,0.246796|0.179788|0.240047|0.249902|0.207151|0.171162|0.216464|0.161116|0.178948|0.247077|0.209804|0.200895,0.338018|0.275394|0.895675|0.259002|0.340196|0.40751|0.583168|0.528582|0.23533|0.469529|0.17375|0.836539,0.869523,0.801463,0.117836,0.0993652,0.460468,0.534015,0.0732846,0.487967,0.198257,0.921169,51.6436,5.43263e-12,47756,0.887486,41.1981,1.06086e-12,38445,0.895553,0.876428,0.0878307,0.631141,0.996144,0.511517,0.22039,0.459803,0.228135,0.891603,87.9902,7.64954e-10,30733,0.967162,70.4477,9.04596e-11,52512
24,262,n1->n13->n14->n75->n76->n69->n28->n29->n50->n48->n47->n49->n51,5.37021e+09|6.60497e+13|3.70261e+10|8.71921e+10|4.21804e+13|8.81277e+09|1.34247e+11|3.6336e+13|2.36425e+09|3.98001e+12|4.74236e+11|2.45005e+09|7.46708e+11,8.19724e+08|8.87204e+12|1.44234e+10|5.29113e+10|1.15782e+13|7.57626e+09|1.51805e+10|1.77292e+13|4.07889e+08|1.69514e+12|1.54765e+11|2.44458e+09|5.06847e+11,0.000494453|0.000787814|3.25754e-05|0.000766915|1.88608e-05|0.000268039|0.00056516|0.000125062|1.54283e-05|4.78153e-05|0.000202873|1.07426e-05|0.000185382,0.000316017|0.00788063|0.000181646|0.000203965|0.00214239|0.00367819|0.0093172|0.00231296|0.00907722|0.00544009|0.000266598|0.000979027|0.00344885,0.0109342|0.0476737|0.0426128|0.0243876|0.00156873|0.022957|0.0317261|0.0255931|0.00638914|0.0455031|0.00898217|0.0183567|0.0365406,0.000178506|0.00335145|0.049061|0.0250863|0.0470058|0.0100342|0.03841|0.00291922|0.0483596|0.0360942|0.0488958|0.0388066|0.0130093,0.973537|0.954869|0.906626|0.936129|0.989289|0.975915|0.948072|0.962742|0.910708|0.967439|0.9108|0.969899|0.98883,4.63983|5.26639|0.762282|3.39264|0.578949|2.99986|1.48687|0.0327787|5.41755|3.09858|6.27947|3.94615|4.04415,79.8117|92.5451|56.2706|63.5216|66.666|97.1045|18.7034|37.0378|23.5956|78.8723|91.8261|10.4661,0.246796|0.191459|0.226178|0.207806|0.212271|0.207556|0.249902|0.191256|0.191801|0.239998|0.228404|0.216931,0.338018|0.161307|0.725021|0.844544|0.890059|0.438091|0.259002|0.182586|0.688345|0.300482|0.133861|0.516407,0.869523,0.801463,0.117836,0.0993652,0.460468,0.534015,0.0732846,0.487967,0.198257,0.921169,51.6436,5.43263e-12,47756,0.887486,41.1981,1.06086e-12,38445,0.895553,0.876428,0.0878307,0.631141,0.996144,0.511517,0.22039,0.459803,0.228135,0.891603,87.9902,7.64954e-10,30733,0.967162,70.4477,9.04596e-11,52512
24,263,n1->n13->n12->n14->n75->n76->n30->n32->n34->n36->n64->n49->n51,5.37021e+09|6.60497e+13|9.70597e+10|3.70261e+10|8.71921e+10|4.21804e+13|1.26395e+10|1.78367e+12|4.7313e+12|7.73972e+11|4.21034e+09|2.45005e+09|7.46708e+11,8.19724e+08|8.87204e+12|2.76143e+10|1.44234e+10|5.29113e+10|1.15782e+13|1.81012e+09|1.05491e+12|1.15705e+12|7.77593e+10|1.60867e+09|2.44458e+09|5.06847e+11,0.000494453|0.000787814|0.000201974|3.25754e-05|0.000766915|1.88608e-05|4.789e-05|0.000179959|0.000140889|0.000426407|1.88732e-05|1.07426e-05|0.000185382,0.000316017|0.00788063|0.0016732|0.000181646|0.000203965|0.00214239|0.00655588|0.00292552|0.000270551|0.00396778|0.000135861|0.000979027|0.00344885,0.0109342|0.0476737|0.0313381|0.0426128|0.0243876|0.00156873|0.00398508|0.00778345|0.0276207|0.00497013|0.0266797|0.0183567|0.0365406,0.000178506|0.00335145|0.0470205|0.049061|0.0250863|0.0470058|0.0178703|0.0161829|0.0210615|0.0341912|0.0436548|0.0388066|0.0130093,0.973537|0.954869|0.937315|0.906626|0.936129|0.989289|0.972158|0.953313|0.904866|0.94998|0.933821|0.969899|0.98883,4.63983|5.26639|3.07758|0.762282|3.39264|0.578949|5.42296|0.10397|4.56594|3.70656|5.77568|3.94615|4.04415,79.8117|56.34|51.9585|56.2706|63.5216|21.8454|69.5993|23.0914|89.5651|43.8659|77.768|10.4661,0.246796|0.206669|0.222459|0.226178|0.207806|0.220509|0.204659|0.18593|0.241996|0.241695|0.165457|0.216931,0.338018|0.285239|0.326911|0.725021|0.844544|0.936019|0.237533|0.12287|0.265381|0.590576|0.348083|0.516407,0.869523,0.801463,0.117836,0.0993652,0.460468,0.534015,0.0732846,0.487967,0.198257,0.921169,51.6436,5.43263e-12,47756,0.887486,41.1981,1.06086e-12,38445,0.895553,0.876428,0.0878307,0.631141,0.996144,0.511517,0.22039,0.459803,0.228135,0.891603,87.9902,7.64954e-10,30733,0.967162,70.4477,9.04596e-11,52512
24,264,n1->n13->n14->n96->n20->n21->n23->n24->n33->n31->n29->n50->n51,5.37021e+09|6.60497e+13|3.70261e+10|2.51165e+12|4.0293e+11|1.56161e+12|4.63033e+10|1.59557e+13|3.64323e+13|4.79342e+12|3.6336e+13|2.36425e+09|7.46708e+11,8.19724e+08|8.87204e+12|1.44234e+10|5.36324e+11|1.89646e+11|3.02345e+11|3.30225e+10|4.06569e+12|6.32377e+12|4.42443e+12|1.77292e+13|4.07889e+08|5.06847e+11,0.000494453|0.000787814|3.25754e-05|1.2987e-05|5.21063e-05|0.00096308|0.000277161|0.000193265|1.50316e-05|0.00024651|0.000125062|1.54283e-05|0.000185382,0.000316017|0.00788063|0.000181646|0.000286765|0.000368678|0.00195589|0.00418014|0.0012727|0.00213059|0.00308746|0.00231296|0.00907722|0.00344885,0.0109342|0.0476737|0.0426128|0.0377902|0.0108696|0.00712365|0.00314906|0.0433038|0.00968695|0.0211034|0.0255931|0.00638914|0.0365406,0.000178506|0.00335145|0.049061|0.0195364|0.0181411|0.0414669|0.0470385|0.00780618|0.0280967|0.0151027|0.00291922|0.0483596|0.0130093,0.973537|0.954869|0.906626|0.951762|0.923215|0.971602|0.92176|0.90929|0.923653|0.943878|0.962742|0.910708|0.98883,4.63983|5.26639|0.762282|0.85792|4.79469|3.14177|2.08786|3.9732|1.04264|4.82496|0.0327787|5.41755|4.04415,79.8117|92.5451|54.7186|58.7029|76.7594|88.4205|44.8869|98.0873|95.0453|70.4589|37.0378|82.9474,0.246796|0.191459|0.208433|0.201188|0.218425|0.232237|0.161116|0.239791|0.234751|0.246199|0.191256|0.24308,0.338018|0.161307|0.448351|0.666395|0.515127|0.516177|0.528582|0.939209|0.258586|0.415176|0.182586|0.624607,0.869523,0.801463,0.117836,0.0993652,0.460468,0.534015,0.0732846,0.487967,0.198257,0.921169,51.6436,5.43263e-12,47756,0.887486,41.1981,1.06086e-12,38445,0.895553,0.876428,0.0878307,0.631141,0.996144,0.511517,0.22039,0.459803,0.228135,0.891603,87.9902,7.64954e-10,30733,0.967162,70.4477,9.04596e-11,52512
24,265,n1->n13->n14->n12->n6->n33->n35->n74->n75->n4->n27->n52->n51,5.37021e+09|6.60497e+13|3.70261e+10|9.70597e+10|1.14208e+09|3.64323e+13|5.77859e+11|5.8385e+13|8.71921e+10|7.07339e+12|4.19351e+12|1.02428e+10|7.46708e+11,8.19724e+08|8.87204e+12|1.44234e+10|2.76143e+10|2.20459e+08|6.32377e+12|4.88834e+11|7.35096e+12|5.29113e+10|2.43435e+12|8.73344e+11|2.07235e+09|5.06847e+11,0.000494453|0.000787814|3.25754e-05|0.000201974|1.08483e-05|1.50316e-05|0.000412952|0.000875739|0.000766915|0.000113681|1.08528e-05|0.00011644|0.000185382,0.000316017|0.00788063|0.000181646|0.0016732|0.00010157|0.00213059|0.00138752|0.00944671|0.000203965|0.00198341|0.00262605|0.00580301|0.00344885,0.0109342|0.0476737|0.0426128|0.0313381|0.00160082|0.00968695|0.00215298|0.0280357|0.0243876|0.0350273|0.0303206|0.0398377|0.0365406,0.000178506|0.00335145|0.049061|0.0470205|0.0260762|0.0280967|0.0375959|0.0166219|0.0250863|0.0273051|0.0230682|0.0151024|0.0130093,0.973537|0.954869|0.906626|0.937315|0.908628|0.923653|0.952159|0.90082|0.936129|0.917619|0.985376|0.965406|0.98883,4.63983|5.26639|0.762282|3.07758|5.01633|1.04264|5.24666|0.0974208|3.39264|1.56082|4.5695|0.0104102|4.04415,79.8117|92.5451|51.9585|32.9383|50.0569|93.5115|67.7415|64.3401|81.7362|52.1141|46.2248|83.3731,0.246796|0.191459|0.222459|0.230728|0.19306|0.242679|0.161632|0.220369|0.218556|0.184605|0.183493|0.197114,0.338018|0.161307|0.326911|0.628307|0.116472|0.487093|0.301798|0.119032|0.847503|0.200735|0.657987|0.942894,0.869523,0.801463,0.117836,0.0993652,0.460468,0.534015,0.0732846,0.487967,0.198257,0.921169,51.6436,5.43263e-12,47756,0.887486,41.1981,1.06086e-12,38445,0.895553,0.876428,0.0878307,0.631141,0.996144,0.511517,0.22039,0.459803,0.228135,0.891603,87.9902,7.64954e-10,30733,0.967162,70.4477,9.04596e-11,52512
24,266,n1->n13->n11->n29->n30->n76->n74->n57->n83->n85->n65->n52->n51,5.37021e+09|6.60497e+13|1.78735e+12|3.6336e+13|1.26395e+10|4.21804e+13|5.8385e+13|4.14288e+09|3.76373e+13|2.02447e+09|1.12599e+09|1.02428e+10|7.46708e+11,8.19724e+08|8.87204e+12|3.29521e+11|1.77292e+13|1.81012e+09|1.15782e+13|7.35096e+12|2.05006e+09|2.34723e+13|2.41326e+08|3.2906e+08|2.07235e+09|5.06847e+11,0.000494453|0.000787814|5.47786e-05|0.000125062|4.789e-05|1.88608e-05|0.000875739|0.000173612|1.86087e-05|2.04325e-05|1.96575e-05|0.00011644|0.000185382,0.000316017|0.00788063|0.00652494|0.00231296|0.00655588|0.00214239|0.00944671|0.00271581|0.000175452|0.000338175|0.000428116|0.00580301|0.00344885,0.0109342|0.0476737|0.00125292|0.0255931|0.00398508|0.00156873|0.0280357|0.0328142|0.015405|0.0354515|0.00118659|0.0398377|0.0365406,0.000178506|0.00335145|0.0136412|0.00291922|0.0178703|0.0470058|0.0166219|0.0437642|0.038157|0.0266209|0.00176737|0.0151024|0.0130093,0.973537|0.954869|0.988894|0.962742|0.972158|0.989289|0.90082|0.983348|0.947801|0.940474|0.967717|0.965406|0.98883,4.63983|5.26639|0.923897|0.0327787|5.42296|0.578949|0.0974208|1.93323|4.11052|4.91715|4.1126|0.0104102|4.04415,79.8117|13.9548|13.2112|29.3504|21.8454|53.1277|95.6836|50.003|92.2019|82.5435|56.1703|83.3731,0.246796|0.189728|0.219003|0.179657|0.220509|0.181342|0.169856|0.1911|0.231254|0.20461|0.247907|0.197114,0.338018|0.801183|0.427028|0.887943|0.936019|0.519715|0.815246|0.161388|0.604504|0.519435|0.827328|0.942894,0.869523,0.801463,0.117836,0.0993652,0.460468,0.534015,0.0732846,0.487967,0.198257,0.921169,51.6436,5.43263e-12,47756,0.887486,41.1981,1.06086e-12,38445,0.895553,0.876428,0.0878307,0.631141,0.996144,0.511517,0.22039,0.459803,0.228135,0.891603,87.9902,7.64954e-10,30733,0.967162,70.4477,9.04596e-11,52512
24,267,n1->n99->n98->n57->n74->n35->n34->n15->n13->n11->n29->n50->n51,5.37021e+09|1.57108e+10|1.8266e+13|4.14288e+09|5.8385e+13|5.77859e+11|4.7313e+12|8.77071e+11|6.60497e+13|1.78735e+12|3.6336e+13|2.36425e+09|7.46708e+11,8.19724e+08|4.21389e+09|5.99087e+12|2.05006e+09|7.35096e+12|4.88834e+11|1.15705e+12|1.06991e+11|8.87204e+12|3.29521e+11|1.77292e+13|4.07889e+08|5.06847e+11,0.000494453|0.00089026|0.000410965|0.000173612|0.000875739|0.000412952|0.000140889|0.000182949|0.000787814|5.47786e-05|0.000125062|1.54283e-05|0.000185382,0.000316017|0.000350126|0.000548485|0.00271581|0.00944671|0.00138752|0.000270551|0.00274771|0.00788063|0.00652494|0.00231296|0.00907722|0.00344885,0.0109342|0.0362414|0.0295222|0.0328142|0.0280357|0.00215298|0.0276207|0.0207315|0.0476737|0.00125292|0.0255931|0.00638914|0.0365406,0.000178506|0.0472365|0.0297366|0.0437642|0.0166219|0.0375959|0.0210615|0.0378122|0.00335145|0.0136412|0.00291922|0.0483596|0.0130093,0.973537|0.953794|0.959539|0.983348|0.90082|0.952159|0.904866|0.910795|0.954869|0.988894|0.962742|0.910708|0.98883,4.63983|3.07459|2.95405|1.93323|0.0974208|5.24666|4.56594|1.89272|5.26639|0.923897|0.0327787|5.41755|4.04415,66.2586|58.4557|98.2355|95.6836|67.7415|26.2497|27.3162|66.6304|13.9548|13.2112|37.0378|82.9474,0.180129|0.227784|0.190047|0.169856|0.161632|0.244194|0.231681|0.179788|0.189728|0.219003|0.191256|0.24308,0.323551|0.686264|0.757428|0.815246|0.301798|0.307851|0.750497|0.275394|0.801183|0.427028|0.182586|0.624607,0.869523,0.801463,0.117836,0.0993652,0.460468,0.534015,0.0732846,0.487967,0.198257,0.921169,51.6436,5.43263e-12,47756,0.887486,41.1981,1.06086e-12,38445,0.895553,0.876428,0.0878307,0.631141,0.996144,0.511517,0.22039,0.459803,0.228135,0.891603,87.9902,7.64954e-10,30733,0.967162,70.4477,9.04596e-11,52512
24,268,n1->n13->n11->n9->n10->n73->n75->n71->n72->n77->n93->n94->n51,5.37021e+09|6.60497e+13|1.78735e+12|1.49139e+12|2.49624e+09|1.41706e+11|8.71921e+10|7.70008e+11|6.83442e+09|5.68112e+11|4.22601e+13|1.36531e+10|7.46708e+11,8.19724e+08|8.87204e+12|3.29521e+11|3.79906e+11|7.32581e+08|5.76853e+10|5.29113e+10|1.60546e+11|1.48353e+09|3.56307e+11|1.3774e+13|1.67171e+09|5.06847e+11,0.000494453|0.000787814|5.47786e-05|1.80008e-05|6.27016e-05|6.32916e-05|0.000766915|0.00017279|0.000159499|8.49487e-05|8.45967e-05|2.95455e-05|0.000185382,0.000316017|0.00788063|0.00652494|0.00065196|0.00113469|0.000807753|0.000203965|0.00123164|0.00384342|0.000906866|0.000162335|0.000125263|0.00344885,0.0109342|0.0476737|0.00125292|0.0140743|0.00597815|0.0455502|0.0243876|0.0398828|0.0479977|0.04851|0.0108045|0.00830448|0.0365406,0.000178506|0.00335145|0.0136412|0.033904|0.0245713|0.028193|0.0250863|0.0326729|0.0299903|0.0115254|0.0326183|0.0293842|0.0130093,0.973537|0.954869|0.988894|0.963574|0.962416|0.909539|0.936129|0.947193|0.96924|0.949999|0.912097|0.927471|0.98883,4.63983|5.26639|0.923897|5.88966|1.97158|3.29092|3.39264|0.117525|3.90463|0.722366|5.92115|5.03384|4.04415,79.8117|13.9548|99.0064|65.9961|29.3778|85.6152|14.5634|45.8448|92.3918|51.9256|63.1349|11.2844,0.246796|0.189728|0.201409|0.193896|0.202302|0.185893|0.169453|0.218487|0.167022|0.247077|0.209804|0.200895,0.338018|0.801183|0.439638|0.982181|0.747283|0.624191|0.275247|0.29317|0.776051|0.469529|0.17375|0.836539,0.869523,0.801463,0.117836,0.0993652,0.460468,0.534015,0.0732846,0.487967,0.198257,0.921169,51.6436,5.43263e-12,47756,0.887486,41.1981,1.06086e-12,38445,0.895553,0.876428,0.0878307,0.631141,0.996144,0.511517,0.22039,0.459803,0.228135,0.891603,87.9902,7.64954e-10,30733,0.967162,70.4477,9.04596e-11,52512
24,269,n1->n99->n97->n95->n93->n77->n23->n24->n33->n31->n29->n50->n51,5.37021e+09|1.57108e+10|2.90604e+09|1.05601e+11|4.22601e+13|5.68112e+11|4.63033e+10|1.59557e+13|3.64323e+13|4.79342e+12|3.6336e+13|2.36425e+09|7.46708e+11,8.19724e+08|4.21389e+09|5.04144e+08|5.46554e+10|1.3774e+13|3.56307e+11|3.30225e+10|4.06569e+12|6.32377e+12|4.42443e+12|1.77292e+13|4.07889e+08|5.06847e+11,0.000494453|0.00089026|8.81202e-05|0.000260968|8.45967e-05|8.49487e-05|0.000277161|0.000193265|1.50316e-05|0.00024651|0.000125062|1.54283e-05|0.000185382,0.000316017|0.000350126|0.00494291|0.000186877|0.000162335|0.000906866|0.00418014|0.0012727|0.00213059|0.00308746|0.00231296|0.00907722|0.00344885,0.0109342|0.0362414|0.0381696|0.00282907|0.0108045|0.04851|0.00314906|0.0433038|0.00968695|0.0211034|0.0255931|0.00638914|0.0365406,0.000178506|0.0472365|0.00800322|0.0420997|0.0326183|0.0115254|0.0470385|0.00780618|0.0280967|0.0151027|0.00291922|0.0483596|0.0130093,0.973537|0.953794|0.90679|0.966581|0.912097|0.949999|0.92176|0.90929|0.923653|0.943878|0.962742|0.910708|0.98883,4.63983|3.07459|1.41691|1.09944|5.92115|0.722366|2.08786|3.9732|1.04264|4.82496|0.0327787|5.41755|4.04415,66.2586|94.4507|11.8968|24.941|51.9256|39.0733|44.8869|98.0873|95.0453|70.4589|37.0378|82.9474,0.180129|0.168303|0.228013|0.237661|0.247077|0.178948|0.161116|0.239791|0.234751|0.246199|0.191256|0.24308,0.323551|0.263233|0.342677|0.985064|0.469529|0.23533|0.528582|0.939209|0.258586|0.415176|0.182586|0.624607,0.869523,0.801463,0.117836,0.0993652,0.460468,0.534015,0.0732846,0.487967,0.198257,0.921169,51.6436,5.43263e-12,47756,0.887486,41.1981,1.06086e-12,38445,0.895553,0.876428,0.0878307,0.631141,0.996144,0.511517,0.22039,0.459803,0.228135,0.891603,87.9902,7.64954e-10,30733,0.967162,70.4477,9.04596e-11,52512
24,270,n1->n20->n96->n14->n12->n13->n11->n29->n50->n60->n62->n61->n51,5.37021e+09|4.0293e+11|2.51165e+12|3.70261e+10|9.70597e+10|6.60497e+13|1.78735e+12|3.6336e+13|2.36425e+09|8.79841e+13|2.37342e+11|6.44979e+11|7.46708e+11,8.19724e+08|1.89646e+11|5.36324e+11|1.44234e+10|2.76143e+10|8.87204e+12|3.29521e+11|1.77292e+13|4.07889e+08|5.95756e+13|1.13053e+11|1.30372e+11|5.06847e+11,0.000494453|5.21063e-05|1.2987e-05|3.25754e-05|0.000201974|0.000787814|5.47786e-05|0.000125062|1.54283e-05|0.000731749|8.24006e-05|3.71253e-05|0.000185382,0.000316017|0.000368678|0.000286765|0.000181646|0.0016732|0.00788063|0.00652494|0.00231296|0.00907722|0.000248463|0.00794111|0.00313588|0.00344885,0.0109342|0.0108696|0.0377902|0.0426128|0.0313381|0.0476737|0.00125292|0.0255931|0.00638914|0.0128442|0.0242596|0.0266048|0.0365406,0.000178506|0.0181411|0.0195364|0.049061|0.0470205|0.00335145|0.0136412|0.00291922|0.0483596|0.0431033|0.0480911|0.0179693|0.0130093,0.973537|0.923215|0.951762|0.906626|0.937315|0.954869|0.988894|0.962742|0.910708|0.945549|0.98053|0.958619|0.98883,4.63983|4.79469|0.85792|0.762282|3.07758|5.26639|0.923897|0.0327787|5.41755|4.50487|5.59786|2.63855|4.04415,90.7492|58.7029|54.7186|51.9585|56.34|13.9548|13.2112|37.0378|22.3088|48.3985|89.0369|66.5616,0.215706|0.201188|0.208433|0.222459|0.206669|0.189728|0.219003|0.191256|0.190841|0.17162|0.198053|0.171721,0.53635|0.666395|0.448351|0.326911|0.285239|0.801183|0.427028|0.182586|0.323935|0.641887|0.704733|0.235817,0.869523,0.801463,0.117836,0.0993652,0.460468,0.534015,0.0732846,0.487967,0.198257,0.921169,51.6436,5.43263e-12,47756,0.887486,41.1981,1.06086e-12,38445,0.895553,0.876428,0.0878307,0.631141,0.996144,0.511517,0.22039,0.459803,0.228135,0.891603,87.9902,7.64954e-10,30733,0.967162,70.4477,9.04596e-11,52512
24,271,n1->n13->n11->n9->n10->n63->n15->n34->n32->n30->n29->n50->n51,5.37021e+09|6.60497e+13|1.78735e+12|1.49139e+12|2.49624e+09|6.55204e+12|8.77071e+11|4.7313e+12|1.78367e+12|1.26395e+10|3.6336e+13|2.36425e+09|7.46708e+11,8.19724e+08|8.87204e+12|3.29521e+11|3.79906e+11|7.32581e+08|2.63574e+12|1.06991e+11|1.15705e+12|1.05491e+12|1.81012e+09|1.77292e+13|4.07889e+08|5.06847e+11,0.000494453|0.000787814|5.47786e-05|1.80008e-05|6.27016e-05|0.000116235|0.000182949|0.000140889|0.000179959|4.789e-05|0.000125062|1.54283e-05|0.000185382,0.000316017|0.00788063|0.00652494|0.00065196|0.00113469|0.00126856|0.00274771|0.000270551|0.00292552|0.00655588|0.00231296|0.00907722|0.00344885,0.0109342|0.0476737|0.00125292|0.0140743|0.00597815|0.0100727|0.0207315|0.0276207|0.00778345|0.00398508|0.0255931|0.00638914|0.0365406,0.000178506|0.00335145|0.0136412|0.033904|0.0245713|0.0107197|0.0378122|0.0210615|0.0161829|0.0178703|0.00291922|0.0483596|0.0130093,0.973537|0.954869|0.988894|0.963574|0.962416|0.903245|0.910795|0.904866|0.953313|0.972158|0.962742|0.910708|0.98883,4.63983|5.26639|0.923897|5.88966|1.97158|4.68449|1.89272|4.56594|0.10397|5.42296|0.0327787|5.41755|4.04415,79.8117|13.9548|99.0064|65.9961|65.1286|11.0615|27.3162|23.0914|69.5993|29.3504|37.0378|82.9474,0.246796|0.189728|0.201409|0.193896|0.203746|0.214255|0.231681|0.18593|0.204659|0.179657|0.191256|0.24308,0.338018|0.801183|0.439638|0.982181|0.514129|0.692153|0.750497|0.12287|0.237533|0.887943|0.182586|0.624607,0.869523,0.801463,0.117836,0.0993652,0.460468,0.534015,0.0732846,0.487967,0.198257,0.921169,51.6436,5.43263e-12,47756,0.887486,41.1981,1.06086e-12,38445,0.895553,0.876428,0.0878307,0.631141,0.996144,0.511517,0.22039,0.459803,0.228135,0.891603,87.9902,7.64954e-10,30733,0.967162,70.4477,9.04596e-11,52512
24,272,n1->n20->n21->n67->n64->n36->n34->n32->n31->n29->n27->n52->n51,5.37021e+09|4.0293e+11|1.56161e+12|4.7483e+09|4.21034e+09|7.73972e+11|4.7313e+12|1.78367e+12|4.79342e+12|3.6336e+13|4.19351e+12|1.02428e+10|7.46708e+11,8.19724e+08|1.89646e+11|3.02345e+11|7.5553e+08|1.60867e+09|7.77593e+10|1.15705e+12|1.05491e+12|4.42443e+12|1.77292e+13|8.73344e+11|2.07235e+09|5.06847e+11,0.000494453|5.21063e-05|0.00096308|3.91885e-05|1.88732e-05|0.000426407|0.000140889|0.000179959|0.00024651|0.000125062|1.08528e-05|0.00011644|0.000185382,0.000316017|0.000368678|0.00195589|0.000640186|0.000135861|0.00396778|0.000270551|0.00292552|0.00308746|0.00231296|0.00262605|0.00580301|0.00344885,0.0109342|0.0108696|0.00712365|0.029632|0.0266797|0.00497013|0.0276207|0.00778345|0.0211034|0.0255931|0.0303206|0.0398377|0.0365406,0.000178506|0.0181411|0.0414669|0.0482082|0.0436548|0.0341912|0.0210615|0.0161829|0.0151027|0.00291922|0.0230682|0.0151024|0.0130093,0.973537|0.923215|0.971602|0.924883|0.933821|0.94998|0.904866|0.953313|0.943878|0.962742|0.985376|0.965406|0.98883,4.63983|4.79469|3.14177|2.06342|5.77568|3.70656|4.56594|0.10397|4.82496|0.0327787|4.5695|0.0104102|4.04415,90.7492|76.7594|42.5138|95.5844|43.8659|89.5651|23.0914|86.0567|70.4589|49.6282|46.2248|83.3731,0.215706|0.218425|0.197352|0.248978|0.241695|0.241996|0.18593|0.16799|0.246199|0.180772|0.183493|0.197114,0.53635|0.515127|0.602799|0.480161|0.590576|0.265381|0.12287|0.799966|0.415176|0.511755|0.657987|0.942894,0.869523,0.801463,0.117836,0.0993652,0.460468,0.534015,0.0732846,0.487967,0.198257,0.921169,51.6436,5.43263e-12,47756,0.887486,41.1981,1.06086e-12,38445,0.895553,0.876428,0.0878307,0.631141,0.996144,0.511517,0.22039,0.459803,0.228135,0.891603,87.9902,7.64954e-10,30733,0.967162,70.4477,9.04596e-11,52512
24,273,n1->n13->n12->n8->n10->n39->n37->n65->n52->n27->n29->n50->n51,5.37021e+09|6.60497e+13|9.70597e+10|4.61239e+13|2.49624e+09|3.34792e+13|2.79748e+13|1.12599e+09|1.02428e+10|4.19351e+12|3.6336e+13|2.36425e+09|7.46708e+11,8.19724e+08|8.87204e+12|2.76143e+10|1.04208e+13|7.32581e+08|1.12013e+13|4.96975e+12|3.2906e+08|2.07235e+09|8.73344e+11|1.77292e+13|4.07889e+08|5.06847e+11,0.000494453|0.000787814|0.000201974|6.6054e-05|6.27016e-05|5.53896e-05|1.06248e-05|1.96575e-05|0.00011644|1.08528e-05|0.000125062|1.54283e-05|0.000185382,0.000316017|0.00788063|0.0016732|0.00522046|0.00113469|0.0025393|0.000261291|0.000428116|0.00580301|0.00262605|0.00231296|0.00907722|0.00344885,0.0109342|0.0476737|0.0313381|0.0318744|0.00597815|0.00111942|0.0457563|0.00118659|0.0398377|0.0303206|0.0255931|0.00638914|0.0365406,0.000178506|0.00335145|0.0470205|0.0483133|0.0245713|0.0449458|0.0105712|0.00176737|0.0151024|0.0230682|0.00291922|0.0483596|0.0130093,0.973537|0.954869|0.937315|0.975256|0.962416|0.924329|0.964079|0.967717|0.965406|0.985376|0.962742|0.910708|0.98883,4.63983|5.26639|3.07758|3.22282|1.97158|1.19952|4.96174|4.1126|0.0104102|4.5695|0.0327787|5.41755|4.04415,79.8117|56.34|81.3396|99.595|24.4191|31.554|13.4252|56.1703|46.2248|49.6282|37.0378|82.9474,0.246796|0.206669|0.186476|0.184434|0.239532|0.195005|0.230756|0.247907|0.183493|0.180772|0.191256|0.24308,0.338018|0.285239|0.379326|0.703378|0.991722|0.711047|0.986996|0.827328|0.657987|0.511755|0.182586|0.624607,0.869523,0.801463,0.117836,0.0993652,0.460468,0.534015,0.0732846,0.487967,0.198257,0.921169,51.6436,5.43263e-12,47756,0.887486,41.1981,1.06086e-12,38445,0.895553,0.876428,0.0878307,0.631141,0.996144,0.511517,0.22039,0.459803,0.228135,0.891603,87.9902,7.64954e-10,30733,0.967162,70.4477,9.04596e-11,52512
24,274,n1->n99->n98->n57->n74->n76->n69->n70->n72->n77->n93->n94->n51,5.37021e+09|1.57108e+10|1.8266e+13|4.14288e+09|5.8385e+13|4.21804e+13|8.81277e+09|6.87309e+13|6.83442e+09|5.68112e+11|4.22601e+13|1.36531e+10|7.46708e+11,8.19724e+08|4.21389e+09|5.99087e+12|2.05006e+09|7.35096e+12|1.15782e+13|7.57626e+09|9.78332e+12|1.48353e+09|3.56307e+11|1.3774e+13|1.67171e+09|5.06847e+11,0.000494453|0.00089026|0.000410965|0.000173612|0.000875739|1.88608e-05|0.000268039|5.13815e-05|0.000159499|8.49487e-05|8.45967e-05|2.95455e-05|0.000185382,0.000316017|0.000350126|0.000548485|0.00271581|0.00944671|0.00214239|0.00367819|0.00295865|0.00384342|0.000906866|0.000162335|0.000125263|0.00344885,0.0109342|0.0362414|0.0295222|0.0328142|0.0280357|0.00156873|0.022957|0.0286141|0.0479977|0.04851|0.0108045|0.00830448|0.0365406,0.000178506|0.0472365|0.0297366|0.0437642|0.0166219|0.0470058|0.0100342|0.0216638|0.0299903|0.0115254|0.0326183|0.0293842|0.0130093,0.973537|0.953794|0.959539|0.983348|0.90082|0.989289|0.975915|0.966653|0.96924|0.949999|0.912097|0.927471|0.98883,4.63983|3.07459|2.95405|1.93323|0.0974208|0.578949|2.99986|4.60778|3.90463|0.722366|5.92115|5.03384|4.04415,66.2586|58.4557|98.2355|95.6836|53.1277|66.666|74.5377|97.4405|92.3918|51.9256|63.1349|11.2844,0.180129|0.227784|0.190047|0.169856|0.181342|0.212271|0.172691|0.180102|0.167022|0.247077|0.209804|0.200895,0.323551|0.686264|0.757428|0.815246|0.519715|0.890059|0.416585|0.79408|0.776051|0.469529|0.17375|0.836539,0.869523,0.801463,0.117836,0.0993652,0.460468,0.534015,0.0732846,0.487967,0.198257,0.921169,51.6436,5.43263e-12,47756,0.887486,41.1981,1.06086e-12,38445,0.895553,0.876428,0.0878307,0.631141,0.996144,0.511517,0.22039,0.459803,0.228135,0.891603,87.9902,7.64954e-10,30733,0.967162,70.4477,9.04596e-11,52512
24,275,n1->n99->n97->n96->n14->n13->n15->n34->n36->n64->n93->n94->n51,5.37021e+09|1.57108e+10|2.90604e+09|2.51165e+12|3.70261e+10|6.60497e+13|8.77071e+11|4.7313e+12|7.73972e+11|4.21034e+09|4.22601e+13|1.36531e+10|7.46708e+11,8.19724e+08|4.21389e+09|5.04144e+08|5.36324e+11|1.44234e+10|8.87204e+12|1.06991e+11|1.15705e+12|7.77593e+10|1.60867e+09|1.3774e+13|1.67171e+09|5.06847e+11,0.000494453|0.00089026|8.81202e-05|1.2987e-05|3.25754e-05|0.000787814|0.000182949|0.000140889|0.000426407|1.88732e-05|8.45967e-05|2.95455e-05|0.000185382,0.000316017|0.000350126|0.00494291|0.000286765|0.000181646|0.00788063|0.00274771|0.000270551|0.00396778|0.000135861|0.000162335|0.000125263|0.00344885,0.0109342|0.0362414|0.0381696|0.0377902|0.0426128|0.0476737|0.0207315|0.0276207|0.00497013|0.0266797|0.0108045|0.00830448|0.0365406,0.000178506|0.0472365|0.00800322|0.0195364|0.049061|0.00335145|0.0378122|0.0210615|0.0341912|0.0436548|0.0326183|0.0293842|0.0130093,0.973537|0.953794|0.90679|0.951762|0.906626|0.954869|0.910795|0.904866|0.94998|0.933821|0.912097|0.927471|0.98883,4.63983|3.07459|1.41691|0.85792|0.762282|5.26639|1.89272|4.56594|3.70656|5.77568|5.92115|5.03384|4.04415,66.2586|94.4507|37.9513|54.7186|92.5451|66.6304|27.3162|89.5651|43.8659|32.5899|63.1349|11.2844,0.180129|0.168303|0.246589|0.208433|0.191459|0.179788|0.231681|0.241996|0.241695|0.178102|0.209804|0.200895,0.323551|0.263233|0.157157|0.448351|0.161307|0.275394|0.750497|0.265381|0.590576|0.548301|0.17375|0.836539,0.869523,0.801463,0.117836,0.0993652,0.460468,0.534015,0.0732846,0.487967,0.198257,0.921169,51.6436,5.43263e-12,47756,0.887486,41.1981,1.06086e-12,38445,0.895553,0.876428,0.0878307,0.631141,0.996144,0.511517,0.22039,0.459803,0.228135,0.891603,87.9902,7.64954e-10,30733,0.967162,70.4477,9.04596e-11,52512
24,276,n1->n20->n18->n70->n87->n86->n76->n30->n31->n29->n27->n52->n51,5.37021e+09|4.0293e+11|7.59179e+12|6.87309e+13|7.3435e+12|3.85304e+10|4.21804e+13|1.26395e+10|4.79342e+12|3.6336e+13|4.19351e+12|1.02428e+10|7.46708e+11,8.19724e+08|1.89646e+11|4.11836e+12|9.78332e+12|2.79916e+12|4.69095e+09|1.15782e+13|1.81012e+09|4.42443e+12|1.77292e+13|8.73344e+11|2.07235e+09|5.06847e+11,0.000494453|5.21063e-05|2.98936e-05|5.13815e-05|0.000634307|6.21631e-05|1.88608e-05|4.789e-05|0.00024651|0.000125062|1.08528e-05|0.00011644|0.000185382,0.000316017|0.000368678|0.000681499|0.00295865|0.00151267|0.00341054|0.00214239|0.00655588|0.00308746|0.00231296|0.00262605|0.00580301|0.00344885,0.0109342|0.0108696|0.0192976|0.0286141|0.0186268|0.0237043|0.00156873|0.00398508|0.0211034|0.0255931|0.0303206|0.0398377|0.0365406,0.000178506|0.0181411|0.0120519|0.0216638|0.00979507|0.0488574|0.0470058|0.0178703|0.0151027|0.00291922|0.0230682|0.0151024|0.0130093,0.973537|0.923215|0.946711|0.966653|0.977244|0.981332|0.989289|0.972158|0.943878|0.962742|0.985376|0.965406|0.98883,4.63983|4.79469|4.38273|4.60778|2.33192|4.96971|0.578949|5.42296|4.82496|0.0327787|4.5695|0.0104102|4.04415,90.7492|89.2299|55.8812|39.9413|88.9922|37.5994|21.8454|88.6669|70.4589|49.6282|46.2248|83.3731,0.215706|0.247215|0.234874|0.180359|0.246364|0.17745|0.220509|0.215598|0.246199|0.180772|0.183493|0.197114,0.53635|0.652252|0.16843|0.129355|0.83582|0.871942|0.936019|0.123891|0.415176|0.511755|0.657987|0.942894,0.869523,0.801463,0.117836,0.0993652,0.460468,0.534015,0.0732846,0.487967,0.198257,0.921169,51.6436,5.43263e-12,47756,0.887486,41.1981,1.06086e-12,38445,0.895553,0.876428,0.0878307,0.631141,0.996144,0.511517,0.22039,0.459803,0.228135,0.891603,87.9902,7.64954e-10,30733,0.967162,70.4477,9.04596e-11,52512
24,277,n1->n20->n18->n70->n69->n3->n5->n7->n9->n11->n29->n50->n51,5.37021e+09|4.0293e+11|7.59179e+12|6.87309e+13|8.81277e+09|2.78751e+13|2.91995e+11|3.81012e+11|1.49139e+12|1.78735e+12|3.6336e+13|2.36425e+09|7.46708e+11,8.19724e+08|1.89646e+11|4.11836e+12|9.78332e+12|7.57626e+09|1.44762e+13|4.67133e+10|6.70334e+10|3.79906e+11|3.29521e+11|1.77292e+13|4.07889e+08|5.06847e+11,0.000494453|5.21063e-05|2.98936e-05|5.13815e-05|0.000268039|0.00022361|7.03031e-05|0.000475679|1.80008e-05|5.47786e-05|0.000125062|1.54283e-05|0.000185382,0.000316017|0.000368678|0.000681499|0.00295865|0.00367819|0.00776667|0.000196916|0.00104538|0.00065196|0.00652494|0.00231296|0.00907722|0.00344885,0.0109342|0.0108696|0.0192976|0.0286141|0.022957|0.0268705|0.00731162|0.01754|0.0140743|0.00125292|0.0255931|0.00638914|0.0365406,0.000178506|0.0181411|0.0120519|0.0216638|0.0100342|0.0326941|0.0421608|0.0283975|0.033904|0.0136412|0.00291922|0.0483596|0.0130093,0.973537|0.923215|0.946711|0.966653|0.975915|0.982466|0.951514|0.963898|0.963574|0.988894|0.962742|0.910708|0.98883,4.63983|4.79469|4.38273|4.60778|2.99986|4.79844|4.90362|3.51107|5.88966|0.923897|0.0327787|5.41755|4.04415,90.7492|89.2299|55.8812|74.5377|83.9106|10.4739|37.2729|59.8148|99.0064|13.2112|37.0378|82.9474,0.215706|0.247215|0.234874|0.172691|0.204476|0.163561|0.176784|0.18359|0.201409|0.219003|0.191256|0.24308,0.53635|0.652252|0.16843|0.416585|0.65353|0.469027|0.943162|0.339058|0.439638|0.427028|0.182586|0.624607,0.869523,0.801463,0.117836,0.0993652,0.460468,0.534015,0.0732846,0.487967,0.198257,0.921169,51.6436,5.43263e-12,47756,0.887486,41.1981,1.06086e-12,38445,0.895553,0.876428,0.0878307,0.631141,0.996144,0.511517,0.22039,0.459803,0.228135,0.891603,87.9902,7.64954e-10,30733,0.967162,70.4477,9.04596e-11,52512
24,278,n1->n20->n18->n17->n85->n78->n76->n69->n3->n5->n65->n52->n51,5.37021e+09|4.0293e+11|7.59179e+12|1.51096e+11|2.02447e+09|3.25238e+10|4.21804e+13|8.81277e+09|2.78751e+13|2.91995e+11|1.12599e+09|1.02428e+10|7.46708e+11,8.19724e+08|1.89646e+11|4.11836e+12|1.57582e+10|2.41326e+08|2.30731e+10|1.15782e+13|7.57626e+09|1.44762e+13|4.67133e+10|3.2906e+08|2.07235e+09|5.06847e+11,0.000494453|5.21063e-05|2.98936e-05|0.000261059|2.04325e-05|0.000270955|1.88608e-05|0.000268039|0.00022361|7.03031e-05|1.96575e-05|0.00011644|0.000185382,0.000316017|0.000368678|0.000681499|0.000513001|0.000338175|0.00167497|0.00214239|0.00367819|0.00776667|0.000196916|0.000428116|0.00580301|0.00344885,0.0109342|0.0108696|0.0192976|0.0430027|0.0354515|0.00569443|0.00156873|0.022957|0.0268705|0.00731162|0.00118659|0.0398377|0.0365406,0.000178506|0.0181411|0.0120519|0.00442808|0.0266209|0.0425349|0.0470058|0.0100342|0.0326941|0.0421608|0.00176737|0.0151024|0.0130093,0.973537|0.923215|0.946711|0.974312|0.940474|0.92832|0.989289|0.975915|0.982466|0.951514|0.967717|0.965406|0.98883,4.63983|4.79469|4.38273|5.11322|4.91715|3.3614|0.578949|2.99986|4.79844|4.90362|4.1126|0.0104102|4.04415,90.7492|89.2299|43.2583|84.7043|67.1704|69.3348|66.666|83.9106|10.4739|35.0583|56.1703|83.3731,0.215706|0.247215|0.218822|0.225161|0.184721|0.194827|0.212271|0.204476|0.163561|0.209201|0.247907|0.197114,0.53635|0.652252|0.981182|0.880608|0.609732|0.93416|0.890059|0.65353|0.469027|0.297185|0.827328|0.942894,0.869523,0.801463,0.117836,0.0993652,0.460468,0.534015,0.0732846,0.487967,0.198257,0.921169,51.6436,5.43263e-12,47756,0.887486,41.1981,1.06086e-12,38445,0.895553,0.876428,0.0878307,0.631141,0.996144,0.511517,0.22039,0.459803,0.228135,0.891603,87.9902,7.64954e-10,30733,0.967162,70.4477,9.04596e-11,52512
24,279,n1->n99->n98->n57->n83->n84->n85->n78->n44->n42->n63->n61->n51,5.37021e+09|1.57108e+10|1.8266e+13|4.14288e+09|3.76373e+13|1.07392e+09|2.02447e+09|3.25238e+10|5.26537e+13|2.42905e+09|6.55204e+12|6.44979e+11|7.46708e+11,8.19724e+08|4.21389e+09|5.99087e+12|2.05006e+09|2.34723e+13|9.00899e+08|2.41326e+08|2.30731e+10|2.86817e+13|2.47264e+08|2.63574e+12|1.30372e+11|5.06847e+11,0.000494453|0.00089026|0.000410965|0.000173612|1.86087e-05|2.14473e-05|2.04325e-05|0.000270955|0.000124649|8.79758e-05|0.000116235|3.71253e-05|0.000185382,0.000316017|0.000350126|0.000548485|0.00271581|0.000175452|0.000434313|0.000338175|0.00167497|0.00158999|0.000493531|0.00126856|0.00313588|0.00344885,0.0109342|0.0362414|0.0295222|0.0328142|0.015405|0.0473575|0.0354515|0.00569443|0.0486405|0.00783732|0.0100727|0.0266048|0.0365406,0.000178506|0.0472365|0.0297366|0.0437642|0.038157|0.0366447|0.0266209|0.0425349|0.00764508|0.0327962|0.0107197|0.0179693|0.0130093,0.973537|0.953794|0.959539|0.983348|0.947801|0.948551|0.940474|0.92832|0.932977|0.960936|0.903245|0.958619|0.98883,4.63983|3.07459|2.95405|1.93323|4.11052|5.42186|4.91715|3.3614|2.64532|0.765875|4.68449|2.63855|4.04415,66.2586|58.4557|98.2355|50.003|20.1884|82.1833|67.1704|88.5528|21.0603|97.0433|47.0482|66.5616,0.180129|0.227784|0.190047|0.1911|0.246081|0.216313|0.184721|0.200088|0.23095|0.211509|0.167884|0.171721,0.323551|0.686264|0.757428|0.161388|0.599197|0.528406|0.609732|0.134865|0.399278|0.758395|0.410418|0.235817,0.869523,0.801463,0.117836,0.0993652,0.460468,0.534015,0.0732846,0.487967,0.198257,0.921169,51.6436,5.43263e-12,47756,0.887486,41.1981,1.06086e-12,38445,0.895553,0.876428,0.0878307,0.631141,0.996144,0.511517,0.22039,0.459803,0.228135,0.891603,87.9902,7.64954e-10,30733,0.967162,70.4477,9.04596e-11,52512
24,280,n1->n99->n98->n57->n83->n23->n24->n71->n73->n54->n53->n52->n51,5.37021e+09|1.57108e+10|1.8266e+13|4.14288e+09|3.76373e+13|4.63033e+10|1.59557e+13|7.70008e+11|1.41706e+11|2.80961e+11|4.60474e+10|1.02428e+10|7.46708e+11,8.19724e+08|4.21389e+09|5.99087e+12|2.05006e+09|2.34723e+13|3.30225e+10|4.06569e+12|1.60546e+11|5.76853e+10|2.23178e+11|3.18273e+10|2.07235e+09|5.06847e+11,0.000494453|0.00089026|0.000410965|0.000173612|1.86087e-05|0.000277161|0.000193265|0.00017279|6.32916e-05|1.47667e-05|2.00633e-05|0.00011644|0.000185382,0.000316017|0.000350126|0.000548485|0.00271581|0.000175452|0.00418014|0.0012727|0.00123164|0.000807753|0.00549128|0.000509085|0.00580301|0.00344885,0.0109342|0.0362414|0.0295222|0.0328142|0.015405|0.00314906|0.0433038|0.0398828|0.0455502|0.0334079|5.21659e-05|0.0398377|0.0365406,0.000178506|0.0472365|0.0297366|0.0437642|0.038157|0.0470385|0.00780618|0.0326729|0.028193|0.00844474|0.00115664|0.0151024|0.0130093,0.973537|0.953794|0.959539|0.983348|0.947801|0.92176|0.90929|0.947193|0.909539|0.927525|0.913872|0.965406|0.98883,4.63983|3.07459|2.95405|1.93323|4.11052|2.08786|3.9732|0.117525|3.29092|1.22009|0.640024|0.0104102|4.04415,66.2586|58.4557|98.2355|50.003|23.518|44.8869|44.1502|28.2621|26.1465|75.3264|81.3721|83.3731,0.180129|0.227784|0.190047|0.1911|0.181099|0.161116|0.204574|0.242769|0.196311|0.191357|0.184589|0.197114,0.323551|0.686264|0.757428|0.161388|0.741177|0.528582|0.45026|0.940077|0.754315|0.567841|0.272111|0.942894,0.869523,0.801463,0.117836,0.0993652,0.460468,0.534015,0.0732846,0.487967,0.198257,0.921169,51.6436,5.43263e-12,47756,0.887486,41.1981,1.06086e-12,38445,0.895553,0.876428,0.0878307,0.631141,0.996144,0.511517,0.22039,0.459803,0.228135,0.891603,87.9902,7.64954e-10,30733,0.967162,70.4477,9.04596e-11,52512
24,281,n1->n13->n12->n6->n33->n32->n34->n36->n38->n37->n65->n52->n51,5.37021e+09|6.60497e+13|9.70597e+10|1.14208e+09|3.64323e+13|1.78367e+12|4.7313e+12|7.73972e+11|1.16426e+13|2.79748e+13|1.12599e+09|1.02428e+10|7.46708e+11,8.19724e+08|8.87204e+12|2.76143e+10|2.20459e+08|6.32377e+12|1.05491e+12|1.15705e+12|7.77593e+10|1.19258e+12|4.96975e+12|3.2906e+08|2.07235e+09|5.06847e+11,0.000494453|0.000787814|0.000201974|1.08483e-05|1.50316e-05|0.000179959|0.000140889|0.000426407|1.04425e-05|1.06248e-05|1.96575e-05|0.00011644|0.000185382,0.000316017|0.00788063|0.0016732|0.00010157|0.00213059|0.00292552|0.000270551|0.00396778|0.00950649|0.000261291|0.000428116|0.00580301|0.00344885,0.0109342|0.0476737|0.0313381|0.00160082|0.00968695|0.00778345|0.0276207|0.00497013|0.0263713|0.0457563|0.00118659|0.0398377|0.0365406,0.000178506|0.00335145|0.0470205|0.0260762|0.0280967|0.0161829|0.0210615|0.0341912|0.00318517|0.0105712|0.00176737|0.0151024|0.0130093,0.973537|0.954869|0.937315|0.908628|0.923653|0.953313|0.904866|0.94998|0.902547|0.964079|0.967717|0.965406|0.98883,4.63983|5.26639|3.07758|5.01633|1.04264|0.10397|4.56594|3.70656|5.09423|4.96174|4.1126|0.0104102|4.04415,79.8117|56.34|32.9383|50.0569|61.2747|23.0914|89.5651|61.2725|46.986|13.4252|56.1703|83.3731,0.246796|0.206669|0.230728|0.19306|0.208144|0.18593|0.241996|0.204351|0.170599|0.230756|0.247907|0.197114,0.338018|0.285239|0.628307|0.116472|0.704271|0.12287|0.265381|0.413834|0.662799|0.986996|0.827328|0.942894,0.869523,0.801463,0.117836,0.0993652,0.460468,0.534015,0.0732846,0.487967,0.198257,0.921169,51.6436,5.43263e-12,47756,0.887486,41.1981,1.06086e-12,38445,0.895553,0.876428,0.0878307,0.631141,0.996144,0.511517,0.22039,0.459803,0.228135,0.891603,87.9902,7.64954e-10,30733,0.967162,70.4477,9.04596e-11,52512
24,282,n1->n13->n11->n29->n27->n97->n96->n94->n92->n93->n64->n49->n51,5.37021e+09|6.60497e+13|1.78735e+12|3.6336e+13|4.19351e+12|2.90604e+09|2.51165e+12|1.36531e+10|1.97334e+09|4.22601e+13|4.21034e+09|2.45005e+09|7.46708e+11,8.19724e+08|8.87204e+12|3.29521e+11|1.77292e+13|8.73344e+11|5.04144e+08|5.36324e+11|1.67171e+09|1.46451e+09|1.3774e+13|1.60867e+09|2.44458e+09|5.06847e+11,0.000494453|0.000787814|5.47786e-05|0.000125062|1.08528e-05|8.81202e-05|1.2987e-05|2.95455e-05|2.75832e-05|8.45967e-05|1.88732e-05|1.07426e-05|0.000185382,0.000316017|0.00788063|0.00652494|0.00231296|0.00262605|0.00494291|0.000286765|0.000125263|0.0052688|0.000162335|0.000135861|0.000979027|0.00344885,0.0109342|0.0476737|0.00125292|0.0255931|0.0303206|0.0381696|0.0377902|0.00830448|0.0444618|0.0108045|0.0266797|0.0183567|0.0365406,0.000178506|0.00335145|0.0136412|0.00291922|0.0230682|0.00800322|0.0195364|0.0293842|0.0387741|0.0326183|0.0436548|0.0388066|0.0130093,0.973537|0.954869|0.988894|0.962742|0.985376|0.90679|0.951762|0.927471|0.987763|0.912097|0.933821|0.969899|0.98883,4.63983|5.26639|0.923897|0.0327787|4.5695|1.41691|0.85792|5.03384|6.03913|5.92115|5.77568|3.94615|4.04415,79.8117|13.9548|13.2112|49.6282|31.5608|37.9513|71.0086|13.5087|61.035|32.5899|77.768|10.4661,0.246796|0.189728|0.219003|0.180772|0.219936|0.246589|0.230021|0.230182|0.21409|0.178102|0.165457|0.216931,0.338018|0.801183|0.427028|0.511755|0.557853|0.157157|0.131268|0.731663|0.722832|0.548301|0.348083|0.516407,0.869523,0.801463,0.117836,0.0993652,0.460468,0.534015,0.0732846,0.487967,0.198257,0.921169,51.6436,5.43263e-12,47756,0.887486,41.1981,1.06086e-12,38445,0.895553,0.876428,0.0878307,0.631141,0.996144,0.511517,0.22039,0.459803,0.228135,0.891603,87.9902,7.64954e-10,30733,0.967162,70.4477,9.04596e-11,52512
24,283,n1->n20->n18->n17->n19->n68->n22->n21->n23->n77->n93->n94->n51,5.37021e+09|4.0293e+11|7.59179e+12|1.51096e+11|2.47533e+11|1.31753e+09|1.47e+10|1.56161e+12|4.63033e+10|5.68112e+11|4.22601e+13|1.36531e+10|7.46708e+11,8.19724e+08|1.89646e+11|4.11836e+12|1.57582e+10|2.33399e+11|3.10679e+08|9.51029e+09|3.02345e+11|3.30225e+10|3.56307e+11|1.3774e+13|1.67171e+09|5.06847e+11,0.000494453|5.21063e-05|2.98936e-05|0.000261059|0.000261527|0.000223952|1.77434e-05|0.00096308|0.000277161|8.49487e-05|8.45967e-05|2.95455e-05|0.000185382,0.000316017|0.000368678|0.000681499|0.000513001|0.000768065|0.00843573|0.0006856|0.00195589|0.00418014|0.000906866|0.000162335|0.000125263|0.00344885,0.0109342|0.0108696|0.0192976|0.0430027|0.0201979|0.0370095|0.0408661|0.00712365|0.00314906|0.04851|0.0108045|0.00830448|0.0365406,0.000178506|0.0181411|0.0120519|0.00442808|0.0291803|0.00589983|0.040072|0.0414669|0.0470385|0.0115254|0.0326183|0.0293842|0.0130093,0.973537|0.923215|0.946711|0.974312|0.941018|0.984554|0.95984|0.971602|0.92176|0.949999|0.912097|0.927471|0.98883,4.63983|4.79469|4.38273|5.11322|1.39448|5.26958|0.048646|3.14177|2.08786|0.722366|5.92115|5.03384|4.04415,90.7492|89.2299|43.2583|10.3361|67.5745|15.3326|55.6995|88.4205|39.0733|51.9256|63.1349|11.2844,0.215706|0.247215|0.218822|0.172286|0.2055|0.236297|0.206062|0.232237|0.178948|0.247077|0.209804|0.200895,0.53635|0.652252|0.981182|0.559133|0.968257|0.655447|0.677391|0.516177|0.23533|0.469529|0.17375|0.836539,0.869523,0.801463,0.117836,0.0993652,0.460468,0.534015,0.0732846,0.487967,0.198257,0.921169,51.6436,5.43263e-12,47756,0.887486,41.1981,1.06086e-12,38445,0.895553,0.876428,0.0878307,0.631141,0.996144,0.511517,0.22039,0.459803,0.228135,0.891603,87.9902,7.64954e-10,30733,0.967162,70.4477,9.04596e-11,52512
24,284,n1->n13->n15->n63->n42->n44->n78->n76->n75->n4->n27->n52->n51,5.37021e+09|6.60497e+13|8.77071e+11|6.55204e+12|2.42905e+09|5.26537e+13|3.25238e+10|4.21804e+13|8.71921e+10|7.07339e+12|4.19351e+12|1.02428e+10|7.46708e+11,8.19724e+08|8.87204e+12|1.06991e+11|2.63574e+12|2.47264e+08|2.86817e+13|2.30731e+10|1.15782e+13|5.29113e+10|2.43435e+12|8.73344e+11|2.07235e+09|5.06847e+11,0.000494453|0.000787814|0.000182949|0.000116235|8.79758e-05|0.000124649|0.000270955|1.88608e-05|0.000766915|0.000113681|1.08528e-05|0.00011644|0.000185382,0.000316017|0.00788063|0.00274771|0.00126856|0.000493531|0.00158999|0.00167497|0.00214239|0.000203965|0.00198341|0.00262605|0.00580301|0.00344885,0.0109342|0.0476737|0.0207315|0.0100727|0.00783732|0.0486405|0.00569443|0.00156873|0.0243876|0.0350273|0.0303206|0.0398377|0.0365406,0.000178506|0.00335145|0.0378122|0.0107197|0.0327962|0.00764508|0.0425349|0.0470058|0.0250863|0.0273051|0.0230682|0.0151024|0.0130093,0.973537|0.954869|0.910795|0.903245|0.960936|0.932977|0.92832|0.989289|0.936129|0.917619|0.985376|0.965406|0.98883,4.63983|5.26639|1.89272|4.68449|0.765875|2.64532|3.3614|0.578949|3.39264|1.56082|4.5695|0.0104102|4.04415,79.8117|66.6304|11.0615|97.0433|21.0603|88.5528|69.3348|63.5216|81.7362|52.1141|46.2248|83.3731,0.246796|0.179788|0.214255|0.211509|0.23095|0.200088|0.194827|0.207806|0.218556|0.184605|0.183493|0.197114,0.338018|0.275394|0.692153|0.758395|0.399278|0.134865|0.93416|0.844544|0.847503|0.200735|0.657987|0.942894,0.869523,0.801463,0.117836,0.0993652,0.460468,0.534015,0.0732846,0.487967,0.198257,0.921169,51.6436,5.43263e-12,47756,0.887486,41.1981,1.06086e-12,38445,0.895553,0.876428,0.0878307,0.631141,0.996144,0.511517,0.22039,0.459803,0.228135,0.891603,87.9902,7.64954e-10,30733,0.967162,70.4477,9.04596e-11,52512
24,285,n1->n99->n98->n57->n83->n81->n80->n78->n76->n30->n29->n50->n51,5.37021e+09|1.57108e+10|1.8266e+13|4.14288e+09|3.76373e+13|2.58887e+10|2.45686e+13|3.25238e+10|4.21804e+13|1.26395e+10|3.6336e+13|2.36425e+09|7.46708e+11,8.19724e+08|4.21389e+09|5.99087e+12|2.05006e+09|2.34723e+13|8.36206e+09|2.75437e+12|2.30731e+10|1.15782e+13|1.81012e+09|1.77292e+13|4.07889e+08|5.06847e+11,0.000494453|0.00089026|0.000410965|0.000173612|1.86087e-05|0.000268232|1.13052e-05|0.000270955|1.88608e-05|4.789e-05|0.000125062|1.54283e-05|0.000185382,0.000316017|0.000350126|0.000548485|0.00271581|0.000175452|0.000752991|0.000238286|0.00167497|0.00214239|0.00655588|0.00231296|0.00907722|0.00344885,0.0109342|0.0362414|0.0295222|0.0328142|0.015405|0.0481357|0.00592883|0.00569443|0.00156873|0.00398508|0.0255931|0.00638914|0.0365406,0.000178506|0.0472365|0.0297366|0.0437642|0.038157|0.00997263|0.0262948|0.0425349|0.0470058|0.0178703|0.00291922|0.0483596|0.0130093,0.973537|0.953794|0.959539|0.983348|0.947801|0.948836|0.919013|0.92832|0.989289|0.972158|0.962742|0.910708|0.98883,4.63983|3.07459|2.95405|1.93323|4.11052|1.5908|0.100836|3.3614|0.578949|5.42296|0.0327787|5.41755|4.04415,66.2586|58.4557|98.2355|50.003|78.7627|15.5679|66.5291|69.3348|21.8454|29.3504|37.0378|82.9474,0.180129|0.227784|0.190047|0.1911|0.170031|0.212149|0.222935|0.194827|0.220509|0.179657|0.191256|0.24308,0.323551|0.686264|0.757428|0.161388|0.530775|0.870283|0.109088|0.93416|0.936019|0.887943|0.182586|0.624607,0.869523,0.801463,0.117836,0.0993652,0.460468,0.534015,0.0732846,0.487967,0.198257,0.921169,51.6436,5.43263e-12,47756,0.887486,41.1981,1.06086e-12,38445,0.895553,0.876428,0.0878307,0.631141,0.996144,0.511517,0.22039,0.459803,0.228135,0.891603,87.9902,7.64954e-10,30733,0.967162,70.4477,9.04596e-11,52512
24,286,n1->n99->n77->n93->n91->n92->n94->n96->n20->n89->n48->n50->n51,5.37021e+09|1.57108e+10|5.68112e+11|4.22601e+13|2.84652e+12|1.97334e+09|1.36531e+10|2.51165e+12|4.0293e+11|2.68119e+11|3.98001e+12|2.36425e+09|7.46708e+11,8.19724e+08|4.21389e+09|3.56307e+11|1.3774e+13|3.57264e+11|1.46451e+09|1.67171e+09|5.36324e+11|1.89646e+11|9.23423e+10|1.69514e+12|4.07889e+08|5.06847e+11,0.000494453|0.00089026|8.49487e-05|8.45967e-05|6.93267e-05|2.75832e-05|2.95455e-05|1.2987e-05|5.21063e-05|3.55201e-05|4.78153e-05|1.54283e-05|0.000185382,0.000316017|0.000350126|0.000906866|0.000162335|0.00599677|0.0052688|0.000125263|0.000286765|0.000368678|0.000111435|0.00544009|0.00907722|0.00344885,0.0109342|0.0362414|0.04851|0.0108045|0.008036|0.0444618|0.00830448|0.0377902|0.0108696|0.0107812|0.0455031|0.00638914|0.0365406,0.000178506|0.0472365|0.0115254|0.0326183|0.015498|0.0387741|0.0293842|0.0195364|0.0181411|0.0401575|0.0360942|0.0483596|0.0130093,0.973537|0.953794|0.949999|0.912097|0.964407|0.987763|0.927471|0.951762|0.923215|0.926416|0.967439|0.910708|0.98883,4.63983|3.07459|0.722366|5.92115|5.6679|6.03913|5.03384|0.85792|4.79469|0.0868458|3.09858|5.41755|4.04415,66.2586|96.5216|51.9256|26.8753|32.3713|13.5087|71.0086|58.7029|18.2346|94.0077|23.5956|82.9474,0.180129|0.241387|0.247077|0.203549|0.161013|0.230182|0.230021|0.201188|0.231355|0.234363|0.191801|0.24308,0.323551|0.664018|0.469529|0.21516|0.940947|0.731663|0.131268|0.666395|0.595303|0.948873|0.688345|0.624607,0.869523,0.801463,0.117836,0.0993652,0.460468,0.534015,0.0732846,0.487967,0.198257,0.921169,51.6436,5.43263e-12,47756,0.887486,41.1981,1.06086e-12,38445,0.895553,0.876428,0.0878307,0.631141,0.996144,0.511517,0.22039,0.459803,0.228135,0.891603,87.9902,7.64954e-10,30733,0.967162,70.4477,9.04596e-11,52512
24,287,n1->n20->n19->n68->n66->n32->n33->n6->n12->n14->n96->n94->n51,5.37021e+09|4.0293e+11|2.47533e+11|1.31753e+09|1.10072e+10|1.78367e+12|3.64323e+13|1.14208e+09|9.70597e+10|3.70261e+10|2.51165e+12|1.36531e+10|7.46708e+11,8.19724e+08|1.89646e+11|2.33399e+11|3.10679e+08|8.7665e+09|1.05491e+12|6.32377e+12|2.20459e+08|2.76143e+10|1.44234e+10|5.36324e+11|1.67171e+09|5.06847e+11,0.000494453|5.21063e-05|0.000261527|0.000223952|0.000237659|0.000179959|1.50316e-05|1.08483e-05|0.000201974|3.25754e-05|1.2987e-05|2.95455e-05|0.000185382,0.000316017|0.000368678|0.000768065|0.00843573|0.000470269|0.00292552|0.00213059|0.00010157|0.0016732|0.000181646|0.000286765|0.000125263|0.00344885,0.0109342|0.0108696|0.0201979|0.0370095|0.0203827|0.00778345|0.00968695|0.00160082|0.0313381|0.0426128|0.0377902|0.00830448|0.0365406,0.000178506|0.0181411|0.0291803|0.00589983|0.0146278|0.0161829|0.0280967|0.0260762|0.0470205|0.049061|0.0195364|0.0293842|0.0130093,0.973537|0.923215|0.941018|0.984554|0.978907|0.953313|0.923653|0.908628|0.937315|0.906626|0.951762|0.927471|0.98883,4.63983|4.79469|1.39448|5.26958|3.10364|0.10397|1.04264|5.01633|3.07758|0.762282|0.85792|5.03384|4.04415,90.7492|86.2435|67.5745|70.8824|27.3217|61.2747|50.0569|32.9383|51.9585|54.7186|71.0086|11.2844,0.215706|0.182991|0.2055|0.16183|0.199785|0.208144|0.19306|0.230728|0.222459|0.208433|0.230021|0.200895,0.53635|0.182796|0.968257|0.215539|0.769012|0.704271|0.116472|0.628307|0.326911|0.448351|0.131268|0.836539,0.869523,0.801463,0.117836,0.0993652,0.460468,0.534015,0.0732846,0.487967,0.198257,0.921169,51.6436,5.43263e-12,47756,0.887486,41.1981,1.06086e-12,38445,0.895553,0.876428,0.0878307,0.631141,0.996144,0.511517,0.22039,0.459803,0.228135,0.891603,87.9902,7.64954e-10,30733,0.967162,70.4477,9.04596e-11,52512
24,288,n1->n99->n97->n27->n25->n26->n47->n48->n89->n90->n59->n50->n51,5.37021e+09|1.57108e+10|2.90604e+09|4.19351e+12|1.67189e+13|7.09351e+09|4.74236e+11|3.98001e+12|2.68119e+11|1.33273e+11|3.04563e+11|2.36425e+09|7.46708e+11,8.19724e+08|4.21389e+09|5.04144e+08|8.73344e+11|1.40059e+13|1.31666e+09|1.54765e+11|1.69514e+12|9.23423e+10|6.41526e+10|3.06423e+10|4.07889e+08|5.06847e+11,0.000494453|0.00089026|8.81202e-05|1.08528e-05|6.30741e-05|3.77967e-05|0.000202873|4.78153e-05|3.55201e-05|0.000319756|2.43107e-05|1.54283e-05|0.000185382,0.000316017|0.000350126|0.00494291|0.00262605|0.00294926|0.00522178|0.000266598|0.00544009|0.000111435|0.000672662|0.000202742|0.00907722|0.00344885,0.0109342|0.0362414|0.0381696|0.0303206|0.0195393|0.0101688|0.00898217|0.0455031|0.0107812|0.0285929|0.00304046|0.00638914|0.0365406,0.000178506|0.0472365|0.00800322|0.0230682|0.0159438|0.0409649|0.0488958|0.0360942|0.0401575|0.0372754|0.0474075|0.0483596|0.0130093,0.973537|0.953794|0.90679|0.985376|0.9023|0.981638|0.9108|0.967439|0.926416|0.984478|0.99171|0.910708|0.98883,4.63983|3.07459|1.41691|4.5695|1.57149|2.91399|6.27947|3.09858|0.0868458|4.02061|5.60303|5.41755|4.04415,66.2586|94.4507|31.5608|64.4551|63.0993|70.8805|78.8723|94.0077|12.726|62.2588|47.7013|82.9474,0.180129|0.168303|0.219936|0.242248|0.228799|0.189485|0.239998|0.234363|0.226099|0.169222|0.170229|0.24308,0.323551|0.263233|0.557853|0.837222|0.359402|0.757042|0.300482|0.948873|0.757755|0.361153|0.776444|0.624607,0.869523,0.801463,0.117836,0.0993652,0.460468,0.534015,0.0732846,0.487967,0.198257,0.921169,51.6436,5.43263e-12,47756,0.887486,41.1981,1.06086e-12,38445,0.895553,0.876428,0.0878307,0.631141,0.996144,0.511517,0.22039,0.459803,0.228135,0.891603,87.9902,7.64954e-10,30733,0.967162,70.4477,9.04596e-11,52512
24,289,n1->n13->n12->n14->n96->n20->n19->n68->n17->n85->n65->n52->n51,5.37021e+09|6.60497e+13|9.70597e+10|3.70261e+10|2.51165e+12|4.0293e+11|2.47533e+11|1.31753e+09|1.51096e+11|2.02447e+09|1.12599e+09|1.02428e+10|7.46708e+11,8.19724e+08|8.87204e+12|2.76143e+10|1.44234e+10|5.36324e+11|1.89646e+11|2.33399e+11|3.10679e+08|1.57582e+10|2.41326e+08|3.2906e+08|2.07235e+09|5.06847e+11,0.000494453|0.000787814|0.000201974|3.25754e-05|1.2987e-05|5.21063e-05|0.000261527|0.000223952|0.000261059|2.04325e-05|1.96575e-05|0.00011644|0.000185382,0.000316017|0.00788063|0.0016732|0.000181646|0.000286765|0.000368678|0.000768065|0.00843573|0.000513001|0.000338175|0.000428116|0.00580301|0.00344885,0.0109342|0.0476737|0.0313381|0.0426128|0.0377902|0.0108696|0.0201979|0.0370095|0.0430027|0.0354515|0.00118659|0.0398377|0.0365406,0.000178506|0.00335145|0.0470205|0.049061|0.0195364|0.0181411|0.0291803|0.00589983|0.00442808|0.0266209|0.00176737|0.0151024|0.0130093,0.973537|0.954869|0.937315|0.906626|0.951762|0.923215|0.941018|0.984554|0.974312|0.940474|0.967717|0.965406|0.98883,4.63983|5.26639|3.07758|0.762282|0.85792|4.79469|1.39448|5.26958|5.11322|4.91715|4.1126|0.0104102|4.04415,79.8117|56.34|51.9585|54.7186|58.7029|86.2435|67.5745|23.9015|84.7043|82.5435|56.1703|83.3731,0.246796|0.206669|0.222459|0.208433|0.201188|0.182991|0.2055|0.236806|0.225161|0.20461|0.247907|0.197114,0.338018|0.285239|0.326911|0.448351|0.666395|0.182796|0.968257|0.2818|0.880608|0.519435|0.827328|0.942894,0.869523,0.801463,0.117836,0.0993652,0.460468,0.534015,0.0732846,0.487967,0.198257,0.921169,51.6436,5.43263e-12,47756,0.887486,41.1981,1.06086e-12,38445,0.895553,0.876428,0.0878307,0.631141,0.996144,0.511517,0.22039,0.459803,0.228135,0.891603,87.9902,7.64954e-10,30733,0.967162,70.4477,9.04596e-11,52512
24,290,n1->n13->n11->n9->n10->n73->n71->n24->n23->n77->n93->n94->n51,5.37021e+09|6.60497e+13|1.78735e+12|1.49139e+12|2.49624e+09|1.41706e+11|7.70008e+11|1.59557e+13|4.63033e+10|5.68112e+11|4.22601e+13|1.36531e+10|7.46708e+11,8.19724e+08|8.87204e+12|3.29521e+11|3.79906e+11|7.32581e+08|5.76853e+10|1.60546e+11|4.06569e+12|3.30225e+10|3.56307e+11|1.3774e+13|1.67171e+09|5.06847e+11,0.000494453|0.000787814|5.47786e-05|1.80008e-05|6.27016e-05|6.32916e-05|0.00017279|0.000193265|0.000277161|8.49487e-05|8.45967e-05|2.95455e-05|0.000185382,0.000316017|0.00788063|0.00652494|0.00065196|0.00113469|0.000807753|0.00123164|0.0012727|0.00418014|0.000906866|0.000162335|0.000125263|0.00344885,0.0109342|0.0476737|0.00125292|0.0140743|0.00597815|0.0455502|0.0398828|0.0433038|0.00314906|0.04851|0.0108045|0.00830448|0.0365406,0.000178506|0.00335145|0.0136412|0.033904|0.0245713|0.028193|0.0326729|0.00780618|0.0470385|0.0115254|0.0326183|0.0293842|0.0130093,0.973537|0.954869|0.988894|0.963574|0.962416|0.909539|0.947193|0.90929|0.92176|0.949999|0.912097|0.927471|0.98883,4.63983|5.26639|0.923897|5.88966|1.97158|3.29092|0.117525|3.9732|2.08786|0.722366|5.92115|5.03384|4.04415,79.8117|13.9548|99.0064|65.9961|29.3778|28.2621|44.1502|44.8869|39.0733|51.9256|63.1349|11.2844,0.246796|0.189728|0.201409|0.193896|0.202302|0.242769|0.204574|0.161116|0.178948|0.247077|0.209804|0.200895,0.338018|0.801183|0.439638|0.982181|0.747283|0.940077|0.45026|0.528582|0.23533|0.469529|0.17375|0.836539,0.869523,0.801463,0.117836,0.0993652,0.460468,0.534015,0.0732846,0.487967,0.198257,0.921169,51.6436,5.43263e-12,47756,0.887486,41.1981,1.06086e-12,38445,0.895553,0.876428,0.0878307,0.631141,0.996144,0.511517,0.22039,0.459803,0.228135,0.891603,87.9902,7.64954e-10,30733,0.967162,70.4477,9.04596e-11,52512
24,291,n1->n99->n98->n57->n74->n76->n86->n87->n88->n90->n59->n50->n51,5.37021e+09|1.57108e+10|1.8266e+13|4.14288e+09|5.8385e+13|4.21804e+13|3.85304e+10|7.3435e+12|9.00567e+12|1.33273e+11|3.04563e+11|2.36425e+09|7.46708e+11,8.19724e+08|4.21389e+09|5.99087e+12|2.05006e+09|7.35096e+12|1.15782e+13|4.69095e+09|2.79916e+12|8.66002e+12|6.41526e+10|3.06423e+10|4.07889e+08|5.06847e+11,0.000494453|0.00089026|0.000410965|0.000173612|0.000875739|1.88608e-05|6.21631e-05|0.000634307|6.2721e-05|0.000319756|2.43107e-05|1.54283e-05|0.000185382,0.000316017|0.000350126|0.000548485|0.00271581|0.00944671|0.00214239|0.00341054|0.00151267|0.000480267|0.000672662|0.000202742|0.00907722|0.00344885,0.0109342|0.0362414|0.0295222|0.0328142|0.0280357|0.00156873|0.0237043|0.0186268|0.00850464|0.0285929|0.00304046|0.00638914|0.0365406,0.000178506|0.0472365|0.0297366|0.0437642|0.0166219|0.0470058|0.0488574|0.00979507|0.0237676|0.0372754|0.0474075|0.0483596|0.0130093,0.973537|0.953794|0.959539|0.983348|0.90082|0.989289|0.981332|0.977244|0.962132|0.984478|0.99171|0.910708|0.98883,4.63983|3.07459|2.95405|1.93323|0.0974208|0.578949|4.96971|2.33192|1.9653|4.02061|5.60303|5.41755|4.04415,66.2586|58.4557|98.2355|95.6836|53.1277|37.5994|88.9922|57.0974|14.1987|62.2588|47.7013|82.9474,0.180129|0.227784|0.190047|0.169856|0.181342|0.17745|0.246364|0.227675|0.244274|0.169222|0.170229|0.24308,0.323551|0.686264|0.757428|0.815246|0.519715|0.871942|0.83582|0.396625|0.997795|0.361153|0.776444|0.624607,0.869523,0.801463,0.117836,0.0993652,0.460468,0.534015,0.0732846,0.487967,0.198257,0.921169,51.6436,5.43263e-12,47756,0.887486,41.1981,1.06086e-12,38445,0.895553,0.876428,0.0878307,0.631141,0.996144,0.511517,0.22039,0.459803,0.228135,0.891603,87.9902,7.64954e-10,30733,0.967162,70.4477,9.04596e-11,52512
24,292,n1->n99->n98->n57->n55->n53->n54->n82->n84->n85->n65->n52->n51,5.37021e+09|1.57108e+10|1.8266e+13|4.14288e+09|8.84081e+12|4.60474e+10|2.80961e+11|1.07979e+13|1.07392e+09|2.02447e+09|1.12599e+09|1.02428e+10|7.46708e+11,8.19724e+08|4.21389e+09|5.99087e+12|2.05006e+09|4.69454e+12|3.18273e+10|2.23178e+11|1.66379e+12|9.00899e+08|2.41326e+08|3.2906e+08|2.07235e+09|5.06847e+11,0.000494453|0.00089026|0.000410965|0.000173612|4.06274e-05|2.00633e-05|1.47667e-05|0.000837919|2.14473e-05|2.04325e-05|1.96575e-05|0.00011644|0.000185382,0.000316017|0.000350126|0.000548485|0.00271581|0.000128431|0.000509085|0.00549128|0.00271152|0.000434313|0.000338175|0.000428116|0.00580301|0.00344885,0.0109342|0.0362414|0.0295222|0.0328142|0.00843704|5.21659e-05|0.0334079|0.0278433|0.0473575|0.0354515|0.00118659|0.0398377|0.0365406,0.000178506|0.0472365|0.0297366|0.0437642|0.0314938|0.00115664|0.00844474|0.0266174|0.0366447|0.0266209|0.00176737|0.0151024|0.0130093,0.973537|0.953794|0.959539|0.983348|0.908585|0.913872|0.927525|0.934435|0.948551|0.940474|0.967717|0.965406|0.98883,4.63983|3.07459|2.95405|1.93323|3.37071|0.640024|1.22009|0.132111|5.42186|4.91715|4.1126|0.0104102|4.04415,66.2586|58.4557|98.2355|61.5999|30.3781|75.3264|41.1455|83.37|82.1833|82.5435|56.1703|83.3731,0.180129|0.227784|0.190047|0.220389|0.207992|0.191357|0.242874|0.203763|0.216313|0.20461|0.247907|0.197114,0.323551|0.686264|0.757428|0.549818|0.646488|0.567841|0.378494|0.808712|0.528406|0.519435|0.827328|0.942894,0.869523,0.801463,0.117836,0.0993652,0.460468,0.534015,0.0732846,0.487967,0.198257,0.921169,51.6436,5.43263e-12,47756,0.887486,41.1981,1.06086e-12,38445,0.895553,0.876428,0.0878307,0.631141,0.996144,0.511517,0.22039,0.459803,0.228135,0.891603,87.9902,7.64954e-10,30733,0.967162,70.4477,9.04596e-11,52512
24,293,n1->n20->n19->n18->n16->n38->n36->n34->n32->n30->n29->n50->n51,5.37021e+09|4.0293e+11|2.47533e+11|7.59179e+12|1.09193e+13|1.16426e+13|7.73972e+11|4.7313e+12|1.78367e+12|1.26395e+10|3.6336e+13|2.36425e+09|7.46708e+11,8.19724e+08|1.89646e+11|2.33399e+11|4.11836e+12|1.33827e+12|1.19258e+12|7.77593e+10|1.15705e+12|1.05491e+12|1.81012e+09|1.77292e+13|4.07889e+08|5.06847e+11,0.000494453|5.21063e-05|0.000261527|2.98936e-05|3.71682e-05|1.04425e-05|0.000426407|0.000140889|0.000179959|4.789e-05|0.000125062|1.54283e-05|0.000185382,0.000316017|0.000368678|0.000768065|0.000681499|0.00174713|0.00950649|0.00396778|0.000270551|0.00292552|0.00655588|0.00231296|0.00907722|0.00344885,0.0109342|0.0108696|0.0201979|0.0192976|0.0123696|0.0263713|0.00497013|0.0276207|0.00778345|0.00398508|0.0255931|0.00638914|0.0365406,0.000178506|0.0181411|0.0291803|0.0120519|0.0240438|0.00318517|0.0341912|0.0210615|0.0161829|0.0178703|0.00291922|0.0483596|0.0130093,0.973537|0.923215|0.941018|0.946711|0.979533|0.902547|0.94998|0.904866|0.953313|0.972158|0.962742|0.910708|0.98883,4.63983|4.79469|1.39448|4.38273|1.69436|5.09423|3.70656|4.56594|0.10397|5.42296|0.0327787|5.41755|4.04415,90.7492|86.2435|34.0839|72.2829|28.0546|61.2725|89.5651|23.0914|69.5993|29.3504|37.0378|82.9474,0.215706|0.182991|0.248409|0.180241|0.17367|0.204351|0.241996|0.18593|0.204659|0.179657|0.191256|0.24308,0.53635|0.182796|0.983209|0.553025|0.828443|0.413834|0.265381|0.12287|0.237533|0.887943|0.182586|0.624607,0.869523,0.801463,0.117836,0.0993652,0.460468,0.534015,0.0732846,0.487967,0.198257,0.921169,51.6436,5.43263e-12,47756,0.887486,41.1981,1.06086e-12,38445,0.895553,0.876428,0.0878307,0.631141,0.996144,0.511517,0.22039,0.459803,0.228135,0.891603,87.9902,7.64954e-10,30733,0.967162,70.4477,9.04596e-11,52512
24,294,n1->n13->n14->n12->n6->n33->n84->n82->n54->n55->n53->n52->n51,5.37021e+09|6.60497e+13|3.70261e+10|9.70597e+10|1.14208e+09|3.64323e+13|1.07392e+09|1.07979e+13|2.80961e+11|8.84081e+12|4.60474e+10|1.02428e+10|7.46708e+11,8.19724e+08|8.87204e+12|1.44234e+10|2.76143e+10|2.20459e+08|6.32377e+12|9.00899e+08|1.66379e+12|2.23178e+11|4.69454e+12|3.18273e+10|2.07235e+09|5.06847e+11,0.000494453|0.000787814|3.25754e-05|0.000201974|1.08483e-05|1.50316e-05|2.14473e-05|0.000837919|1.47667e-05|4.06274e-05|2.00633e-05|0.00011644|0.000185382,0.000316017|0.00788063|0.000181646|0.0016732|0.00010157|0.00213059|0.000434313|0.00271152|0.00549128|0.000128431|0.000509085|0.00580301|0.00344885,0.0109342|0.0476737|0.0426128|0.0313381|0.00160082|0.00968695|0.0473575|0.0278433|0.0334079|0.00843704|5.21659e-05|0.0398377|0.0365406,0.000178506|0.00335145|0.049061|0.0470205|0.0260762|0.0280967|0.0366447|0.0266174|0.00844474|0.0314938|0.00115664|0.0151024|0.0130093,0.973537|0.954869|0.906626|0.937315|0.908628|0.923653|0.948551|0.934435|0.927525|0.908585|0.913872|0.965406|0.98883,4.63983|5.26639|0.762282|3.07758|5.01633|1.04264|5.42186|0.132111|1.22009|3.37071|0.640024|0.0104102|4.04415,79.8117|92.5451|51.9585|32.9383|50.0569|59.7094|83.37|41.1455|27.8669|30.3781|81.3721|83.3731,0.246796|0.191459|0.222459|0.230728|0.19306|0.183728|0.203763|0.242874|0.169326|0.207992|0.184589|0.197114,0.338018|0.161307|0.326911|0.628307|0.116472|0.218166|0.808712|0.378494|0.414082|0.646488|0.272111|0.942894,0.869523,0.801463,0.117836,0.0993652,0.460468,0.534015,0.0732846,0.487967,0.198257,0.921169,51.6436,5.43263e-12,47756,0.887486,41.1981,1.06086e-12,38445,0.895553,0.876428,0.0878307,0.631141,0.996144,0.511517,0.22039,0.459803,0.228135,0.891603,87.9902,7.64954e-10,30733,0.967162,70.4477,9.04596e-11,52512
24,295,n1->n13->n14->n96->n20->n89->n95->n82->n54->n55->n53->n52->n51,5.37021e+09|6.60497e+13|3.70261e+10|2.51165e+12|4.0293e+11|2.68119e+11|1.05601e+11|1.07979e+13|2.80961e+11|8.84081e+12|4.60474e+10|1.02428e+10|7.46708e+11,8.19724e+08|8.87204e+12|1.44234e+10|5.36324e+11|1.89646e+11|9.23423e+10|5.46554e+10|1.66379e+12|2.23178e+11|4.69454e+12|3.18273e+10|2.07235e+09|5.06847e+11,0.000494453|0.000787814|3.25754e-05|1.2987e-05|5.21063e-05|3.55201e-05|0.000260968|0.000837919|1.47667e-05|4.06274e-05|2.00633e-05|0.00011644|0.000185382,0.000316017|0.00788063|0.000181646|0.000286765|0.000368678|0.000111435|0.000186877|0.00271152|0.00549128|0.000128431|0.000509085|0.00580301|0.00344885,0.0109342|0.0476737|0.0426128|0.0377902|0.0108696|0.0107812|0.00282907|0.0278433|0.0334079|0.00843704|5.21659e-05|0.0398377|0.0365406,0.000178506|0.00335145|0.049061|0.0195364|0.0181411|0.0401575|0.0420997|0.0266174|0.00844474|0.0314938|0.00115664|0.0151024|0.0130093,0.973537|0.954869|0.906626|0.951762|0.923215|0.926416|0.966581|0.934435|0.927525|0.908585|0.913872|0.965406|0.98883,4.63983|5.26639|0.762282|0.85792|4.79469|0.0868458|1.09944|0.132111|1.22009|3.37071|0.640024|0.0104102|4.04415,79.8117|92.5451|54.7186|58.7029|18.2346|11.8194|75.699|41.1455|27.8669|30.3781|81.3721|83.3731,0.246796|0.191459|0.208433|0.201188|0.231355|0.168449|0.21275|0.242874|0.169326|0.207992|0.184589|0.197114,0.338018|0.161307|0.448351|0.666395|0.595303|0.776387|0.837867|0.378494|0.414082|0.646488|0.272111|0.942894,0.869523,0.801463,0.117836,0.0993652,0.460468,0.534015,0.0732846,0.487967,0.198257,0.921169,51.6436,5.43263e-12,47756,0.887486,41.1981,1.06086e-12,38445,0.895553,0.876428,0.0878307,0.631141,0.996144,0.511517,0.22039,0.459803,0.228135,0.891603,87.9902,7.64954e-10,30733,0.967162,70.4477,9.04596e-11,52512
24,296,n1->n99->n97->n27->n25->n26->n47->n45->n72->n77->n93->n94->n51,5.37021e+09|1.57108e+10|2.90604e+09|4.19351e+12|1.67189e+13|7.09351e+09|4.74236e+11|8.38488e+13|6.83442e+09|5.68112e+11|4.22601e+13|1.36531e+10|7.46708e+11,8.19724e+08|4.21389e+09|5.04144e+08|8.73344e+11|1.40059e+13|1.31666e+09|1.54765e+11|1.01787e+13|1.48353e+09|3.56307e+11|1.3774e+13|1.67171e+09|5.06847e+11,0.000494453|0.00089026|8.81202e-05|1.08528e-05|6.30741e-05|3.77967e-05|0.000202873|1.67225e-05|0.000159499|8.49487e-05|8.45967e-05|2.95455e-05|0.000185382,0.000316017|0.000350126|0.00494291|0.00262605|0.00294926|0.00522178|0.000266598|0.000742576|0.00384342|0.000906866|0.000162335|0.000125263|0.00344885,0.0109342|0.0362414|0.0381696|0.0303206|0.0195393|0.0101688|0.00898217|0.00846218|0.0479977|0.04851|0.0108045|0.00830448|0.0365406,0.000178506|0.0472365|0.00800322|0.0230682|0.0159438|0.0409649|0.0488958|0.0342415|0.0299903|0.0115254|0.0326183|0.0293842|0.0130093,0.973537|0.953794|0.90679|0.985376|0.9023|0.981638|0.9108|0.934264|0.96924|0.949999|0.912097|0.927471|0.98883,4.63983|3.07459|1.41691|4.5695|1.57149|2.91399|6.27947|5.31688|3.90463|0.722366|5.92115|5.03384|4.04415,66.2586|94.4507|31.5608|64.4551|63.0993|70.8805|40.979|63.1262|92.3918|51.9256|63.1349|11.2844,0.180129|0.168303|0.219936|0.242248|0.228799|0.189485|0.216949|0.243732|0.167022|0.247077|0.209804|0.200895,0.323551|0.263233|0.557853|0.837222|0.359402|0.757042|0.317946|0.65643|0.776051|0.469529|0.17375|0.836539,0.869523,0.801463,0.117836,0.0993652,0.460468,0.534015,0.0732846,0.487967,0.198257,0.921169,51.6436,5.43263e-12,47756,0.887486,41.1981,1.06086e-12,38445,0.895553,0.876428,0.0878307,0.631141,0.996144,0.511517,0.22039,0.459803,0.228135,0.891603,87.9902,7.64954e-10,30733,0.967162,70.4477,9.04596e-11,52512
24,297,n1->n99->n97->n27->n4->n2->n100->n90->n88->n89->n48->n50->n51,5.37021e+09|1.57108e+10|2.90604e+09|4.19351e+12|7.07339e+12|5.94248e+10|4.01966e+09|1.33273e+11|9.00567e+12|2.68119e+11|3.98001e+12|2.36425e+09|7.46708e+11,8.19724e+08|4.21389e+09|5.04144e+08|8.73344e+11|2.43435e+12|3.74975e+10|2.27749e+09|6.41526e+10|8.66002e+12|9.23423e+10|1.69514e+12|4.07889e+08|5.06847e+11,0.000494453|0.00089026|8.81202e-05|1.08528e-05|0.000113681|1.10648e-05|0.000665246|0.000319756|6.2721e-05|3.55201e-05|4.78153e-05|1.54283e-05|0.000185382,0.000316017|0.000350126|0.00494291|0.00262605|0.00198341|0.00120557|0.00914892|0.000672662|0.000480267|0.000111435|0.00544009|0.00907722|0.00344885,0.0109342|0.0362414|0.0381696|0.0303206|0.0350273|0.00369149|0.0100829|0.0285929|0.00850464|0.0107812|0.0455031|0.00638914|0.0365406,0.000178506|0.0472365|0.00800322|0.0230682|0.0273051|0.0127317|0.0460028|0.0372754|0.0237676|0.0401575|0.0360942|0.0483596|0.0130093,0.973537|0.953794|0.90679|0.985376|0.917619|0.968894|0.935175|0.984478|0.962132|0.926416|0.967439|0.910708|0.98883,4.63983|3.07459|1.41691|4.5695|1.56082|4.74216|3.89025|4.02061|1.9653|0.0868458|3.09858|5.41755|4.04415,66.2586|94.4507|31.5608|52.1141|30.2686|37.015|32.7492|14.1987|92.4072|94.0077|23.5956|82.9474,0.180129|0.168303|0.219936|0.184605|0.239023|0.17211|0.191207|0.244274|0.203687|0.234363|0.191801|0.24308,0.323551|0.263233|0.557853|0.200735|0.514427|0.315214|0.878161|0.997795|0.876618|0.948873|0.688345|0.624607,0.869523,0.801463,0.117836,0.0993652,0.460468,0.534015,0.0732846,0.487967,0.198257,0.921169,51.6436,5.43263e-12,47756,0.887486,41.1981,1.06086e-12,38445,0.895553,0.876428,0.0878307,0.631141,0.996144,0.511517,0.22039,0.459803,0.228135,0.891603,87.9902,7.64954e-10,30733,0.967162,70.4477,9.04596e-11,52512
24,298,n1->n13->n15->n29->n11->n9->n10->n8->n7->n5->n65->n52->n51,5.37021e+09|6.60497e+13|8.77071e+11|3.6336e+13|1.78735e+12|1.49139e+12|2.49624e+09|4.61239e+13|3.81012e+11|2.91995e+11|1.12599e+09|1.02428e+10|7.46708e+11,8.19724e+08|8.87204e+12|1.06991e+11|1.77292e+13|3.29521e+11|3.79906e+11|7.32581e+08|1.04208e+13|6.70334e+10|4.67133e+10|3.2906e+08|2.07235e+09|5.06847e+11,0.000494453|0.000787814|0.000182949|0.000125062|5.47786e-05|1.80008e-05|6.27016e-05|6.6054e-05|0.000475679|7.03031e-05|1.96575e-05|0.00011644|0.000185382,0.000316017|0.00788063|0.00274771|0.00231296|0.00652494|0.00065196|0.00113469|0.00522046|0.00104538|0.000196916|0.000428116|0.00580301|0.00344885,0.0109342|0.0476737|0.0207315|0.0255931|0.00125292|0.0140743|0.00597815|0.0318744|0.01754|0.00731162|0.00118659|0.0398377|0.0365406,0.000178506|0.00335145|0.0378122|0.00291922|0.0136412|0.033904|0.0245713|0.0483133|0.0283975|0.0421608|0.00176737|0.0151024|0.0130093,0.973537|0.954869|0.910795|0.962742|0.988894|0.963574|0.962416|0.975256|0.963898|0.951514|0.967717|0.965406|0.98883,4.63983|5.26639|1.89272|0.0327787|0.923897|5.88966|1.97158|3.22282|3.51107|4.90362|4.1126|0.0104102|4.04415,79.8117|66.6304|32.2763|13.2112|99.0064|65.9961|99.595|55.4093|37.2729|35.0583|56.1703|83.3731,0.246796|0.179788|0.240047|0.219003|0.201409|0.193896|0.184434|0.230451|0.176784|0.209201|0.247907|0.197114,0.338018|0.275394|0.895675|0.427028|0.439638|0.982181|0.703378|0.745697|0.943162|0.297185|0.827328|0.942894,0.869523,0.801463,0.117836,0.0993652,0.460468,0.534015,0.0732846,0.487967,0.198257,0.921169,51.6436,5.43263e-12,47756,0.887486,41.1981,1.06086e-12,38445,0.895553,0.876428,0.0878307,0.631141,0.996144,0.511517,0.22039,0.459803,0.228135,0.891603,87.9902,7.64954e-10,30733,0.967162,70.4477,9.04596e-11,52512
24,299,n1->n99->n98->n57->n83->n85->n78->n44->n45->n47->n48->n50->n51,5.37021e+09|1.57108e+10|1.8266e+13|4.14288e+09|3.76373e+13|2.02447e+09|3.25238e+10|5.26537e+13|8.38488e+13|4.74236e+11|3.98001e+12|2.36425e+09|7.46708e+11,8.19724e+08|4.21389e+09|5.99087e+12|2.05006e+09|2.34723e+13|2.41326e+08|2.30731e+10|2.86817e+13|1.01787e+13|1.54765e+11|1.69514e+12|4.07889e+08|5.06847e+11,0.000494453|0.00089026|0.000410965|0.000173612|1.86087e-05|2.04325e-05|0.000270955|0.000124649|1.67225e-05|0.000202873|4.78153e-05|1.54283e-05|0.000185382,0.000316017|0.000350126|0.000548485|0.00271581|0.000175452|0.000338175|0.00167497|0.00158999|0.000742576|0.000266598|0.00544009|0.00907722|0.00344885,0.0109342|0.0362414|0.0295222|0.0328142|0.015405|0.0354515|0.00569443|0.0486405|0.00846218|0.00898217|0.0455031|0.00638914|0.0365406,0.000178506|0.0472365|0.0297366|0.0437642|0.038157|0.0266209|0.0425349|0.00764508|0.0342415|0.0488958|0.0360942|0.0483596|0.0130093,0.973537|0.953794|0.959539|0.983348|0.947801|0.940474|0.92832|0.932977|0.934264|0.9108|0.967439|0.910708|0.98883,4.63983|3.07459|2.95405|1.93323|4.11052|4.91715|3.3614|2.64532|5.31688|6.27947|3.09858|5.41755|4.04415,66.2586|58.4557|98.2355|50.003|92.2019|67.1704|88.5528|57.1366|40.979|78.8723|23.5956|82.9474,0.180129|0.227784|0.190047|0.1911|0.231254|0.184721|0.200088|0.235241|0.216949|0.239998|0.191801|0.24308,0.323551|0.686264|0.757428|0.161388|0.604504|0.609732|0.134865|0.218954|0.317946|0.300482|0.688345|0.624607,0.869523,0.801463,0.117836,0.0993652,0.460468,0.534015,0.0732846,0.487967,0.198257,0.921169,51.6436,5.43263e-12,47756,0.887486,41.1981,1.06086e-12,38445,0.895553,0.876428,0.0878307,0.631141,0.996144,0.511517,0.22039,0.459803,0.228135,0.891603,87.9902,7.64954e-10,30733,0.967162,70.4477,9.04596e-11,52512
24,300,n1->n13->n11->n9->n7->n8->n10->n73->n75->n14->n96->n94->n51,5.37021e+09|6.60497e+13|1.78735e+12|1.49139e+12|3.81012e+11|4.61239e+13|2.49624e+09|1.41706e+11|8.71921e+10|3.70261e+10|2.51165e+12|1.36531e+10|7.46708e+11,8.19724e+08|8.87204e+12|3.29521e+11|3.79906e+11|6.70334e+10|1.04208e+13|7.32581e+08|5.76853e+10|5.29113e+10|1.44234e+10|5.36324e+11|1.67171e+09|5.06847e+11,0.000494453|0.000787814|5.47786e-05|1.80008e-05|0.000475679|6.6054e-05|6.27016e-05|6.32916e-05|0.000766915|3.25754e-05|1.2987e-05|2.95455e-05|0.000185382,0.000316017|0.00788063|0.00652494|0.00065196|0.00104538|0.00522046|0.00113469|0.000807753|0.000203965|0.000181646|0.000286765|0.000125263|0.00344885,0.0109342|0.0476737|0.00125292|0.0140743|0.01754|0.0318744|0.00597815|0.0455502|0.0243876|0.0426128|0.0377902|0.00830448|0.0365406,0.000178506|0.00335145|0.0136412|0.033904|0.0283975|0.0483133|0.0245713|0.028193|0.0250863|0.049061|0.0195364|0.0293842|0.0130093,0.973537|0.954869|0.988894|0.963574|0.963898|0.975256|0.962416|0.909539|0.936129|0.906626|0.951762|0.927471|0.98883,4.63983|5.26639|0.923897|5.88966|3.51107|3.22282|1.97158|3.29092|3.39264|0.762282|0.85792|5.03384|4.04415,79.8117|13.9548|99.0064|59.8148|55.4093|99.595|29.3778|85.6152|56.2706|54.7186|71.0086|11.2844,0.246796|0.189728|0.201409|0.18359|0.230451|0.184434|0.202302|0.185893|0.226178|0.208433|0.230021|0.200895,0.338018|0.801183|0.439638|0.339058|0.745697|0.703378|0.747283|0.624191|0.725021|0.448351|0.131268|0.836539,0.869523,0.801463,0.117836,0.0993652,0.460468,0.534015,0.0732846,0.487967,0.198257,0.921169,51.6436,5.43263e-12,47756,0.887486,41.1981,1.06086e-12,38445,0.895553,0.876428,0.0878307,0.631141,0.996144,0.511517,0.22039,0.459803,0.228135,0.891603,87.9902,7.64954e-10,30733,0.967162,70.4477,9.04596e-11,52512
24,301,n1->n99->n98->n57->n74->n35->n33->n31->n32->n30->n29->n50->n51,5.37021e+09|1.57108e+10|1.8266e+13|4.14288e+09|5.8385e+13|5.77859e+11|3.64323e+13|4.79342e+12|1.78367e+12|1.26395e+10|3.6336e+13|2.36425e+09|7.46708e+11,8.19724e+08|4.21389e+09|5.99087e+12|2.05006e+09|7.35096e+12|4.88834e+11|6.32377e+12|4.42443e+12|1.05491e+12|1.81012e+09|1.77292e+13|4.07889e+08|5.06847e+11,0.000494453|0.00089026|0.000410965|0.000173612|0.000875739|0.000412952|1.50316e-05|0.00024651|0.000179959|4.789e-05|0.000125062|1.54283e-05|0.000185382,0.000316017|0.000350126|0.000548485|0.00271581|0.00944671|0.00138752|0.00213059|0.00308746|0.00292552|0.00655588|0.00231296|0.00907722|0.00344885,0.0109342|0.0362414|0.0295222|0.0328142|0.0280357|0.00215298|0.00968695|0.0211034|0.00778345|0.00398508|0.0255931|0.00638914|0.0365406,0.000178506|0.0472365|0.0297366|0.0437642|0.0166219|0.0375959|0.0280967|0.0151027|0.0161829|0.0178703|0.00291922|0.0483596|0.0130093,0.973537|0.953794|0.959539|0.983348|0.90082|0.952159|0.923653|0.943878|0.953313|0.972158|0.962742|0.910708|0.98883,4.63983|3.07459|2.95405|1.93323|0.0974208|5.24666|1.04264|4.82496|0.10397|5.42296|0.0327787|5.41755|4.04415,66.2586|58.4557|98.2355|95.6836|67.7415|93.5115|95.0453|86.0567|69.5993|29.3504|37.0378|82.9474,0.180129|0.227784|0.190047|0.169856|0.161632|0.242679|0.234751|0.16799|0.204659|0.179657|0.191256|0.24308,0.323551|0.686264|0.757428|0.815246|0.301798|0.487093|0.258586|0.799966|0.237533|0.887943|0.182586|0.624607,0.869523,0.801463,0.117836,0.0993652,0.460468,0.534015,0.0732846,0.487967,0.198257,0.921169,51.6436,5.43263e-12,47756,0.887486,41.1981,1.06086e-12,38445,0.895553,0.876428,0.0878307,0.631141,0.996144,0.511517,0.22039,0.459803,0.228135,0.891603,87.9902,7.64954e-10,30733,0.967162,70.4477,9.04596e-11,52512
24,302,n1->n20->n18->n19->n17->n68->n22->n21->n67->n64->n65->n52->n51,5.37021e+09|4.0293e+11|7.59179e+12|2.47533e+11|1.51096e+11|1.31753e+09|1.47e+10|1.56161e+12|4.7483e+09|4.21034e+09|1.12599e+09|1.02428e+10|7.46708e+11,8.19724e+08|1.89646e+11|4.11836e+12|2.33399e+11|1.57582e+10|3.10679e+08|9.51029e+09|3.02345e+11|7.5553e+08|1.60867e+09|3.2906e+08|2.07235e+09|5.06847e+11,0.000494453|5.21063e-05|2.98936e-05|0.000261527|0.000261059|0.000223952|1.77434e-05|0.00096308|3.91885e-05|1.88732e-05|1.96575e-05|0.00011644|0.000185382,0.000316017|0.000368678|0.000681499|0.000768065|0.000513001|0.00843573|0.0006856|0.00195589|0.000640186|0.000135861|0.000428116|0.00580301|0.00344885,0.0109342|0.0108696|0.0192976|0.0201979|0.0430027|0.0370095|0.0408661|0.00712365|0.029632|0.0266797|0.00118659|0.0398377|0.0365406,0.000178506|0.0181411|0.0120519|0.0291803|0.00442808|0.00589983|0.040072|0.0414669|0.0482082|0.0436548|0.00176737|0.0151024|0.0130093,0.973537|0.923215|0.946711|0.941018|0.974312|0.984554|0.95984|0.971602|0.924883|0.933821|0.967717|0.965406|0.98883,4.63983|4.79469|4.38273|1.39448|5.11322|5.26958|0.048646|3.14177|2.06342|5.77568|4.1126|0.0104102|4.04415,90.7492|89.2299|34.0839|10.3361|23.9015|15.3326|55.6995|42.5138|95.5844|56.7563|56.1703|83.3731,0.215706|0.247215|0.248409|0.172286|0.236806|0.236297|0.206062|0.197352|0.248978|0.186349|0.247907|0.197114,0.53635|0.652252|0.983209|0.559133|0.2818|0.655447|0.677391|0.602799|0.480161|0.927837|0.827328|0.942894,0.869523,0.801463,0.117836,0.0993652,0.460468,0.534015,0.0732846,0.487967,0.198257,0.921169,51.6436,5.43263e-12,47756,0.887486,41.1981,1.06086e-12,38445,0.895553,0.876428,0.0878307,0.631141,0.996144,0.511517,0.22039,0.459803,0.228135,0.891603,87.9902,7.64954e-10,30733,0.967162,70.4477,9.04596e-11,52512
24,303,n1->n13->n12->n14->n96->n97->n99->n77->n72->n45->n47->n49->n51,5.37021e+09|6.60497e+13|9.70597e+10|3.70261e+10|2.51165e+12|2.90604e+09|1.57108e+10|5.68112e+11|6.83442e+09|8.38488e+13|4.74236e+11|2.45005e+09|7.46708e+11,8.19724e+08|8.87204e+12|2.76143e+10|1.44234e+10|5.36324e+11|5.04144e+08|4.21389e+09|3.56307e+11|1.48353e+09|1.01787e+13|1.54765e+11|2.44458e+09|5.06847e+11,0.000494453|0.000787814|0.000201974|3.25754e-05|1.2987e-05|8.81202e-05|0.00089026|8.49487e-05|0.000159499|1.67225e-05|0.000202873|1.07426e-05|0.000185382,0.000316017|0.00788063|0.0016732|0.000181646|0.000286765|0.00494291|0.000350126|0.000906866|0.00384342|0.000742576|0.000266598|0.000979027|0.00344885,0.0109342|0.0476737|0.0313381|0.0426128|0.0377902|0.0381696|0.0362414|0.04851|0.0479977|0.00846218|0.00898217|0.0183567|0.0365406,0.000178506|0.00335145|0.0470205|0.049061|0.0195364|0.00800322|0.0472365|0.0115254|0.0299903|0.0342415|0.0488958|0.0388066|0.0130093,0.973537|0.954869|0.937315|0.906626|0.951762|0.90679|0.953794|0.949999|0.96924|0.934264|0.9108|0.969899|0.98883,4.63983|5.26639|3.07758|0.762282|0.85792|1.41691|3.07459|0.722366|3.90463|5.31688|6.27947|3.94615|4.04415,79.8117|56.34|51.9585|54.7186|37.9513|94.4507|96.5216|92.3918|63.1262|40.979|91.8261|10.4661,0.246796|0.206669|0.222459|0.208433|0.246589|0.168303|0.241387|0.167022|0.243732|0.216949|0.228404|0.216931,0.338018|0.285239|0.326911|0.448351|0.157157|0.263233|0.664018|0.776051|0.65643|0.317946|0.133861|0.516407,0.869523,0.801463,0.117836,0.0993652,0.460468,0.534015,0.0732846,0.487967,0.198257,0.921169,51.6436,5.43263e-12,47756,0.887486,41.1981,1.06086e-12,38445,0.895553,0.876428,0.0878307,0.631141,0.996144,0.511517,0.22039,0.459803,0.228135,0.891603,87.9902,7.64954e-10,30733,0.967162,70.4477,9.04596e-11,52512
24,304,n1->n13->n14->n75->n73->n72->n77->n23->n24->n26->n27->n52->n51,5.37021e+09|6.60497e+13|3.70261e+10|8.71921e+10|1.41706e+11|6.83442e+09|5.68112e+11|4.63033e+10|1.59557e+13|7.09351e+09|4.19351e+12|1.02428e+10|7.46708e+11,8.19724e+08|8.87204e+12|1.44234e+10|5.29113e+10|5.76853e+10|1.48353e+09|3.56307e+11|3.30225e+10|4.06569e+12|1.31666e+09|8.73344e+11|2.07235e+09|5.06847e+11,0.000494453|0.000787814|3.25754e-05|0.000766915|6.32916e-05|0.000159499|8.49487e-05|0.000277161|0.000193265|3.77967e-05|1.08528e-05|0.00011644|0.000185382,0.000316017|0.00788063|0.000181646|0.000203965|0.000807753|0.00384342|0.000906866|0.00418014|0.0012727|0.00522178|0.00262605|0.00580301|0.00344885,0.0109342|0.0476737|0.0426128|0.0243876|0.0455502|0.0479977|0.04851|0.00314906|0.0433038|0.0101688|0.0303206|0.0398377|0.0365406,0.000178506|0.00335145|0.049061|0.0250863|0.028193|0.0299903|0.0115254|0.0470385|0.00780618|0.0409649|0.0230682|0.0151024|0.0130093,0.973537|0.954869|0.906626|0.936129|0.909539|0.96924|0.949999|0.92176|0.90929|0.981638|0.985376|0.965406|0.98883,4.63983|5.26639|0.762282|3.39264|3.29092|3.90463|0.722366|2.08786|3.9732|2.91399|4.5695|0.0104102|4.04415,79.8117|92.5451|56.2706|85.6152|29.1617|92.3918|39.0733|44.8869|83.4704|67.4197|46.2248|83.3731,0.246796|0.191459|0.226178|0.185893|0.178937|0.167022|0.178948|0.161116|0.216464|0.171162|0.183493|0.197114,0.338018|0.161307|0.725021|0.624191|0.920295|0.776051|0.23533|0.528582|0.583168|0.40751|0.657987|0.942894,0.869523,0.801463,0.117836,0.0993652,0.460468,0.534015,0.0732846,0.487967,0.198257,0.921169,51.6436,5.43263e-12,47756,0.887486,41.1981,1.06086e-12,38445,0.895553,0.876428,0.0878307,0.631141,0.996144,0.511517,0.22039,0.459803,0.228135,0.891603,87.9902,7.64954e-10,30733,0.967162,70.4477,9.04596e-11,52512
24,305,n1->n13->n14->n96->n94->n93->n77->n23->n83->n57->n55->n53->n52->n51,5.37021e+09|6.60497e+13|3.70261e+10|2.51165e+12|1.36531e+10|4.22601e+13|5.68112e+11|4.63033e+10|3.76373e+13|4.14288e+09|8.84081e+12|4.60474e+10|1.02428e+10|7.46708e+11,8.19724e+08|8.87204e+12|1.44234e+10|5.36324e+11|1.67171e+09|1.3774e+13|3.56307e+11|3.30225e+10|2.34723e+13|2.05006e+09|4.69454e+12|3.18273e+10|2.07235e+09|5.06847e+11,0.000494453|0.000787814|3.25754e-05|1.2987e-05|2.95455e-05|8.45967e-05|8.49487e-05|0.000277161|1.86087e-05|0.000173612|4.06274e-05|2.00633e-05|0.00011644|0.000185382,0.000316017|0.00788063|0.000181646|0.000286765|0.000125263|0.000162335|0.000906866|0.00418014|0.000175452|0.00271581|0.000128431|0.000509085|0.00580301|0.00344885,0.0109342|0.0476737|0.0426128|0.0377902|0.00830448|0.0108045|0.04851|0.00314906|0.015405|0.0328142|0.00843704|5.21659e-05|0.0398377|0.0365406,0.000178506|0.00335145|0.049061|0.0195364|0.0293842|0.0326183|0.0115254|0.0470385|0.038157|0.0437642|0.0314938|0.00115664|0.0151024|0.0130093,0.973537|0.954869|0.906626|0.951762|0.927471|0.912097|0.949999|0.92176|0.947801|0.983348|0.908585|0.913872|0.965406|0.98883,4.63983|5.26639|0.762282|0.85792|5.03384|5.92115|0.722366|2.08786|4.11052|1.93323|3.37071|0.640024|0.0104102|4.04415,79.8117|92.5451|54.7186|71.0086|63.1349|51.9256|39.0733|23.518|50.003|61.5999|30.3781|81.3721|83.3731,0.246796|0.191459|0.208433|0.230021|0.209804|0.247077|0.178948|0.181099|0.1911|0.220389|0.207992|0.184589|0.197114,0.338018|0.161307|0.448351|0.131268|0.17375|0.469529|0.23533|0.741177|0.161388|0.549818|0.646488|0.272111|0.942894,0.869523,0.801463,0.117836,0.0993652,0.460468,0.534015,0.0732846,0.487967,0.198257,0.921169,51.6436,5.43263e-12,47756,0.887486,41.1981,1.06086e-12,38445,0.895553,0.876428,0.0878307,0.631141,0.996144,0.511517,0.22039,0.459803,0.228135,0.891603,87.9902,7.64954e-10,30733,0.967162,70.4477,9.04596e-11,52512
24,306,n1->n13->n15->n29->n28->n27->n97->n99->n98->n57->n55->n53->n52->n51,5.37021e+09|6.60497e+13|8.77071e+11|3.6336e+13|1.34247e+11|4.19351e+12|2.90604e+09|1.57108e+10|1.8266e+13|4.14288e+09|8.84081e+12|4.60474e+10|1.02428e+10|7.46708e+11,8.19724e+08|8.87204e+12|1.06991e+11|1.77292e+13|1.51805e+10|8.73344e+11|5.04144e+08|4.21389e+09|5.99087e+12|2.05006e+09|4.69454e+12|3.18273e+10|2.07235e+09|5.06847e+11,0.000494453|0.000787814|0.000182949|0.000125062|0.00056516|1.08528e-05|8.81202e-05|0.00089026|0.000410965|0.000173612|4.06274e-05|2.00633e-05|0.00011644|0.000185382,0.000316017|0.00788063|0.00274771|0.00231296|0.0093172|0.00262605|0.00494291|0.000350126|0.000548485|0.00271581|0.000128431|0.000509085|0.00580301|0.00344885,0.0109342|0.0476737|0.0207315|0.0255931|0.0317261|0.0303206|0.0381696|0.0362414|0.0295222|0.0328142|0.00843704|5.21659e-05|0.0398377|0.0365406,0.000178506|0.00335145|0.0378122|0.00291922|0.03841|0.0230682|0.00800322|0.0472365|0.0297366|0.0437642|0.0314938|0.00115664|0.0151024|0.0130093,0.973537|0.954869|0.910795|0.962742|0.948072|0.985376|0.90679|0.953794|0.959539|0.983348|0.908585|0.913872|0.965406|0.98883,4.63983|5.26639|1.89272|0.0327787|1.48687|4.5695|1.41691|3.07459|2.95405|1.93323|3.37071|0.640024|0.0104102|4.04415,79.8117|66.6304|32.2763|18.7034|23.5709|31.5608|94.4507|58.4557|98.2355|61.5999|30.3781|81.3721|83.3731,0.246796|0.179788|0.240047|0.249902|0.207151|0.219936|0.168303|0.227784|0.190047|0.220389|0.207992|0.184589|0.197114,0.338018|0.275394|0.895675|0.259002|0.340196|0.557853|0.263233|0.686264|0.757428|0.549818|0.646488|0.272111|0.942894,0.869523,0.801463,0.117836,0.0993652,0.460468,0.534015,0.0732846,0.487967,0.198257,0.921169,51.6436,5.43263e-12,47756,0.887486,41.1981,1.06086e-12,38445,0.895553,0.876428,0.0878307,0.631141,0.996144,0.511517,0.22039,0.459803,0.228135,0.891603,87.9902,7.64954e-10,30733,0.967162,70.4477,9.04596e-11,52512
24,307,n1->n20->n19->n18->n70->n69->n28->n29->n11->n9->n10->n63->n61->n51,5.37021e+09|4.0293e+11|2.47533e+11|7.59179e+12|6.87309e+13|8.81277e+09|1.34247e+11|3.6336e+13|1.78735e+12|1.49139e+12|2.49624e+09|6.55204e+12|6.44979e+11|7.46708e+11,8.19724e+08|1.89646e+11|2.33399e+11|4.11836e+12|9.78332e+12|7.57626e+09|1.51805e+10|1.77292e+13|3.29521e+11|3.79906e+11|7.32581e+08|2.63574e+12|1.30372e+11|5.06847e+11,0.000494453|5.21063e-05|0.000261527|2.98936e-05|5.13815e-05|0.000268039|0.00056516|0.000125062|5.47786e-05|1.80008e-05|6.27016e-05|0.000116235|3.71253e-05|0.000185382,0.000316017|0.000368678|0.000768065|0.000681499|0.00295865|0.00367819|0.0093172|0.00231296|0.00652494|0.00065196|0.00113469|0.00126856|0.00313588|0.00344885,0.0109342|0.0108696|0.0201979|0.0192976|0.0286141|0.022957|0.0317261|0.0255931|0.00125292|0.0140743|0.00597815|0.0100727|0.0266048|0.0365406,0.000178506|0.0181411|0.0291803|0.0120519|0.0216638|0.0100342|0.03841|0.00291922|0.0136412|0.033904|0.0245713|0.0107197|0.0179693|0.0130093,0.973537|0.923215|0.941018|0.946711|0.966653|0.975915|0.948072|0.962742|0.988894|0.963574|0.962416|0.903245|0.958619|0.98883,4.63983|4.79469|1.39448|4.38273|4.60778|2.99986|1.48687|0.0327787|0.923897|5.88966|1.97158|4.68449|2.63855|4.04415,90.7492|86.2435|34.0839|55.8812|74.5377|97.1045|18.7034|13.2112|99.0064|65.9961|65.1286|47.0482|66.5616,0.215706|0.182991|0.248409|0.234874|0.172691|0.207556|0.249902|0.219003|0.201409|0.193896|0.203746|0.167884|0.171721,0.53635|0.182796|0.983209|0.16843|0.416585|0.438091|0.259002|0.427028|0.439638|0.982181|0.514129|0.410418|0.235817,0.869523,0.801463,0.117836,0.0993652,0.460468,0.534015,0.0732846,0.487967,0.198257,0.921169,51.6436,5.43263e-12,47756,0.887486,41.1981,1.06086e-12,38445,0.895553,0.876428,0.0878307,0.631141,0.996144,0.511517,0.22039,0.459803,0.228135,0.891603,87.9902,7.64954e-10,30733,0.967162,70.4477,9.04596e-11,52512
24,308,n1->n99->n97->n27->n4->n2->n100->n73->n54->n40->n42->n63->n61->n51,5.37021e+09|1.57108e+10|2.90604e+09|4.19351e+12|7.07339e+12|5.94248e+10|4.01966e+09|1.41706e+11|2.80961e+11|3.58065e+10|2.42905e+09|6.55204e+12|6.44979e+11|7.46708e+11,8.19724e+08|4.21389e+09|5.04144e+08|8.73344e+11|2.43435e+12|3.74975e+10|2.27749e+09|5.76853e+10|2.23178e+11|4.14657e+09|2.47264e+08|2.63574e+12|1.30372e+11|5.06847e+11,0.000494453|0.00089026|8.81202e-05|1.08528e-05|0.000113681|1.10648e-05|0.000665246|6.32916e-05|1.47667e-05|6.01341e-05|8.79758e-05|0.000116235|3.71253e-05|0.000185382,0.000316017|0.000350126|0.00494291|0.00262605|0.00198341|0.00120557|0.00914892|0.000807753|0.00549128|0.00268841|0.000493531|0.00126856|0.00313588|0.00344885,0.0109342|0.0362414|0.0381696|0.0303206|0.0350273|0.00369149|0.0100829|0.0455502|0.0334079|0.0249103|0.00783732|0.0100727|0.0266048|0.0365406,0.000178506|0.0472365|0.00800322|0.0230682|0.0273051|0.0127317|0.0460028|0.028193|0.00844474|0.033399|0.0327962|0.0107197|0.0179693|0.0130093,0.973537|0.953794|0.90679|0.985376|0.917619|0.968894|0.935175|0.909539|0.927525|0.920308|0.960936|0.903245|0.958619|0.98883,4.63983|3.07459|1.41691|4.5695|1.56082|4.74216|3.89025|3.29092|1.22009|2.50002|0.765875|4.68449|2.63855|4.04415,66.2586|94.4507|31.5608|52.1141|30.2686|37.015|20.1165|26.1465|12.2677|77.6192|97.0433|47.0482|66.5616,0.180129|0.168303|0.219936|0.184605|0.239023|0.17211|0.175955|0.196311|0.248162|0.243521|0.211509|0.167884|0.171721,0.323551|0.263233|0.557853|0.200735|0.514427|0.315214|0.825877|0.754315|0.812759|0.14346|0.758395|0.410418|0.235817,0.869523,0.801463,0.117836,0.0993652,0.460468,0.534015,0.0732846,0.487967,0.198257,0.921169,51.6436,5.43263e-12,47756,0.887486,41.1981,1.06086e-12,38445,0.895553,0.876428,0.0878307,0.631141,0.996144,0.511517,0.22039,0.459803,0.228135,0.891603,87.9902,7.64954e-10,30733,0.967162,70.4477,9.04596e-11,52512
24,309,n1->n99->n77->n93->n94->n96->n14->n12->n6->n33->n31->n29->n50->n51,5.37021e+09|1.57108e+10|5.68112e+11|4.22601e+13|1.36531e+10|2.51165e+12|3.70261e+10|9.70597e+10|1.14208e+09|3.64323e+13|4.79342e+12|3.6336e+13|2.36425e+09|7.46708e+11,8.19724e+08|4.21389e+09|3.56307e+11|1.3774e+13|1.67171e+09|5.36324e+11|1.44234e+10|2.76143e+10|2.20459e+08|6.32377e+12|4.42443e+12|1.77292e+13|4.07889e+08|5.06847e+11,0.000494453|0.00089026|8.49487e-05|8.45967e-05|2.95455e-05|1.2987e-05|3.25754e-05|0.000201974|1.08483e-05|1.50316e-05|0.00024651|0.000125062|1.54283e-05|0.000185382,0.000316017|0.000350126|0.000906866|0.000162335|0.000125263|0.000286765|0.000181646|0.0016732|0.00010157|0.00213059|0.00308746|0.00231296|0.00907722|0.00344885,0.0109342|0.0362414|0.04851|0.0108045|0.00830448|0.0377902|0.0426128|0.0313381|0.00160082|0.00968695|0.0211034|0.0255931|0.00638914|0.0365406,0.000178506|0.0472365|0.0115254|0.0326183|0.0293842|0.0195364|0.049061|0.0470205|0.0260762|0.0280967|0.0151027|0.00291922|0.0483596|0.0130093,0.973537|0.953794|0.949999|0.912097|0.927471|0.951762|0.906626|0.937315|0.908628|0.923653|0.943878|0.962742|0.910708|0.98883,4.63983|3.07459|0.722366|5.92115|5.03384|0.85792|0.762282|3.07758|5.01633|1.04264|4.82496|0.0327787|5.41755|4.04415,66.2586|96.5216|51.9256|63.1349|71.0086|54.7186|51.9585|32.9383|50.0569|95.0453|70.4589|37.0378|82.9474,0.180129|0.241387|0.247077|0.209804|0.230021|0.208433|0.222459|0.230728|0.19306|0.234751|0.246199|0.191256|0.24308,0.323551|0.664018|0.469529|0.17375|0.131268|0.448351|0.326911|0.628307|0.116472|0.258586|0.415176|0.182586|0.624607,0.869523,0.801463,0.117836,0.0993652,0.460468,0.534015,0.0732846,0.487967,0.198257,0.921169,51.6436,5.43263e-12,47756,0.887486,41.1981,1.06086e-12,38445,0.895553,0.876428,0.0878307,0.631141,0.996144,0.511517,0.22039,0.459803,0.228135,0.891603,87.9902,7.64954e-10,30733,0.967162,70.4477,9.04596e-11,52512
24,310,n1->n20->n18->n17->n85->n58->n59->n90->n88->n89->n95->n93->n94->n51,5.37021e+09|4.0293e+11|7.59179e+12|1.51096e+11|2.02447e+09|8.16696e+09|3.04563e+11|1.33273e+11|9.00567e+12|2.68119e+11|1.05601e+11|4.22601e+13|1.36531e+10|7.46708e+11,8.19724e+08|1.89646e+11|4.11836e+12|1.57582e+10|2.41326e+08|6.89506e+09|3.06423e+10|6.41526e+10|8.66002e+12|9.23423e+10|5.46554e+10|1.3774e+13|1.67171e+09|5.06847e+11,0.000494453|5.21063e-05|2.98936e-05|0.000261059|2.04325e-05|0.000266735|2.43107e-05|0.000319756|6.2721e-05|3.55201e-05|0.000260968|8.45967e-05|2.95455e-05|0.000185382,0.000316017|0.000368678|0.000681499|0.000513001|0.000338175|0.00874893|0.000202742|0.000672662|0.000480267|0.000111435|0.000186877|0.000162335|0.000125263|0.00344885,0.0109342|0.0108696|0.0192976|0.0430027|0.0354515|0.0248478|0.00304046|0.0285929|0.00850464|0.0107812|0.00282907|0.0108045|0.00830448|0.0365406,0.000178506|0.0181411|0.0120519|0.00442808|0.0266209|0.0481122|0.0474075|0.0372754|0.0237676|0.0401575|0.0420997|0.0326183|0.0293842|0.0130093,0.973537|0.923215|0.946711|0.974312|0.940474|0.911658|0.99171|0.984478|0.962132|0.926416|0.966581|0.912097|0.927471|0.98883,4.63983|4.79469|4.38273|5.11322|4.91715|3.70937|5.60303|4.02061|1.9653|0.0868458|1.09944|5.92115|5.03384|4.04415,90.7492|89.2299|43.2583|84.7043|90.6886|56.397|62.2588|14.1987|92.4072|11.8194|24.941|63.1349|11.2844,0.215706|0.247215|0.218822|0.225161|0.194345|0.21902|0.169222|0.244274|0.203687|0.168449|0.237661|0.209804|0.200895,0.53635|0.652252|0.981182|0.880608|0.45102|0.533324|0.361153|0.997795|0.876618|0.776387|0.985064|0.17375|0.836539,0.869523,0.801463,0.117836,0.0993652,0.460468,0.534015,0.0732846,0.487967,0.198257,0.921169,51.6436,5.43263e-12,47756,0.887486,41.1981,1.06086e-12,38445,0.895553,0.876428,0.0878307,0.631141,0.996144,0.511517,0.22039,0.459803,0.228135,0.891603,87.9902,7.64954e-10,30733,0.967162,70.4477,9.04596e-11,52512
24,311,n1->n13->n11->n9->n7->n2->n4->n27->n97->n95->n89->n48->n50->n51,5.37021e+09|6.60497e+13|1.78735e+12|1.49139e+12|3.81012e+11|5.94248e+10|7.07339e+12|4.19351e+12|2.90604e+09|1.05601e+11|2.68119e+11|3.98001e+12|2.36425e+09|7.46708e+11,8.19724e+08|8.87204e+12|3.29521e+11|3.79906e+11|6.70334e+10|3.74975e+10|2.43435e+12|8.73344e+11|5.04144e+08|5.46554e+10|9.23423e+10|1.69514e+12|4.07889e+08|5.06847e+11,0.000494453|0.000787814|5.47786e-05|1.80008e-05|0.000475679|1.10648e-05|0.000113681|1.08528e-05|8.81202e-05|0.000260968|3.55201e-05|4.78153e-05|1.54283e-05|0.000185382,0.000316017|0.00788063|0.00652494|0.00065196|0.00104538|0.00120557|0.00198341|0.00262605|0.00494291|0.000186877|0.000111435|0.00544009|0.00907722|0.00344885,0.0109342|0.0476737|0.00125292|0.0140743|0.01754|0.00369149|0.0350273|0.0303206|0.0381696|0.00282907|0.0107812|0.0455031|0.00638914|0.0365406,0.000178506|0.00335145|0.0136412|0.033904|0.0283975|0.0127317|0.0273051|0.0230682|0.00800322|0.0420997|0.0401575|0.0360942|0.0483596|0.0130093,0.973537|0.954869|0.988894|0.963574|0.963898|0.968894|0.917619|0.985376|0.90679|0.966581|0.926416|0.967439|0.910708|0.98883,4.63983|5.26639|0.923897|5.88966|3.51107|4.74216|1.56082|4.5695|1.41691|1.09944|0.0868458|3.09858|5.41755|4.04415,79.8117|13.9548|99.0064|59.8148|88.6198|30.2686|52.1141|31.5608|11.8968|11.8194|94.0077|23.5956|82.9474,0.246796|0.189728|0.201409|0.18359|0.228013|0.239023|0.184605|0.219936|0.228013|0.168449|0.234363|0.191801|0.24308,0.338018|0.801183|0.439638|0.339058|0.84397|0.514427|0.200735|0.557853|0.342677|0.776387|0.948873|0.688345|0.624607,0.869523,0.801463,0.117836,0.0993652,0.460468,0.534015,0.0732846,0.487967,0.198257,0.921169,51.6436,5.43263e-12,47756,0.887486,41.1981,1.06086e-12,38445,0.895553,0.876428,0.0878307,0.631141,0.996144,0.511517,0.22039,0.459803,0.228135,0.891603,87.9902,7.64954e-10,30733,0.967162,70.4477,9.04596e-11,52512
24,312,n1->n13->n15->n63->n42->n40->n54->n53->n52->n27->n26->n47->n49->n51,5.37021e+09|6.60497e+13|8.77071e+11|6.55204e+12|2.42905e+09|3.58065e+10|2.80961e+11|4.60474e+10|1.02428e+10|4.19351e+12|7.09351e+09|4.74236e+11|2.45005e+09|7.46708e+11,8.19724e+08|8.87204e+12|1.06991e+11|2.63574e+12|2.47264e+08|4.14657e+09|2.23178e+11|3.18273e+10|2.07235e+09|8.73344e+11|1.31666e+09|1.54765e+11|2.44458e+09|5.06847e+11,0.000494453|0.000787814|0.000182949|0.000116235|8.79758e-05|6.01341e-05|1.47667e-05|2.00633e-05|0.00011644|1.08528e-05|3.77967e-05|0.000202873|1.07426e-05|0.000185382,0.000316017|0.00788063|0.00274771|0.00126856|0.000493531|0.00268841|0.00549128|0.000509085|0.00580301|0.00262605|0.00522178|0.000266598|0.000979027|0.00344885,0.0109342|0.0476737|0.0207315|0.0100727|0.00783732|0.0249103|0.0334079|5.21659e-05|0.0398377|0.0303206|0.0101688|0.00898217|0.0183567|0.0365406,0.000178506|0.00335145|0.0378122|0.0107197|0.0327962|0.033399|0.00844474|0.00115664|0.0151024|0.0230682|0.0409649|0.0488958|0.0388066|0.0130093,0.973537|0.954869|0.910795|0.903245|0.960936|0.920308|0.927525|0.913872|0.965406|0.985376|0.981638|0.9108|0.969899|0.98883,4.63983|5.26639|1.89272|4.68449|0.765875|2.50002|1.22009|0.640024|0.0104102|4.5695|2.91399|6.27947|3.94615|4.04415,79.8117|66.6304|11.0615|97.0433|77.6192|12.2677|75.3264|81.3721|46.2248|67.4197|70.8805|91.8261|10.4661,0.246796|0.179788|0.214255|0.211509|0.243521|0.248162|0.191357|0.184589|0.183493|0.171162|0.189485|0.228404|0.216931,0.338018|0.275394|0.692153|0.758395|0.14346|0.812759|0.567841|0.272111|0.657987|0.40751|0.757042|0.133861|0.516407,0.869523,0.801463,0.117836,0.0993652,0.460468,0.534015,0.0732846,0.487967,0.198257,0.921169,51.6436,5.43263e-12,47756,0.887486,41.1981,1.06086e-12,38445,0.895553,0.876428,0.0878307,0.631141,0.996144,0.511517,0.22039,0.459803,0.228135,0.891603,87.9902,7.64954e-10,30733,0.967162,70.4477,9.04596e-11,52512
24,313,n1->n13->n12->n14->n96->n97->n99->n98->n57->n55->n54->n53->n52->n51,5.37021e+09|6.60497e+13|9.70597e+10|3.70261e+10|2.51165e+12|2.90604e+09|1.57108e+10|1.8266e+13|4.14288e+09|8.84081e+12|2.80961e+11|4.60474e+10|1.02428e+10|7.46708e+11,8.19724e+08|8.87204e+12|2.76143e+10|1.44234e+10|5.36324e+11|5.04144e+08|4.21389e+09|5.99087e+12|2.05006e+09|4.69454e+12|2.23178e+11|3.18273e+10|2.07235e+09|5.06847e+11,0.000494453|0.000787814|0.000201974|3.25754e-05|1.2987e-05|8.81202e-05|0.00089026|0.000410965|0.000173612|4.06274e-05|1.47667e-05|2.00633e-05|0.00011644|0.000185382,0.000316017|0.00788063|0.0016732|0.000181646|0.000286765|0.00494291|0.000350126|0.000548485|0.00271581|0.000128431|0.00549128|0.000509085|0.00580301|0.00344885,0.0109342|0.0476737|0.0313381|0.0426128|0.0377902|0.0381696|0.0362414|0.0295222|0.0328142|0.00843704|0.0334079|5.21659e-05|0.0398377|0.0365406,0.000178506|0.00335145|0.0470205|0.049061|0.0195364|0.00800322|0.0472365|0.0297366|0.0437642|0.0314938|0.00844474|0.00115664|0.0151024|0.0130093,0.973537|0.954869|0.937315|0.906626|0.951762|0.90679|0.953794|0.959539|0.983348|0.908585|0.927525|0.913872|0.965406|0.98883,4.63983|5.26639|3.07758|0.762282|0.85792|1.41691|3.07459|2.95405|1.93323|3.37071|1.22009|0.640024|0.0104102|4.04415,79.8117|56.34|51.9585|54.7186|37.9513|94.4507|58.4557|98.2355|61.5999|27.8669|75.3264|81.3721|83.3731,0.246796|0.206669|0.222459|0.208433|0.246589|0.168303|0.227784|0.190047|0.220389|0.169326|0.191357|0.184589|0.197114,0.338018|0.285239|0.326911|0.448351|0.157157|0.263233|0.686264|0.757428|0.549818|0.414082|0.567841|0.272111|0.942894,0.869523,0.801463,0.117836,0.0993652,0.460468,0.534015,0.0732846,0.487967,0.198257,0.921169,51.6436,5.43263e-12,47756,0.887486,41.1981,1.06086e-12,38445,0.895553,0.876428,0.0878307,0.631141,0.996144,0.511517,0.22039,0.459803,0.228135,0.891603,87.9902,7.64954e-10,30733,0.967162,70.4477,9.04596e-11,52512
24,314,n1->n99->n98->n57->n55->n54->n73->n72->n70->n69->n28->n29->n50->n51,5.37021e+09|1.57108e+10|1.8266e+13|4.14288e+09|8.84081e+12|2.80961e+11|1.41706e+11|6.83442e+09|6.87309e+13|8.81277e+09|1.34247e+11|3.6336e+13|2.36425e+09|7.46708e+11,8.19724e+08|4.21389e+09|5.99087e+12|2.05006e+09|4.69454e+12|2.23178e+11|5.76853e+10|1.48353e+09|9.78332e+12|7.57626e+09|1.51805e+10|1.77292e+13|4.07889e+08|5.06847e+11,0.000494453|0.00089026|0.000410965|0.000173612|4.06274e-05|1.47667e-05|6.32916e-05|0.000159499|5.13815e-05|0.000268039|0.00056516|0.000125062|1.54283e-05|0.000185382,0.000316017|0.000350126|0.000548485|0.00271581|0.000128431|0.00549128|0.000807753|0.00384342|0.00295865|0.00367819|0.0093172|0.00231296|0.00907722|0.00344885,0.0109342|0.0362414|0.0295222|0.0328142|0.00843704|0.0334079|0.0455502|0.0479977|0.0286141|0.022957|0.0317261|0.0255931|0.00638914|0.0365406,0.000178506|0.0472365|0.0297366|0.0437642|0.0314938|0.00844474|0.028193|0.0299903|0.0216638|0.0100342|0.03841|0.00291922|0.0483596|0.0130093,0.973537|0.953794|0.959539|0.983348|0.908585|0.927525|0.909539|0.96924|0.966653|0.975915|0.948072|0.962742|0.910708|0.98883,4.63983|3.07459|2.95405|1.93323|3.37071|1.22009|3.29092|3.90463|4.60778|2.99986|1.48687|0.0327787|5.41755|4.04415,66.2586|58.4557|98.2355|61.5999|27.8669|26.1465|29.1617|97.4405|74.5377|97.1045|18.7034|37.0378|82.9474,0.180129|0.227784|0.190047|0.220389|0.169326|0.196311|0.178937|0.180102|0.172691|0.207556|0.249902|0.191256|0.24308,0.323551|0.686264|0.757428|0.549818|0.414082|0.754315|0.920295|0.79408|0.416585|0.438091|0.259002|0.182586|0.624607,0.869523,0.801463,0.117836,0.0993652,0.460468,0.534015,0.0732846,0.487967,0.198257,0.921169,51.6436,5.43263e-12,47756,0.887486,41.1981,1.06086e-12,38445,0.895553,0.876428,0.0878307,0.631141,0.996144,0.511517,0.22039,0.459803,0.228135,0.891603,87.9902,7.64954e-10,30733,0.967162,70.4477,9.04596e-11,52512
24,315,n1->n20->n96->n14->n12->n6->n33->n24->n23->n83->n85->n65->n52->n51,5.37021e+09|4.0293e+11|2.51165e+12|3.70261e+10|9.70597e+10|1.14208e+09|3.64323e+13|1.59557e+13|4.63033e+10|3.76373e+13|2.02447e+09|1.12599e+09|1.02428e+10|7.46708e+11,8.19724e+08|1.89646e+11|5.36324e+11|1.44234e+10|2.76143e+10|2.20459e+08|6.32377e+12|4.06569e+12|3.30225e+10|2.34723e+13|2.41326e+08|3.2906e+08|2.07235e+09|5.06847e+11,0.000494453|5.21063e-05|1.2987e-05|3.25754e-05|0.000201974|1.08483e-05|1.50316e-05|0.000193265|0.000277161|1.86087e-05|2.04325e-05|1.96575e-05|0.00011644|0.000185382,0.000316017|0.000368678|0.000286765|0.000181646|0.0016732|0.00010157|0.00213059|0.0012727|0.00418014|0.000175452|0.000338175|0.000428116|0.00580301|0.00344885,0.0109342|0.0108696|0.0377902|0.0426128|0.0313381|0.00160082|0.00968695|0.0433038|0.00314906|0.015405|0.0354515|0.00118659|0.0398377|0.0365406,0.000178506|0.0181411|0.0195364|0.049061|0.0470205|0.0260762|0.0280967|0.00780618|0.0470385|0.038157|0.0266209|0.00176737|0.0151024|0.0130093,0.973537|0.923215|0.951762|0.906626|0.937315|0.908628|0.923653|0.90929|0.92176|0.947801|0.940474|0.967717|0.965406|0.98883,4.63983|4.79469|0.85792|0.762282|3.07758|5.01633|1.04264|3.9732|2.08786|4.11052|4.91715|4.1126|0.0104102|4.04415,90.7492|58.7029|54.7186|51.9585|32.9383|50.0569|98.0873|44.8869|23.518|92.2019|82.5435|56.1703|83.3731,0.215706|0.201188|0.208433|0.222459|0.230728|0.19306|0.239791|0.161116|0.181099|0.231254|0.20461|0.247907|0.197114,0.53635|0.666395|0.448351|0.326911|0.628307|0.116472|0.939209|0.528582|0.741177|0.604504|0.519435|0.827328|0.942894,0.869523,0.801463,0.117836,0.0993652,0.460468,0.534015,0.0732846,0.487967,0.198257,0.921169,51.6436,5.43263e-12,47756,0.887486,41.1981,1.06086e-12,38445,0.895553,0.876428,0.0878307,0.631141,0.996144,0.511517,0.22039,0.459803,0.228135,0.891603,87.9902,7.64954e-10,30733,0.967162,70.4477,9.04596e-11,52512
24,316,n1->n99->n97->n96->n94->n93->n77->n72->n71->n73->n10->n63->n61->n51,5.37021e+09|1.57108e+10|2.90604e+09|2.51165e+12|1.36531e+10|4.22601e+13|5.68112e+11|6.83442e+09|7.70008e+11|1.41706e+11|2.49624e+09|6.55204e+12|6.44979e+11|7.46708e+11,8.19724e+08|4.21389e+09|5.04144e+08|5.36324e+11|1.67171e+09|1.3774e+13|3.56307e+11|1.48353e+09|1.60546e+11|5.76853e+10|7.32581e+08|2.63574e+12|1.30372e+11|5.06847e+11,0.000494453|0.00089026|8.81202e-05|1.2987e-05|2.95455e-05|8.45967e-05|8.49487e-05|0.000159499|0.00017279|6.32916e-05|6.27016e-05|0.000116235|3.71253e-05|0.000185382,0.000316017|0.000350126|0.00494291|0.000286765|0.000125263|0.000162335|0.000906866|0.00384342|0.00123164|0.000807753|0.00113469|0.00126856|0.00313588|0.00344885,0.0109342|0.0362414|0.0381696|0.0377902|0.00830448|0.0108045|0.04851|0.0479977|0.0398828|0.0455502|0.00597815|0.0100727|0.0266048|0.0365406,0.000178506|0.0472365|0.00800322|0.0195364|0.0293842|0.0326183|0.0115254|0.0299903|0.0326729|0.028193|0.0245713|0.0107197|0.0179693|0.0130093,0.973537|0.953794|0.90679|0.951762|0.927471|0.912097|0.949999|0.96924|0.947193|0.909539|0.962416|0.903245|0.958619|0.98883,4.63983|3.07459|1.41691|0.85792|5.03384|5.92115|0.722366|3.90463|0.117525|3.29092|1.97158|4.68449|2.63855|4.04415,66.2586|94.4507|37.9513|71.0086|63.1349|51.9256|92.3918|45.8448|28.2621|29.3778|65.1286|47.0482|66.5616,0.180129|0.168303|0.246589|0.230021|0.209804|0.247077|0.167022|0.218487|0.242769|0.202302|0.203746|0.167884|0.171721,0.323551|0.263233|0.157157|0.131268|0.17375|0.469529|0.776051|0.29317|0.940077|0.747283|0.514129|0.410418|0.235817,0.869523,0.801463,0.117836,0.0993652,0.460468,0.534015,0.0732846,0.487967,0.198257,0.921169,51.6436,5.43263e-12,47756,0.887486,41.1981,1.06086e-12,38445,0.895553,0.876428,0.0878307,0.631141,0.996144,0.511517,0.22039,0.459803,0.228135,0.891603,87.9902,7.64954e-10,30733,0.967162,70.4477,9.04596e-11,52512
24,317,n1->n13->n14->n75->n74->n22->n21->n20->n89->n48->n46->n62->n61->n51,5.37021e+09|6.60497e+13|3.70261e+10|8.71921e+10|5.8385e+13|1.47e+10|1.56161e+12|4.0293e+11|2.68119e+11|3.98001e+12|5.53417e+12|2.37342e+11|6.44979e+11|7.46708e+11,8.19724e+08|8.87204e+12|1.44234e+10|5.29113e+10|7.35096e+12|9.51029e+09|3.02345e+11|1.89646e+11|9.23423e+10|1.69514e+12|1.63629e+12|1.13053e+11|1.30372e+11|5.06847e+11,0.000494453|0.000787814|3.25754e-05|0.000766915|0.000875739|1.77434e-05|0.00096308|5.21063e-05|3.55201e-05|4.78153e-05|0.000489732|8.24006e-05|3.71253e-05|0.000185382,0.000316017|0.00788063|0.000181646|0.000203965|0.00944671|0.0006856|0.00195589|0.000368678|0.000111435|0.00544009|0.000159088|0.00794111|0.00313588|0.00344885,0.0109342|0.0476737|0.0426128|0.0243876|0.0280357|0.0408661|0.00712365|0.0108696|0.0107812|0.0455031|0.029055|0.0242596|0.0266048|0.0365406,0.000178506|0.00335145|0.049061|0.0250863|0.0166219|0.040072|0.0414669|0.0181411|0.0401575|0.0360942|0.0302566|0.0480911|0.0179693|0.0130093,0.973537|0.954869|0.906626|0.936129|0.90082|0.95984|0.971602|0.923215|0.926416|0.967439|0.923372|0.98053|0.958619|0.98883,4.63983|5.26639|0.762282|3.39264|0.0974208|0.048646|3.14177|4.79469|0.0868458|3.09858|0.31178|5.59786|2.63855|4.04415,79.8117|92.5451|56.2706|64.3401|63.8366|55.6995|76.7594|18.2346|94.0077|41.9872|56.7189|89.0369|66.5616,0.246796|0.191459|0.226178|0.220369|0.241428|0.206062|0.218425|0.231355|0.234363|0.178665|0.167864|0.198053|0.171721,0.338018|0.161307|0.725021|0.119032|0.480684|0.677391|0.515127|0.595303|0.948873|0.182289|0.624525|0.704733|0.235817,0.869523,0.801463,0.117836,0.0993652,0.460468,0.534015,0.0732846,0.487967,0.198257,0.921169,51.6436,5.43263e-12,47756,0.887486,41.1981,1.06086e-12,38445,0.895553,0.876428,0.0878307,0.631141,0.996144,0.511517,0.22039,0.459803,0.228135,0.891603,87.9902,7.64954e-10,30733,0.967162,70.4477,9.04596e-11,52512
24,318,n1->n99->n97->n96->n94->n92->n91->n93->n95->n89->n48->n47->n49->n51,5.37021e+09|1.57108e+10|2.90604e+09|2.51165e+12|1.36531e+10|1.97334e+09|2.84652e+12|4.22601e+13|1.05601e+11|2.68119e+11|3.98001e+12|4.74236e+11|2.45005e+09|7.46708e+11,8.19724e+08|4.21389e+09|5.04144e+08|5.36324e+11|1.67171e+09|1.46451e+09|3.57264e+11|1.3774e+13|5.46554e+10|9.23423e+10|1.69514e+12|1.54765e+11|2.44458e+09|5.06847e+11,0.000494453|0.00089026|8.81202e-05|1.2987e-05|2.95455e-05|2.75832e-05|6.93267e-05|8.45967e-05|0.000260968|3.55201e-05|4.78153e-05|0.000202873|1.07426e-05|0.000185382,0.000316017|0.000350126|0.00494291|0.000286765|0.000125263|0.0052688|0.00599677|0.000162335|0.000186877|0.000111435|0.00544009|0.000266598|0.000979027|0.00344885,0.0109342|0.0362414|0.0381696|0.0377902|0.00830448|0.0444618|0.008036|0.0108045|0.00282907|0.0107812|0.0455031|0.00898217|0.0183567|0.0365406,0.000178506|0.0472365|0.00800322|0.0195364|0.0293842|0.0387741|0.015498|0.0326183|0.0420997|0.0401575|0.0360942|0.0488958|0.0388066|0.0130093,0.973537|0.953794|0.90679|0.951762|0.927471|0.987763|0.964407|0.912097|0.966581|0.926416|0.967439|0.9108|0.969899|0.98883,4.63983|3.07459|1.41691|0.85792|5.03384|6.03913|5.6679|5.92115|1.09944|0.0868458|3.09858|6.27947|3.94615|4.04415,66.2586|94.4507|37.9513|71.0086|13.5087|32.3713|26.8753|24.941|11.8194|94.0077|78.8723|91.8261|10.4661,0.180129|0.168303|0.246589|0.230021|0.230182|0.161013|0.203549|0.237661|0.168449|0.234363|0.239998|0.228404|0.216931,0.323551|0.263233|0.157157|0.131268|0.731663|0.940947|0.21516|0.985064|0.776387|0.948873|0.300482|0.133861|0.516407,0.869523,0.801463,0.117836,0.0993652,0.460468,0.534015,0.0732846,0.487967,0.198257,0.921169,51.6436,5.43263e-12,47756,0.887486,41.1981,1.06086e-12,38445,0.895553,0.876428,0.0878307,0.631141,0.996144,0.511517,0.22039,0.459803,0.228135,0.891603,87.9902,7.64954e-10,30733,0.967162,70.4477,9.04596e-11,52512
24,319,n1->n13->n12->n6->n33->n32->n66->n68->n19->n18->n20->n96->n94->n51,5.37021e+09|6.60497e+13|9.70597e+10|1.14208e+09|3.64323e+13|1.78367e+12|1.10072e+10|1.31753e+09|2.47533e+11|7.59179e+12|4.0293e+11|2.51165e+12|1.36531e+10|7.46708e+11,8.19724e+08|8.87204e+12|2.76143e+10|2.20459e+08|6.32377e+12|1.05491e+12|8.7665e+09|3.10679e+08|2.33399e+11|4.11836e+12|1.89646e+11|5.36324e+11|1.67171e+09|5.06847e+11,0.000494453|0.000787814|0.000201974|1.08483e-05|1.50316e-05|0.000179959|0.000237659|0.000223952|0.000261527|2.98936e-05|5.21063e-05|1.2987e-05|2.95455e-05|0.000185382,0.000316017|0.00788063|0.0016732|0.00010157|0.00213059|0.00292552|0.000470269|0.00843573|0.000768065|0.000681499|0.000368678|0.000286765|0.000125263|0.00344885,0.0109342|0.0476737|0.0313381|0.00160082|0.00968695|0.00778345|0.0203827|0.0370095|0.0201979|0.0192976|0.0108696|0.0377902|0.00830448|0.0365406,0.000178506|0.00335145|0.0470205|0.0260762|0.0280967|0.0161829|0.0146278|0.00589983|0.0291803|0.0120519|0.0181411|0.0195364|0.0293842|0.0130093,0.973537|0.954869|0.937315|0.908628|0.923653|0.953313|0.978907|0.984554|0.941018|0.946711|0.923215|0.951762|0.927471|0.98883,4.63983|5.26639|3.07758|5.01633|1.04264|0.10397|3.10364|5.26958|1.39448|4.38273|4.79469|0.85792|5.03384|4.04415,79.8117|56.34|32.9383|50.0569|61.2747|27.3217|70.8824|67.5745|34.0839|89.2299|58.7029|71.0086|11.2844,0.246796|0.206669|0.230728|0.19306|0.208144|0.199785|0.16183|0.2055|0.248409|0.247215|0.201188|0.230021|0.200895,0.338018|0.285239|0.628307|0.116472|0.704271|0.769012|0.215539|0.968257|0.983209|0.652252|0.666395|0.131268|0.836539,0.869523,0.801463,0.117836,0.0993652,0.460468,0.534015,0.0732846,0.487967,0.198257,0.921169,51.6436,5.43263e-12,47756,0.887486,41.1981,1.06086e-12,38445,0.895553,0.876428,0.0878307,0.631141,0.996144,0.511517,0.22039,0.459803,0.228135,0.891603,87.9902,7.64954e-10,30733,0.967162,70.4477,9.04596e-11,52512
24,320,n1->n99->n77->n23->n24->n26->n47->n48->n89->n88->n90->n59->n50->n51,5.37021e+09|1.57108e+10|5.68112e+11|4.63033e+10|1.59557e+13|7.09351e+09|4.74236e+11|3.98001e+12|2.68119e+11|9.00567e+12|1.33273e+11|3.04563e+11|2.36425e+09|7.46708e+11,8.19724e+08|4.21389e+09|3.56307e+11|3.30225e+10|4.06569e+12|1.31666e+09|1.54765e+11|1.69514e+12|9.23423e+10|8.66002e+12|6.41526e+10|3.06423e+10|4.07889e+08|5.06847e+11,0.000494453|0.00089026|8.49487e-05|0.000277161|0.000193265|3.77967e-05|0.000202873|4.78153e-05|3.55201e-05|6.2721e-05|0.000319756|2.43107e-05|1.54283e-05|0.000185382,0.000316017|0.000350126|0.000906866|0.00418014|0.0012727|0.00522178|0.000266598|0.00544009|0.000111435|0.000480267|0.000672662|0.000202742|0.00907722|0.00344885,0.0109342|0.0362414|0.04851|0.00314906|0.0433038|0.0101688|0.00898217|0.0455031|0.0107812|0.00850464|0.0285929|0.00304046|0.00638914|0.0365406,0.000178506|0.0472365|0.0115254|0.0470385|0.00780618|0.0409649|0.0488958|0.0360942|0.0401575|0.0237676|0.0372754|0.0474075|0.0483596|0.0130093,0.973537|0.953794|0.949999|0.92176|0.90929|0.981638|0.9108|0.967439|0.926416|0.962132|0.984478|0.99171|0.910708|0.98883,4.63983|3.07459|0.722366|2.08786|3.9732|2.91399|6.27947|3.09858|0.0868458|1.9653|4.02061|5.60303|5.41755|4.04415,66.2586|96.5216|39.0733|44.8869|83.4704|70.8805|78.8723|94.0077|92.4072|14.1987|62.2588|47.7013|82.9474,0.180129|0.241387|0.178948|0.161116|0.216464|0.189485|0.239998|0.234363|0.203687|0.244274|0.169222|0.170229|0.24308,0.323551|0.664018|0.23533|0.528582|0.583168|0.757042|0.300482|0.948873|0.876618|0.997795|0.361153|0.776444|0.624607,0.869523,0.801463,0.117836,0.0993652,0.460468,0.534015,0.0732846,0.487967,0.198257,0.921169,51.6436,5.43263e-12,47756,0.887486,41.1981,1.06086e-12,38445,0.895553,0.876428,0.0878307,0.631141,0.996144,0.511517,0.22039,0.459803,0.228135,0.891603,87.9902,7.64954e-10,30733,0.967162,70.4477,9.04596e-11,52512
24,321,n1->n20->n18->n17->n68->n66->n32->n33->n6->n12->n14->n96->n94->n51,5.37021e+09|4.0293e+11|7.59179e+12|1.51096e+11|1.31753e+09|1.10072e+10|1.78367e+12|3.64323e+13|1.14208e+09|9.70597e+10|3.70261e+10|2.51165e+12|1.36531e+10|7.46708e+11,8.19724e+08|1.89646e+11|4.11836e+12|1.57582e+10|3.10679e+08|8.7665e+09|1.05491e+12|6.32377e+12|2.20459e+08|2.76143e+10|1.44234e+10|5.36324e+11|1.67171e+09|5.06847e+11,0.000494453|5.21063e-05|2.98936e-05|0.000261059|0.000223952|0.000237659|0.000179959|1.50316e-05|1.08483e-05|0.000201974|3.25754e-05|1.2987e-05|2.95455e-05|0.000185382,0.000316017|0.000368678|0.000681499|0.000513001|0.00843573|0.000470269|0.00292552|0.00213059|0.00010157|0.0016732|0.000181646|0.000286765|0.000125263|0.00344885,0.0109342|0.0108696|0.0192976|0.0430027|0.0370095|0.0203827|0.00778345|0.00968695|0.00160082|0.0313381|0.0426128|0.0377902|0.00830448|0.0365406,0.000178506|0.0181411|0.0120519|0.00442808|0.00589983|0.0146278|0.0161829|0.0280967|0.0260762|0.0470205|0.049061|0.0195364|0.0293842|0.0130093,0.973537|0.923215|0.946711|0.974312|0.984554|0.978907|0.953313|0.923653|0.908628|0.937315|0.906626|0.951762|0.927471|0.98883,4.63983|4.79469|4.38273|5.11322|5.26958|3.10364|0.10397|1.04264|5.01633|3.07758|0.762282|0.85792|5.03384|4.04415,90.7492|89.2299|43.2583|23.9015|70.8824|27.3217|61.2747|50.0569|32.9383|51.9585|54.7186|71.0086|11.2844,0.215706|0.247215|0.218822|0.236806|0.16183|0.199785|0.208144|0.19306|0.230728|0.222459|0.208433|0.230021|0.200895,0.53635|0.652252|0.981182|0.2818|0.215539|0.769012|0.704271|0.116472|0.628307|0.326911|0.448351|0.131268|0.836539,0.869523,0.801463,0.117836,0.0993652,0.460468,0.534015,0.0732846,0.487967,0.198257,0.921169,51.6436,5.43263e-12,47756,0.887486,41.1981,1.06086e-12,38445,0.895553,0.876428,0.0878307,0.631141,0.996144,0.511517,0.22039,0.459803,0.228135,0.891603,87.9902,7.64954e-10,30733,0.967162,70.4477,9.04596e-11,52512
24,322,n1->n20->n21->n23->n24->n33->n6->n12->n13->n15->n29->n27->n52->n51,5.37021e+09|4.0293e+11|1.56161e+12|4.63033e+10|1.59557e+13|3.64323e+13|1.14208e+09|9.70597e+10|6.60497e+13|8.77071e+11|3.6336e+13|4.19351e+12|1.02428e+10|7.46708e+11,8.19724e+08|1.89646e+11|3.02345e+11|3.30225e+10|4.06569e+12|6.32377e+12|2.20459e+08|2.76143e+10|8.87204e+12|1.06991e+11|1.77292e+13|8.73344e+11|2.07235e+09|5.06847e+11,0.000494453|5.21063e-05|0.00096308|0.000277161|0.000193265|1.50316e-05|1.08483e-05|0.000201974|0.000787814|0.000182949|0.000125062|1.08528e-05|0.00011644|0.000185382,0.000316017|0.000368678|0.00195589|0.00418014|0.0012727|0.00213059|0.00010157|0.0016732|0.00788063|0.00274771|0.00231296|0.00262605|0.00580301|0.00344885,0.0109342|0.0108696|0.00712365|0.00314906|0.0433038|0.00968695|0.00160082|0.0313381|0.0476737|0.0207315|0.0255931|0.0303206|0.0398377|0.0365406,0.000178506|0.0181411|0.0414669|0.0470385|0.00780618|0.0280967|0.0260762|0.0470205|0.00335145|0.0378122|0.00291922|0.0230682|0.0151024|0.0130093,0.973537|0.923215|0.971602|0.92176|0.90929|0.923653|0.908628|0.937315|0.954869|0.910795|0.962742|0.985376|0.965406|0.98883,4.63983|4.79469|3.14177|2.08786|3.9732|1.04264|5.01633|3.07758|5.26639|1.89272|0.0327787|4.5695|0.0104102|4.04415,90.7492|76.7594|88.4205|44.8869|98.0873|50.0569|32.9383|56.34|66.6304|32.2763|49.6282|46.2248|83.3731,0.215706|0.218425|0.232237|0.161116|0.239791|0.19306|0.230728|0.206669|0.179788|0.240047|0.180772|0.183493|0.197114,0.53635|0.515127|0.516177|0.528582|0.939209|0.116472|0.628307|0.285239|0.275394|0.895675|0.511755|0.657987|0.942894,0.869523,0.801463,0.117836,0.0993652,0.460468,0.534015,0.0732846,0.487967,0.198257,0.921169,51.6436,5.43263e-12,47756,0.887486,41.1981,1.06086e-12,38445,0.895553,0.876428,0.0878307,0.631141,0.996144,0.511517,0.22039,0.459803,0.228135,0.891603,87.9902,7.64954e-10,30733,0.967162,70.4477,9.04596e-11,52512
24,323,n1->n13->n15->n29->n30->n76->n75->n71->n72->n73->n54->n53->n52->n51,5.37021e+09|6.60497e+13|8.77071e+11|3.6336e+13|1.26395e+10|4.21804e+13|8.71921e+10|7.70008e+11|6.83442e+09|1.41706e+11|2.80961e+11|4.60474e+10|1.02428e+10|7.46708e+11,8.19724e+08|8.87204e+12|1.06991e+11|1.77292e+13|1.81012e+09|1.15782e+13|5.29113e+10|1.60546e+11|1.48353e+09|5.76853e+10|2.23178e+11|3.18273e+10|2.07235e+09|5.06847e+11,0.000494453|0.000787814|0.000182949|0.000125062|4.789e-05|1.88608e-05|0.000766915|0.00017279|0.000159499|6.32916e-05|1.47667e-05|2.00633e-05|0.00011644|0.000185382,0.000316017|0.00788063|0.00274771|0.00231296|0.00655588|0.00214239|0.000203965|0.00123164|0.00384342|0.000807753|0.00549128|0.000509085|0.00580301|0.00344885,0.0109342|0.0476737|0.0207315|0.0255931|0.00398508|0.00156873|0.0243876|0.0398828|0.0479977|0.0455502|0.0334079|5.21659e-05|0.0398377|0.0365406,0.000178506|0.00335145|0.0378122|0.00291922|0.0178703|0.0470058|0.0250863|0.0326729|0.0299903|0.028193|0.00844474|0.00115664|0.0151024|0.0130093,0.973537|0.954869|0.910795|0.962742|0.972158|0.989289|0.936129|0.947193|0.96924|0.909539|0.927525|0.913872|0.965406|0.98883,4.63983|5.26639|1.89272|0.0327787|5.42296|0.578949|3.39264|0.117525|3.90463|3.29092|1.22009|0.640024|0.0104102|4.04415,79.8117|66.6304|32.2763|29.3504|21.8454|63.5216|14.5634|45.8448|29.1617|26.1465|75.3264|81.3721|83.3731,0.246796|0.179788|0.240047|0.179657|0.220509|0.207806|0.169453|0.218487|0.178937|0.196311|0.191357|0.184589|0.197114,0.338018|0.275394|0.895675|0.887943|0.936019|0.844544|0.275247|0.29317|0.920295|0.754315|0.567841|0.272111|0.942894,0.869523,0.801463,0.117836,0.0993652,0.460468,0.534015,0.0732846,0.487967,0.198257,0.921169,51.6436,5.43263e-12,47756,0.887486,41.1981,1.06086e-12,38445,0.895553,0.876428,0.0878307,0.631141,0.996144,0.511517,0.22039,0.459803,0.228135,0.891603,87.9902,7.64954e-10,30733,0.967162,70.4477,9.04596e-11,52512
24,324,n1->n20->n96->n94->n92->n91->n93->n64->n36->n34->n15->n63->n61->n51,5.37021e+09|4.0293e+11|2.51165e+12|1.36531e+10|1.97334e+09|2.84652e+12|4.22601e+13|4.21034e+09|7.73972e+11|4.7313e+12|8.77071e+11|6.55204e+12|6.44979e+11|7.46708e+11,8.19724e+08|1.89646e+11|5.36324e+11|1.67171e+09|1.46451e+09|3.57264e+11|1.3774e+13|1.60867e+09|7.77593e+10|1.15705e+12|1.06991e+11|2.63574e+12|1.30372e+11|5.06847e+11,0.000494453|5.21063e-05|1.2987e-05|2.95455e-05|2.75832e-05|6.93267e-05|8.45967e-05|1.88732e-05|0.000426407|0.000140889|0.000182949|0.000116235|3.71253e-05|0.000185382,0.000316017|0.000368678|0.000286765|0.000125263|0.0052688|0.00599677|0.000162335|0.000135861|0.00396778|0.000270551|0.00274771|0.00126856|0.00313588|0.00344885,0.0109342|0.0108696|0.0377902|0.00830448|0.0444618|0.008036|0.0108045|0.0266797|0.00497013|0.0276207|0.0207315|0.0100727|0.0266048|0.0365406,0.000178506|0.0181411|0.0195364|0.0293842|0.0387741|0.015498|0.0326183|0.0436548|0.0341912|0.0210615|0.0378122|0.0107197|0.0179693|0.0130093,0.973537|0.923215|0.951762|0.927471|0.987763|0.964407|0.912097|0.933821|0.94998|0.904866|0.910795|0.903245|0.958619|0.98883,4.63983|4.79469|0.85792|5.03384|6.03913|5.6679|5.92115|5.77568|3.70656|4.56594|1.89272|4.68449|2.63855|4.04415,90.7492|58.7029|71.0086|13.5087|32.3713|26.8753|32.5899|43.8659|89.5651|27.3162|11.0615|47.0482|66.5616,0.215706|0.201188|0.230021|0.230182|0.161013|0.203549|0.178102|0.241695|0.241996|0.231681|0.214255|0.167884|0.171721,0.53635|0.666395|0.131268|0.731663|0.940947|0.21516|0.548301|0.590576|0.265381|0.750497|0.692153|0.410418|0.235817,0.869523,0.801463,0.117836,0.0993652,0.460468,0.534015,0.0732846,0.487967,0.198257,0.921169,51.6436,5.43263e-12,47756,0.887486,41.1981,1.06086e-12,38445,0.895553,0.876428,0.0878307,0.631141,0.996144,0.511517,0.22039,0.459803,0.228135,0.891603,87.9902,7.64954e-10,30733,0.967162,70.4477,9.04596e-11,52512
24,325,n1->n99->n97->n27->n29->n31->n33->n6->n12->n13->n14->n96->n94->n51,5.37021e+09|1.57108e+10|2.90604e+09|4.19351e+12|3.6336e+13|4.79342e+12|3.64323e+13|1.14208e+09|9.70597e+10|6.60497e+13|3.70261e+10|2.51165e+12|1.36531e+10|7.46708e+11,8.19724e+08|4.21389e+09|5.04144e+08|8.73344e+11|1.77292e+13|4.42443e+12|6.32377e+12|2.20459e+08|2.76143e+10|8.87204e+12|1.44234e+10|5.36324e+11|1.67171e+09|5.06847e+11,0.000494453|0.00089026|8.81202e-05|1.08528e-05|0.000125062|0.00024651|1.50316e-05|1.08483e-05|0.000201974|0.000787814|3.25754e-05|1.2987e-05|2.95455e-05|0.000185382,0.000316017|0.000350126|0.00494291|0.00262605|0.00231296|0.00308746|0.00213059|0.00010157|0.0016732|0.00788063|0.000181646|0.000286765|0.000125263|0.00344885,0.0109342|0.0362414|0.0381696|0.0303206|0.0255931|0.0211034|0.00968695|0.00160082|0.0313381|0.0476737|0.0426128|0.0377902|0.00830448|0.0365406,0.000178506|0.0472365|0.00800322|0.0230682|0.00291922|0.0151027|0.0280967|0.0260762|0.0470205|0.00335145|0.049061|0.0195364|0.0293842|0.0130093,0.973537|0.953794|0.90679|0.985376|0.962742|0.943878|0.923653|0.908628|0.937315|0.954869|0.906626|0.951762|0.927471|0.98883,4.63983|3.07459|1.41691|4.5695|0.0327787|4.82496|1.04264|5.01633|3.07758|5.26639|0.762282|0.85792|5.03384|4.04415,66.2586|94.4507|31.5608|49.6282|70.4589|95.0453|50.0569|32.9383|56.34|92.5451|54.7186|71.0086|11.2844,0.180129|0.168303|0.219936|0.180772|0.246199|0.234751|0.19306|0.230728|0.206669|0.191459|0.208433|0.230021|0.200895,0.323551|0.263233|0.557853|0.511755|0.415176|0.258586|0.116472|0.628307|0.285239|0.161307|0.448351|0.131268|0.836539,0.869523,0.801463,0.117836,0.0993652,0.460468,0.534015,0.0732846,0.487967,0.198257,0.921169,51.6436,5.43263e-12,47756,0.887486,41.1981,1.06086e-12,38445,0.895553,0.876428,0.0878307,0.631141,0.996144,0.511517,0.22039,0.459803,0.228135,0.891603,87.9902,7.64954e-10,30733,0.967162,70.4477,9.04596e-11,52512
24,326,n1->n13->n11->n9->n10->n73->n71->n72->n70->n18->n20->n96->n94->n51,5.37021e+09|6.60497e+13|1.78735e+12|1.49139e+12|2.49624e+09|1.41706e+11|7.70008e+11|6.83442e+09|6.87309e+13|7.59179e+12|4.0293e+11|2.51165e+12|1.36531e+10|7.46708e+11,8.19724e+08|8.87204e+12|3.29521e+11|3.79906e+11|7.32581e+08|5.76853e+10|1.60546e+11|1.48353e+09|9.78332e+12|4.11836e+12|1.89646e+11|5.36324e+11|1.67171e+09|5.06847e+11,0.000494453|0.000787814|5.47786e-05|1.80008e-05|6.27016e-05|6.32916e-05|0.00017279|0.000159499|5.13815e-05|2.98936e-05|5.21063e-05|1.2987e-05|2.95455e-05|0.000185382,0.000316017|0.00788063|0.00652494|0.00065196|0.00113469|0.000807753|0.00123164|0.00384342|0.00295865|0.000681499|0.000368678|0.000286765|0.000125263|0.00344885,0.0109342|0.0476737|0.00125292|0.0140743|0.00597815|0.0455502|0.0398828|0.0479977|0.0286141|0.0192976|0.0108696|0.0377902|0.00830448|0.0365406,0.000178506|0.00335145|0.0136412|0.033904|0.0245713|0.028193|0.0326729|0.0299903|0.0216638|0.0120519|0.0181411|0.0195364|0.0293842|0.0130093,0.973537|0.954869|0.988894|0.963574|0.962416|0.909539|0.947193|0.96924|0.966653|0.946711|0.923215|0.951762|0.927471|0.98883,4.63983|5.26639|0.923897|5.88966|1.97158|3.29092|0.117525|3.90463|4.60778|4.38273|4.79469|0.85792|5.03384|4.04415,79.8117|13.9548|99.0064|65.9961|29.3778|28.2621|45.8448|97.4405|55.8812|89.2299|58.7029|71.0086|11.2844,0.246796|0.189728|0.201409|0.193896|0.202302|0.242769|0.218487|0.180102|0.234874|0.247215|0.201188|0.230021|0.200895,0.338018|0.801183|0.439638|0.982181|0.747283|0.940077|0.29317|0.79408|0.16843|0.652252|0.666395|0.131268|0.836539,0.869523,0.801463,0.117836,0.0993652,0.460468,0.534015,0.0732846,0.487967,0.198257,0.921169,51.6436,5.43263e-12,47756,0.887486,41.1981,1.06086e-12,38445,0.895553,0.876428,0.0878307,0.631141,0.996144,0.511517,0.22039,0.459803,0.228135,0.891603,87.9902,7.64954e-10,30733,0.967162,70.4477,9.04596e-11,52512
24,327,n1->n99->n77->n93->n64->n62->n61->n63->n42->n40->n54->n53->n52->n51,5.37021e+09|1.57108e+10|5.68112e+11|4.22601e+13|4.21034e+09|2.37342e+11|6.44979e+11|6.55204e+12|2.42905e+09|3.58065e+10|2.80961e+11|4.60474e+10|1.02428e+10|7.46708e+11,8.19724e+08|4.21389e+09|3.56307e+11|1.3774e+13|1.60867e+09|1.13053e+11|1.30372e+11|2.63574e+12|2.47264e+08|4.14657e+09|2.23178e+11|3.18273e+10|2.07235e+09|5.06847e+11,0.000494453|0.00089026|8.49487e-05|8.45967e-05|1.88732e-05|8.24006e-05|3.71253e-05|0.000116235|8.79758e-05|6.01341e-05|1.47667e-05|2.00633e-05|0.00011644|0.000185382,0.000316017|0.000350126|0.000906866|0.000162335|0.000135861|0.00794111|0.00313588|0.00126856|0.000493531|0.00268841|0.00549128|0.000509085|0.00580301|0.00344885,0.0109342|0.0362414|0.04851|0.0108045|0.0266797|0.0242596|0.0266048|0.0100727|0.00783732|0.0249103|0.0334079|5.21659e-05|0.0398377|0.0365406,0.000178506|0.0472365|0.0115254|0.0326183|0.0436548|0.0480911|0.0179693|0.0107197|0.0327962|0.033399|0.00844474|0.00115664|0.0151024|0.0130093,0.973537|0.953794|0.949999|0.912097|0.933821|0.98053|0.958619|0.903245|0.960936|0.920308|0.927525|0.913872|0.965406|0.98883,4.63983|3.07459|0.722366|5.92115|5.77568|5.59786|2.63855|4.68449|0.765875|2.50002|1.22009|0.640024|0.0104102|4.04415,66.2586|96.5216|51.9256|32.5899|93.0484|89.0369|47.0482|97.0433|77.6192|12.2677|75.3264|81.3721|83.3731,0.180129|0.241387|0.247077|0.178102|0.176232|0.198053|0.167884|0.211509|0.243521|0.248162|0.191357|0.184589|0.197114,0.323551|0.664018|0.469529|0.548301|0.182879|0.704733|0.410418|0.758395|0.14346|0.812759|0.567841|0.272111|0.942894,0.869523,0.801463,0.117836,0.0993652,0.460468,0.534015,0.0732846,0.487967,0.198257,0.921169,51.6436,5.43263e-12,47756,0.887486,41.1981,1.06086e-12,38445,0.895553,0.876428,0.0878307,0.631141,0.996144,0.511517,0.22039,0.459803,0.228135,0.891603,87.9902,7.64954e-10,30733,0.967162,70.4477,9.04596e-11,52512
24,328,n1->n99->n77->n93->n64->n36->n38->n39->n41->n43->n45->n47->n49->n51,5.37021e+09|1.57108e+10|5.68112e+11|4.22601e+13|4.21034e+09|7.73972e+11|1.16426e+13|3.34792e+13|3.95737e+11|1.40931e+10|8.38488e+13|4.74236e+11|2.45005e+09|7.46708e+11,8.19724e+08|4.21389e+09|3.56307e+11|1.3774e+13|1.60867e+09|7.77593e+10|1.19258e+12|1.12013e+13|1.47899e+11|3.26577e+09|1.01787e+13|1.54765e+11|2.44458e+09|5.06847e+11,0.000494453|0.00089026|8.49487e-05|8.45967e-05|1.88732e-05|0.000426407|1.04425e-05|5.53896e-05|2.35935e-05|0.000955168|1.67225e-05|0.000202873|1.07426e-05|0.000185382,0.000316017|0.000350126|0.000906866|0.000162335|0.000135861|0.00396778|0.00950649|0.0025393|0.00412419|0.00344494|0.000742576|0.000266598|0.000979027|0.00344885,0.0109342|0.0362414|0.04851|0.0108045|0.0266797|0.00497013|0.0263713|0.00111942|0.00451081|0.0168583|0.00846218|0.00898217|0.0183567|0.0365406,0.000178506|0.0472365|0.0115254|0.0326183|0.0436548|0.0341912|0.00318517|0.0449458|0.00491436|0.0482719|0.0342415|0.0488958|0.0388066|0.0130093,0.973537|0.953794|0.949999|0.912097|0.933821|0.94998|0.902547|0.924329|0.923722|0.943219|0.934264|0.9108|0.969899|0.98883,4.63983|3.07459|0.722366|5.92115|5.77568|3.70656|5.09423|1.19952|4.11092|2.3897|5.31688|6.27947|3.94615|4.04415,66.2586|96.5216|51.9256|32.5899|43.8659|61.2725|52.0957|38.9947|43.4967|48.5398|40.979|91.8261|10.4661,0.180129|0.241387|0.247077|0.178102|0.241695|0.204351|0.199024|0.18226|0.160247|0.218428|0.216949|0.228404|0.216931,0.323551|0.664018|0.469529|0.548301|0.590576|0.413834|0.46236|0.988985|0.922117|0.854577|0.317946|0.133861|0.516407,0.869523,0.801463,0.117836,0.0993652,0.460468,0.534015,0.0732846,0.487967,0.198257,0.921169,51.6436,5.43263e-12,47756,0.887486,41.1981,1.06086e-12,38445,0.895553,0.876428,0.0878307,0.631141,0.996144,0.511517,0.22039,0.459803,0.228135,0.891603,87.9902,7.64954e-10,30733,0.967162,70.4477,9.04596e-11,52512
24,329,n1->n20->n21->n67->n38->n36->n34->n35->n33->n84->n85->n65->n52->n51,5.37021e+09|4.0293e+11|1.56161e+12|4.7483e+09|1.16426e+13|7.73972e+11|4.7313e+12|5.77859e+11|3.64323e+13|1.07392e+09|2.02447e+09|1.12599e+09|1.02428e+10|7.46708e+11,8.19724e+08|1.89646e+11|3.02345e+11|7.5553e+08|1.19258e+12|7.77593e+10|1.15705e+12|4.88834e+11|6.32377e+12|9.00899e+08|2.41326e+08|3.2906e+08|2.07235e+09|5.06847e+11,0.000494453|5.21063e-05|0.00096308|3.91885e-05|1.04425e-05|0.000426407|0.000140889|0.000412952|1.50316e-05|2.14473e-05|2.04325e-05|1.96575e-05|0.00011644|0.000185382,0.000316017|0.000368678|0.00195589|0.000640186|0.00950649|0.00396778|0.000270551|0.00138752|0.00213059|0.000434313|0.000338175|0.000428116|0.00580301|0.00344885,0.0109342|0.0108696|0.00712365|0.029632|0.0263713|0.00497013|0.0276207|0.00215298|0.00968695|0.0473575|0.0354515|0.00118659|0.0398377|0.0365406,0.000178506|0.0181411|0.0414669|0.0482082|0.00318517|0.0341912|0.0210615|0.0375959|0.0280967|0.0366447|0.0266209|0.00176737|0.0151024|0.0130093,0.973537|0.923215|0.971602|0.924883|0.902547|0.94998|0.904866|0.952159|0.923653|0.948551|0.940474|0.967717|0.965406|0.98883,4.63983|4.79469|3.14177|2.06342|5.09423|3.70656|4.56594|5.24666|1.04264|5.42186|4.91715|4.1126|0.0104102|4.04415,90.7492|76.7594|42.5138|59.2872|61.2725|89.5651|26.2497|93.5115|59.7094|82.1833|82.5435|56.1703|83.3731,0.215706|0.218425|0.197352|0.200548|0.204351|0.241996|0.244194|0.242679|0.183728|0.216313|0.20461|0.247907|0.197114,0.53635|0.515127|0.602799|0.127053|0.413834|0.265381|0.307851|0.487093|0.218166|0.528406|0.519435|0.827328|0.942894,0.869523,0.801463,0.117836,0.0993652,0.460468,0.534015,0.0732846,0.487967,0.198257,0.921169,51.6436,5.43263e-12,47756,0.887486,41.1981,1.06086e-12,38445,0.895553,0.876428,0.0878307,0.631141,0.996144,0.511517,0.22039,0.459803,0.228135,0.891603,87.9902,7.64954e-10,30733,0.967162,70.4477,9.04596e-11,52512
24,330,n1->n13->n15->n29->n27->n52->n53->n55->n54->n40->n42->n63->n61->n51,5.37021e+09|6.60497e+13|8.77071e+11|3.6336e+13|4.19351e+12|1.02428e+10|4.60474e+10|8.84081e+12|2.80961e+11|3.58065e+10|2.42905e+09|6.55204e+12|6.44979e+11|7.46708e+11,8.19724e+08|8.87204e+12|1.06991e+11|1.77292e+13|8.73344e+11|2.07235e+09|3.18273e+10|4.69454e+12|2.23178e+11|4.14657e+09|2.47264e+08|2.63574e+12|1.30372e+11|5.06847e+11,0.000494453|0.000787814|0.000182949|0.000125062|1.08528e-05|0.00011644|2.00633e-05|4.06274e-05|1.47667e-05|6.01341e-05|8.79758e-05|0.000116235|3.71253e-05|0.000185382,0.000316017|0.00788063|0.00274771|0.00231296|0.00262605|0.00580301|0.000509085|0.000128431|0.00549128|0.00268841|0.000493531|0.00126856|0.00313588|0.00344885,0.0109342|0.0476737|0.0207315|0.0255931|0.0303206|0.0398377|5.21659e-05|0.00843704|0.0334079|0.0249103|0.00783732|0.0100727|0.0266048|0.0365406,0.000178506|0.00335145|0.0378122|0.00291922|0.0230682|0.0151024|0.00115664|0.0314938|0.00844474|0.033399|0.0327962|0.0107197|0.0179693|0.0130093,0.973537|0.954869|0.910795|0.962742|0.985376|0.965406|0.913872|0.908585|0.927525|0.920308|0.960936|0.903245|0.958619|0.98883,4.63983|5.26639|1.89272|0.0327787|4.5695|0.0104102|0.640024|3.37071|1.22009|2.50002|0.765875|4.68449|2.63855|4.04415,79.8117|66.6304|32.2763|49.6282|46.2248|81.3721|30.3781|27.8669|12.2677|77.6192|97.0433|47.0482|66.5616,0.246796|0.179788|0.240047|0.180772|0.183493|0.184589|0.207992|0.169326|0.248162|0.243521|0.211509|0.167884|0.171721,0.338018|0.275394|0.895675|0.511755|0.657987|0.272111|0.646488|0.414082|0.812759|0.14346|0.758395|0.410418|0.235817,0.869523,0.801463,0.117836,0.0993652,0.460468,0.534015,0.0732846,0.487967,0.198257,0.921169,51.6436,5.43263e-12,47756,0.887486,41.1981,1.06086e-12,38445,0.895553,0.876428,0.0878307,0.631141,0.996144,0.511517,0.22039,0.459803,0.228135,0.891603,87.9902,7.64954e-10,30733,0.967162,70.4477,9.04596e-11,52512
24,331,n1->n99->n98->n57->n83->n84->n56->n90->n59->n50->n60->n62->n61->n51,5.37021e+09|1.57108e+10|1.8266e+13|4.14288e+09|3.76373e+13|1.07392e+09|1.1605e+12|1.33273e+11|3.04563e+11|2.36425e+09|8.79841e+13|2.37342e+11|6.44979e+11|7.46708e+11,8.19724e+08|4.21389e+09|5.99087e+12|2.05006e+09|2.34723e+13|9.00899e+08|5.65456e+11|6.41526e+10|3.06423e+10|4.07889e+08|5.95756e+13|1.13053e+11|1.30372e+11|5.06847e+11,0.000494453|0.00089026|0.000410965|0.000173612|1.86087e-05|2.14473e-05|1.7812e-05|0.000319756|2.43107e-05|1.54283e-05|0.000731749|8.24006e-05|3.71253e-05|0.000185382,0.000316017|0.000350126|0.000548485|0.00271581|0.000175452|0.000434313|0.000830638|0.000672662|0.000202742|0.00907722|0.000248463|0.00794111|0.00313588|0.00344885,0.0109342|0.0362414|0.0295222|0.0328142|0.015405|0.0473575|0.0231698|0.0285929|0.00304046|0.00638914|0.0128442|0.0242596|0.0266048|0.0365406,0.000178506|0.0472365|0.0297366|0.0437642|0.038157|0.0366447|0.0417641|0.0372754|0.0474075|0.0483596|0.0431033|0.0480911|0.0179693|0.0130093,0.973537|0.953794|0.959539|0.983348|0.947801|0.948551|0.944528|0.984478|0.99171|0.910708|0.945549|0.98053|0.958619|0.98883,4.63983|3.07459|2.95405|1.93323|4.11052|5.42186|2.55597|4.02061|5.60303|5.41755|4.50487|5.59786|2.63855|4.04415,66.2586|58.4557|98.2355|50.003|20.1884|34.4372|40.6061|62.2588|47.7013|22.3088|48.3985|89.0369|66.5616,0.180129|0.227784|0.190047|0.1911|0.246081|0.222961|0.166746|0.169222|0.170229|0.190841|0.17162|0.198053|0.171721,0.323551|0.686264|0.757428|0.161388|0.599197|0.762891|0.163177|0.361153|0.776444|0.323935|0.641887|0.704733|0.235817,0.869523,0.801463,0.117836,0.0993652,0.460468,0.534015,0.0732846,0.487967,0.198257,0.921169,51.6436,5.43263e-12,47756,0.887486,41.1981,1.06086e-12,38445,0.895553,0.876428,0.0878307,0.631141,0.996144,0.511517,0.22039,0.459803,0.228135,0.891603,87.9902,7.64954e-10,30733,0.967162,70.4477,9.04596e-11,52512
24,332,n1->n13->n14->n96->n97->n99->n77->n23->n24->n33->n31->n29->n50->n51,5.37021e+09|6.60497e+13|3.70261e+10|2.51165e+12|2.90604e+09|1.57108e+10|5.68112e+11|4.63033e+10|1.59557e+13|3.64323e+13|4.79342e+12|3.6336e+13|2.36425e+09|7.46708e+11,8.19724e+08|8.87204e+12|1.44234e+10|5.36324e+11|5.04144e+08|4.21389e+09|3.56307e+11|3.30225e+10|4.06569e+12|6.32377e+12|4.42443e+12|1.77292e+13|4.07889e+08|5.06847e+11,0.000494453|0.000787814|3.25754e-05|1.2987e-05|8.81202e-05|0.00089026|8.49487e-05|0.000277161|0.000193265|1.50316e-05|0.00024651|0.000125062|1.54283e-05|0.000185382,0.000316017|0.00788063|0.000181646|0.000286765|0.00494291|0.000350126|0.000906866|0.00418014|0.0012727|0.00213059|0.00308746|0.00231296|0.00907722|0.00344885,0.0109342|0.0476737|0.0426128|0.0377902|0.0381696|0.0362414|0.04851|0.00314906|0.0433038|0.00968695|0.0211034|0.0255931|0.00638914|0.0365406,0.000178506|0.00335145|0.049061|0.0195364|0.00800322|0.0472365|0.0115254|0.0470385|0.00780618|0.0280967|0.0151027|0.00291922|0.0483596|0.0130093,0.973537|0.954869|0.906626|0.951762|0.90679|0.953794|0.949999|0.92176|0.90929|0.923653|0.943878|0.962742|0.910708|0.98883,4.63983|5.26639|0.762282|0.85792|1.41691|3.07459|0.722366|2.08786|3.9732|1.04264|4.82496|0.0327787|5.41755|4.04415,79.8117|92.5451|54.7186|37.9513|94.4507|96.5216|39.0733|44.8869|98.0873|95.0453|70.4589|37.0378|82.9474,0.246796|0.191459|0.208433|0.246589|0.168303|0.241387|0.178948|0.161116|0.239791|0.234751|0.246199|0.191256|0.24308,0.338018|0.161307|0.448351|0.157157|0.263233|0.664018|0.23533|0.528582|0.939209|0.258586|0.415176|0.182586|0.624607,0.869523,0.801463,0.117836,0.0993652,0.460468,0.534015,0.0732846,0.487967,0.198257,0.921169,51.6436,5.43263e-12,47756,0.887486,41.1981,1.06086e-12,38445,0.895553,0.876428,0.0878307,0.631141,0.996144,0.511517,0.22039,0.459803,0.228135,0.891603,87.9902,7.64954e-10,30733,0.967162,70.4477,9.04596e-11,52512
24,333,n1->n99->n77->n23->n21->n22->n68->n66->n32->n31->n29->n27->n52->n51,5.37021e+09|1.57108e+10|5.68112e+11|4.63033e+10|1.56161e+12|1.47e+10|1.31753e+09|1.10072e+10|1.78367e+12|4.79342e+12|3.6336e+13|4.19351e+12|1.02428e+10|7.46708e+11,8.19724e+08|4.21389e+09|3.56307e+11|3.30225e+10|3.02345e+11|9.51029e+09|3.10679e+08|8.7665e+09|1.05491e+12|4.42443e+12|1.77292e+13|8.73344e+11|2.07235e+09|5.06847e+11,0.000494453|0.00089026|8.49487e-05|0.000277161|0.00096308|1.77434e-05|0.000223952|0.000237659|0.000179959|0.00024651|0.000125062|1.08528e-05|0.00011644|0.000185382,0.000316017|0.000350126|0.000906866|0.00418014|0.00195589|0.0006856|0.00843573|0.000470269|0.00292552|0.00308746|0.00231296|0.00262605|0.00580301|0.00344885,0.0109342|0.0362414|0.04851|0.00314906|0.00712365|0.0408661|0.0370095|0.0203827|0.00778345|0.0211034|0.0255931|0.0303206|0.0398377|0.0365406,0.000178506|0.0472365|0.0115254|0.0470385|0.0414669|0.040072|0.00589983|0.0146278|0.0161829|0.0151027|0.00291922|0.0230682|0.0151024|0.0130093,0.973537|0.953794|0.949999|0.92176|0.971602|0.95984|0.984554|0.978907|0.953313|0.943878|0.962742|0.985376|0.965406|0.98883,4.63983|3.07459|0.722366|2.08786|3.14177|0.048646|5.26958|3.10364|0.10397|4.82496|0.0327787|4.5695|0.0104102|4.04415,66.2586|96.5216|39.0733|88.4205|55.6995|15.3326|70.8824|27.3217|86.0567|70.4589|49.6282|46.2248|83.3731,0.180129|0.241387|0.178948|0.232237|0.206062|0.236297|0.16183|0.199785|0.16799|0.246199|0.180772|0.183493|0.197114,0.323551|0.664018|0.23533|0.516177|0.677391|0.655447|0.215539|0.769012|0.799966|0.415176|0.511755|0.657987|0.942894,0.869523,0.801463,0.117836,0.0993652,0.460468,0.534015,0.0732846,0.487967,0.198257,0.921169,51.6436,5.43263e-12,47756,0.887486,41.1981,1.06086e-12,38445,0.895553,0.876428,0.0878307,0.631141,0.996144,0.511517,0.22039,0.459803,0.228135,0.891603,87.9902,7.64954e-10,30733,0.967162,70.4477,9.04596e-11,52512
24,334,n1->n99->n98->n57->n74->n22->n68->n17->n19->n18->n20->n96->n94->n51,5.37021e+09|1.57108e+10|1.8266e+13|4.14288e+09|5.8385e+13|1.47e+10|1.31753e+09|1.51096e+11|2.47533e+11|7.59179e+12|4.0293e+11|2.51165e+12|1.36531e+10|7.46708e+11,8.19724e+08|4.21389e+09|5.99087e+12|2.05006e+09|7.35096e+12|9.51029e+09|3.10679e+08|1.57582e+10|2.33399e+11|4.11836e+12|1.89646e+11|5.36324e+11|1.67171e+09|5.06847e+11,0.000494453|0.00089026|0.000410965|0.000173612|0.000875739|1.77434e-05|0.000223952|0.000261059|0.000261527|2.98936e-05|5.21063e-05|1.2987e-05|2.95455e-05|0.000185382,0.000316017|0.000350126|0.000548485|0.00271581|0.00944671|0.0006856|0.00843573|0.000513001|0.000768065|0.000681499|0.000368678|0.000286765|0.000125263|0.00344885,0.0109342|0.0362414|0.0295222|0.0328142|0.0280357|0.0408661|0.0370095|0.0430027|0.0201979|0.0192976|0.0108696|0.0377902|0.00830448|0.0365406,0.000178506|0.0472365|0.0297366|0.0437642|0.0166219|0.040072|0.00589983|0.00442808|0.0291803|0.0120519|0.0181411|0.0195364|0.0293842|0.0130093,0.973537|0.953794|0.959539|0.983348|0.90082|0.95984|0.984554|0.974312|0.941018|0.946711|0.923215|0.951762|0.927471|0.98883,4.63983|3.07459|2.95405|1.93323|0.0974208|0.048646|5.26958|5.11322|1.39448|4.38273|4.79469|0.85792|5.03384|4.04415,66.2586|58.4557|98.2355|95.6836|63.8366|15.3326|23.9015|10.3361|34.0839|89.2299|58.7029|71.0086|11.2844,0.180129|0.227784|0.190047|0.169856|0.241428|0.236297|0.236806|0.172286|0.248409|0.247215|0.201188|0.230021|0.200895,0.323551|0.686264|0.757428|0.815246|0.480684|0.655447|0.2818|0.559133|0.983209|0.652252|0.666395|0.131268|0.836539,0.869523,0.801463,0.117836,0.0993652,0.460468,0.534015,0.0732846,0.487967,0.198257,0.921169,51.6436,5.43263e-12,47756,0.887486,41.1981,1.06086e-12,38445,0.895553,0.876428,0.0878307,0.631141,0.996144,0.511517,0.22039,0.459803,0.228135,0.891603,87.9902,7.64954e-10,30733,0.967162,70.4477,9.04596e-11,52512
24,335,n1->n20->n18->n19->n68->n58->n85->n84->n83->n57->n55->n53->n52->n51,5.37021e+09|4.0293e+11|7.59179e+12|2.47533e+11|1.31753e+09|8.16696e+09|2.02447e+09|1.07392e+09|3.76373e+13|4.14288e+09|8.84081e+12|4.60474e+10|1.02428e+10|7.46708e+11,8.19724e+08|1.89646e+11|4.11836e+12|2.33399e+11|3.10679e+08|6.89506e+09|2.41326e+08|9.00899e+08|2.34723e+13|2.05006e+09|4.69454e+12|3.18273e+10|2.07235e+09|5.06847e+11,0.000494453|5.21063e-05|2.98936e-05|0.000261527|0.000223952|0.000266735|2.04325e-05|2.14473e-05|1.86087e-05|0.000173612|4.06274e-05|2.00633e-05|0.00011644|0.000185382,0.000316017|0.000368678|0.000681499|0.000768065|0.00843573|0.00874893|0.000338175|0.000434313|0.000175452|0.00271581|0.000128431|0.000509085|0.00580301|0.00344885,0.0109342|0.0108696|0.0192976|0.0201979|0.0370095|0.0248478|0.0354515|0.0473575|0.015405|0.0328142|0.00843704|5.21659e-05|0.0398377|0.0365406,0.000178506|0.0181411|0.0120519|0.0291803|0.00589983|0.0481122|0.0266209|0.0366447|0.038157|0.0437642|0.0314938|0.00115664|0.0151024|0.0130093,0.973537|0.923215|0.946711|0.941018|0.984554|0.911658|0.940474|0.948551|0.947801|0.983348|0.908585|0.913872|0.965406|0.98883,4.63983|4.79469|4.38273|1.39448|5.26958|3.70937|4.91715|5.42186|4.11052|1.93323|3.37071|0.640024|0.0104102|4.04415,90.7492|89.2299|34.0839|67.5745|56.905|90.6886|82.1833|20.1884|50.003|61.5999|30.3781|81.3721|83.3731,0.215706|0.247215|0.248409|0.2055|0.185169|0.194345|0.216313|0.246081|0.1911|0.220389|0.207992|0.184589|0.197114,0.53635|0.652252|0.983209|0.968257|0.476138|0.45102|0.528406|0.599197|0.161388|0.549818|0.646488|0.272111|0.942894,0.869523,0.801463,0.117836,0.0993652,0.460468,0.534015,0.0732846,0.487967,0.198257,0.921169,51.6436,5.43263e-12,47756,0.887486,41.1981,1.06086e-12,38445,0.895553,0.876428,0.0878307,0.631141,0.996144,0.511517,0.22039,0.459803,0.228135,0.891603,87.9902,7.64954e-10,30733,0.967162,70.4477,9.04596e-11,52512
24,336,n1->n20->n19->n68->n17->n18->n70->n72->n71->n24->n26->n47->n49->n51,5.37021e+09|4.0293e+11|2.47533e+11|1.31753e+09|1.51096e+11|7.59179e+12|6.87309e+13|6.83442e+09|7.70008e+11|1.59557e+13|7.09351e+09|4.74236e+11|2.45005e+09|7.46708e+11,8.19724e+08|1.89646e+11|2.33399e+11|3.10679e+08|1.57582e+10|4.11836e+12|9.78332e+12|1.48353e+09|1.60546e+11|4.06569e+12|1.31666e+09|1.54765e+11|2.44458e+09|5.06847e+11,0.000494453|5.21063e-05|0.000261527|0.000223952|0.000261059|2.98936e-05|5.13815e-05|0.000159499|0.00017279|0.000193265|3.77967e-05|0.000202873|1.07426e-05|0.000185382,0.000316017|0.000368678|0.000768065|0.00843573|0.000513001|0.000681499|0.00295865|0.00384342|0.00123164|0.0012727|0.00522178|0.000266598|0.000979027|0.00344885,0.0109342|0.0108696|0.0201979|0.0370095|0.0430027|0.0192976|0.0286141|0.0479977|0.0398828|0.0433038|0.0101688|0.00898217|0.0183567|0.0365406,0.000178506|0.0181411|0.0291803|0.00589983|0.00442808|0.0120519|0.0216638|0.0299903|0.0326729|0.00780618|0.0409649|0.0488958|0.0388066|0.0130093,0.973537|0.923215|0.941018|0.984554|0.974312|0.946711|0.966653|0.96924|0.947193|0.90929|0.981638|0.9108|0.969899|0.98883,4.63983|4.79469|1.39448|5.26958|5.11322|4.38273|4.60778|3.90463|0.117525|3.9732|2.91399|6.27947|3.94615|4.04415,90.7492|86.2435|67.5745|23.9015|43.2583|55.8812|97.4405|45.8448|44.1502|83.4704|70.8805|91.8261|10.4661,0.215706|0.182991|0.2055|0.236806|0.218822|0.234874|0.180102|0.218487|0.204574|0.216464|0.189485|0.228404|0.216931,0.53635|0.182796|0.968257|0.2818|0.981182|0.16843|0.79408|0.29317|0.45026|0.583168|0.757042|0.133861|0.516407,0.869523,0.801463,0.117836,0.0993652,0.460468,0.534015,0.0732846,0.487967,0.198257,0.921169,51.6436,5.43263e-12,47756,0.887486,41.1981,1.06086e-12,38445,0.895553,0.876428,0.0878307,0.631141,0.996144,0.511517,0.22039,0.459803,0.228135,0.891603,87.9902,7.64954e-10,30733,0.967162,70.4477,9.04596e-11,52512
24,337,n1->n20->n19->n18->n70->n69->n28->n27->n25->n26->n47->n48->n50->n51,5.37021e+09|4.0293e+11|2.47533e+11|7.59179e+12|6.87309e+13|8.81277e+09|1.34247e+11|4.19351e+12|1.67189e+13|7.09351e+09|4.74236e+11|3.98001e+12|2.36425e+09|7.46708e+11,8.19724e+08|1.89646e+11|2.33399e+11|4.11836e+12|9.78332e+12|7.57626e+09|1.51805e+10|8.73344e+11|1.40059e+13|1.31666e+09|1.54765e+11|1.69514e+12|4.07889e+08|5.06847e+11,0.000494453|5.21063e-05|0.000261527|2.98936e-05|5.13815e-05|0.000268039|0.00056516|1.08528e-05|6.30741e-05|3.77967e-05|0.000202873|4.78153e-05|1.54283e-05|0.000185382,0.000316017|0.000368678|0.000768065|0.000681499|0.00295865|0.00367819|0.0093172|0.00262605|0.00294926|0.00522178|0.000266598|0.00544009|0.00907722|0.00344885,0.0109342|0.0108696|0.0201979|0.0192976|0.0286141|0.022957|0.0317261|0.0303206|0.0195393|0.0101688|0.00898217|0.0455031|0.00638914|0.0365406,0.000178506|0.0181411|0.0291803|0.0120519|0.0216638|0.0100342|0.03841|0.0230682|0.0159438|0.0409649|0.0488958|0.0360942|0.0483596|0.0130093,0.973537|0.923215|0.941018|0.946711|0.966653|0.975915|0.948072|0.985376|0.9023|0.981638|0.9108|0.967439|0.910708|0.98883,4.63983|4.79469|1.39448|4.38273|4.60778|2.99986|1.48687|4.5695|1.57149|2.91399|6.27947|3.09858|5.41755|4.04415,90.7492|86.2435|34.0839|55.8812|74.5377|97.1045|23.5709|64.4551|63.0993|70.8805|78.8723|23.5956|82.9474,0.215706|0.182991|0.248409|0.234874|0.172691|0.207556|0.207151|0.242248|0.228799|0.189485|0.239998|0.191801|0.24308,0.53635|0.182796|0.983209|0.16843|0.416585|0.438091|0.340196|0.837222|0.359402|0.757042|0.300482|0.688345|0.624607,0.869523,0.801463,0.117836,0.0993652,0.460468,0.534015,0.0732846,0.487967,0.198257,0.921169,51.6436,5.43263e-12,47756,0.887486,41.1981,1.06086e-12,38445,0.895553,0.876428,0.0878307,0.631141,0.996144,0.511517,0.22039,0.459803,0.228135,0.891603,87.9902,7.64954e-10,30733,0.967162,70.4477,9.04596e-11,52512
24,338,n1->n13->n11->n9->n7->n8->n12->n6->n33->n84->n82->n63->n61->n51,5.37021e+09|6.60497e+13|1.78735e+12|1.49139e+12|3.81012e+11|4.61239e+13|9.70597e+10|1.14208e+09|3.64323e+13|1.07392e+09|1.07979e+13|6.55204e+12|6.44979e+11|7.46708e+11,8.19724e+08|8.87204e+12|3.29521e+11|3.79906e+11|6.70334e+10|1.04208e+13|2.76143e+10|2.20459e+08|6.32377e+12|9.00899e+08|1.66379e+12|2.63574e+12|1.30372e+11|5.06847e+11,0.000494453|0.000787814|5.47786e-05|1.80008e-05|0.000475679|6.6054e-05|0.000201974|1.08483e-05|1.50316e-05|2.14473e-05|0.000837919|0.000116235|3.71253e-05|0.000185382,0.000316017|0.00788063|0.00652494|0.00065196|0.00104538|0.00522046|0.0016732|0.00010157|0.00213059|0.000434313|0.00271152|0.00126856|0.00313588|0.00344885,0.0109342|0.0476737|0.00125292|0.0140743|0.01754|0.0318744|0.0313381|0.00160082|0.00968695|0.0473575|0.0278433|0.0100727|0.0266048|0.0365406,0.000178506|0.00335145|0.0136412|0.033904|0.0283975|0.0483133|0.0470205|0.0260762|0.0280967|0.0366447|0.0266174|0.0107197|0.0179693|0.0130093,0.973537|0.954869|0.988894|0.963574|0.963898|0.975256|0.937315|0.908628|0.923653|0.948551|0.934435|0.903245|0.958619|0.98883,4.63983|5.26639|0.923897|5.88966|3.51107|3.22282|3.07758|5.01633|1.04264|5.42186|0.132111|4.68449|2.63855|4.04415,79.8117|13.9548|99.0064|59.8148|55.4093|81.3396|32.9383|50.0569|59.7094|83.37|48.6997|47.0482|66.5616,0.246796|0.189728|0.201409|0.18359|0.230451|0.186476|0.230728|0.19306|0.183728|0.203763|0.175742|0.167884|0.171721,0.338018|0.801183|0.439638|0.339058|0.745697|0.379326|0.628307|0.116472|0.218166|0.808712|0.4301|0.410418|0.235817,0.869523,0.801463,0.117836,0.0993652,0.460468,0.534015,0.0732846,0.487967,0.198257,0.921169,51.6436,5.43263e-12,47756,0.887486,41.1981,1.06086e-12,38445,0.895553,0.876428,0.0878307,0.631141,0.996144,0.511517,0.22039,0.459803,0.228135,0.891603,87.9902,7.64954e-10,30733,0.967162,70.4477,9.04596e-11,52512
24,339,n1->n13->n14->n75->n73->n54->n53->n55->n56->n90->n89->n48->n50->n51,5.37021e+09|6.60497e+13|3.70261e+10|8.71921e+10|1.41706e+11|2.80961e+11|4.60474e+10|8.84081e+12|1.1605e+12|1.33273e+11|2.68119e+11|3.98001e+12|2.36425e+09|7.46708e+11,8.19724e+08|8.87204e+12|1.44234e+10|5.29113e+10|5.76853e+10|2.23178e+11|3.18273e+10|4.69454e+12|5.65456e+11|6.41526e+10|9.23423e+10|1.69514e+12|4.07889e+08|5.06847e+11,0.000494453|0.000787814|3.25754e-05|0.000766915|6.32916e-05|1.47667e-05|2.00633e-05|4.06274e-05|1.7812e-05|0.000319756|3.55201e-05|4.78153e-05|1.54283e-05|0.000185382,0.000316017|0.00788063|0.000181646|0.000203965|0.000807753|0.00549128|0.000509085|0.000128431|0.000830638|0.000672662|0.000111435|0.00544009|0.00907722|0.00344885,0.0109342|0.0476737|0.0426128|0.0243876|0.0455502|0.0334079|5.21659e-05|0.00843704|0.0231698|0.0285929|0.0107812|0.0455031|0.00638914|0.0365406,0.000178506|0.00335145|0.049061|0.0250863|0.028193|0.00844474|0.00115664|0.0314938|0.0417641|0.0372754|0.0401575|0.0360942|0.0483596|0.0130093,0.973537|0.954869|0.906626|0.936129|0.909539|0.927525|0.913872|0.908585|0.944528|0.984478|0.926416|0.967439|0.910708|0.98883,4.63983|5.26639|0.762282|3.39264|3.29092|1.22009|0.640024|3.37071|2.55597|4.02061|0.0868458|3.09858|5.41755|4.04415,79.8117|92.5451|56.2706|85.6152|26.1465|75.3264|30.3781|95.3312|40.6061|12.726|94.0077|23.5956|82.9474,0.246796|0.191459|0.226178|0.185893|0.196311|0.191357|0.207992|0.167906|0.166746|0.226099|0.234363|0.191801|0.24308,0.338018|0.161307|0.725021|0.624191|0.754315|0.567841|0.646488|0.402595|0.163177|0.757755|0.948873|0.688345|0.624607,0.869523,0.801463,0.117836,0.0993652,0.460468,0.534015,0.0732846,0.487967,0.198257,0.921169,51.6436,5.43263e-12,47756,0.887486,41.1981,1.06086e-12,38445,0.895553,0.876428,0.0878307,0.631141,0.996144,0.511517,0.22039,0.459803,0.228135,0.891603,87.9902,7.64954e-10,30733,0.967162,70.4477,9.04596e-11,52512
24,340,n1->n20->n19->n68->n22->n74->n76->n86->n87->n88->n89->n48->n50->n51,5.37021e+09|4.0293e+11|2.47533e+11|1.31753e+09|1.47e+10|5.8385e+13|4.21804e+13|3.85304e+10|7.3435e+12|9.00567e+12|2.68119e+11|3.98001e+12|2.36425e+09|7.46708e+11,8.19724e+08|1.89646e+11|2.33399e+11|3.10679e+08|9.51029e+09|7.35096e+12|1.15782e+13|4.69095e+09|2.79916e+12|8.66002e+12|9.23423e+10|1.69514e+12|4.07889e+08|5.06847e+11,0.000494453|5.21063e-05|0.000261527|0.000223952|1.77434e-05|0.000875739|1.88608e-05|6.21631e-05|0.000634307|6.2721e-05|3.55201e-05|4.78153e-05|1.54283e-05|0.000185382,0.000316017|0.000368678|0.000768065|0.00843573|0.0006856|0.00944671|0.00214239|0.00341054|0.00151267|0.000480267|0.000111435|0.00544009|0.00907722|0.00344885,0.0109342|0.0108696|0.0201979|0.0370095|0.0408661|0.0280357|0.00156873|0.0237043|0.0186268|0.00850464|0.0107812|0.0455031|0.00638914|0.0365406,0.000178506|0.0181411|0.0291803|0.00589983|0.040072|0.0166219|0.0470058|0.0488574|0.00979507|0.0237676|0.0401575|0.0360942|0.0483596|0.0130093,0.973537|0.923215|0.941018|0.984554|0.95984|0.90082|0.989289|0.981332|0.977244|0.962132|0.926416|0.967439|0.910708|0.98883,4.63983|4.79469|1.39448|5.26958|0.048646|0.0974208|0.578949|4.96971|2.33192|1.9653|0.0868458|3.09858|5.41755|4.04415,90.7492|86.2435|67.5745|15.3326|63.8366|53.1277|37.5994|88.9922|57.0974|92.4072|94.0077|23.5956|82.9474,0.215706|0.182991|0.2055|0.236297|0.241428|0.181342|0.17745|0.246364|0.227675|0.203687|0.234363|0.191801|0.24308,0.53635|0.182796|0.968257|0.655447|0.480684|0.519715|0.871942|0.83582|0.396625|0.876618|0.948873|0.688345|0.624607,0.869523,0.801463,0.117836,0.0993652,0.460468,0.534015,0.0732846,0.487967,0.198257,0.921169,51.6436,5.43263e-12,47756,0.887486,41.1981,1.06086e-12,38445,0.895553,0.876428,0.0878307,0.631141,0.996144,0.511517,0.22039,0.459803,0.228135,0.891603,87.9902,7.64954e-10,30733,0.967162,70.4477,9.04596e-11,52512
24,341,n1->n99->n98->n57->n55->n56->n84->n85->n78->n76->n30->n29->n50->n51,5.37021e+09|1.57108e+10|1.8266e+13|4.14288e+09|8.84081e+12|1.1605e+12|1.07392e+09|2.02447e+09|3.25238e+10|4.21804e+13|1.26395e+10|3.6336e+13|2.36425e+09|7.46708e+11,8.19724e+08|4.21389e+09|5.99087e+12|2.05006e+09|4.69454e+12|5.65456e+11|9.00899e+08|2.41326e+08|2.30731e+10|1.15782e+13|1.81012e+09|1.77292e+13|4.07889e+08|5.06847e+11,0.000494453|0.00089026|0.000410965|0.000173612|4.06274e-05|1.7812e-05|2.14473e-05|2.04325e-05|0.000270955|1.88608e-05|4.789e-05|0.000125062|1.54283e-05|0.000185382,0.000316017|0.000350126|0.000548485|0.00271581|0.000128431|0.000830638|0.000434313|0.000338175|0.00167497|0.00214239|0.00655588|0.00231296|0.00907722|0.00344885,0.0109342|0.0362414|0.0295222|0.0328142|0.00843704|0.0231698|0.0473575|0.0354515|0.00569443|0.00156873|0.00398508|0.0255931|0.00638914|0.0365406,0.000178506|0.0472365|0.0297366|0.0437642|0.0314938|0.0417641|0.0366447|0.0266209|0.0425349|0.0470058|0.0178703|0.00291922|0.0483596|0.0130093,0.973537|0.953794|0.959539|0.983348|0.908585|0.944528|0.948551|0.940474|0.92832|0.989289|0.972158|0.962742|0.910708|0.98883,4.63983|3.07459|2.95405|1.93323|3.37071|2.55597|5.42186|4.91715|3.3614|0.578949|5.42296|0.0327787|5.41755|4.04415,66.2586|58.4557|98.2355|61.5999|95.3312|34.4372|82.1833|67.1704|69.3348|21.8454|29.3504|37.0378|82.9474,0.180129|0.227784|0.190047|0.220389|0.167906|0.222961|0.216313|0.184721|0.194827|0.220509|0.179657|0.191256|0.24308,0.323551|0.686264|0.757428|0.549818|0.402595|0.762891|0.528406|0.609732|0.93416|0.936019|0.887943|0.182586|0.624607,0.869523,0.801463,0.117836,0.0993652,0.460468,0.534015,0.0732846,0.487967,0.198257,0.921169,51.6436,5.43263e-12,47756,0.887486,41.1981,1.06086e-12,38445,0.895553,0.876428,0.0878307,0.631141,0.996144,0.511517,0.22039,0.459803,0.228135,0.891603,87.9902,7.64954e-10,30733,0.967162,70.4477,9.04596e-11,52512
24,342,n1->n99->n98->n57->n83->n84->n56->n54->n53->n52->n27->n29->n50->n51,5.37021e+09|1.57108e+10|1.8266e+13|4.14288e+09|3.76373e+13|1.07392e+09|1.1605e+12|2.80961e+11|4.60474e+10|1.02428e+10|4.19351e+12|3.6336e+13|2.36425e+09|7.46708e+11,8.19724e+08|4.21389e+09|5.99087e+12|2.05006e+09|2.34723e+13|9.00899e+08|5.65456e+11|2.23178e+11|3.18273e+10|2.07235e+09|8.73344e+11|1.77292e+13|4.07889e+08|5.06847e+11,0.000494453|0.00089026|0.000410965|0.000173612|1.86087e-05|2.14473e-05|1.7812e-05|1.47667e-05|2.00633e-05|0.00011644|1.08528e-05|0.000125062|1.54283e-05|0.000185382,0.000316017|0.000350126|0.000548485|0.00271581|0.000175452|0.000434313|0.000830638|0.00549128|0.000509085|0.00580301|0.00262605|0.00231296|0.00907722|0.00344885,0.0109342|0.0362414|0.0295222|0.0328142|0.015405|0.0473575|0.0231698|0.0334079|5.21659e-05|0.0398377|0.0303206|0.0255931|0.00638914|0.0365406,0.000178506|0.0472365|0.0297366|0.0437642|0.038157|0.0366447|0.0417641|0.00844474|0.00115664|0.0151024|0.0230682|0.00291922|0.0483596|0.0130093,0.973537|0.953794|0.959539|0.983348|0.947801|0.948551|0.944528|0.927525|0.913872|0.965406|0.985376|0.962742|0.910708|0.98883,4.63983|3.07459|2.95405|1.93323|4.11052|5.42186|2.55597|1.22009|0.640024|0.0104102|4.5695|0.0327787|5.41755|4.04415,66.2586|58.4557|98.2355|50.003|20.1884|34.4372|42.6814|75.3264|81.3721|46.2248|49.6282|37.0378|82.9474,0.180129|0.227784|0.190047|0.1911|0.246081|0.222961|0.167734|0.191357|0.184589|0.183493|0.180772|0.191256|0.24308,0.323551|0.686264|0.757428|0.161388|0.599197|0.762891|0.927159|0.567841|0.272111|0.657987|0.511755|0.182586|0.624607,0.869523,0.801463,0.117836,0.0993652,0.460468,0.534015,0.0732846,0.487967,0.198257,0.921169,51.6436,5.43263e-12,47756,0.887486,41.1981,1.06086e-12,38445,0.895553,0.876428,0.0878307,0.631141,0.996144,0.511517,0.22039,0.459803,0.228135,0.891603,87.9902,7.64954e-10,30733,0.967162,70.4477,9.04596e-11,52512
24,343,n1->n13->n12->n6->n33->n31->n32->n30->n76->n69->n28->n29->n50->n51,5.37021e+09|6.60497e+13|9.70597e+10|1.14208e+09|3.64323e+13|4.79342e+12|1.78367e+12|1.26395e+10|4.21804e+13|8.81277e+09|1.34247e+11|3.6336e+13|2.36425e+09|7.46708e+11,8.19724e+08|8.87204e+12|2.76143e+10|2.20459e+08|6.32377e+12|4.42443e+12|1.05491e+12|1.81012e+09|1.15782e+13|7.57626e+09|1.51805e+10|1.77292e+13|4.07889e+08|5.06847e+11,0.000494453|0.000787814|0.000201974|1.08483e-05|1.50316e-05|0.00024651|0.000179959|4.789e-05|1.88608e-05|0.000268039|0.00056516|0.000125062|1.54283e-05|0.000185382,0.000316017|0.00788063|0.0016732|0.00010157|0.00213059|0.00308746|0.00292552|0.00655588|0.00214239|0.00367819|0.0093172|0.00231296|0.00907722|0.00344885,0.0109342|0.0476737|0.0313381|0.00160082|0.00968695|0.0211034|0.00778345|0.00398508|0.00156873|0.022957|0.0317261|0.0255931|0.00638914|0.0365406,0.000178506|0.00335145|0.0470205|0.0260762|0.0280967|0.0151027|0.0161829|0.0178703|0.0470058|0.0100342|0.03841|0.00291922|0.0483596|0.0130093,0.973537|0.954869|0.937315|0.908628|0.923653|0.943878|0.953313|0.972158|0.989289|0.975915|0.948072|0.962742|0.910708|0.98883,4.63983|5.26639|3.07758|5.01633|1.04264|4.82496|0.10397|5.42296|0.578949|2.99986|1.48687|0.0327787|5.41755|4.04415,79.8117|56.34|32.9383|50.0569|95.0453|86.0567|69.5993|21.8454|66.666|97.1045|18.7034|37.0378|82.9474,0.246796|0.206669|0.230728|0.19306|0.234751|0.16799|0.204659|0.220509|0.212271|0.207556|0.249902|0.191256|0.24308,0.338018|0.285239|0.628307|0.116472|0.258586|0.799966|0.237533|0.936019|0.890059|0.438091|0.259002|0.182586|0.624607,0.869523,0.801463,0.117836,0.0993652,0.460468,0.534015,0.0732846,0.487967,0.198257,0.921169,51.6436,5.43263e-12,47756,0.887486,41.1981,1.06086e-12,38445,0.895553,0.876428,0.0878307,0.631141,0.996144,0.511517,0.22039,0.459803,0.228135,0.891603,87.9902,7.64954e-10,30733,0.967162,70.4477,9.04596e-11,52512
24,344,n1->n13->n14->n75->n74->n22->n68->n58->n59->n90->n89->n48->n50->n51,5.37021e+09|6.60497e+13|3.70261e+10|8.71921e+10|5.8385e+13|1.47e+10|1.31753e+09|8.16696e+09|3.04563e+11|1.33273e+11|2.68119e+11|3.98001e+12|2.36425e+09|7.46708e+11,8.19724e+08|8.87204e+12|1.44234e+10|5.29113e+10|7.35096e+12|9.51029e+09|3.10679e+08|6.89506e+09|3.06423e+10|6.41526e+10|9.23423e+10|1.69514e+12|4.07889e+08|5.06847e+11,0.000494453|0.000787814|3.25754e-05|0.000766915|0.000875739|1.77434e-05|0.000223952|0.000266735|2.43107e-05|0.000319756|3.55201e-05|4.78153e-05|1.54283e-05|0.000185382,0.000316017|0.00788063|0.000181646|0.000203965|0.00944671|0.0006856|0.00843573|0.00874893|0.000202742|0.000672662|0.000111435|0.00544009|0.00907722|0.00344885,0.0109342|0.0476737|0.0426128|0.0243876|0.0280357|0.0408661|0.0370095|0.0248478|0.00304046|0.0285929|0.0107812|0.0455031|0.00638914|0.0365406,0.000178506|0.00335145|0.049061|0.0250863|0.0166219|0.040072|0.00589983|0.0481122|0.0474075|0.0372754|0.0401575|0.0360942|0.0483596|0.0130093,0.973537|0.954869|0.906626|0.936129|0.90082|0.95984|0.984554|0.911658|0.99171|0.984478|0.926416|0.967439|0.910708|0.98883,4.63983|5.26639|0.762282|3.39264|0.0974208|0.048646|5.26958|3.70937|5.60303|4.02061|0.0868458|3.09858|5.41755|4.04415,79.8117|92.5451|56.2706|64.3401|63.8366|15.3326|56.905|56.397|62.2588|12.726|94.0077|23.5956|82.9474,0.246796|0.191459|0.226178|0.220369|0.241428|0.236297|0.185169|0.21902|0.169222|0.226099|0.234363|0.191801|0.24308,0.338018|0.161307|0.725021|0.119032|0.480684|0.655447|0.476138|0.533324|0.361153|0.757755|0.948873|0.688345|0.624607,0.869523,0.801463,0.117836,0.0993652,0.460468,0.534015,0.0732846,0.487967,0.198257,0.921169,51.6436,5.43263e-12,47756,0.887486,41.1981,1.06086e-12,38445,0.895553,0.876428,0.0878307,0.631141,0.996144,0.511517,0.22039,0.459803,0.228135,0.891603,87.9902,7.64954e-10,30733,0.967162,70.4477,9.04596e-11,52512
24,345,n1->n20->n89->n88->n87->n70->n69->n28->n27->n97->n95->n93->n94->n51,5.37021e+09|4.0293e+11|2.68119e+11|9.00567e+12|7.3435e+12|6.87309e+13|8.81277e+09|1.34247e+11|4.19351e+12|2.90604e+09|1.05601e+11|4.22601e+13|1.36531e+10|7.46708e+11,8.19724e+08|1.89646e+11|9.23423e+10|8.66002e+12|2.79916e+12|9.78332e+12|7.57626e+09|1.51805e+10|8.73344e+11|5.04144e+08|5.46554e+10|1.3774e+13|1.67171e+09|5.06847e+11,0.000494453|5.21063e-05|3.55201e-05|6.2721e-05|0.000634307|5.13815e-05|0.000268039|0.00056516|1.08528e-05|8.81202e-05|0.000260968|8.45967e-05|2.95455e-05|0.000185382,0.000316017|0.000368678|0.000111435|0.000480267|0.00151267|0.00295865|0.00367819|0.0093172|0.00262605|0.00494291|0.000186877|0.000162335|0.000125263|0.00344885,0.0109342|0.0108696|0.0107812|0.00850464|0.0186268|0.0286141|0.022957|0.0317261|0.0303206|0.0381696|0.00282907|0.0108045|0.00830448|0.0365406,0.000178506|0.0181411|0.0401575|0.0237676|0.00979507|0.0216638|0.0100342|0.03841|0.0230682|0.00800322|0.0420997|0.0326183|0.0293842|0.0130093,0.973537|0.923215|0.926416|0.962132|0.977244|0.966653|0.975915|0.948072|0.985376|0.90679|0.966581|0.912097|0.927471|0.98883,4.63983|4.79469|0.0868458|1.9653|2.33192|4.60778|2.99986|1.48687|4.5695|1.41691|1.09944|5.92115|5.03384|4.04415,90.7492|18.2346|92.4072|57.0974|39.9413|74.5377|97.1045|23.5709|31.5608|11.8968|24.941|63.1349|11.2844,0.215706|0.231355|0.203687|0.227675|0.180359|0.172691|0.207556|0.207151|0.219936|0.228013|0.237661|0.209804|0.200895,0.53635|0.595303|0.876618|0.396625|0.129355|0.416585|0.438091|0.340196|0.557853|0.342677|0.985064|0.17375|0.836539,0.869523,0.801463,0.117836,0.0993652,0.460468,0.534015,0.0732846,0.487967,0.198257,0.921169,51.6436,5.43263e-12,47756,0.887486,41.1981,1.06086e-12,38445,0.895553,0.876428,0.0878307,0.631141,0.996144,0.511517,0.22039,0.459803,0.228135,0.891603,87.9902,7.64954e-10,30733,0.967162,70.4477,9.04596e-11,52512
24,346,n1->n99->n77->n93->n92->n94->n96->n20->n19->n17->n85->n65->n52->n51,5.37021e+09|1.57108e+10|5.68112e+11|4.22601e+13|1.97334e+09|1.36531e+10|2.51165e+12|4.0293e+11|2.47533e+11|1.51096e+11|2.02447e+09|1.12599e+09|1.02428e+10|7.46708e+11,8.19724e+08|4.21389e+09|3.56307e+11|1.3774e+13|1.46451e+09|1.67171e+09|5.36324e+11|1.89646e+11|2.33399e+11|1.57582e+10|2.41326e+08|3.2906e+08|2.07235e+09|5.06847e+11,0.000494453|0.00089026|8.49487e-05|8.45967e-05|2.75832e-05|2.95455e-05|1.2987e-05|5.21063e-05|0.000261527|0.000261059|2.04325e-05|1.96575e-05|0.00011644|0.000185382,0.000316017|0.000350126|0.000906866|0.000162335|0.0052688|0.000125263|0.000286765|0.000368678|0.000768065|0.000513001|0.000338175|0.000428116|0.00580301|0.00344885,0.0109342|0.0362414|0.04851|0.0108045|0.0444618|0.00830448|0.0377902|0.0108696|0.0201979|0.0430027|0.0354515|0.00118659|0.0398377|0.0365406,0.000178506|0.0472365|0.0115254|0.0326183|0.0387741|0.0293842|0.0195364|0.0181411|0.0291803|0.00442808|0.0266209|0.00176737|0.0151024|0.0130093,0.973537|0.953794|0.949999|0.912097|0.987763|0.927471|0.951762|0.923215|0.941018|0.974312|0.940474|0.967717|0.965406|0.98883,4.63983|3.07459|0.722366|5.92115|6.03913|5.03384|0.85792|4.79469|1.39448|5.11322|4.91715|4.1126|0.0104102|4.04415,66.2586|96.5216|51.9256|61.035|13.5087|71.0086|58.7029|86.2435|10.3361|84.7043|82.5435|56.1703|83.3731,0.180129|0.241387|0.247077|0.21409|0.230182|0.230021|0.201188|0.182991|0.172286|0.225161|0.20461|0.247907|0.197114,0.323551|0.664018|0.469529|0.722832|0.731663|0.131268|0.666395|0.182796|0.559133|0.880608|0.519435|0.827328|0.942894,0.869523,0.801463,0.117836,0.0993652,0.460468,0.534015,0.0732846,0.487967,0.198257,0.921169,51.6436,5.43263e-12,47756,0.887486,41.1981,1.06086e-12,38445,0.895553,0.876428,0.0878307,0.631141,0.996144,0.511517,0.22039,0.459803,0.228135,0.891603,87.9902,7.64954e-10,30733,0.967162,70.4477,9.04596e-11,52512
24,347,n1->n13->n14->n75->n76->n74->n22->n21->n23->n24->n26->n47->n49->n51,5.37021e+09|6.60497e+13|3.70261e+10|8.71921e+10|4.21804e+13|5.8385e+13|1.47e+10|1.56161e+12|4.63033e+10|1.59557e+13|7.09351e+09|4.74236e+11|2.45005e+09|7.46708e+11,8.19724e+08|8.87204e+12|1.44234e+10|5.29113e+10|1.15782e+13|7.35096e+12|9.51029e+09|3.02345e+11|3.30225e+10|4.06569e+12|1.31666e+09|1.54765e+11|2.44458e+09|5.06847e+11,0.000494453|0.000787814|3.25754e-05|0.000766915|1.88608e-05|0.000875739|1.77434e-05|0.00096308|0.000277161|0.000193265|3.77967e-05|0.000202873|1.07426e-05|0.000185382,0.000316017|0.00788063|0.000181646|0.000203965|0.00214239|0.00944671|0.0006856|0.00195589|0.00418014|0.0012727|0.00522178|0.000266598|0.000979027|0.00344885,0.0109342|0.0476737|0.0426128|0.0243876|0.00156873|0.0280357|0.0408661|0.00712365|0.00314906|0.0433038|0.0101688|0.00898217|0.0183567|0.0365406,0.000178506|0.00335145|0.049061|0.0250863|0.0470058|0.0166219|0.040072|0.0414669|0.0470385|0.00780618|0.0409649|0.0488958|0.0388066|0.0130093,0.973537|0.954869|0.906626|0.936129|0.989289|0.90082|0.95984|0.971602|0.92176|0.90929|0.981638|0.9108|0.969899|0.98883,4.63983|5.26639|0.762282|3.39264|0.578949|0.0974208|0.048646|3.14177|2.08786|3.9732|2.91399|6.27947|3.94615|4.04415,79.8117|92.5451|56.2706|63.5216|53.1277|63.8366|55.6995|88.4205|44.8869|83.4704|70.8805|91.8261|10.4661,0.246796|0.191459|0.226178|0.207806|0.181342|0.241428|0.206062|0.232237|0.161116|0.216464|0.189485|0.228404|0.216931,0.338018|0.161307|0.725021|0.844544|0.519715|0.480684|0.677391|0.516177|0.528582|0.583168|0.757042|0.133861|0.516407,0.869523,0.801463,0.117836,0.0993652,0.460468,0.534015,0.0732846,0.487967,0.198257,0.921169,51.6436,5.43263e-12,47756,0.887486,41.1981,1.06086e-12,38445,0.895553,0.876428,0.0878307,0.631141,0.996144,0.511517,0.22039,0.459803,0.228135,0.891603,87.9902,7.64954e-10,30733,0.967162,70.4477,9.04596e-11,52512
24,348,n1->n20->n21->n23->n24->n71->n75->n14->n12->n13->n11->n29->n50->n51,5.37021e+09|4.0293e+11|1.56161e+12|4.63033e+10|1.59557e+13|7.70008e+11|8.71921e+10|3.70261e+10|9.70597e+10|6.60497e+13|1.78735e+12|3.6336e+13|2.36425e+09|7.46708e+11,8.19724e+08|1.89646e+11|3.02345e+11|3.30225e+10|4.06569e+12|1.60546e+11|5.29113e+10|1.44234e+10|2.76143e+10|8.87204e+12|3.29521e+11|1.77292e+13|4.07889e+08|5.06847e+11,0.000494453|5.21063e-05|0.00096308|0.000277161|0.000193265|0.00017279|0.000766915|3.25754e-05|0.000201974|0.000787814|5.47786e-05|0.000125062|1.54283e-05|0.000185382,0.000316017|0.000368678|0.00195589|0.00418014|0.0012727|0.00123164|0.000203965|0.000181646|0.0016732|0.00788063|0.00652494|0.00231296|0.00907722|0.00344885,0.0109342|0.0108696|0.00712365|0.00314906|0.0433038|0.0398828|0.0243876|0.0426128|0.0313381|0.0476737|0.00125292|0.0255931|0.00638914|0.0365406,0.000178506|0.0181411|0.0414669|0.0470385|0.00780618|0.0326729|0.0250863|0.049061|0.0470205|0.00335145|0.0136412|0.00291922|0.0483596|0.0130093,0.973537|0.923215|0.971602|0.92176|0.90929|0.947193|0.936129|0.906626|0.937315|0.954869|0.988894|0.962742|0.910708|0.98883,4.63983|4.79469|3.14177|2.08786|3.9732|0.117525|3.39264|0.762282|3.07758|5.26639|0.923897|0.0327787|5.41755|4.04415,90.7492|76.7594|88.4205|44.8869|44.1502|14.5634|56.2706|51.9585|56.34|13.9548|13.2112|37.0378|82.9474,0.215706|0.218425|0.232237|0.161116|0.204574|0.169453|0.226178|0.222459|0.206669|0.189728|0.219003|0.191256|0.24308,0.53635|0.515127|0.516177|0.528582|0.45026|0.275247|0.725021|0.326911|0.285239|0.801183|0.427028|0.182586|0.624607,0.869523,0.801463,0.117836,0.0993652,0.460468,0.534015,0.0732846,0.487967,0.198257,0.921169,51.6436,5.43263e-12,47756,0.887486,41.1981,1.06086e-12,38445,0.895553,0.876428,0.0878307,0.631141,0.996144,0.511517,0.22039,0.459803,0.228135,0.891603,87.9902,7.64954e-10,30733,0.967162,70.4477,9.04596e-11,52512
24,349,n1->n20->n19->n18->n17->n68->n58->n85->n83->n81->n79->n63->n61->n51,5.37021e+09|4.0293e+11|2.47533e+11|7.59179e+12|1.51096e+11|1.31753e+09|8.16696e+09|2.02447e+09|3.76373e+13|2.58887e+10|1.47019e+10|6.55204e+12|6.44979e+11|7.46708e+11,8.19724e+08|1.89646e+11|2.33399e+11|4.11836e+12|1.57582e+10|3.10679e+08|6.89506e+09|2.41326e+08|2.34723e+13|8.36206e+09|4.87652e+09|2.63574e+12|1.30372e+11|5.06847e+11,0.000494453|5.21063e-05|0.000261527|2.98936e-05|0.000261059|0.000223952|0.000266735|2.04325e-05|1.86087e-05|0.000268232|0.000133131|0.000116235|3.71253e-05|0.000185382,0.000316017|0.000368678|0.000768065|0.000681499|0.000513001|0.00843573|0.00874893|0.000338175|0.000175452|0.000752991|0.000479664|0.00126856|0.00313588|0.00344885,0.0109342|0.0108696|0.0201979|0.0192976|0.0430027|0.0370095|0.0248478|0.0354515|0.015405|0.0481357|0.0252961|0.0100727|0.0266048|0.0365406,0.000178506|0.0181411|0.0291803|0.0120519|0.00442808|0.00589983|0.0481122|0.0266209|0.038157|0.00997263|0.0203026|0.0107197|0.0179693|0.0130093,0.973537|0.923215|0.941018|0.946711|0.974312|0.984554|0.911658|0.940474|0.947801|0.948836|0.966262|0.903245|0.958619|0.98883,4.63983|4.79469|1.39448|4.38273|5.11322|5.26958|3.70937|4.91715|4.11052|1.5908|3.41737|4.68449|2.63855|4.04415,90.7492|86.2435|34.0839|43.2583|23.9015|56.905|90.6886|92.2019|78.7627|26.55|16.1844|47.0482|66.5616,0.215706|0.182991|0.248409|0.218822|0.236806|0.185169|0.194345|0.231254|0.170031|0.238834|0.22961|0.167884|0.171721,0.53635|0.182796|0.983209|0.981182|0.2818|0.476138|0.45102|0.604504|0.530775|0.957633|0.217843|0.410418|0.235817,0.869523,0.801463,0.117836,0.0993652,0.460468,0.534015,0.0732846,0.487967,0.198257,0.921169,51.6436,5.43263e-12,47756,0.887486,41.1981,1.06086e-12,38445,0.895553,0.876428,0.0878307,0.631141,0.996144,0.511517,0.22039,0.459803,0.228135,0.891603,87.9902,7.64954e-10,30733,0.967162,70.4477,9.04596e-11,52512
24,350,n1->n13->n12->n8->n7->n5->n65->n85->n78->n80->n82->n63->n61->n51,5.37021e+09|6.60497e+13|9.70597e+10|4.61239e+13|3.81012e+11|2.91995e+11|1.12599e+09|2.02447e+09|3.25238e+10|2.45686e+13|1.07979e+13|6.55204e+12|6.44979e+11|7.46708e+11,8.19724e+08|8.87204e+12|2.76143e+10|1.04208e+13|6.70334e+10|4.67133e+10|3.2906e+08|2.41326e+08|2.30731e+10|2.75437e+12|1.66379e+12|2.63574e+12|1.30372e+11|5.06847e+11,0.000494453|0.000787814|0.000201974|6.6054e-05|0.000475679|7.03031e-05|1.96575e-05|2.04325e-05|0.000270955|1.13052e-05|0.000837919|0.000116235|3.71253e-05|0.000185382,0.000316017|0.00788063|0.0016732|0.00522046|0.00104538|0.000196916|0.000428116|0.000338175|0.00167497|0.000238286|0.00271152|0.00126856|0.00313588|0.00344885,0.0109342|0.0476737|0.0313381|0.0318744|0.01754|0.00731162|0.00118659|0.0354515|0.00569443|0.00592883|0.0278433|0.0100727|0.0266048|0.0365406,0.000178506|0.00335145|0.0470205|0.0483133|0.0283975|0.0421608|0.00176737|0.0266209|0.0425349|0.0262948|0.0266174|0.0107197|0.0179693|0.0130093,0.973537|0.954869|0.937315|0.975256|0.963898|0.951514|0.967717|0.940474|0.92832|0.919013|0.934435|0.903245|0.958619|0.98883,4.63983|5.26639|3.07758|3.22282|3.51107|4.90362|4.1126|4.91715|3.3614|0.100836|0.132111|4.68449|2.63855|4.04415,79.8117|56.34|81.3396|55.4093|37.2729|35.0583|82.5435|67.1704|66.5291|47.0365|48.6997|47.0482|66.5616,0.246796|0.206669|0.186476|0.230451|0.176784|0.209201|0.20461|0.184721|0.222935|0.231931|0.175742|0.167884|0.171721,0.338018|0.285239|0.379326|0.745697|0.943162|0.297185|0.519435|0.609732|0.109088|0.796307|0.4301|0.410418|0.235817,0.869523,0.801463,0.117836,0.0993652,0.460468,0.534015,0.0732846,0.487967,0.198257,0.921169,51.6436,5.43263e-12,47756,0.887486,41.1981,1.06086e-12,38445,0.895553,0.876428,0.0878307,0.631141,0.996144,0.511517,0.22039,0.459803,0.228135,0.891603,87.9902,7.64954e-10,30733,0.967162,70.4477,9.04596e-11,52512
24,351,n1->n20->n18->n70->n87->n88->n90->n100->n2->n7->n5->n65->n52->n51,5.37021e+09|4.0293e+11|7.59179e+12|6.87309e+13|7.3435e+12|9.00567e+12|1.33273e+11|4.01966e+09|5.94248e+10|3.81012e+11|2.91995e+11|1.12599e+09|1.02428e+10|7.46708e+11,8.19724e+08|1.89646e+11|4.11836e+12|9.78332e+12|2.79916e+12|8.66002e+12|6.41526e+10|2.27749e+09|3.74975e+10|6.70334e+10|4.67133e+10|3.2906e+08|2.07235e+09|5.06847e+11,0.000494453|5.21063e-05|2.98936e-05|5.13815e-05|0.000634307|6.2721e-05|0.000319756|0.000665246|1.10648e-05|0.000475679|7.03031e-05|1.96575e-05|0.00011644|0.000185382,0.000316017|0.000368678|0.000681499|0.00295865|0.00151267|0.000480267|0.000672662|0.00914892|0.00120557|0.00104538|0.000196916|0.000428116|0.00580301|0.00344885,0.0109342|0.0108696|0.0192976|0.0286141|0.0186268|0.00850464|0.0285929|0.0100829|0.00369149|0.01754|0.00731162|0.00118659|0.0398377|0.0365406,0.000178506|0.0181411|0.0120519|0.0216638|0.00979507|0.0237676|0.0372754|0.0460028|0.0127317|0.0283975|0.0421608|0.00176737|0.0151024|0.0130093,0.973537|0.923215|0.946711|0.966653|0.977244|0.962132|0.984478|0.935175|0.968894|0.963898|0.951514|0.967717|0.965406|0.98883,4.63983|4.79469|4.38273|4.60778|2.33192|1.9653|4.02061|3.89025|4.74216|3.51107|4.90362|4.1126|0.0104102|4.04415,90.7492|89.2299|55.8812|39.9413|57.0974|14.1987|32.7492|37.015|88.6198|37.2729|35.0583|56.1703|83.3731,0.215706|0.247215|0.234874|0.180359|0.227675|0.244274|0.191207|0.17211|0.228013|0.176784|0.209201|0.247907|0.197114,0.53635|0.652252|0.16843|0.129355|0.396625|0.997795|0.878161|0.315214|0.84397|0.943162|0.297185|0.827328|0.942894,0.869523,0.801463,0.117836,0.0993652,0.460468,0.534015,0.0732846,0.487967,0.198257,0.921169,51.6436,5.43263e-12,47756,0.887486,41.1981,1.06086e-12,38445,0.895553,0.876428,0.0878307,0.631141,0.996144,0.511517,0.22039,0.459803,0.228135,0.891603,87.9902,7.64954e-10,30733,0.967162,70.4477,9.04596e-11,52512
24,352,n1->n20->n18->n70->n87->n86->n76->n75->n14->n13->n15->n63->n61->n51,5.37021e+09|4.0293e+11|7.59179e+12|6.87309e+13|7.3435e+12|3.85304e+10|4.21804e+13|8.71921e+10|3.70261e+10|6.60497e+13|8.77071e+11|6.55204e+12|6.44979e+11|7.46708e+11,8.19724e+08|1.89646e+11|4.11836e+12|9.78332e+12|2.79916e+12|4.69095e+09|1.15782e+13|5.29113e+10|1.44234e+10|8.87204e+12|1.06991e+11|2.63574e+12|1.30372e+11|5.06847e+11,0.000494453|5.21063e-05|2.98936e-05|5.13815e-05|0.000634307|6.21631e-05|1.88608e-05|0.000766915|3.25754e-05|0.000787814|0.000182949|0.000116235|3.71253e-05|0.000185382,0.000316017|0.000368678|0.000681499|0.00295865|0.00151267|0.00341054|0.00214239|0.000203965|0.000181646|0.00788063|0.00274771|0.00126856|0.00313588|0.00344885,0.0109342|0.0108696|0.0192976|0.0286141|0.0186268|0.0237043|0.00156873|0.0243876|0.0426128|0.0476737|0.0207315|0.0100727|0.0266048|0.0365406,0.000178506|0.0181411|0.0120519|0.0216638|0.00979507|0.0488574|0.0470058|0.0250863|0.049061|0.00335145|0.0378122|0.0107197|0.0179693|0.0130093,0.973537|0.923215|0.946711|0.966653|0.977244|0.981332|0.989289|0.936129|0.906626|0.954869|0.910795|0.903245|0.958619|0.98883,4.63983|4.79469|4.38273|4.60778|2.33192|4.96971|0.578949|3.39264|0.762282|5.26639|1.89272|4.68449|2.63855|4.04415,90.7492|89.2299|55.8812|39.9413|88.9922|37.5994|63.5216|56.2706|92.5451|66.6304|11.0615|47.0482|66.5616,0.215706|0.247215|0.234874|0.180359|0.246364|0.17745|0.207806|0.226178|0.191459|0.179788|0.214255|0.167884|0.171721,0.53635|0.652252|0.16843|0.129355|0.83582|0.871942|0.844544|0.725021|0.161307|0.275394|0.692153|0.410418|0.235817,0.869523,0.801463,0.117836,0.0993652,0.460468,0.534015,0.0732846,0.487967,0.198257,0.921169,51.6436,5.43263e-12,47756,0.887486,41.1981,1.06086e-12,38445,0.895553,0.876428,0.0878307,0.631141,0.996144,0.511517,0.22039,0.459803,0.228135,0.891603,87.9902,7.64954e-10,30733,0.967162,70.4477,9.04596e-11,52512
24,353,n1->n13->n15->n34->n35->n33->n6->n12->n14->n96->n97->n27->n52->n51,5.37021e+09|6.60497e+13|8.77071e+11|4.7313e+12|5.77859e+11|3.64323e+13|1.14208e+09|9.70597e+10|3.70261e+10|2.51165e+12|2.90604e+09|4.19351e+12|1.02428e+10|7.46708e+11,8.19724e+08|8.87204e+12|1.06991e+11|1.15705e+12|4.88834e+11|6.32377e+12|2.20459e+08|2.76143e+10|1.44234e+10|5.36324e+11|5.04144e+08|8.73344e+11|2.07235e+09|5.06847e+11,0.000494453|0.000787814|0.000182949|0.000140889|0.000412952|1.50316e-05|1.08483e-05|0.000201974|3.25754e-05|1.2987e-05|8.81202e-05|1.08528e-05|0.00011644|0.000185382,0.000316017|0.00788063|0.00274771|0.000270551|0.00138752|0.00213059|0.00010157|0.0016732|0.000181646|0.000286765|0.00494291|0.00262605|0.00580301|0.00344885,0.0109342|0.0476737|0.0207315|0.0276207|0.00215298|0.00968695|0.00160082|0.0313381|0.0426128|0.0377902|0.0381696|0.0303206|0.0398377|0.0365406,0.000178506|0.00335145|0.0378122|0.0210615|0.0375959|0.0280967|0.0260762|0.0470205|0.049061|0.0195364|0.00800322|0.0230682|0.0151024|0.0130093,0.973537|0.954869|0.910795|0.904866|0.952159|0.923653|0.908628|0.937315|0.906626|0.951762|0.90679|0.985376|0.965406|0.98883,4.63983|5.26639|1.89272|4.56594|5.24666|1.04264|5.01633|3.07758|0.762282|0.85792|1.41691|4.5695|0.0104102|4.04415,79.8117|66.6304|27.3162|26.2497|93.5115|50.0569|32.9383|51.9585|54.7186|37.9513|31.5608|46.2248|83.3731,0.246796|0.179788|0.231681|0.244194|0.242679|0.19306|0.230728|0.222459|0.208433|0.246589|0.219936|0.183493|0.197114,0.338018|0.275394|0.750497|0.307851|0.487093|0.116472|0.628307|0.326911|0.448351|0.157157|0.557853|0.657987|0.942894,0.869523,0.801463,0.117836,0.0993652,0.460468,0.534015,0.0732846,0.487967,0.198257,0.921169,51.6436,5.43263e-12,47756,0.887486,41.1981,1.06086e-12,38445,0.895553,0.876428,0.0878307,0.631141,0.996144,0.511517,0.22039,0.459803,0.228135,0.891603,87.9902,7.64954e-10,30733,0.967162,70.4477,9.04596e-11,52512
24,354,n1->n99->n77->n23->n21->n67->n38->n36->n64->n49->n47->n48->n50->n51,5.37021e+09|1.57108e+10|5.68112e+11|4.63033e+10|1.56161e+12|4.7483e+09|1.16426e+13|7.73972e+11|4.21034e+09|2.45005e+09|4.74236e+11|3.98001e+12|2.36425e+09|7.46708e+11,8.19724e+08|4.21389e+09|3.56307e+11|3.30225e+10|3.02345e+11|7.5553e+08|1.19258e+12|7.77593e+10|1.60867e+09|2.44458e+09|1.54765e+11|1.69514e+12|4.07889e+08|5.06847e+11,0.000494453|0.00089026|8.49487e-05|0.000277161|0.00096308|3.91885e-05|1.04425e-05|0.000426407|1.88732e-05|1.07426e-05|0.000202873|4.78153e-05|1.54283e-05|0.000185382,0.000316017|0.000350126|0.000906866|0.00418014|0.00195589|0.000640186|0.00950649|0.00396778|0.000135861|0.000979027|0.000266598|0.00544009|0.00907722|0.00344885,0.0109342|0.0362414|0.04851|0.00314906|0.00712365|0.029632|0.0263713|0.00497013|0.0266797|0.0183567|0.00898217|0.0455031|0.00638914|0.0365406,0.000178506|0.0472365|0.0115254|0.0470385|0.0414669|0.0482082|0.00318517|0.0341912|0.0436548|0.0388066|0.0488958|0.0360942|0.0483596|0.0130093,0.973537|0.953794|0.949999|0.92176|0.971602|0.924883|0.902547|0.94998|0.933821|0.969899|0.9108|0.967439|0.910708|0.98883,4.63983|3.07459|0.722366|2.08786|3.14177|2.06342|5.09423|3.70656|5.77568|3.94615|6.27947|3.09858|5.41755|4.04415,66.2586|96.5216|39.0733|88.4205|42.5138|59.2872|61.2725|43.8659|77.768|91.8261|78.8723|23.5956|82.9474,0.180129|0.241387|0.178948|0.232237|0.197352|0.200548|0.204351|0.241695|0.165457|0.228404|0.239998|0.191801|0.24308,0.323551|0.664018|0.23533|0.516177|0.602799|0.127053|0.413834|0.590576|0.348083|0.133861|0.300482|0.688345|0.624607,0.869523,0.801463,0.117836,0.0993652,0.460468,0.534015,0.0732846,0.487967,0.198257,0.921169,51.6436,5.43263e-12,47756,0.887486,41.1981,1.06086e-12,38445,0.895553,0.876428,0.0878307,0.631141,0.996144,0.511517,0.22039,0.459803,0.228135,0.891603,87.9902,7.64954e-10,30733,0.967162,70.4477,9.04596e-11,52512
24,355,n1->n99->n97->n27->n4->n75->n74->n57->n83->n85->n58->n59->n50->n51,5.37021e+09|1.57108e+10|2.90604e+09|4.19351e+12|7.07339e+12|8.71921e+10|5.8385e+13|4.14288e+09|3.76373e+13|2.02447e+09|8.16696e+09|3.04563e+11|2.36425e+09|7.46708e+11,8.19724e+08|4.21389e+09|5.04144e+08|8.73344e+11|2.43435e+12|5.29113e+10|7.35096e+12|2.05006e+09|2.34723e+13|2.41326e+08|6.89506e+09|3.06423e+10|4.07889e+08|5.06847e+11,0.000494453|0.00089026|8.81202e-05|1.08528e-05|0.000113681|0.000766915|0.000875739|0.000173612|1.86087e-05|2.04325e-05|0.000266735|2.43107e-05|1.54283e-05|0.000185382,0.000316017|0.000350126|0.00494291|0.00262605|0.00198341|0.000203965|0.00944671|0.00271581|0.000175452|0.000338175|0.00874893|0.000202742|0.00907722|0.00344885,0.0109342|0.0362414|0.0381696|0.0303206|0.0350273|0.0243876|0.0280357|0.0328142|0.015405|0.0354515|0.0248478|0.00304046|0.00638914|0.0365406,0.000178506|0.0472365|0.00800322|0.0230682|0.0273051|0.0250863|0.0166219|0.0437642|0.038157|0.0266209|0.0481122|0.0474075|0.0483596|0.0130093,0.973537|0.953794|0.90679|0.985376|0.917619|0.936129|0.90082|0.983348|0.947801|0.940474|0.911658|0.99171|0.910708|0.98883,4.63983|3.07459|1.41691|4.5695|1.56082|3.39264|0.0974208|1.93323|4.11052|4.91715|3.70937|5.60303|5.41755|4.04415,66.2586|94.4507|31.5608|52.1141|81.7362|64.3401|95.6836|50.003|92.2019|90.6886|56.397|47.7013|82.9474,0.180129|0.168303|0.219936|0.184605|0.218556|0.220369|0.169856|0.1911|0.231254|0.194345|0.21902|0.170229|0.24308,0.323551|0.263233|0.557853|0.200735|0.847503|0.119032|0.815246|0.161388|0.604504|0.45102|0.533324|0.776444|0.624607,0.869523,0.801463,0.117836,0.0993652,0.460468,0.534015,0.0732846,0.487967,0.198257,0.921169,51.6436,5.43263e-12,47756,0.887486,41.1981,1.06086e-12,38445,0.895553,0.876428,0.0878307,0.631141,0.996144,0.511517,0.22039,0.459803,0.228135,0.891603,87.9902,7.64954e-10,30733,0.967162,70.4477,9.04596e-11,52512
24,356,n1->n99->n98->n57->n83->n85->n84->n56->n90->n100->n73->n54->n53->n52->n51,5.37021e+09|1.57108e+10|1.8266e+13|4.14288e+09|3.76373e+13|2.02447e+09|1.07392e+09|1.1605e+12|1.33273e+11|4.01966e+09|1.41706e+11|2.80961e+11|4.60474e+10|1.02428e+10|7.46708e+11,8.19724e+08|4.21389e+09|5.99087e+12|2.05006e+09|2.34723e+13|2.41326e+08|9.00899e+08|5.65456e+11|6.41526e+10|2.27749e+09|5.76853e+10|2.23178e+11|3.18273e+10|2.07235e+09|5.06847e+11,0.000494453|0.00089026|0.000410965|0.000173612|1.86087e-05|2.04325e-05|2.14473e-05|1.7812e-05|0.000319756|0.000665246|6.32916e-05|1.47667e-05|2.00633e-05|0.00011644|0.000185382,0.000316017|0.000350126|0.000548485|0.00271581|0.000175452|0.000338175|0.000434313|0.000830638|0.000672662|0.00914892|0.000807753|0.00549128|0.000509085|0.00580301|0.00344885,0.0109342|0.0362414|0.0295222|0.0328142|0.015405|0.0354515|0.0473575|0.0231698|0.0285929|0.0100829|0.0455502|0.0334079|5.21659e-05|0.0398377|0.0365406,0.000178506|0.0472365|0.0297366|0.0437642|0.038157|0.0266209|0.0366447|0.0417641|0.0372754|0.0460028|0.028193|0.00844474|0.00115664|0.0151024|0.0130093,0.973537|0.953794|0.959539|0.983348|0.947801|0.940474|0.948551|0.944528|0.984478|0.935175|0.909539|0.927525|0.913872|0.965406|0.98883,4.63983|3.07459|2.95405|1.93323|4.11052|4.91715|5.42186|2.55597|4.02061|3.89025|3.29092|1.22009|0.640024|0.0104102|4.04415,66.2586|58.4557|98.2355|50.003|92.2019|82.1833|34.4372|40.6061|32.7492|20.1165|26.1465|75.3264|81.3721|83.3731,0.180129|0.227784|0.190047|0.1911|0.231254|0.216313|0.222961|0.166746|0.191207|0.175955|0.196311|0.191357|0.184589|0.197114,0.323551|0.686264|0.757428|0.161388|0.604504|0.528406|0.762891|0.163177|0.878161|0.825877|0.754315|0.567841|0.272111|0.942894,0.869523,0.801463,0.117836,0.0993652,0.460468,0.534015,0.0732846,0.487967,0.198257,0.921169,51.6436,5.43263e-12,47756,0.887486,41.1981,1.06086e-12,38445,0.895553,0.876428,0.0878307,0.631141,0.996144,0.511517,0.22039,0.459803,0.228135,0.891603,87.9902,7.64954e-10,30733,0.967162,70.4477,9.04596e-11,52512
24,357,n1->n99->n97->n95->n89->n88->n90->n56->n84->n83->n85->n65->n64->n49->n51,5.37021e+09|1.57108e+10|2.90604e+09|1.05601e+11|2.68119e+11|9.00567e+12|1.33273e+11|1.1605e+12|1.07392e+09|3.76373e+13|2.02447e+09|1.12599e+09|4.21034e+09|2.45005e+09|7.46708e+11,8.19724e+08|4.21389e+09|5.04144e+08|5.46554e+10|9.23423e+10|8.66002e+12|6.41526e+10|5.65456e+11|9.00899e+08|2.34723e+13|2.41326e+08|3.2906e+08|1.60867e+09|2.44458e+09|5.06847e+11,0.000494453|0.00089026|8.81202e-05|0.000260968|3.55201e-05|6.2721e-05|0.000319756|1.7812e-05|2.14473e-05|1.86087e-05|2.04325e-05|1.96575e-05|1.88732e-05|1.07426e-05|0.000185382,0.000316017|0.000350126|0.00494291|0.000186877|0.000111435|0.000480267|0.000672662|0.000830638|0.000434313|0.000175452|0.000338175|0.000428116|0.000135861|0.000979027|0.00344885,0.0109342|0.0362414|0.0381696|0.00282907|0.0107812|0.00850464|0.0285929|0.0231698|0.0473575|0.015405|0.0354515|0.00118659|0.0266797|0.0183567|0.0365406,0.000178506|0.0472365|0.00800322|0.0420997|0.0401575|0.0237676|0.0372754|0.0417641|0.0366447|0.038157|0.0266209|0.00176737|0.0436548|0.0388066|0.0130093,0.973537|0.953794|0.90679|0.966581|0.926416|0.962132|0.984478|0.944528|0.948551|0.947801|0.940474|0.967717|0.933821|0.969899|0.98883,4.63983|3.07459|1.41691|1.09944|0.0868458|1.9653|4.02061|2.55597|5.42186|4.11052|4.91715|4.1126|5.77568|3.94615|4.04415,66.2586|94.4507|11.8968|11.8194|92.4072|14.1987|40.6061|34.4372|20.1884|92.2019|82.5435|56.7563|77.768|10.4661,0.180129|0.168303|0.228013|0.168449|0.203687|0.244274|0.166746|0.222961|0.246081|0.231254|0.20461|0.186349|0.165457|0.216931,0.323551|0.263233|0.342677|0.776387|0.876618|0.997795|0.163177|0.762891|0.599197|0.604504|0.519435|0.927837|0.348083|0.516407,0.869523,0.801463,0.117836,0.0993652,0.460468,0.534015,0.0732846,0.487967,0.198257,0.921169,51.6436,5.43263e-12,47756,0.887486,41.1981,1.06086e-12,38445,0.895553,0.876428,0.0878307,0.631141,0.996144,0.511517,0.22039,0.459803,0.228135,0.891603,87.9902,7.64954e-10,30733,0.967162,70.4477,9.04596e-11,52512
24,358,n1->n99->n77->n23->n21->n20->n19->n18->n16->n38->n36->n64->n93->n94->n51,5.37021e+09|1.57108e+10|5.68112e+11|4.63033e+10|1.56161e+12|4.0293e+11|2.47533e+11|7.59179e+12|1.09193e+13|1.16426e+13|7.73972e+11|4.21034e+09|4.22601e+13|1.36531e+10|7.46708e+11,8.19724e+08|4.21389e+09|3.56307e+11|3.30225e+10|3.02345e+11|1.89646e+11|2.33399e+11|4.11836e+12|1.33827e+12|1.19258e+12|7.77593e+10|1.60867e+09|1.3774e+13|1.67171e+09|5.06847e+11,0.000494453|0.00089026|8.49487e-05|0.000277161|0.00096308|5.21063e-05|0.000261527|2.98936e-05|3.71682e-05|1.04425e-05|0.000426407|1.88732e-05|8.45967e-05|2.95455e-05|0.000185382,0.000316017|0.000350126|0.000906866|0.00418014|0.00195589|0.000368678|0.000768065|0.000681499|0.00174713|0.00950649|0.00396778|0.000135861|0.000162335|0.000125263|0.00344885,0.0109342|0.0362414|0.04851|0.00314906|0.00712365|0.0108696|0.0201979|0.0192976|0.0123696|0.0263713|0.00497013|0.0266797|0.0108045|0.00830448|0.0365406,0.000178506|0.0472365|0.0115254|0.0470385|0.0414669|0.0181411|0.0291803|0.0120519|0.0240438|0.00318517|0.0341912|0.0436548|0.0326183|0.0293842|0.0130093,0.973537|0.953794|0.949999|0.92176|0.971602|0.923215|0.941018|0.946711|0.979533|0.902547|0.94998|0.933821|0.912097|0.927471|0.98883,4.63983|3.07459|0.722366|2.08786|3.14177|4.79469|1.39448|4.38273|1.69436|5.09423|3.70656|5.77568|5.92115|5.03384|4.04415,66.2586|96.5216|39.0733|88.4205|76.7594|86.2435|34.0839|72.2829|28.0546|61.2725|43.8659|32.5899|63.1349|11.2844,0.180129|0.241387|0.178948|0.232237|0.218425|0.182991|0.248409|0.180241|0.17367|0.204351|0.241695|0.178102|0.209804|0.200895,0.323551|0.664018|0.23533|0.516177|0.515127|0.182796|0.983209|0.553025|0.828443|0.413834|0.590576|0.548301|0.17375|0.836539,0.869523,0.801463,0.117836,0.0993652,0.460468,0.534015,0.0732846,0.487967,0.198257,0.921169,51.6436,5.43263e-12,47756,0.887486,41.1981,1.06086e-12,38445,0.895553,0.876428,0.0878307,0.631141,0.996144,0.511517,0.22039,0.459803,0.228135,0.891603,87.9902,7.64954e-10,30733,0.967162,70.4477,9.04596e-11,52512
24,359,n1->n20->n89->n95->n97->n99->n98->n57->n83->n23->n21->n67->n64->n49->n51,5.37021e+09|4.0293e+11|2.68119e+11|1.05601e+11|2.90604e+09|1.57108e+10|1.8266e+13|4.14288e+09|3.76373e+13|4.63033e+10|1.56161e+12|4.7483e+09|4.21034e+09|2.45005e+09|7.46708e+11,8.19724e+08|1.89646e+11|9.23423e+10|5.46554e+10|5.04144e+08|4.21389e+09|5.99087e+12|2.05006e+09|2.34723e+13|3.30225e+10|3.02345e+11|7.5553e+08|1.60867e+09|2.44458e+09|5.06847e+11,0.000494453|5.21063e-05|3.55201e-05|0.000260968|8.81202e-05|0.00089026|0.000410965|0.000173612|1.86087e-05|0.000277161|0.00096308|3.91885e-05|1.88732e-05|1.07426e-05|0.000185382,0.000316017|0.000368678|0.000111435|0.000186877|0.00494291|0.000350126|0.000548485|0.00271581|0.000175452|0.00418014|0.00195589|0.000640186|0.000135861|0.000979027|0.00344885,0.0109342|0.0108696|0.0107812|0.00282907|0.0381696|0.0362414|0.0295222|0.0328142|0.015405|0.00314906|0.00712365|0.029632|0.0266797|0.0183567|0.0365406,0.000178506|0.0181411|0.0401575|0.0420997|0.00800322|0.0472365|0.0297366|0.0437642|0.038157|0.0470385|0.0414669|0.0482082|0.0436548|0.0388066|0.0130093,0.973537|0.923215|0.926416|0.966581|0.90679|0.953794|0.959539|0.983348|0.947801|0.92176|0.971602|0.924883|0.933821|0.969899|0.98883,4.63983|4.79469|0.0868458|1.09944|1.41691|3.07459|2.95405|1.93323|4.11052|2.08786|3.14177|2.06342|5.77568|3.94615|4.04415,90.7492|18.2346|11.8194|11.8968|94.4507|58.4557|98.2355|50.003|23.518|88.4205|42.5138|95.5844|77.768|10.4661,0.215706|0.231355|0.168449|0.228013|0.168303|0.227784|0.190047|0.1911|0.181099|0.232237|0.197352|0.248978|0.165457|0.216931,0.53635|0.595303|0.776387|0.342677|0.263233|0.686264|0.757428|0.161388|0.741177|0.516177|0.602799|0.480161|0.348083|0.516407,0.869523,0.801463,0.117836,0.0993652,0.460468,0.534015,0.0732846,0.487967,0.198257,0.921169,51.6436,5.43263e-12,47756,0.887486,41.1981,1.06086e-12,38445,0.895553,0.876428,0.0878307,0.631141,0.996144,0.511517,0.22039,0.459803,0.228135,0.891603,87.9902,7.64954e-10,30733,0.967162,70.4477,9.04596e-11,52512
24,360,n1->n13->n12->n8->n7->n5->n3->n69->n76->n74->n75->n14->n96->n94->n51,5.37021e+09|6.60497e+13|9.70597e+10|4.61239e+13|3.81012e+11|2.91995e+11|2.78751e+13|8.81277e+09|4.21804e+13|5.8385e+13|8.71921e+10|3.70261e+10|2.51165e+12|1.36531e+10|7.46708e+11,8.19724e+08|8.87204e+12|2.76143e+10|1.04208e+13|6.70334e+10|4.67133e+10|1.44762e+13|7.57626e+09|1.15782e+13|7.35096e+12|5.29113e+10|1.44234e+10|5.36324e+11|1.67171e+09|5.06847e+11,0.000494453|0.000787814|0.000201974|6.6054e-05|0.000475679|7.03031e-05|0.00022361|0.000268039|1.88608e-05|0.000875739|0.000766915|3.25754e-05|1.2987e-05|2.95455e-05|0.000185382,0.000316017|0.00788063|0.0016732|0.00522046|0.00104538|0.000196916|0.00776667|0.00367819|0.00214239|0.00944671|0.000203965|0.000181646|0.000286765|0.000125263|0.00344885,0.0109342|0.0476737|0.0313381|0.0318744|0.01754|0.00731162|0.0268705|0.022957|0.00156873|0.0280357|0.0243876|0.0426128|0.0377902|0.00830448|0.0365406,0.000178506|0.00335145|0.0470205|0.0483133|0.0283975|0.0421608|0.0326941|0.0100342|0.0470058|0.0166219|0.0250863|0.049061|0.0195364|0.0293842|0.0130093,0.973537|0.954869|0.937315|0.975256|0.963898|0.951514|0.982466|0.975915|0.989289|0.90082|0.936129|0.906626|0.951762|0.927471|0.98883,4.63983|5.26639|3.07758|3.22282|3.51107|4.90362|4.79844|2.99986|0.578949|0.0974208|3.39264|0.762282|0.85792|5.03384|4.04415,79.8117|56.34|81.3396|55.4093|37.2729|10.4739|83.9106|66.666|53.1277|64.3401|56.2706|54.7186|71.0086|11.2844,0.246796|0.206669|0.186476|0.230451|0.176784|0.163561|0.204476|0.212271|0.181342|0.220369|0.226178|0.208433|0.230021|0.200895,0.338018|0.285239|0.379326|0.745697|0.943162|0.469027|0.65353|0.890059|0.519715|0.119032|0.725021|0.448351|0.131268|0.836539,0.869523,0.801463,0.117836,0.0993652,0.460468,0.534015,0.0732846,0.487967,0.198257,0.921169,51.6436,5.43263e-12,47756,0.887486,41.1981,1.06086e-12,38445,0.895553,0.876428,0.0878307,0.631141,0.996144,0.511517,0.22039,0.459803,0.228135,0.891603,87.9902,7.64954e-10,30733,0.967162,70.4477,9.04596e-11,52512
24,361,n1->n13->n15->n63->n10->n39->n41->n44->n45->n72->n73->n54->n53->n52->n51,5.37021e+09|6.60497e+13|8.77071e+11|6.55204e+12|2.49624e+09|3.34792e+13|3.95737e+11|5.26537e+13|8.38488e+13|6.83442e+09|1.41706e+11|2.80961e+11|4.60474e+10|1.02428e+10|7.46708e+11,8.19724e+08|8.87204e+12|1.06991e+11|2.63574e+12|7.32581e+08|1.12013e+13|1.47899e+11|2.86817e+13|1.01787e+13|1.48353e+09|5.76853e+10|2.23178e+11|3.18273e+10|2.07235e+09|5.06847e+11,0.000494453|0.000787814|0.000182949|0.000116235|6.27016e-05|5.53896e-05|2.35935e-05|0.000124649|1.67225e-05|0.000159499|6.32916e-05|1.47667e-05|2.00633e-05|0.00011644|0.000185382,0.000316017|0.00788063|0.00274771|0.00126856|0.00113469|0.0025393|0.00412419|0.00158999|0.000742576|0.00384342|0.000807753|0.00549128|0.000509085|0.00580301|0.00344885,0.0109342|0.0476737|0.0207315|0.0100727|0.00597815|0.00111942|0.00451081|0.0486405|0.00846218|0.0479977|0.0455502|0.0334079|5.21659e-05|0.0398377|0.0365406,0.000178506|0.00335145|0.0378122|0.0107197|0.0245713|0.0449458|0.00491436|0.00764508|0.0342415|0.0299903|0.028193|0.00844474|0.00115664|0.0151024|0.0130093,0.973537|0.954869|0.910795|0.903245|0.962416|0.924329|0.923722|0.932977|0.934264|0.96924|0.909539|0.927525|0.913872|0.965406|0.98883,4.63983|5.26639|1.89272|4.68449|1.97158|1.19952|4.11092|2.64532|5.31688|3.90463|3.29092|1.22009|0.640024|0.0104102|4.04415,79.8117|66.6304|11.0615|65.1286|24.4191|38.9947|12.7315|57.1366|63.1262|29.1617|26.1465|75.3264|81.3721|83.3731,0.246796|0.179788|0.214255|0.203746|0.239532|0.18226|0.246433|0.235241|0.243732|0.178937|0.196311|0.191357|0.184589|0.197114,0.338018|0.275394|0.692153|0.514129|0.991722|0.988985|0.665882|0.218954|0.65643|0.920295|0.754315|0.567841|0.272111|0.942894,0.869523,0.801463,0.117836,0.0993652,0.460468,0.534015,0.0732846,0.487967,0.198257,0.921169,51.6436,5.43263e-12,47756,0.887486,41.1981,1.06086e-12,38445,0.895553,0.876428,0.0878307,0.631141,0.996144,0.511517,0.22039,0.459803,0.228135,0.891603,87.9902,7.64954e-10,30733,0.967162,70.4477,9.04596e-11,52512
24,362,n1->n99->n97->n27->n25->n26->n24->n23->n77->n93->n95->n82->n63->n61->n51,5.37021e+09|1.57108e+10|2.90604e+09|4.19351e+12|1.67189e+13|7.09351e+09|1.59557e+13|4.63033e+10|5.68112e+11|4.22601e+13|1.05601e+11|1.07979e+13|6.55204e+12|6.44979e+11|7.46708e+11,8.19724e+08|4.21389e+09|5.04144e+08|8.73344e+11|1.40059e+13|1.31666e+09|4.06569e+12|3.30225e+10|3.56307e+11|1.3774e+13|5.46554e+10|1.66379e+12|2.63574e+12|1.30372e+11|5.06847e+11,0.000494453|0.00089026|8.81202e-05|1.08528e-05|6.30741e-05|3.77967e-05|0.000193265|0.000277161|8.49487e-05|8.45967e-05|0.000260968|0.000837919|0.000116235|3.71253e-05|0.000185382,0.000316017|0.000350126|0.00494291|0.00262605|0.00294926|0.00522178|0.0012727|0.00418014|0.000906866|0.000162335|0.000186877|0.00271152|0.00126856|0.00313588|0.00344885,0.0109342|0.0362414|0.0381696|0.0303206|0.0195393|0.0101688|0.0433038|0.00314906|0.04851|0.0108045|0.00282907|0.0278433|0.0100727|0.0266048|0.0365406,0.000178506|0.0472365|0.00800322|0.0230682|0.0159438|0.0409649|0.00780618|0.0470385|0.0115254|0.0326183|0.0420997|0.0266174|0.0107197|0.0179693|0.0130093,0.973537|0.953794|0.90679|0.985376|0.9023|0.981638|0.90929|0.92176|0.949999|0.912097|0.966581|0.934435|0.903245|0.958619|0.98883,4.63983|3.07459|1.41691|4.5695|1.57149|2.91399|3.9732|2.08786|0.722366|5.92115|1.09944|0.132111|4.68449|2.63855|4.04415,66.2586|94.4507|31.5608|64.4551|63.0993|83.4704|44.8869|39.0733|51.9256|24.941|75.699|48.6997|47.0482|66.5616,0.180129|0.168303|0.219936|0.242248|0.228799|0.216464|0.161116|0.178948|0.247077|0.237661|0.21275|0.175742|0.167884|0.171721,0.323551|0.263233|0.557853|0.837222|0.359402|0.583168|0.528582|0.23533|0.469529|0.985064|0.837867|0.4301|0.410418|0.235817,0.869523,0.801463,0.117836,0.0993652,0.460468,0.534015,0.0732846,0.487967,0.198257,0.921169,51.6436,5.43263e-12,47756,0.887486,41.1981,1.06086e-12,38445,0.895553,0.876428,0.0878307,0.631141,0.996144,0.511517,0.22039,0.459803,0.228135,0.891603,87.9902,7.64954e-10,30733,0.967162,70.4477,9.04596e-11,52512
24,363,n1->n13->n11->n9->n10->n8->n12->n14->n75->n73->n100->n90->n59->n50->n51,5.37021e+09|6.60497e+13|1.78735e+12|1.49139e+12|2.49624e+09|4.61239e+13|9.70597e+10|3.70261e+10|8.71921e+10|1.41706e+11|4.01966e+09|1.33273e+11|3.04563e+11|2.36425e+09|7.46708e+11,8.19724e+08|8.87204e+12|3.29521e+11|3.79906e+11|7.32581e+08|1.04208e+13|2.76143e+10|1.44234e+10|5.29113e+10|5.76853e+10|2.27749e+09|6.41526e+10|3.06423e+10|4.07889e+08|5.06847e+11,0.000494453|0.000787814|5.47786e-05|1.80008e-05|6.27016e-05|6.6054e-05|0.000201974|3.25754e-05|0.000766915|6.32916e-05|0.000665246|0.000319756|2.43107e-05|1.54283e-05|0.000185382,0.000316017|0.00788063|0.00652494|0.00065196|0.00113469|0.00522046|0.0016732|0.000181646|0.000203965|0.000807753|0.00914892|0.000672662|0.000202742|0.00907722|0.00344885,0.0109342|0.0476737|0.00125292|0.0140743|0.00597815|0.0318744|0.0313381|0.0426128|0.0243876|0.0455502|0.0100829|0.0285929|0.00304046|0.00638914|0.0365406,0.000178506|0.00335145|0.0136412|0.033904|0.0245713|0.0483133|0.0470205|0.049061|0.0250863|0.028193|0.0460028|0.0372754|0.0474075|0.0483596|0.0130093,0.973537|0.954869|0.988894|0.963574|0.962416|0.975256|0.937315|0.906626|0.936129|0.909539|0.935175|0.984478|0.99171|0.910708|0.98883,4.63983|5.26639|0.923897|5.88966|1.97158|3.22282|3.07758|0.762282|3.39264|3.29092|3.89025|4.02061|5.60303|5.41755|4.04415,79.8117|13.9548|99.0064|65.9961|99.595|81.3396|51.9585|56.2706|85.6152|20.1165|32.7492|62.2588|47.7013|82.9474,0.246796|0.189728|0.201409|0.193896|0.184434|0.186476|0.222459|0.226178|0.185893|0.175955|0.191207|0.169222|0.170229|0.24308,0.338018|0.801183|0.439638|0.982181|0.703378|0.379326|0.326911|0.725021|0.624191|0.825877|0.878161|0.361153|0.776444|0.624607,0.869523,0.801463,0.117836,0.0993652,0.460468,0.534015,0.0732846,0.487967,0.198257,0.921169,51.6436,5.43263e-12,47756,0.887486,41.1981,1.06086e-12,38445,0.895553,0.876428,0.0878307,0.631141,0.996144,0.511517,0.22039,0.459803,0.228135,0.891603,87.9902,7.64954e-10,30733,0.967162,70.4477,9.04596e-11,52512
24,364,n1->n20->n18->n19->n17->n68->n58->n59->n90->n56->n84->n85->n65->n52->n51,5.37021e+09|4.0293e+11|7.59179e+12|2.47533e+11|1.51096e+11|1.31753e+09|8.16696e+09|3.04563e+11|1.33273e+11|1.1605e+12|1.07392e+09|2.02447e+09|1.12599e+09|1.02428e+10|7.46708e+11,8.19724e+08|1.89646e+11|4.11836e+12|2.33399e+11|1.57582e+10|3.10679e+08|6.89506e+09|3.06423e+10|6.41526e+10|5.65456e+11|9.00899e+08|2.41326e+08|3.2906e+08|2.07235e+09|5.06847e+11,0.000494453|5.21063e-05|2.98936e-05|0.000261527|0.000261059|0.000223952|0.000266735|2.43107e-05|0.000319756|1.7812e-05|2.14473e-05|2.04325e-05|1.96575e-05|0.00011644|0.000185382,0.000316017|0.000368678|0.000681499|0.000768065|0.000513001|0.00843573|0.00874893|0.000202742|0.000672662|0.000830638|0.000434313|0.000338175|0.000428116|0.00580301|0.00344885,0.0109342|0.0108696|0.0192976|0.0201979|0.0430027|0.0370095|0.0248478|0.00304046|0.0285929|0.0231698|0.0473575|0.0354515|0.00118659|0.0398377|0.0365406,0.000178506|0.0181411|0.0120519|0.0291803|0.00442808|0.00589983|0.0481122|0.0474075|0.0372754|0.0417641|0.0366447|0.0266209|0.00176737|0.0151024|0.0130093,0.973537|0.923215|0.946711|0.941018|0.974312|0.984554|0.911658|0.99171|0.984478|0.944528|0.948551|0.940474|0.967717|0.965406|0.98883,4.63983|4.79469|4.38273|1.39448|5.11322|5.26958|3.70937|5.60303|4.02061|2.55597|5.42186|4.91715|4.1126|0.0104102|4.04415,90.7492|89.2299|34.0839|10.3361|23.9015|56.905|56.397|62.2588|40.6061|34.4372|82.1833|82.5435|56.1703|83.3731,0.215706|0.247215|0.248409|0.172286|0.236806|0.185169|0.21902|0.169222|0.166746|0.222961|0.216313|0.20461|0.247907|0.197114,0.53635|0.652252|0.983209|0.559133|0.2818|0.476138|0.533324|0.361153|0.163177|0.762891|0.528406|0.519435|0.827328|0.942894,0.869523,0.801463,0.117836,0.0993652,0.460468,0.534015,0.0732846,0.487967,0.198257,0.921169,51.6436,5.43263e-12,47756,0.887486,41.1981,1.06086e-12,38445,0.895553,0.876428,0.0878307,0.631141,0.996144,0.511517,0.22039,0.459803,0.228135,0.891603,87.9902,7.64954e-10,30733,0.967162,70.4477,9.04596e-11,52512
24,365,n1->n13->n11->n29->n31->n33->n24->n71->n75->n14->n96->n97->n27->n52->n51,5.37021e+09|6.60497e+13|1.78735e+12|3.6336e+13|4.79342e+12|3.64323e+13|1.59557e+13|7.70008e+11|8.71921e+10|3.70261e+10|2.51165e+12|2.90604e+09|4.19351e+12|1.02428e+10|7.46708e+11,8.19724e+08|8.87204e+12|3.29521e+11|1.77292e+13|4.42443e+12|6.32377e+12|4.06569e+12|1.60546e+11|5.29113e+10|1.44234e+10|5.36324e+11|5.04144e+08|8.73344e+11|2.07235e+09|5.06847e+11,0.000494453|0.000787814|5.47786e-05|0.000125062|0.00024651|1.50316e-05|0.000193265|0.00017279|0.000766915|3.25754e-05|1.2987e-05|8.81202e-05|1.08528e-05|0.00011644|0.000185382,0.000316017|0.00788063|0.00652494|0.00231296|0.00308746|0.00213059|0.0012727|0.00123164|0.000203965|0.000181646|0.000286765|0.00494291|0.00262605|0.00580301|0.00344885,0.0109342|0.0476737|0.00125292|0.0255931|0.0211034|0.00968695|0.0433038|0.0398828|0.0243876|0.0426128|0.0377902|0.0381696|0.0303206|0.0398377|0.0365406,0.000178506|0.00335145|0.0136412|0.00291922|0.0151027|0.0280967|0.00780618|0.0326729|0.0250863|0.049061|0.0195364|0.00800322|0.0230682|0.0151024|0.0130093,0.973537|0.954869|0.988894|0.962742|0.943878|0.923653|0.90929|0.947193|0.936129|0.906626|0.951762|0.90679|0.985376|0.965406|0.98883,4.63983|5.26639|0.923897|0.0327787|4.82496|1.04264|3.9732|0.117525|3.39264|0.762282|0.85792|1.41691|4.5695|0.0104102|4.04415,79.8117|13.9548|13.2112|70.4589|95.0453|98.0873|44.1502|14.5634|56.2706|54.7186|37.9513|31.5608|46.2248|83.3731,0.246796|0.189728|0.219003|0.246199|0.234751|0.239791|0.204574|0.169453|0.226178|0.208433|0.246589|0.219936|0.183493|0.197114,0.338018|0.801183|0.427028|0.415176|0.258586|0.939209|0.45026|0.275247|0.725021|0.448351|0.157157|0.557853|0.657987|0.942894,0.869523,0.801463,0.117836,0.0993652,0.460468,0.534015,0.0732846,0.487967,0.198257,0.921169,51.6436,5.43263e-12,47756,0.887486,41.1981,1.06086e-12,38445,0.895553,0.876428,0.0878307,0.631141,0.996144,0.511517,0.22039,0.459803,0.228135,0.891603,87.9902,7.64954e-10,30733,0.967162,70.4477,9.04596e-11,52512
24,366,n1->n13->n15->n34->n36->n64->n67->n38->n16->n18->n20->n89->n48->n50->n51,5.37021e+09|6.60497e+13|8.77071e+11|4.7313e+12|7.73972e+11|4.21034e+09|4.7483e+09|1.16426e+13|1.09193e+13|7.59179e+12|4.0293e+11|2.68119e+11|3.98001e+12|2.36425e+09|7.46708e+11,8.19724e+08|8.87204e+12|1.06991e+11|1.15705e+12|7.77593e+10|1.60867e+09|7.5553e+08|1.19258e+12|1.33827e+12|4.11836e+12|1.89646e+11|9.23423e+10|1.69514e+12|4.07889e+08|5.06847e+11,0.000494453|0.000787814|0.000182949|0.000140889|0.000426407|1.88732e-05|3.91885e-05|1.04425e-05|3.71682e-05|2.98936e-05|5.21063e-05|3.55201e-05|4.78153e-05|1.54283e-05|0.000185382,0.000316017|0.00788063|0.00274771|0.000270551|0.00396778|0.000135861|0.000640186|0.00950649|0.00174713|0.000681499|0.000368678|0.000111435|0.00544009|0.00907722|0.00344885,0.0109342|0.0476737|0.0207315|0.0276207|0.00497013|0.0266797|0.029632|0.0263713|0.0123696|0.0192976|0.0108696|0.0107812|0.0455031|0.00638914|0.0365406,0.000178506|0.00335145|0.0378122|0.0210615|0.0341912|0.0436548|0.0482082|0.00318517|0.0240438|0.0120519|0.0181411|0.0401575|0.0360942|0.0483596|0.0130093,0.973537|0.954869|0.910795|0.904866|0.94998|0.933821|0.924883|0.902547|0.979533|0.946711|0.923215|0.926416|0.967439|0.910708|0.98883,4.63983|5.26639|1.89272|4.56594|3.70656|5.77568|2.06342|5.09423|1.69436|4.38273|4.79469|0.0868458|3.09858|5.41755|4.04415,79.8117|66.6304|27.3162|89.5651|43.8659|95.5844|59.2872|28.0546|72.2829|89.2299|18.2346|94.0077|23.5956|82.9474,0.246796|0.179788|0.231681|0.241996|0.241695|0.248978|0.200548|0.17367|0.180241|0.247215|0.231355|0.234363|0.191801|0.24308,0.338018|0.275394|0.750497|0.265381|0.590576|0.480161|0.127053|0.828443|0.553025|0.652252|0.595303|0.948873|0.688345|0.624607,0.869523,0.801463,0.117836,0.0993652,0.460468,0.534015,0.0732846,0.487967,0.198257,0.921169,51.6436,5.43263e-12,47756,0.887486,41.1981,1.06086e-12,38445,0.895553,0.876428,0.0878307,0.631141,0.996144,0.511517,0.22039,0.459803,0.228135,0.891603,87.9902,7.64954e-10,30733,0.967162,70.4477,9.04596e-11,52512
24,367,n1->n99->n97->n27->n28->n29->n31->n32->n33->n6->n12->n14->n96->n94->n51,5.37021e+09|1.57108e+10|2.90604e+09|4.19351e+12|1.34247e+11|3.6336e+13|4.79342e+12|1.78367e+12|3.64323e+13|1.14208e+09|9.70597e+10|3.70261e+10|2.51165e+12|1.36531e+10|7.46708e+11,8.19724e+08|4.21389e+09|5.04144e+08|8.73344e+11|1.51805e+10|1.77292e+13|4.42443e+12|1.05491e+12|6.32377e+12|2.20459e+08|2.76143e+10|1.44234e+10|5.36324e+11|1.67171e+09|5.06847e+11,0.000494453|0.00089026|8.81202e-05|1.08528e-05|0.00056516|0.000125062|0.00024651|0.000179959|1.50316e-05|1.08483e-05|0.000201974|3.25754e-05|1.2987e-05|2.95455e-05|0.000185382,0.000316017|0.000350126|0.00494291|0.00262605|0.0093172|0.00231296|0.00308746|0.00292552|0.00213059|0.00010157|0.0016732|0.000181646|0.000286765|0.000125263|0.00344885,0.0109342|0.0362414|0.0381696|0.0303206|0.0317261|0.0255931|0.0211034|0.00778345|0.00968695|0.00160082|0.0313381|0.0426128|0.0377902|0.00830448|0.0365406,0.000178506|0.0472365|0.00800322|0.0230682|0.03841|0.00291922|0.0151027|0.0161829|0.0280967|0.0260762|0.0470205|0.049061|0.0195364|0.0293842|0.0130093,0.973537|0.953794|0.90679|0.985376|0.948072|0.962742|0.943878|0.953313|0.923653|0.908628|0.937315|0.906626|0.951762|0.927471|0.98883,4.63983|3.07459|1.41691|4.5695|1.48687|0.0327787|4.82496|0.10397|1.04264|5.01633|3.07758|0.762282|0.85792|5.03384|4.04415,66.2586|94.4507|31.5608|23.5709|18.7034|70.4589|86.0567|61.2747|50.0569|32.9383|51.9585|54.7186|71.0086|11.2844,0.180129|0.168303|0.219936|0.207151|0.249902|0.246199|0.16799|0.208144|0.19306|0.230728|0.222459|0.208433|0.230021|0.200895,0.323551|0.263233|0.557853|0.340196|0.259002|0.415176|0.799966|0.704271|0.116472|0.628307|0.326911|0.448351|0.131268|0.836539,0.869523,0.801463,0.117836,0.0993652,0.460468,0.534015,0.0732846,0.487967,0.198257,0.921169,51.6436,5.43263e-12,47756,0.887486,41.1981,1.06086e-12,38445,0.895553,0.876428,0.0878307,0.631141,0.996144,0.511517,0.22039,0.459803,0.228135,0.891603,87.9902,7.64954e-10,30733,0.967162,70.4477,9.04596e-11,52512
24,368,n1->n20->n21->n22->n74->n76->n69->n28->n27->n4->n75->n14->n96->n94->n51,5.37021e+09|4.0293e+11|1.56161e+12|1.47e+10|5.8385e+13|4.21804e+13|8.81277e+09|1.34247e+11|4.19351e+12|7.07339e+12|8.71921e+10|3.70261e+10|2.51165e+12|1.36531e+10|7.46708e+11,8.19724e+08|1.89646e+11|3.02345e+11|9.51029e+09|7.35096e+12|1.15782e+13|7.57626e+09|1.51805e+10|8.73344e+11|2.43435e+12|5.29113e+10|1.44234e+10|5.36324e+11|1.67171e+09|5.06847e+11,0.000494453|5.21063e-05|0.00096308|1.77434e-05|0.000875739|1.88608e-05|0.000268039|0.00056516|1.08528e-05|0.000113681|0.000766915|3.25754e-05|1.2987e-05|2.95455e-05|0.000185382,0.000316017|0.000368678|0.00195589|0.0006856|0.00944671|0.00214239|0.00367819|0.0093172|0.00262605|0.00198341|0.000203965|0.000181646|0.000286765|0.000125263|0.00344885,0.0109342|0.0108696|0.00712365|0.0408661|0.0280357|0.00156873|0.022957|0.0317261|0.0303206|0.0350273|0.0243876|0.0426128|0.0377902|0.00830448|0.0365406,0.000178506|0.0181411|0.0414669|0.040072|0.0166219|0.0470058|0.0100342|0.03841|0.0230682|0.0273051|0.0250863|0.049061|0.0195364|0.0293842|0.0130093,0.973537|0.923215|0.971602|0.95984|0.90082|0.989289|0.975915|0.948072|0.985376|0.917619|0.936129|0.906626|0.951762|0.927471|0.98883,4.63983|4.79469|3.14177|0.048646|0.0974208|0.578949|2.99986|1.48687|4.5695|1.56082|3.39264|0.762282|0.85792|5.03384|4.04415,90.7492|76.7594|55.6995|63.8366|53.1277|66.666|97.1045|23.5709|52.1141|81.7362|56.2706|54.7186|71.0086|11.2844,0.215706|0.218425|0.206062|0.241428|0.181342|0.212271|0.207556|0.207151|0.184605|0.218556|0.226178|0.208433|0.230021|0.200895,0.53635|0.515127|0.677391|0.480684|0.519715|0.890059|0.438091|0.340196|0.200735|0.847503|0.725021|0.448351|0.131268|0.836539,0.869523,0.801463,0.117836,0.0993652,0.460468,0.534015,0.0732846,0.487967,0.198257,0.921169,51.6436,5.43263e-12,47756,0.887486,41.1981,1.06086e-12,38445,0.895553,0.876428,0.0878307,0.631141,0.996144,0.511517,0.22039,0.459803,0.228135,0.891603,87.9902,7.64954e-10,30733,0.967162,70.4477,9.04596e-11,52512
24,369,n1->n13->n14->n96->n20->n19->n17->n85->n84->n56->n54->n82->n63->n61->n51,5.37021e+09|6.60497e+13|3.70261e+10|2.51165e+12|4.0293e+11|2.47533e+11|1.51096e+11|2.02447e+09|1.07392e+09|1.1605e+12|2.80961e+11|1.07979e+13|6.55204e+12|6.44979e+11|7.46708e+11,8.19724e+08|8.87204e+12|1.44234e+10|5.36324e+11|1.89646e+11|2.33399e+11|1.57582e+10|2.41326e+08|9.00899e+08|5.65456e+11|2.23178e+11|1.66379e+12|2.63574e+12|1.30372e+11|5.06847e+11,0.000494453|0.000787814|3.25754e-05|1.2987e-05|5.21063e-05|0.000261527|0.000261059|2.04325e-05|2.14473e-05|1.7812e-05|1.47667e-05|0.000837919|0.000116235|3.71253e-05|0.000185382,0.000316017|0.00788063|0.000181646|0.000286765|0.000368678|0.000768065|0.000513001|0.000338175|0.000434313|0.000830638|0.00549128|0.00271152|0.00126856|0.00313588|0.00344885,0.0109342|0.0476737|0.0426128|0.0377902|0.0108696|0.0201979|0.0430027|0.0354515|0.0473575|0.0231698|0.0334079|0.0278433|0.0100727|0.0266048|0.0365406,0.000178506|0.00335145|0.049061|0.0195364|0.0181411|0.0291803|0.00442808|0.0266209|0.0366447|0.0417641|0.00844474|0.0266174|0.0107197|0.0179693|0.0130093,0.973537|0.954869|0.906626|0.951762|0.923215|0.941018|0.974312|0.940474|0.948551|0.944528|0.927525|0.934435|0.903245|0.958619|0.98883,4.63983|5.26639|0.762282|0.85792|4.79469|1.39448|5.11322|4.91715|5.42186|2.55597|1.22009|0.132111|4.68449|2.63855|4.04415,79.8117|92.5451|54.7186|58.7029|86.2435|10.3361|84.7043|82.1833|34.4372|42.6814|41.1455|48.6997|47.0482|66.5616,0.246796|0.191459|0.208433|0.201188|0.182991|0.172286|0.225161|0.216313|0.222961|0.167734|0.242874|0.175742|0.167884|0.171721,0.338018|0.161307|0.448351|0.666395|0.182796|0.559133|0.880608|0.528406|0.762891|0.927159|0.378494|0.4301|0.410418|0.235817,0.869523,0.801463,0.117836,0.0993652,0.460468,0.534015,0.0732846,0.487967,0.198257,0.921169,51.6436,5.43263e-12,47756,0.887486,41.1981,1.06086e-12,38445,0.895553,0.876428,0.0878307,0.631141,0.996144,0.511517,0.22039,0.459803,0.228135,0.891603,87.9902,7.64954e-10,30733,0.967162,70.4477,9.04596e-11,52512
24,370,n1->n13->n11->n29->n27->n26->n24->n71->n73->n54->n40->n42->n63->n61->n51,5.37021e+09|6.60497e+13|1.78735e+12|3.6336e+13|4.19351e+12|7.09351e+09|1.59557e+13|7.70008e+11|1.41706e+11|2.80961e+11|3.58065e+10|2.42905e+09|6.55204e+12|6.44979e+11|7.46708e+11,8.19724e+08|8.87204e+12|3.29521e+11|1.77292e+13|8.73344e+11|1.31666e+09|4.06569e+12|1.60546e+11|5.76853e+10|2.23178e+11|4.14657e+09|2.47264e+08|2.63574e+12|1.30372e+11|5.06847e+11,0.000494453|0.000787814|5.47786e-05|0.000125062|1.08528e-05|3.77967e-05|0.000193265|0.00017279|6.32916e-05|1.47667e-05|6.01341e-05|8.79758e-05|0.000116235|3.71253e-05|0.000185382,0.000316017|0.00788063|0.00652494|0.00231296|0.00262605|0.00522178|0.0012727|0.00123164|0.000807753|0.00549128|0.00268841|0.000493531|0.00126856|0.00313588|0.00344885,0.0109342|0.0476737|0.00125292|0.0255931|0.0303206|0.0101688|0.0433038|0.0398828|0.0455502|0.0334079|0.0249103|0.00783732|0.0100727|0.0266048|0.0365406,0.000178506|0.00335145|0.0136412|0.00291922|0.0230682|0.0409649|0.00780618|0.0326729|0.028193|0.00844474|0.033399|0.0327962|0.0107197|0.0179693|0.0130093,0.973537|0.954869|0.988894|0.962742|0.985376|0.981638|0.90929|0.947193|0.909539|0.927525|0.920308|0.960936|0.903245|0.958619|0.98883,4.63983|5.26639|0.923897|0.0327787|4.5695|2.91399|3.9732|0.117525|3.29092|1.22009|2.50002|0.765875|4.68449|2.63855|4.04415,79.8117|13.9548|13.2112|49.6282|67.4197|83.4704|44.1502|28.2621|26.1465|12.2677|77.6192|97.0433|47.0482|66.5616,0.246796|0.189728|0.219003|0.180772|0.171162|0.216464|0.204574|0.242769|0.196311|0.248162|0.243521|0.211509|0.167884|0.171721,0.338018|0.801183|0.427028|0.511755|0.40751|0.583168|0.45026|0.940077|0.754315|0.812759|0.14346|0.758395|0.410418|0.235817,0.869523,0.801463,0.117836,0.0993652,0.460468,0.534015,0.0732846,0.487967,0.198257,0.921169,51.6436,5.43263e-12,47756,0.887486,41.1981,1.06086e-12,38445,0.895553,0.876428,0.0878307,0.631141,0.996144,0.511517,0.22039,0.459803,0.228135,0.891603,87.9902,7.64954e-10,30733,0.967162,70.4477,9.04596e-11,52512
24,371,n1->n13->n15->n63->n10->n8->n7->n5->n3->n69->n76->n30->n29->n50->n51,5.37021e+09|6.60497e+13|8.77071e+11|6.55204e+12|2.49624e+09|4.61239e+13|3.81012e+11|2.91995e+11|2.78751e+13|8.81277e+09|4.21804e+13|1.26395e+10|3.6336e+13|2.36425e+09|7.46708e+11,8.19724e+08|8.87204e+12|1.06991e+11|2.63574e+12|7.32581e+08|1.04208e+13|6.70334e+10|4.67133e+10|1.44762e+13|7.57626e+09|1.15782e+13|1.81012e+09|1.77292e+13|4.07889e+08|5.06847e+11,0.000494453|0.000787814|0.000182949|0.000116235|6.27016e-05|6.6054e-05|0.000475679|7.03031e-05|0.00022361|0.000268039|1.88608e-05|4.789e-05|0.000125062|1.54283e-05|0.000185382,0.000316017|0.00788063|0.00274771|0.00126856|0.00113469|0.00522046|0.00104538|0.000196916|0.00776667|0.00367819|0.00214239|0.00655588|0.00231296|0.00907722|0.00344885,0.0109342|0.0476737|0.0207315|0.0100727|0.00597815|0.0318744|0.01754|0.00731162|0.0268705|0.022957|0.00156873|0.00398508|0.0255931|0.00638914|0.0365406,0.000178506|0.00335145|0.0378122|0.0107197|0.0245713|0.0483133|0.0283975|0.0421608|0.0326941|0.0100342|0.0470058|0.0178703|0.00291922|0.0483596|0.0130093,0.973537|0.954869|0.910795|0.903245|0.962416|0.975256|0.963898|0.951514|0.982466|0.975915|0.989289|0.972158|0.962742|0.910708|0.98883,4.63983|5.26639|1.89272|4.68449|1.97158|3.22282|3.51107|4.90362|4.79844|2.99986|0.578949|5.42296|0.0327787|5.41755|4.04415,79.8117|66.6304|11.0615|65.1286|99.595|55.4093|37.2729|10.4739|83.9106|66.666|21.8454|29.3504|37.0378|82.9474,0.246796|0.179788|0.214255|0.203746|0.184434|0.230451|0.176784|0.163561|0.204476|0.212271|0.220509|0.179657|0.191256|0.24308,0.338018|0.275394|0.692153|0.514129|0.703378|0.745697|0.943162|0.469027|0.65353|0.890059|0.936019|0.887943|0.182586|0.624607,0.869523,0.801463,0.117836,0.0993652,0.460468,0.534015,0.0732846,0.487967,0.198257,0.921169,51.6436,5.43263e-12,47756,0.887486,41.1981,1.06086e-12,38445,0.895553,0.876428,0.0878307,0.631141,0.996144,0.511517,0.22039,0.459803,0.228135,0.891603,87.9902,7.64954e-10,30733,0.967162,70.4477,9.04596e-11,52512
24,372,n1->n13->n14->n75->n73->n100->n2->n4->n27->n25->n26->n47->n48->n50->n51,5.37021e+09|6.60497e+13|3.70261e+10|8.71921e+10|1.41706e+11|4.01966e+09|5.94248e+10|7.07339e+12|4.19351e+12|1.67189e+13|7.09351e+09|4.74236e+11|3.98001e+12|2.36425e+09|7.46708e+11,8.19724e+08|8.87204e+12|1.44234e+10|5.29113e+10|5.76853e+10|2.27749e+09|3.74975e+10|2.43435e+12|8.73344e+11|1.40059e+13|1.31666e+09|1.54765e+11|1.69514e+12|4.07889e+08|5.06847e+11,0.000494453|0.000787814|3.25754e-05|0.000766915|6.32916e-05|0.000665246|1.10648e-05|0.000113681|1.08528e-05|6.30741e-05|3.77967e-05|0.000202873|4.78153e-05|1.54283e-05|0.000185382,0.000316017|0.00788063|0.000181646|0.000203965|0.000807753|0.00914892|0.00120557|0.00198341|0.00262605|0.00294926|0.00522178|0.000266598|0.00544009|0.00907722|0.00344885,0.0109342|0.0476737|0.0426128|0.0243876|0.0455502|0.0100829|0.00369149|0.0350273|0.0303206|0.0195393|0.0101688|0.00898217|0.0455031|0.00638914|0.0365406,0.000178506|0.00335145|0.049061|0.0250863|0.028193|0.0460028|0.0127317|0.0273051|0.0230682|0.0159438|0.0409649|0.0488958|0.0360942|0.0483596|0.0130093,0.973537|0.954869|0.906626|0.936129|0.909539|0.935175|0.968894|0.917619|0.985376|0.9023|0.981638|0.9108|0.967439|0.910708|0.98883,4.63983|5.26639|0.762282|3.39264|3.29092|3.89025|4.74216|1.56082|4.5695|1.57149|2.91399|6.27947|3.09858|5.41755|4.04415,79.8117|92.5451|56.2706|85.6152|20.1165|37.015|30.2686|52.1141|64.4551|63.0993|70.8805|78.8723|23.5956|82.9474,0.246796|0.191459|0.226178|0.185893|0.175955|0.17211|0.239023|0.184605|0.242248|0.228799|0.189485|0.239998|0.191801|0.24308,0.338018|0.161307|0.725021|0.624191|0.825877|0.315214|0.514427|0.200735|0.837222|0.359402|0.757042|0.300482|0.688345|0.624607,0.869523,0.801463,0.117836,0.0993652,0.460468,0.534015,0.0732846,0.487967,0.198257,0.921169,51.6436,5.43263e-12,47756,0.887486,41.1981,1.06086e-12,38445,0.895553,0.876428,0.0878307,0.631141,0.996144,0.511517,0.22039,0.459803,0.228135,0.891603,87.9902,7.64954e-10,30733,0.967162,70.4477,9.04596e-11,52512
24,373,n1->n13->n12->n6->n33->n24->n23->n21->n22->n74->n76->n30->n29->n50->n51,5.37021e+09|6.60497e+13|9.70597e+10|1.14208e+09|3.64323e+13|1.59557e+13|4.63033e+10|1.56161e+12|1.47e+10|5.8385e+13|4.21804e+13|1.26395e+10|3.6336e+13|2.36425e+09|7.46708e+11,8.19724e+08|8.87204e+12|2.76143e+10|2.20459e+08|6.32377e+12|4.06569e+12|3.30225e+10|3.02345e+11|9.51029e+09|7.35096e+12|1.15782e+13|1.81012e+09|1.77292e+13|4.07889e+08|5.06847e+11,0.000494453|0.000787814|0.000201974|1.08483e-05|1.50316e-05|0.000193265|0.000277161|0.00096308|1.77434e-05|0.000875739|1.88608e-05|4.789e-05|0.000125062|1.54283e-05|0.000185382,0.000316017|0.00788063|0.0016732|0.00010157|0.00213059|0.0012727|0.00418014|0.00195589|0.0006856|0.00944671|0.00214239|0.00655588|0.00231296|0.00907722|0.00344885,0.0109342|0.0476737|0.0313381|0.00160082|0.00968695|0.0433038|0.00314906|0.00712365|0.0408661|0.0280357|0.00156873|0.00398508|0.0255931|0.00638914|0.0365406,0.000178506|0.00335145|0.0470205|0.0260762|0.0280967|0.00780618|0.0470385|0.0414669|0.040072|0.0166219|0.0470058|0.0178703|0.00291922|0.0483596|0.0130093,0.973537|0.954869|0.937315|0.908628|0.923653|0.90929|0.92176|0.971602|0.95984|0.90082|0.989289|0.972158|0.962742|0.910708|0.98883,4.63983|5.26639|3.07758|5.01633|1.04264|3.9732|2.08786|3.14177|0.048646|0.0974208|0.578949|5.42296|0.0327787|5.41755|4.04415,79.8117|56.34|32.9383|50.0569|98.0873|44.8869|88.4205|55.6995|63.8366|53.1277|21.8454|29.3504|37.0378|82.9474,0.246796|0.206669|0.230728|0.19306|0.239791|0.161116|0.232237|0.206062|0.241428|0.181342|0.220509|0.179657|0.191256|0.24308,0.338018|0.285239|0.628307|0.116472|0.939209|0.528582|0.516177|0.677391|0.480684|0.519715|0.936019|0.887943|0.182586|0.624607,0.869523,0.801463,0.117836,0.0993652,0.460468,0.534015,0.0732846,0.487967,0.198257,0.921169,51.6436,5.43263e-12,47756,0.887486,41.1981,1.06086e-12,38445,0.895553,0.876428,0.0878307,0.631141,0.996144,0.511517,0.22039,0.459803,0.228135,0.891603,87.9902,7.64954e-10,30733,0.967162,70.4477,9.04596e-11,52512
24,374,n1->n20->n89->n88->n87->n86->n76->n69->n3->n5->n65->n64->n93->n94->n51,5.37021e+09|4.0293e+11|2.68119e+11|9.00567e+12|7.3435e+12|3.85304e+10|4.21804e+13|8.81277e+09|2.78751e+13|2.91995e+11|1.12599e+09|4.21034e+09|4.22601e+13|1.36531e+10|7.46708e+11,8.19724e+08|1.89646e+11|9.23423e+10|8.66002e+12|2.79916e+12|4.69095e+09|1.15782e+13|7.57626e+09|1.44762e+13|4.67133e+10|3.2906e+08|1.60867e+09|1.3774e+13|1.67171e+09|5.06847e+11,0.000494453|5.21063e-05|3.55201e-05|6.2721e-05|0.000634307|6.21631e-05|1.88608e-05|0.000268039|0.00022361|7.03031e-05|1.96575e-05|1.88732e-05|8.45967e-05|2.95455e-05|0.000185382,0.000316017|0.000368678|0.000111435|0.000480267|0.00151267|0.00341054|0.00214239|0.00367819|0.00776667|0.000196916|0.000428116|0.000135861|0.000162335|0.000125263|0.00344885,0.0109342|0.0108696|0.0107812|0.00850464|0.0186268|0.0237043|0.00156873|0.022957|0.0268705|0.00731162|0.00118659|0.0266797|0.0108045|0.00830448|0.0365406,0.000178506|0.0181411|0.0401575|0.0237676|0.00979507|0.0488574|0.0470058|0.0100342|0.0326941|0.0421608|0.00176737|0.0436548|0.0326183|0.0293842|0.0130093,0.973537|0.923215|0.926416|0.962132|0.977244|0.981332|0.989289|0.975915|0.982466|0.951514|0.967717|0.933821|0.912097|0.927471|0.98883,4.63983|4.79469|0.0868458|1.9653|2.33192|4.96971|0.578949|2.99986|4.79844|4.90362|4.1126|5.77568|5.92115|5.03384|4.04415,90.7492|18.2346|92.4072|57.0974|88.9922|37.5994|66.666|83.9106|10.4739|35.0583|56.7563|32.5899|63.1349|11.2844,0.215706|0.231355|0.203687|0.227675|0.246364|0.17745|0.212271|0.204476|0.163561|0.209201|0.186349|0.178102|0.209804|0.200895,0.53635|0.595303|0.876618|0.396625|0.83582|0.871942|0.890059|0.65353|0.469027|0.297185|0.927837|0.548301|0.17375|0.836539,0.869523,0.801463,0.117836,0.0993652,0.460468,0.534015,0.0732846,0.487967,0.198257,0.921169,51.6436,5.43263e-12,47756,0.887486,41.1981,1.06086e-12,38445,0.895553,0.876428,0.0878307,0.631141,0.996144,0.511517,0.22039,0.459803,0.228135,0.891603,87.9902,7.64954e-10,30733,0.967162,70.4477,9.04596e-11,52512
24,375,n1->n13->n15->n34->n36->n64->n62->n61->n63->n10->n73->n54->n53->n52->n51,5.37021e+09|6.60497e+13|8.77071e+11|4.7313e+12|7.73972e+11|4.21034e+09|2.37342e+11|6.44979e+11|6.55204e+12|2.49624e+09|1.41706e+11|2.80961e+11|4.60474e+10|1.02428e+10|7.46708e+11,8.19724e+08|8.87204e+12|1.06991e+11|1.15705e+12|7.77593e+10|1.60867e+09|1.13053e+11|1.30372e+11|2.63574e+12|7.32581e+08|5.76853e+10|2.23178e+11|3.18273e+10|2.07235e+09|5.06847e+11,0.000494453|0.000787814|0.000182949|0.000140889|0.000426407|1.88732e-05|8.24006e-05|3.71253e-05|0.000116235|6.27016e-05|6.32916e-05|1.47667e-05|2.00633e-05|0.00011644|0.000185382,0.000316017|0.00788063|0.00274771|0.000270551|0.00396778|0.000135861|0.00794111|0.00313588|0.00126856|0.00113469|0.000807753|0.00549128|0.000509085|0.00580301|0.00344885,0.0109342|0.0476737|0.0207315|0.0276207|0.00497013|0.0266797|0.0242596|0.0266048|0.0100727|0.00597815|0.0455502|0.0334079|5.21659e-05|0.0398377|0.0365406,0.000178506|0.00335145|0.0378122|0.0210615|0.0341912|0.0436548|0.0480911|0.0179693|0.0107197|0.0245713|0.028193|0.00844474|0.00115664|0.0151024|0.0130093,0.973537|0.954869|0.910795|0.904866|0.94998|0.933821|0.98053|0.958619|0.903245|0.962416|0.909539|0.927525|0.913872|0.965406|0.98883,4.63983|5.26639|1.89272|4.56594|3.70656|5.77568|5.59786|2.63855|4.68449|1.97158|3.29092|1.22009|0.640024|0.0104102|4.04415,79.8117|66.6304|27.3162|89.5651|43.8659|93.0484|89.0369|47.0482|65.1286|29.3778|26.1465|75.3264|81.3721|83.3731,0.246796|0.179788|0.231681|0.241996|0.241695|0.176232|0.198053|0.167884|0.203746|0.202302|0.196311|0.191357|0.184589|0.197114,0.338018|0.275394|0.750497|0.265381|0.590576|0.182879|0.704733|0.410418|0.514129|0.747283|0.754315|0.567841|0.272111|0.942894,0.869523,0.801463,0.117836,0.0993652,0.460468,0.534015,0.0732846,0.487967,0.198257,0.921169,51.6436,5.43263e-12,47756,0.887486,41.1981,1.06086e-12,38445,0.895553,0.876428,0.0878307,0.631141,0.996144,0.511517,0.22039,0.459803,0.228135,0.891603,87.9902,7.64954e-10,30733,0.967162,70.4477,9.04596e-11,52512
24,376,n1->n20->n19->n18->n17->n85->n83->n23->n21->n22->n68->n58->n59->n50->n51,5.37021e+09|4.0293e+11|2.47533e+11|7.59179e+12|1.51096e+11|2.02447e+09|3.76373e+13|4.63033e+10|1.56161e+12|1.47e+10|1.31753e+09|8.16696e+09|3.04563e+11|2.36425e+09|7.46708e+11,8.19724e+08|1.89646e+11|2.33399e+11|4.11836e+12|1.57582e+10|2.41326e+08|2.34723e+13|3.30225e+10|3.02345e+11|9.51029e+09|3.10679e+08|6.89506e+09|3.06423e+10|4.07889e+08|5.06847e+11,0.000494453|5.21063e-05|0.000261527|2.98936e-05|0.000261059|2.04325e-05|1.86087e-05|0.000277161|0.00096308|1.77434e-05|0.000223952|0.000266735|2.43107e-05|1.54283e-05|0.000185382,0.000316017|0.000368678|0.000768065|0.000681499|0.000513001|0.000338175|0.000175452|0.00418014|0.00195589|0.0006856|0.00843573|0.00874893|0.000202742|0.00907722|0.00344885,0.0109342|0.0108696|0.0201979|0.0192976|0.0430027|0.0354515|0.015405|0.00314906|0.00712365|0.0408661|0.0370095|0.0248478|0.00304046|0.00638914|0.0365406,0.000178506|0.0181411|0.0291803|0.0120519|0.00442808|0.0266209|0.038157|0.0470385|0.0414669|0.040072|0.00589983|0.0481122|0.0474075|0.0483596|0.0130093,0.973537|0.923215|0.941018|0.946711|0.974312|0.940474|0.947801|0.92176|0.971602|0.95984|0.984554|0.911658|0.99171|0.910708|0.98883,4.63983|4.79469|1.39448|4.38273|5.11322|4.91715|4.11052|2.08786|3.14177|0.048646|5.26958|3.70937|5.60303|5.41755|4.04415,90.7492|86.2435|34.0839|43.2583|84.7043|92.2019|23.518|88.4205|55.6995|15.3326|56.905|56.397|47.7013|82.9474,0.215706|0.182991|0.248409|0.218822|0.225161|0.231254|0.181099|0.232237|0.206062|0.236297|0.185169|0.21902|0.170229|0.24308,0.53635|0.182796|0.983209|0.981182|0.880608|0.604504|0.741177|0.516177|0.677391|0.655447|0.476138|0.533324|0.776444|0.624607,0.869523,0.801463,0.117836,0.0993652,0.460468,0.534015,0.0732846,0.487967,0.198257,0.921169,51.6436,5.43263e-12,47756,0.887486,41.1981,1.06086e-12,38445,0.895553,0.876428,0.0878307,0.631141,0.996144,0.511517,0.22039,0.459803,0.228135,0.891603,87.9902,7.64954e-10,30733,0.967162,70.4477,9.04596e-11,52512
24,377,n1->n13->n12->n8->n10->n39->n37->n38->n16->n18->n17->n85->n65->n52->n51,5.37021e+09|6.60497e+13|9.70597e+10|4.61239e+13|2.49624e+09|3.34792e+13|2.79748e+13|1.16426e+13|1.09193e+13|7.59179e+12|1.51096e+11|2.02447e+09|1.12599e+09|1.02428e+10|7.46708e+11,8.19724e+08|8.87204e+12|2.76143e+10|1.04208e+13|7.32581e+08|1.12013e+13|4.96975e+12|1.19258e+12|1.33827e+12|4.11836e+12|1.57582e+10|2.41326e+08|3.2906e+08|2.07235e+09|5.06847e+11,0.000494453|0.000787814|0.000201974|6.6054e-05|6.27016e-05|5.53896e-05|1.06248e-05|1.04425e-05|3.71682e-05|2.98936e-05|0.000261059|2.04325e-05|1.96575e-05|0.00011644|0.000185382,0.000316017|0.00788063|0.0016732|0.00522046|0.00113469|0.0025393|0.000261291|0.00950649|0.00174713|0.000681499|0.000513001|0.000338175|0.000428116|0.00580301|0.00344885,0.0109342|0.0476737|0.0313381|0.0318744|0.00597815|0.00111942|0.0457563|0.0263713|0.0123696|0.0192976|0.0430027|0.0354515|0.00118659|0.0398377|0.0365406,0.000178506|0.00335145|0.0470205|0.0483133|0.0245713|0.0449458|0.0105712|0.00318517|0.0240438|0.0120519|0.00442808|0.0266209|0.00176737|0.0151024|0.0130093,0.973537|0.954869|0.937315|0.975256|0.962416|0.924329|0.964079|0.902547|0.979533|0.946711|0.974312|0.940474|0.967717|0.965406|0.98883,4.63983|5.26639|3.07758|3.22282|1.97158|1.19952|4.96174|5.09423|1.69436|4.38273|5.11322|4.91715|4.1126|0.0104102|4.04415,79.8117|56.34|81.3396|99.595|24.4191|31.554|46.986|28.0546|72.2829|43.2583|84.7043|82.5435|56.1703|83.3731,0.246796|0.206669|0.186476|0.184434|0.239532|0.195005|0.170599|0.17367|0.180241|0.218822|0.225161|0.20461|0.247907|0.197114,0.338018|0.285239|0.379326|0.703378|0.991722|0.711047|0.662799|0.828443|0.553025|0.981182|0.880608|0.519435|0.827328|0.942894,0.869523,0.801463,0.117836,0.0993652,0.460468,0.534015,0.0732846,0.487967,0.198257,0.921169,51.6436,5.43263e-12,47756,0.887486,41.1981,1.06086e-12,38445,0.895553,0.876428,0.0878307,0.631141,0.996144,0.511517,0.22039,0.459803,0.228135,0.891603,87.9902,7.64954e-10,30733,0.967162,70.4477,9.04596e-11,52512
24,378,n1->n20->n21->n67->n64->n65->n52->n53->n55->n56->n90->n59->n60->n50->n51,5.37021e+09|4.0293e+11|1.56161e+12|4.7483e+09|4.21034e+09|1.12599e+09|1.02428e+10|4.60474e+10|8.84081e+12|1.1605e+12|1.33273e+11|3.04563e+11|8.79841e+13|2.36425e+09|7.46708e+11,8.19724e+08|1.89646e+11|3.02345e+11|7.5553e+08|1.60867e+09|3.2906e+08|2.07235e+09|3.18273e+10|4.69454e+12|5.65456e+11|6.41526e+10|3.06423e+10|5.95756e+13|4.07889e+08|5.06847e+11,0.000494453|5.21063e-05|0.00096308|3.91885e-05|1.88732e-05|1.96575e-05|0.00011644|2.00633e-05|4.06274e-05|1.7812e-05|0.000319756|2.43107e-05|0.000731749|1.54283e-05|0.000185382,0.000316017|0.000368678|0.00195589|0.000640186|0.000135861|0.000428116|0.00580301|0.000509085|0.000128431|0.000830638|0.000672662|0.000202742|0.000248463|0.00907722|0.00344885,0.0109342|0.0108696|0.00712365|0.029632|0.0266797|0.00118659|0.0398377|5.21659e-05|0.00843704|0.0231698|0.0285929|0.00304046|0.0128442|0.00638914|0.0365406,0.000178506|0.0181411|0.0414669|0.0482082|0.0436548|0.00176737|0.0151024|0.00115664|0.0314938|0.0417641|0.0372754|0.0474075|0.0431033|0.0483596|0.0130093,0.973537|0.923215|0.971602|0.924883|0.933821|0.967717|0.965406|0.913872|0.908585|0.944528|0.984478|0.99171|0.945549|0.910708|0.98883,4.63983|4.79469|3.14177|2.06342|5.77568|4.1126|0.0104102|0.640024|3.37071|2.55597|4.02061|5.60303|4.50487|5.41755|4.04415,90.7492|76.7594|42.5138|95.5844|56.7563|56.1703|81.3721|30.3781|95.3312|40.6061|62.2588|76.8491|22.3088|82.9474,0.215706|0.218425|0.197352|0.248978|0.186349|0.247907|0.184589|0.207992|0.167906|0.166746|0.169222|0.204072|0.190841|0.24308,0.53635|0.515127|0.602799|0.480161|0.927837|0.827328|0.272111|0.646488|0.402595|0.163177|0.361153|0.509755|0.323935|0.624607,0.869523,0.801463,0.117836,0.0993652,0.460468,0.534015,0.0732846,0.487967,0.198257,0.921169,51.6436,5.43263e-12,47756,0.887486,41.1981,1.06086e-12,38445,0.895553,0.876428,0.0878307,0.631141,0.996144,0.511517,0.22039,0.459803,0.228135,0.891603,87.9902,7.64954e-10,30733,0.967162,70.4477,9.04596e-11,52512
24,379,n1->n20->n18->n16->n38->n39->n37->n81->n83->n85->n84->n82->n63->n61->n51,5.37021e+09|4.0293e+11|7.59179e+12|1.09193e+13|1.16426e+13|3.34792e+13|2.79748e+13|2.58887e+10|3.76373e+13|2.02447e+09|1.07392e+09|1.07979e+13|6.55204e+12|6.44979e+11|7.46708e+11,8.19724e+08|1.89646e+11|4.11836e+12|1.33827e+12|1.19258e+12|1.12013e+13|4.96975e+12|8.36206e+09|2.34723e+13|2.41326e+08|9.00899e+08|1.66379e+12|2.63574e+12|1.30372e+11|5.06847e+11,0.000494453|5.21063e-05|2.98936e-05|3.71682e-05|1.04425e-05|5.53896e-05|1.06248e-05|0.000268232|1.86087e-05|2.04325e-05|2.14473e-05|0.000837919|0.000116235|3.71253e-05|0.000185382,0.000316017|0.000368678|0.000681499|0.00174713|0.00950649|0.0025393|0.000261291|0.000752991|0.000175452|0.000338175|0.000434313|0.00271152|0.00126856|0.00313588|0.00344885,0.0109342|0.0108696|0.0192976|0.0123696|0.0263713|0.00111942|0.0457563|0.0481357|0.015405|0.0354515|0.0473575|0.0278433|0.0100727|0.0266048|0.0365406,0.000178506|0.0181411|0.0120519|0.0240438|0.00318517|0.0449458|0.0105712|0.00997263|0.038157|0.0266209|0.0366447|0.0266174|0.0107197|0.0179693|0.0130093,0.973537|0.923215|0.946711|0.979533|0.902547|0.924329|0.964079|0.948836|0.947801|0.940474|0.948551|0.934435|0.903245|0.958619|0.98883,4.63983|4.79469|4.38273|1.69436|5.09423|1.19952|4.96174|1.5908|4.11052|4.91715|5.42186|0.132111|4.68449|2.63855|4.04415,90.7492|89.2299|72.2829|28.0546|52.0957|31.554|88.8597|78.7627|92.2019|82.1833|83.37|48.6997|47.0482|66.5616,0.215706|0.247215|0.180241|0.17367|0.199024|0.195005|0.211898|0.170031|0.231254|0.216313|0.203763|0.175742|0.167884|0.171721,0.53635|0.652252|0.553025|0.828443|0.46236|0.711047|0.430076|0.530775|0.604504|0.528406|0.808712|0.4301|0.410418|0.235817,0.869523,0.801463,0.117836,0.0993652,0.460468,0.534015,0.0732846,0.487967,0.198257,0.921169,51.6436,5.43263e-12,47756,0.887486,41.1981,1.06086e-12,38445,0.895553,0.876428,0.0878307,0.631141,0.996144,0.511517,0.22039,0.459803,0.228135,0.891603,87.9902,7.64954e-10,30733,0.967162,70.4477,9.04596e-11,52512
24,380,n1->n20->n19->n18->n16->n38->n36->n34->n35->n33->n32->n31->n29->n50->n51,5.37021e+09|4.0293e+11|2.47533e+11|7.59179e+12|1.09193e+13|1.16426e+13|7.73972e+11|4.7313e+12|5.77859e+11|3.64323e+13|1.78367e+12|4.79342e+12|3.6336e+13|2.36425e+09|7.46708e+11,8.19724e+08|1.89646e+11|2.33399e+11|4.11836e+12|1.33827e+12|1.19258e+12|7.77593e+10|1.15705e+12|4.88834e+11|6.32377e+12|1.05491e+12|4.42443e+12|1.77292e+13|4.07889e+08|5.06847e+11,0.000494453|5.21063e-05|0.000261527|2.98936e-05|3.71682e-05|1.04425e-05|0.000426407|0.000140889|0.000412952|1.50316e-05|0.000179959|0.00024651|0.000125062|1.54283e-05|0.000185382,0.000316017|0.000368678|0.000768065|0.000681499|0.00174713|0.00950649|0.00396778|0.000270551|0.00138752|0.00213059|0.00292552|0.00308746|0.00231296|0.00907722|0.00344885,0.0109342|0.0108696|0.0201979|0.0192976|0.0123696|0.0263713|0.00497013|0.0276207|0.00215298|0.00968695|0.00778345|0.0211034|0.0255931|0.00638914|0.0365406,0.000178506|0.0181411|0.0291803|0.0120519|0.0240438|0.00318517|0.0341912|0.0210615|0.0375959|0.0280967|0.0161829|0.0151027|0.00291922|0.0483596|0.0130093,0.973537|0.923215|0.941018|0.946711|0.979533|0.902547|0.94998|0.904866|0.952159|0.923653|0.953313|0.943878|0.962742|0.910708|0.98883,4.63983|4.79469|1.39448|4.38273|1.69436|5.09423|3.70656|4.56594|5.24666|1.04264|0.10397|4.82496|0.0327787|5.41755|4.04415,90.7492|86.2435|34.0839|72.2829|28.0546|61.2725|89.5651|26.2497|93.5115|61.2747|86.0567|70.4589|37.0378|82.9474,0.215706|0.182991|0.248409|0.180241|0.17367|0.204351|0.241996|0.244194|0.242679|0.208144|0.16799|0.246199|0.191256|0.24308,0.53635|0.182796|0.983209|0.553025|0.828443|0.413834|0.265381|0.307851|0.487093|0.704271|0.799966|0.415176|0.182586|0.624607,0.869523,0.801463,0.117836,0.0993652,0.460468,0.534015,0.0732846,0.487967,0.198257,0.921169,51.6436,5.43263e-12,47756,0.887486,41.1981,1.06086e-12,38445,0.895553,0.876428,0.0878307,0.631141,0.996144,0.511517,0.22039,0.459803,0.228135,0.891603,87.9902,7.64954e-10,30733,0.967162,70.4477,9.04596e-11,52512
24,381,n1->n13->n14->n75->n73->n10->n9->n7->n2->n100->n90->n89->n48->n50->n51,5.37021e+09|6.60497e+13|3.70261e+10|8.71921e+10|1.41706e+11|2.49624e+09|1.49139e+12|3.81012e+11|5.94248e+10|4.01966e+09|1.33273e+11|2.68119e+11|3.98001e+12|2.36425e+09|7.46708e+11,8.19724e+08|8.87204e+12|1.44234e+10|5.29113e+10|5.76853e+10|7.32581e+08|3.79906e+11|6.70334e+10|3.74975e+10|2.27749e+09|6.41526e+10|9.23423e+10|1.69514e+12|4.07889e+08|5.06847e+11,0.000494453|0.000787814|3.25754e-05|0.000766915|6.32916e-05|6.27016e-05|1.80008e-05|0.000475679|1.10648e-05|0.000665246|0.000319756|3.55201e-05|4.78153e-05|1.54283e-05|0.000185382,0.000316017|0.00788063|0.000181646|0.000203965|0.000807753|0.00113469|0.00065196|0.00104538|0.00120557|0.00914892|0.000672662|0.000111435|0.00544009|0.00907722|0.00344885,0.0109342|0.0476737|0.0426128|0.0243876|0.0455502|0.00597815|0.0140743|0.01754|0.00369149|0.0100829|0.0285929|0.0107812|0.0455031|0.00638914|0.0365406,0.000178506|0.00335145|0.049061|0.0250863|0.028193|0.0245713|0.033904|0.0283975|0.0127317|0.0460028|0.0372754|0.0401575|0.0360942|0.0483596|0.0130093,0.973537|0.954869|0.906626|0.936129|0.909539|0.962416|0.963574|0.963898|0.968894|0.935175|0.984478|0.926416|0.967439|0.910708|0.98883,4.63983|5.26639|0.762282|3.39264|3.29092|1.97158|5.88966|3.51107|4.74216|3.89025|4.02061|0.0868458|3.09858|5.41755|4.04415,79.8117|92.5451|56.2706|85.6152|29.3778|65.9961|59.8148|88.6198|37.015|32.7492|12.726|94.0077|23.5956|82.9474,0.246796|0.191459|0.226178|0.185893|0.202302|0.193896|0.18359|0.228013|0.17211|0.191207|0.226099|0.234363|0.191801|0.24308,0.338018|0.161307|0.725021|0.624191|0.747283|0.982181|0.339058|0.84397|0.315214|0.878161|0.757755|0.948873|0.688345|0.624607,0.869523,0.801463,0.117836,0.0993652,0.460468,0.534015,0.0732846,0.487967,0.198257,0.921169,51.6436,5.43263e-12,47756,0.887486,41.1981,1.06086e-12,38445,0.895553,0.876428,0.0878307,0.631141,0.996144,0.511517,0.22039,0.459803,0.228135,0.891603,87.9902,7.64954e-10,30733,0.967162,70.4477,9.04596e-11,52512
24,382,n1->n20->n18->n19->n68->n17->n85->n58->n59->n90->n56->n54->n53->n52->n51,5.37021e+09|4.0293e+11|7.59179e+12|2.47533e+11|1.31753e+09|1.51096e+11|2.02447e+09|8.16696e+09|3.04563e+11|1.33273e+11|1.1605e+12|2.80961e+11|4.60474e+10|1.02428e+10|7.46708e+11,8.19724e+08|1.89646e+11|4.11836e+12|2.33399e+11|3.10679e+08|1.57582e+10|2.41326e+08|6.89506e+09|3.06423e+10|6.41526e+10|5.65456e+11|2.23178e+11|3.18273e+10|2.07235e+09|5.06847e+11,0.000494453|5.21063e-05|2.98936e-05|0.000261527|0.000223952|0.000261059|2.04325e-05|0.000266735|2.43107e-05|0.000319756|1.7812e-05|1.47667e-05|2.00633e-05|0.00011644|0.000185382,0.000316017|0.000368678|0.000681499|0.000768065|0.00843573|0.000513001|0.000338175|0.00874893|0.000202742|0.000672662|0.000830638|0.00549128|0.000509085|0.00580301|0.00344885,0.0109342|0.0108696|0.0192976|0.0201979|0.0370095|0.0430027|0.0354515|0.0248478|0.00304046|0.0285929|0.0231698|0.0334079|5.21659e-05|0.0398377|0.0365406,0.000178506|0.0181411|0.0120519|0.0291803|0.00589983|0.00442808|0.0266209|0.0481122|0.0474075|0.0372754|0.0417641|0.00844474|0.00115664|0.0151024|0.0130093,0.973537|0.923215|0.946711|0.941018|0.984554|0.974312|0.940474|0.911658|0.99171|0.984478|0.944528|0.927525|0.913872|0.965406|0.98883,4.63983|4.79469|4.38273|1.39448|5.26958|5.11322|4.91715|3.70937|5.60303|4.02061|2.55597|1.22009|0.640024|0.0104102|4.04415,90.7492|89.2299|34.0839|67.5745|23.9015|84.7043|90.6886|56.397|62.2588|40.6061|42.6814|75.3264|81.3721|83.3731,0.215706|0.247215|0.248409|0.2055|0.236806|0.225161|0.194345|0.21902|0.169222|0.166746|0.167734|0.191357|0.184589|0.197114,0.53635|0.652252|0.983209|0.968257|0.2818|0.880608|0.45102|0.533324|0.361153|0.163177|0.927159|0.567841|0.272111|0.942894,0.869523,0.801463,0.117836,0.0993652,0.460468,0.534015,0.0732846,0.487967,0.198257,0.921169,51.6436,5.43263e-12,47756,0.887486,41.1981,1.06086e-12,38445,0.895553,0.876428,0.0878307,0.631141,0.996144,0.511517,0.22039,0.459803,0.228135,0.891603,87.9902,7.64954e-10,30733,0.967162,70.4477,9.04596e-11,52512
24,383,n1->n20->n21->n22->n74->n75->n73->n10->n8->n7->n5->n65->n64->n49->n51,5.37021e+09|4.0293e+11|1.56161e+12|1.47e+10|5.8385e+13|8.71921e+10|1.41706e+11|2.49624e+09|4.61239e+13|3.81012e+11|2.91995e+11|1.12599e+09|4.21034e+09|2.45005e+09|7.46708e+11,8.19724e+08|1.89646e+11|3.02345e+11|9.51029e+09|7.35096e+12|5.29113e+10|5.76853e+10|7.32581e+08|1.04208e+13|6.70334e+10|4.67133e+10|3.2906e+08|1.60867e+09|2.44458e+09|5.06847e+11,0.000494453|5.21063e-05|0.00096308|1.77434e-05|0.000875739|0.000766915|6.32916e-05|6.27016e-05|6.6054e-05|0.000475679|7.03031e-05|1.96575e-05|1.88732e-05|1.07426e-05|0.000185382,0.000316017|0.000368678|0.00195589|0.0006856|0.00944671|0.000203965|0.000807753|0.00113469|0.00522046|0.00104538|0.000196916|0.000428116|0.000135861|0.000979027|0.00344885,0.0109342|0.0108696|0.00712365|0.0408661|0.0280357|0.0243876|0.0455502|0.00597815|0.0318744|0.01754|0.00731162|0.00118659|0.0266797|0.0183567|0.0365406,0.000178506|0.0181411|0.0414669|0.040072|0.0166219|0.0250863|0.028193|0.0245713|0.0483133|0.0283975|0.0421608|0.00176737|0.0436548|0.0388066|0.0130093,0.973537|0.923215|0.971602|0.95984|0.90082|0.936129|0.909539|0.962416|0.975256|0.963898|0.951514|0.967717|0.933821|0.969899|0.98883,4.63983|4.79469|3.14177|0.048646|0.0974208|3.39264|3.29092|1.97158|3.22282|3.51107|4.90362|4.1126|5.77568|3.94615|4.04415,90.7492|76.7594|55.6995|63.8366|64.3401|85.6152|29.3778|99.595|55.4093|37.2729|35.0583|56.7563|77.768|10.4661,0.215706|0.218425|0.206062|0.241428|0.220369|0.185893|0.202302|0.184434|0.230451|0.176784|0.209201|0.186349|0.165457|0.216931,0.53635|0.515127|0.677391|0.480684|0.119032|0.624191|0.747283|0.703378|0.745697|0.943162|0.297185|0.927837|0.348083|0.516407,0.869523,0.801463,0.117836,0.0993652,0.460468,0.534015,0.0732846,0.487967,0.198257,0.921169,51.6436,5.43263e-12,47756,0.887486,41.1981,1.06086e-12,38445,0.895553,0.876428,0.0878307,0.631141,0.996144,0.511517,0.22039,0.459803,0.228135,0.891603,87.9902,7.64954e-10,30733,0.967162,70.4477,9.04596e-11,52512
24,384,n1->n20->n18->n16->n38->n67->n21->n22->n68->n19->n17->n85->n65->n52->n51,5.37021e+09|4.0293e+11|7.59179e+12|1.09193e+13|1.16426e+13|4.7483e+09|1.56161e+12|1.47e+10|1.31753e+09|2.47533e+11|1.51096e+11|2.02447e+09|1.12599e+09|1.02428e+10|7.46708e+11,8.19724e+08|1.89646e+11|4.11836e+12|1.33827e+12|1.19258e+12|7.5553e+08|3.02345e+11|9.51029e+09|3.10679e+08|2.33399e+11|1.57582e+10|2.41326e+08|3.2906e+08|2.07235e+09|5.06847e+11,0.000494453|5.21063e-05|2.98936e-05|3.71682e-05|1.04425e-05|3.91885e-05|0.00096308|1.77434e-05|0.000223952|0.000261527|0.000261059|2.04325e-05|1.96575e-05|0.00011644|0.000185382,0.000316017|0.000368678|0.000681499|0.00174713|0.00950649|0.000640186|0.00195589|0.0006856|0.00843573|0.000768065|0.000513001|0.000338175|0.000428116|0.00580301|0.00344885,0.0109342|0.0108696|0.0192976|0.0123696|0.0263713|0.029632|0.00712365|0.0408661|0.0370095|0.0201979|0.0430027|0.0354515|0.00118659|0.0398377|0.0365406,0.000178506|0.0181411|0.0120519|0.0240438|0.00318517|0.0482082|0.0414669|0.040072|0.00589983|0.0291803|0.00442808|0.0266209|0.00176737|0.0151024|0.0130093,0.973537|0.923215|0.946711|0.979533|0.902547|0.924883|0.971602|0.95984|0.984554|0.941018|0.974312|0.940474|0.967717|0.965406|0.98883,4.63983|4.79469|4.38273|1.69436|5.09423|2.06342|3.14177|0.048646|5.26958|1.39448|5.11322|4.91715|4.1126|0.0104102|4.04415,90.7492|89.2299|72.2829|28.0546|59.2872|42.5138|55.6995|15.3326|67.5745|10.3361|84.7043|82.5435|56.1703|83.3731,0.215706|0.247215|0.180241|0.17367|0.200548|0.197352|0.206062|0.236297|0.2055|0.172286|0.225161|0.20461|0.247907|0.197114,0.53635|0.652252|0.553025|0.828443|0.127053|0.602799|0.677391|0.655447|0.968257|0.559133|0.880608|0.519435|0.827328|0.942894,0.869523,0.801463,0.117836,0.0993652,0.460468,0.534015,0.0732846,0.487967,0.198257,0.921169,51.6436,5.43263e-12,47756,0.887486,41.1981,1.06086e-12,38445,0.895553,0.876428,0.0878307,0.631141,0.996144,0.511517,0.22039,0.459803,0.228135,0.891603,87.9902,7.64954e-10,30733,0.967162,70.4477,9.04596e-11,52512
24,385,n1->n99->n97->n95->n82->n80->n81->n79->n63->n61->n62->n60->n59->n50->n51,5.37021e+09|1.57108e+10|2.90604e+09|1.05601e+11|1.07979e+13|2.45686e+13|2.58887e+10|1.47019e+10|6.55204e+12|6.44979e+11|2.37342e+11|8.79841e+13|3.04563e+11|2.36425e+09|7.46708e+11,8.19724e+08|4.21389e+09|5.04144e+08|5.46554e+10|1.66379e+12|2.75437e+12|8.36206e+09|4.87652e+09|2.63574e+12|1.30372e+11|1.13053e+11|5.95756e+13|3.06423e+10|4.07889e+08|5.06847e+11,0.000494453|0.00089026|8.81202e-05|0.000260968|0.000837919|1.13052e-05|0.000268232|0.000133131|0.000116235|3.71253e-05|8.24006e-05|0.000731749|2.43107e-05|1.54283e-05|0.000185382,0.000316017|0.000350126|0.00494291|0.000186877|0.00271152|0.000238286|0.000752991|0.000479664|0.00126856|0.00313588|0.00794111|0.000248463|0.000202742|0.00907722|0.00344885,0.0109342|0.0362414|0.0381696|0.00282907|0.0278433|0.00592883|0.0481357|0.0252961|0.0100727|0.0266048|0.0242596|0.0128442|0.00304046|0.00638914|0.0365406,0.000178506|0.0472365|0.00800322|0.0420997|0.0266174|0.0262948|0.00997263|0.0203026|0.0107197|0.0179693|0.0480911|0.0431033|0.0474075|0.0483596|0.0130093,0.973537|0.953794|0.90679|0.966581|0.934435|0.919013|0.948836|0.966262|0.903245|0.958619|0.98053|0.945549|0.99171|0.910708|0.98883,4.63983|3.07459|1.41691|1.09944|0.132111|0.100836|1.5908|3.41737|4.68449|2.63855|5.59786|4.50487|5.60303|5.41755|4.04415,66.2586|94.4507|11.8968|75.699|47.0365|15.5679|26.55|16.1844|47.0482|89.0369|48.3985|76.8491|47.7013|82.9474,0.180129|0.168303|0.228013|0.21275|0.231931|0.212149|0.238834|0.22961|0.167884|0.198053|0.17162|0.204072|0.170229|0.24308,0.323551|0.263233|0.342677|0.837867|0.796307|0.870283|0.957633|0.217843|0.410418|0.704733|0.641887|0.509755|0.776444|0.624607,0.869523,0.801463,0.117836,0.0993652,0.460468,0.534015,0.0732846,0.487967,0.198257,0.921169,51.6436,5.43263e-12,47756,0.887486,41.1981,1.06086e-12,38445,0.895553,0.876428,0.0878307,0.631141,0.996144,0.511517,0.22039,0.459803,0.228135,0.891603,87.9902,7.64954e-10,30733,0.967162,70.4477,9.04596e-11,52512
24,386,n1->n20->n19->n68->n66->n32->n30->n76->n86->n87->n88->n90->n59->n50->n51,5.37021e+09|4.0293e+11|2.47533e+11|1.31753e+09|1.10072e+10|1.78367e+12|1.26395e+10|4.21804e+13|3.85304e+10|7.3435e+12|9.00567e+12|1.33273e+11|3.04563e+11|2.36425e+09|7.46708e+11,8.19724e+08|1.89646e+11|2.33399e+11|3.10679e+08|8.7665e+09|1.05491e+12|1.81012e+09|1.15782e+13|4.69095e+09|2.79916e+12|8.66002e+12|6.41526e+10|3.06423e+10|4.07889e+08|5.06847e+11,0.000494453|5.21063e-05|0.000261527|0.000223952|0.000237659|0.000179959|4.789e-05|1.88608e-05|6.21631e-05|0.000634307|6.2721e-05|0.000319756|2.43107e-05|1.54283e-05|0.000185382,0.000316017|0.000368678|0.000768065|0.00843573|0.000470269|0.00292552|0.00655588|0.00214239|0.00341054|0.00151267|0.000480267|0.000672662|0.000202742|0.00907722|0.00344885,0.0109342|0.0108696|0.0201979|0.0370095|0.0203827|0.00778345|0.00398508|0.00156873|0.0237043|0.0186268|0.00850464|0.0285929|0.00304046|0.00638914|0.0365406,0.000178506|0.0181411|0.0291803|0.00589983|0.0146278|0.0161829|0.0178703|0.0470058|0.0488574|0.00979507|0.0237676|0.0372754|0.0474075|0.0483596|0.0130093,0.973537|0.923215|0.941018|0.984554|0.978907|0.953313|0.972158|0.989289|0.981332|0.977244|0.962132|0.984478|0.99171|0.910708|0.98883,4.63983|4.79469|1.39448|5.26958|3.10364|0.10397|5.42296|0.578949|4.96971|2.33192|1.9653|4.02061|5.60303|5.41755|4.04415,90.7492|86.2435|67.5745|70.8824|27.3217|69.5993|21.8454|37.5994|88.9922|57.0974|14.1987|62.2588|47.7013|82.9474,0.215706|0.182991|0.2055|0.16183|0.199785|0.204659|0.220509|0.17745|0.246364|0.227675|0.244274|0.169222|0.170229|0.24308,0.53635|0.182796|0.968257|0.215539|0.769012|0.237533|0.936019|0.871942|0.83582|0.396625|0.997795|0.361153|0.776444|0.624607,0.869523,0.801463,0.117836,0.0993652,0.460468,0.534015,0.0732846,0.487967,0.198257,0.921169,51.6436,5.43263e-12,47756,0.887486,41.1981,1.06086e-12,38445,0.895553,0.876428,0.0878307,0.631141,0.996144,0.511517,0.22039,0.459803,0.228135,0.891603,87.9902,7.64954e-10,30733,0.967162,70.4477,9.04596e-11,52512
24,387,n1->n99->n98->n57->n74->n22->n21->n67->n38->n36->n34->n15->n29->n50->n51,5.37021e+09|1.57108e+10|1.8266e+13|4.14288e+09|5.8385e+13|1.47e+10|1.56161e+12|4.7483e+09|1.16426e+13|7.73972e+11|4.7313e+12|8.77071e+11|3.6336e+13|2.36425e+09|7.46708e+11,8.19724e+08|4.21389e+09|5.99087e+12|2.05006e+09|7.35096e+12|9.51029e+09|3.02345e+11|7.5553e+08|1.19258e+12|7.77593e+10|1.15705e+12|1.06991e+11|1.77292e+13|4.07889e+08|5.06847e+11,0.000494453|0.00089026|0.000410965|0.000173612|0.000875739|1.77434e-05|0.00096308|3.91885e-05|1.04425e-05|0.000426407|0.000140889|0.000182949|0.000125062|1.54283e-05|0.000185382,0.000316017|0.000350126|0.000548485|0.00271581|0.00944671|0.0006856|0.00195589|0.000640186|0.00950649|0.00396778|0.000270551|0.00274771|0.00231296|0.00907722|0.00344885,0.0109342|0.0362414|0.0295222|0.0328142|0.0280357|0.0408661|0.00712365|0.029632|0.0263713|0.00497013|0.0276207|0.0207315|0.0255931|0.00638914|0.0365406,0.000178506|0.0472365|0.0297366|0.0437642|0.0166219|0.040072|0.0414669|0.0482082|0.00318517|0.0341912|0.0210615|0.0378122|0.00291922|0.0483596|0.0130093,0.973537|0.953794|0.959539|0.983348|0.90082|0.95984|0.971602|0.924883|0.902547|0.94998|0.904866|0.910795|0.962742|0.910708|0.98883,4.63983|3.07459|2.95405|1.93323|0.0974208|0.048646|3.14177|2.06342|5.09423|3.70656|4.56594|1.89272|0.0327787|5.41755|4.04415,66.2586|58.4557|98.2355|95.6836|63.8366|55.6995|42.5138|59.2872|61.2725|89.5651|27.3162|32.2763|37.0378|82.9474,0.180129|0.227784|0.190047|0.169856|0.241428|0.206062|0.197352|0.200548|0.204351|0.241996|0.231681|0.240047|0.191256|0.24308,0.323551|0.686264|0.757428|0.815246|0.480684|0.677391|0.602799|0.127053|0.413834|0.265381|0.750497|0.895675|0.182586|0.624607,0.869523,0.801463,0.117836,0.0993652,0.460468,0.534015,0.0732846,0.487967,0.198257,0.921169,51.6436,5.43263e-12,47756,0.887486,41.1981,1.06086e-12,38445,0.895553,0.876428,0.0878307,0.631141,0.996144,0.511517,0.22039,0.459803,0.228135,0.891603,87.9902,7.64954e-10,30733,0.967162,70.4477,9.04596e-11,52512
24,388,n1->n13->n14->n96->n20->n89->n95->n82->n84->n83->n57->n55->n53->n52->n51,5.37021e+09|6.60497e+13|3.70261e+10|2.51165e+12|4.0293e+11|2.68119e+11|1.05601e+11|1.07979e+13|1.07392e+09|3.76373e+13|4.14288e+09|8.84081e+12|4.60474e+10|1.02428e+10|7.46708e+11,8.19724e+08|8.87204e+12|1.44234e+10|5.36324e+11|1.89646e+11|9.23423e+10|5.46554e+10|1.66379e+12|9.00899e+08|2.34723e+13|2.05006e+09|4.69454e+12|3.18273e+10|2.07235e+09|5.06847e+11,0.000494453|0.000787814|3.25754e-05|1.2987e-05|5.21063e-05|3.55201e-05|0.000260968|0.000837919|2.14473e-05|1.86087e-05|0.000173612|4.06274e-05|2.00633e-05|0.00011644|0.000185382,0.000316017|0.00788063|0.000181646|0.000286765|0.000368678|0.000111435|0.000186877|0.00271152|0.000434313|0.000175452|0.00271581|0.000128431|0.000509085|0.00580301|0.00344885,0.0109342|0.0476737|0.0426128|0.0377902|0.0108696|0.0107812|0.00282907|0.0278433|0.0473575|0.015405|0.0328142|0.00843704|5.21659e-05|0.0398377|0.0365406,0.000178506|0.00335145|0.049061|0.0195364|0.0181411|0.0401575|0.0420997|0.0266174|0.0366447|0.038157|0.0437642|0.0314938|0.00115664|0.0151024|0.0130093,0.973537|0.954869|0.906626|0.951762|0.923215|0.926416|0.966581|0.934435|0.948551|0.947801|0.983348|0.908585|0.913872|0.965406|0.98883,4.63983|5.26639|0.762282|0.85792|4.79469|0.0868458|1.09944|0.132111|5.42186|4.11052|1.93323|3.37071|0.640024|0.0104102|4.04415,79.8117|92.5451|54.7186|58.7029|18.2346|11.8194|75.699|83.37|20.1884|50.003|61.5999|30.3781|81.3721|83.3731,0.246796|0.191459|0.208433|0.201188|0.231355|0.168449|0.21275|0.203763|0.246081|0.1911|0.220389|0.207992|0.184589|0.197114,0.338018|0.161307|0.448351|0.666395|0.595303|0.776387|0.837867|0.808712|0.599197|0.161388|0.549818|0.646488|0.272111|0.942894,0.869523,0.801463,0.117836,0.0993652,0.460468,0.534015,0.0732846,0.487967,0.198257,0.921169,51.6436,5.43263e-12,47756,0.887486,41.1981,1.06086e-12,38445,0.895553,0.876428,0.0878307,0.631141,0.996144,0.511517,0.22039,0.459803,0.228135,0.891603,87.9902,7.64954e-10,30733,0.967162,70.4477,9.04596e-11,52512
24,389,n1->n20->n21->n67->n38->n36->n64->n49->n47->n48->n50->n29->n27->n52->n51,5.37021e+09|4.0293e+11|1.56161e+12|4.7483e+09|1.16426e+13|7.73972e+11|4.21034e+09|2.45005e+09|4.74236e+11|3.98001e+12|2.36425e+09|3.6336e+13|4.19351e+12|1.02428e+10|7.46708e+11,8.19724e+08|1.89646e+11|3.02345e+11|7.5553e+08|1.19258e+12|7.77593e+10|1.60867e+09|2.44458e+09|1.54765e+11|1.69514e+12|4.07889e+08|1.77292e+13|8.73344e+11|2.07235e+09|5.06847e+11,0.000494453|5.21063e-05|0.00096308|3.91885e-05|1.04425e-05|0.000426407|1.88732e-05|1.07426e-05|0.000202873|4.78153e-05|1.54283e-05|0.000125062|1.08528e-05|0.00011644|0.000185382,0.000316017|0.000368678|0.00195589|0.000640186|0.00950649|0.00396778|0.000135861|0.000979027|0.000266598|0.00544009|0.00907722|0.00231296|0.00262605|0.00580301|0.00344885,0.0109342|0.0108696|0.00712365|0.029632|0.0263713|0.00497013|0.0266797|0.0183567|0.00898217|0.0455031|0.00638914|0.0255931|0.0303206|0.0398377|0.0365406,0.000178506|0.0181411|0.0414669|0.0482082|0.00318517|0.0341912|0.0436548|0.0388066|0.0488958|0.0360942|0.0483596|0.00291922|0.0230682|0.0151024|0.0130093,0.973537|0.923215|0.971602|0.924883|0.902547|0.94998|0.933821|0.969899|0.9108|0.967439|0.910708|0.962742|0.985376|0.965406|0.98883,4.63983|4.79469|3.14177|2.06342|5.09423|3.70656|5.77568|3.94615|6.27947|3.09858|5.41755|0.0327787|4.5695|0.0104102|4.04415,90.7492|76.7594|42.5138|59.2872|61.2725|43.8659|77.768|91.8261|78.8723|23.5956|37.0378|49.6282|46.2248|83.3731,0.215706|0.218425|0.197352|0.200548|0.204351|0.241695|0.165457|0.228404|0.239998|0.191801|0.191256|0.180772|0.183493|0.197114,0.53635|0.515127|0.602799|0.127053|0.413834|0.590576|0.348083|0.133861|0.300482|0.688345|0.182586|0.511755|0.657987|0.942894,0.869523,0.801463,0.117836,0.0993652,0.460468,0.534015,0.0732846,0.487967,0.198257,0.921169,51.6436,5.43263e-12,47756,0.887486,41.1981,1.06086e-12,38445,0.895553,0.876428,0.0878307,0.631141,0.996144,0.511517,0.22039,0.459803,0.228135,0.891603,87.9902,7.64954e-10,30733,0.967162,70.4477,9.04596e-11,52512
24,390,n1->n20->n18->n70->n72->n77->n99->n98->n57->n74->n75->n14->n96->n94->n51,5.37021e+09|4.0293e+11|7.59179e+12|6.87309e+13|6.83442e+09|5.68112e+11|1.57108e+10|1.8266e+13|4.14288e+09|5.8385e+13|8.71921e+10|3.70261e+10|2.51165e+12|1.36531e+10|7.46708e+11,8.19724e+08|1.89646e+11|4.11836e+12|9.78332e+12|1.48353e+09|3.56307e+11|4.21389e+09|5.99087e+12|2.05006e+09|7.35096e+12|5.29113e+10|1.44234e+10|5.36324e+11|1.67171e+09|5.06847e+11,0.000494453|5.21063e-05|2.98936e-05|5.13815e-05|0.000159499|8.49487e-05|0.00089026|0.000410965|0.000173612|0.000875739|0.000766915|3.25754e-05|1.2987e-05|2.95455e-05|0.000185382,0.000316017|0.000368678|0.000681499|0.00295865|0.00384342|0.000906866|0.000350126|0.000548485|0.00271581|0.00944671|0.000203965|0.000181646|0.000286765|0.000125263|0.00344885,0.0109342|0.0108696|0.0192976|0.0286141|0.0479977|0.04851|0.0362414|0.0295222|0.0328142|0.0280357|0.0243876|0.0426128|0.0377902|0.00830448|0.0365406,0.000178506|0.0181411|0.0120519|0.0216638|0.0299903|0.0115254|0.0472365|0.0297366|0.0437642|0.0166219|0.0250863|0.049061|0.0195364|0.0293842|0.0130093,0.973537|0.923215|0.946711|0.966653|0.96924|0.949999|0.953794|0.959539|0.983348|0.90082|0.936129|0.906626|0.951762|0.927471|0.98883,4.63983|4.79469|4.38273|4.60778|3.90463|0.722366|3.07459|2.95405|1.93323|0.0974208|3.39264|0.762282|0.85792|5.03384|4.04415,90.7492|89.2299|55.8812|97.4405|92.3918|96.5216|58.4557|98.2355|95.6836|64.3401|56.2706|54.7186|71.0086|11.2844,0.215706|0.247215|0.234874|0.180102|0.167022|0.241387|0.227784|0.190047|0.169856|0.220369|0.226178|0.208433|0.230021|0.200895,0.53635|0.652252|0.16843|0.79408|0.776051|0.664018|0.686264|0.757428|0.815246|0.119032|0.725021|0.448351|0.131268|0.836539,0.869523,0.801463,0.117836,0.0993652,0.460468,0.534015,0.0732846,0.487967,0.198257,0.921169,51.6436,5.43263e-12,47756,0.887486,41.1981,1.06086e-12,38445,0.895553,0.876428,0.0878307,0.631141,0.996144,0.511517,0.22039,0.459803,0.228135,0.891603,87.9902,7.64954e-10,30733,0.967162,70.4477,9.04596e-11,52512
24,391,n1->n99->n77->n93->n95->n82->n80->n78->n44->n43->n45->n47->n48->n50->n51,5.37021e+09|1.57108e+10|5.68112e+11|4.22601e+13|1.05601e+11|1.07979e+13|2.45686e+13|3.25238e+10|5.26537e+13|1.40931e+10|8.38488e+13|4.74236e+11|3.98001e+12|2.36425e+09|7.46708e+11,8.19724e+08|4.21389e+09|3.56307e+11|1.3774e+13|5.46554e+10|1.66379e+12|2.75437e+12|2.30731e+10|2.86817e+13|3.26577e+09|1.01787e+13|1.54765e+11|1.69514e+12|4.07889e+08|5.06847e+11,0.000494453|0.00089026|8.49487e-05|8.45967e-05|0.000260968|0.000837919|1.13052e-05|0.000270955|0.000124649|0.000955168|1.67225e-05|0.000202873|4.78153e-05|1.54283e-05|0.000185382,0.000316017|0.000350126|0.000906866|0.000162335|0.000186877|0.00271152|0.000238286|0.00167497|0.00158999|0.00344494|0.000742576|0.000266598|0.00544009|0.00907722|0.00344885,0.0109342|0.0362414|0.04851|0.0108045|0.00282907|0.0278433|0.00592883|0.00569443|0.0486405|0.0168583|0.00846218|0.00898217|0.0455031|0.00638914|0.0365406,0.000178506|0.0472365|0.0115254|0.0326183|0.0420997|0.0266174|0.0262948|0.0425349|0.00764508|0.0482719|0.0342415|0.0488958|0.0360942|0.0483596|0.0130093,0.973537|0.953794|0.949999|0.912097|0.966581|0.934435|0.919013|0.92832|0.932977|0.943219|0.934264|0.9108|0.967439|0.910708|0.98883,4.63983|3.07459|0.722366|5.92115|1.09944|0.132111|0.100836|3.3614|2.64532|2.3897|5.31688|6.27947|3.09858|5.41755|4.04415,66.2586|96.5216|51.9256|24.941|75.699|47.0365|66.5291|88.5528|69.1985|48.5398|40.979|78.8723|23.5956|82.9474,0.180129|0.241387|0.247077|0.237661|0.21275|0.231931|0.222935|0.200088|0.210513|0.218428|0.216949|0.239998|0.191801|0.24308,0.323551|0.664018|0.469529|0.985064|0.837867|0.796307|0.109088|0.134865|0.374145|0.854577|0.317946|0.300482|0.688345|0.624607,0.869523,0.801463,0.117836,0.0993652,0.460468,0.534015,0.0732846,0.487967,0.198257,0.921169,51.6436,5.43263e-12,47756,0.887486,41.1981,1.06086e-12,38445,0.895553,0.876428,0.0878307,0.631141,0.996144,0.511517,0.22039,0.459803,0.228135,0.891603,87.9902,7.64954e-10,30733,0.967162,70.4477,9.04596e-11,52512
24,392,n1->n99->n77->n72->n45->n43->n44->n78->n76->n69->n3->n5->n65->n52->n51,5.37021e+09|1.57108e+10|5.68112e+11|6.83442e+09|8.38488e+13|1.40931e+10|5.26537e+13|3.25238e+10|4.21804e+13|8.81277e+09|2.78751e+13|2.91995e+11|1.12599e+09|1.02428e+10|7.46708e+11,8.19724e+08|4.21389e+09|3.56307e+11|1.48353e+09|1.01787e+13|3.26577e+09|2.86817e+13|2.30731e+10|1.15782e+13|7.57626e+09|1.44762e+13|4.67133e+10|3.2906e+08|2.07235e+09|5.06847e+11,0.000494453|0.00089026|8.49487e-05|0.000159499|1.67225e-05|0.000955168|0.000124649|0.000270955|1.88608e-05|0.000268039|0.00022361|7.03031e-05|1.96575e-05|0.00011644|0.000185382,0.000316017|0.000350126|0.000906866|0.00384342|0.000742576|0.00344494|0.00158999|0.00167497|0.00214239|0.00367819|0.00776667|0.000196916|0.000428116|0.00580301|0.00344885,0.0109342|0.0362414|0.04851|0.0479977|0.00846218|0.0168583|0.0486405|0.00569443|0.00156873|0.022957|0.0268705|0.00731162|0.00118659|0.0398377|0.0365406,0.000178506|0.0472365|0.0115254|0.0299903|0.0342415|0.0482719|0.00764508|0.0425349|0.0470058|0.0100342|0.0326941|0.0421608|0.00176737|0.0151024|0.0130093,0.973537|0.953794|0.949999|0.96924|0.934264|0.943219|0.932977|0.92832|0.989289|0.975915|0.982466|0.951514|0.967717|0.965406|0.98883,4.63983|3.07459|0.722366|3.90463|5.31688|2.3897|2.64532|3.3614|0.578949|2.99986|4.79844|4.90362|4.1126|0.0104102|4.04415,66.2586|96.5216|92.3918|63.1262|48.5398|69.1985|88.5528|69.3348|66.666|83.9106|10.4739|35.0583|56.1703|83.3731,0.180129|0.241387|0.167022|0.243732|0.218428|0.210513|0.200088|0.194827|0.212271|0.204476|0.163561|0.209201|0.247907|0.197114,0.323551|0.664018|0.776051|0.65643|0.854577|0.374145|0.134865|0.93416|0.890059|0.65353|0.469027|0.297185|0.827328|0.942894,0.869523,0.801463,0.117836,0.0993652,0.460468,0.534015,0.0732846,0.487967,0.198257,0.921169,51.6436,5.43263e-12,47756,0.887486,41.1981,1.06086e-12,38445,0.895553,0.876428,0.0878307,0.631141,0.996144,0.511517,0.22039,0.459803,0.228135,0.891603,87.9902,7.64954e-10,30733,0.967162,70.4477,9.04596e-11,52512
24,393,n1->n99->n98->n57->n55->n53->n54->n40->n42->n63->n82->n95->n93->n94->n51,5.37021e+09|1.57108e+10|1.8266e+13|4.14288e+09|8.84081e+12|4.60474e+10|2.80961e+11|3.58065e+10|2.42905e+09|6.55204e+12|1.07979e+13|1.05601e+11|4.22601e+13|1.36531e+10|7.46708e+11,8.19724e+08|4.21389e+09|5.99087e+12|2.05006e+09|4.69454e+12|3.18273e+10|2.23178e+11|4.14657e+09|2.47264e+08|2.63574e+12|1.66379e+12|5.46554e+10|1.3774e+13|1.67171e+09|5.06847e+11,0.000494453|0.00089026|0.000410965|0.000173612|4.06274e-05|2.00633e-05|1.47667e-05|6.01341e-05|8.79758e-05|0.000116235|0.000837919|0.000260968|8.45967e-05|2.95455e-05|0.000185382,0.000316017|0.000350126|0.000548485|0.00271581|0.000128431|0.000509085|0.00549128|0.00268841|0.000493531|0.00126856|0.00271152|0.000186877|0.000162335|0.000125263|0.00344885,0.0109342|0.0362414|0.0295222|0.0328142|0.00843704|5.21659e-05|0.0334079|0.0249103|0.00783732|0.0100727|0.0278433|0.00282907|0.0108045|0.00830448|0.0365406,0.000178506|0.0472365|0.0297366|0.0437642|0.0314938|0.00115664|0.00844474|0.033399|0.0327962|0.0107197|0.0266174|0.0420997|0.0326183|0.0293842|0.0130093,0.973537|0.953794|0.959539|0.983348|0.908585|0.913872|0.927525|0.920308|0.960936|0.903245|0.934435|0.966581|0.912097|0.927471|0.98883,4.63983|3.07459|2.95405|1.93323|3.37071|0.640024|1.22009|2.50002|0.765875|4.68449|0.132111|1.09944|5.92115|5.03384|4.04415,66.2586|58.4557|98.2355|61.5999|30.3781|75.3264|12.2677|77.6192|97.0433|48.6997|75.699|24.941|63.1349|11.2844,0.180129|0.227784|0.190047|0.220389|0.207992|0.191357|0.248162|0.243521|0.211509|0.175742|0.21275|0.237661|0.209804|0.200895,0.323551|0.686264|0.757428|0.549818|0.646488|0.567841|0.812759|0.14346|0.758395|0.4301|0.837867|0.985064|0.17375|0.836539,0.869523,0.801463,0.117836,0.0993652,0.460468,0.534015,0.0732846,0.487967,0.198257,0.921169,51.6436,5.43263e-12,47756,0.887486,41.1981,1.06086e-12,38445,0.895553,0.876428,0.0878307,0.631141,0.996144,0.511517,0.22039,0.459803,0.228135,0.891603,87.9902,7.64954e-10,30733,0.967162,70.4477,9.04596e-11,52512
24,394,n1->n13->n11->n9->n7->n8->n10->n63->n42->n44->n78->n85->n65->n52->n51,5.37021e+09|6.60497e+13|1.78735e+12|1.49139e+12|3.81012e+11|4.61239e+13|2.49624e+09|6.55204e+12|2.42905e+09|5.26537e+13|3.25238e+10|2.02447e+09|1.12599e+09|1.02428e+10|7.46708e+11,8.19724e+08|8.87204e+12|3.29521e+11|3.79906e+11|6.70334e+10|1.04208e+13|7.32581e+08|2.63574e+12|2.47264e+08|2.86817e+13|2.30731e+10|2.41326e+08|3.2906e+08|2.07235e+09|5.06847e+11,0.000494453|0.000787814|5.47786e-05|1.80008e-05|0.000475679|6.6054e-05|6.27016e-05|0.000116235|8.79758e-05|0.000124649|0.000270955|2.04325e-05|1.96575e-05|0.00011644|0.000185382,0.000316017|0.00788063|0.00652494|0.00065196|0.00104538|0.00522046|0.00113469|0.00126856|0.000493531|0.00158999|0.00167497|0.000338175|0.000428116|0.00580301|0.00344885,0.0109342|0.0476737|0.00125292|0.0140743|0.01754|0.0318744|0.00597815|0.0100727|0.00783732|0.0486405|0.00569443|0.0354515|0.00118659|0.0398377|0.0365406,0.000178506|0.00335145|0.0136412|0.033904|0.0283975|0.0483133|0.0245713|0.0107197|0.0327962|0.00764508|0.0425349|0.0266209|0.00176737|0.0151024|0.0130093,0.973537|0.954869|0.988894|0.963574|0.963898|0.975256|0.962416|0.903245|0.960936|0.932977|0.92832|0.940474|0.967717|0.965406|0.98883,4.63983|5.26639|0.923897|5.88966|3.51107|3.22282|1.97158|4.68449|0.765875|2.64532|3.3614|4.91715|4.1126|0.0104102|4.04415,79.8117|13.9548|99.0064|59.8148|55.4093|99.595|65.1286|97.0433|21.0603|88.5528|67.1704|82.5435|56.1703|83.3731,0.246796|0.189728|0.201409|0.18359|0.230451|0.184434|0.203746|0.211509|0.23095|0.200088|0.184721|0.20461|0.247907|0.197114,0.338018|0.801183|0.439638|0.339058|0.745697|0.703378|0.514129|0.758395|0.399278|0.134865|0.609732|0.519435|0.827328|0.942894,0.869523,0.801463,0.117836,0.0993652,0.460468,0.534015,0.0732846,0.487967,0.198257,0.921169,51.6436,5.43263e-12,47756,0.887486,41.1981,1.06086e-12,38445,0.895553,0.876428,0.0878307,0.631141,0.996144,0.511517,0.22039,0.459803,0.228135,0.891603,87.9902,7.64954e-10,30733,0.967162,70.4477,9.04596e-11,52512
24,395,n1->n20->n96->n14->n12->n8->n10->n73->n71->n24->n26->n25->n27->n52->n51,5.37021e+09|4.0293e+11|2.51165e+12|3.70261e+10|9.70597e+10|4.61239e+13|2.49624e+09|1.41706e+11|7.70008e+11|1.59557e+13|7.09351e+09|1.67189e+13|4.19351e+12|1.02428e+10|7.46708e+11,8.19724e+08|1.89646e+11|5.36324e+11|1.44234e+10|2.76143e+10|1.04208e+13|7.32581e+08|5.76853e+10|1.60546e+11|4.06569e+12|1.31666e+09|1.40059e+13|8.73344e+11|2.07235e+09|5.06847e+11,0.000494453|5.21063e-05|1.2987e-05|3.25754e-05|0.000201974|6.6054e-05|6.27016e-05|6.32916e-05|0.00017279|0.000193265|3.77967e-05|6.30741e-05|1.08528e-05|0.00011644|0.000185382,0.000316017|0.000368678|0.000286765|0.000181646|0.0016732|0.00522046|0.00113469|0.000807753|0.00123164|0.0012727|0.00522178|0.00294926|0.00262605|0.00580301|0.00344885,0.0109342|0.0108696|0.0377902|0.0426128|0.0313381|0.0318744|0.00597815|0.0455502|0.0398828|0.0433038|0.0101688|0.0195393|0.0303206|0.0398377|0.0365406,0.000178506|0.0181411|0.0195364|0.049061|0.0470205|0.0483133|0.0245713|0.028193|0.0326729|0.00780618|0.0409649|0.0159438|0.0230682|0.0151024|0.0130093,0.973537|0.923215|0.951762|0.906626|0.937315|0.975256|0.962416|0.909539|0.947193|0.90929|0.981638|0.9023|0.985376|0.965406|0.98883,4.63983|4.79469|0.85792|0.762282|3.07758|3.22282|1.97158|3.29092|0.117525|3.9732|2.91399|1.57149|4.5695|0.0104102|4.04415,90.7492|58.7029|54.7186|51.9585|81.3396|99.595|29.3778|28.2621|44.1502|83.4704|63.0993|64.4551|46.2248|83.3731,0.215706|0.201188|0.208433|0.222459|0.186476|0.184434|0.202302|0.242769|0.204574|0.216464|0.228799|0.242248|0.183493|0.197114,0.53635|0.666395|0.448351|0.326911|0.379326|0.703378|0.747283|0.940077|0.45026|0.583168|0.359402|0.837222|0.657987|0.942894,0.869523,0.801463,0.117836,0.0993652,0.460468,0.534015,0.0732846,0.487967,0.198257,0.921169,51.6436,5.43263e-12,47756,0.887486,41.1981,1.06086e-12,38445,0.895553,0.876428,0.0878307,0.631141,0.996144,0.511517,0.22039,0.459803,0.228135,0.891603,87.9902,7.64954e-10,30733,0.967162,70.4477,9.04596e-11,52512
24,396,n1->n13->n14->n96->n20->n89->n88->n90->n100->n2->n7->n5->n65->n52->n51,5.37021e+09|6.60497e+13|3.70261e+10|2.51165e+12|4.0293e+11|2.68119e+11|9.00567e+12|1.33273e+11|4.01966e+09|5.94248e+10|3.81012e+11|2.91995e+11|1.12599e+09|1.02428e+10|7.46708e+11,8.19724e+08|8.87204e+12|1.44234e+10|5.36324e+11|1.89646e+11|9.23423e+10|8.66002e+12|6.41526e+10|2.27749e+09|3.74975e+10|6.70334e+10|4.67133e+10|3.2906e+08|2.07235e+09|5.06847e+11,0.000494453|0.000787814|3.25754e-05|1.2987e-05|5.21063e-05|3.55201e-05|6.2721e-05|0.000319756|0.000665246|1.10648e-05|0.000475679|7.03031e-05|1.96575e-05|0.00011644|0.000185382,0.000316017|0.00788063|0.000181646|0.000286765|0.000368678|0.000111435|0.000480267|0.000672662|0.00914892|0.00120557|0.00104538|0.000196916|0.000428116|0.00580301|0.00344885,0.0109342|0.0476737|0.0426128|0.0377902|0.0108696|0.0107812|0.00850464|0.0285929|0.0100829|0.00369149|0.01754|0.00731162|0.00118659|0.0398377|0.0365406,0.000178506|0.00335145|0.049061|0.0195364|0.0181411|0.0401575|0.0237676|0.0372754|0.0460028|0.0127317|0.0283975|0.0421608|0.00176737|0.0151024|0.0130093,0.973537|0.954869|0.906626|0.951762|0.923215|0.926416|0.962132|0.984478|0.935175|0.968894|0.963898|0.951514|0.967717|0.965406|0.98883,4.63983|5.26639|0.762282|0.85792|4.79469|0.0868458|1.9653|4.02061|3.89025|4.74216|3.51107|4.90362|4.1126|0.0104102|4.04415,79.8117|92.5451|54.7186|58.7029|18.2346|92.4072|14.1987|32.7492|37.015|88.6198|37.2729|35.0583|56.1703|83.3731,0.246796|0.191459|0.208433|0.201188|0.231355|0.203687|0.244274|0.191207|0.17211|0.228013|0.176784|0.209201|0.247907|0.197114,0.338018|0.161307|0.448351|0.666395|0.595303|0.876618|0.997795|0.878161|0.315214|0.84397|0.943162|0.297185|0.827328|0.942894,0.869523,0.801463,0.117836,0.0993652,0.460468,0.534015,0.0732846,0.487967,0.198257,0.921169,51.6436,5.43263e-12,47756,0.887486,41.1981,1.06086e-12,38445,0.895553,0.876428,0.0878307,0.631141,0.996144,0.511517,0.22039,0.459803,0.228135,0.891603,87.9902,7.64954e-10,30733,0.967162,70.4477,9.04596e-11,52512
24,397,n1->n13->n11->n29->n15->n34->n36->n38->n67->n21->n20->n89->n48->n50->n51,5.37021e+09|6.60497e+13|1.78735e+12|3.6336e+13|8.77071e+11|4.7313e+12|7.73972e+11|1.16426e+13|4.7483e+09|1.56161e+12|4.0293e+11|2.68119e+11|3.98001e+12|2.36425e+09|7.46708e+11,8.19724e+08|8.87204e+12|3.29521e+11|1.77292e+13|1.06991e+11|1.15705e+12|7.77593e+10|1.19258e+12|7.5553e+08|3.02345e+11|1.89646e+11|9.23423e+10|1.69514e+12|4.07889e+08|5.06847e+11,0.000494453|0.000787814|5.47786e-05|0.000125062|0.000182949|0.000140889|0.000426407|1.04425e-05|3.91885e-05|0.00096308|5.21063e-05|3.55201e-05|4.78153e-05|1.54283e-05|0.000185382,0.000316017|0.00788063|0.00652494|0.00231296|0.00274771|0.000270551|0.00396778|0.00950649|0.000640186|0.00195589|0.000368678|0.000111435|0.00544009|0.00907722|0.00344885,0.0109342|0.0476737|0.00125292|0.0255931|0.0207315|0.0276207|0.00497013|0.0263713|0.029632|0.00712365|0.0108696|0.0107812|0.0455031|0.00638914|0.0365406,0.000178506|0.00335145|0.0136412|0.00291922|0.0378122|0.0210615|0.0341912|0.00318517|0.0482082|0.0414669|0.0181411|0.0401575|0.0360942|0.0483596|0.0130093,0.973537|0.954869|0.988894|0.962742|0.910795|0.904866|0.94998|0.902547|0.924883|0.971602|0.923215|0.926416|0.967439|0.910708|0.98883,4.63983|5.26639|0.923897|0.0327787|1.89272|4.56594|3.70656|5.09423|2.06342|3.14177|4.79469|0.0868458|3.09858|5.41755|4.04415,79.8117|13.9548|13.2112|32.2763|27.3162|89.5651|61.2725|59.2872|42.5138|76.7594|18.2346|94.0077|23.5956|82.9474,0.246796|0.189728|0.219003|0.240047|0.231681|0.241996|0.204351|0.200548|0.197352|0.218425|0.231355|0.234363|0.191801|0.24308,0.338018|0.801183|0.427028|0.895675|0.750497|0.265381|0.413834|0.127053|0.602799|0.515127|0.595303|0.948873|0.688345|0.624607,0.869523,0.801463,0.117836,0.0993652,0.460468,0.534015,0.0732846,0.487967,0.198257,0.921169,51.6436,5.43263e-12,47756,0.887486,41.1981,1.06086e-12,38445,0.895553,0.876428,0.0878307,0.631141,0.996144,0.511517,0.22039,0.459803,0.228135,0.891603,87.9902,7.64954e-10,30733,0.967162,70.4477,9.04596e-11,52512
24,398,n1->n13->n14->n12->n8->n10->n63->n42->n44->n41->n43->n45->n47->n49->n51,5.37021e+09|6.60497e+13|3.70261e+10|9.70597e+10|4.61239e+13|2.49624e+09|6.55204e+12|2.42905e+09|5.26537e+13|3.95737e+11|1.40931e+10|8.38488e+13|4.74236e+11|2.45005e+09|7.46708e+11,8.19724e+08|8.87204e+12|1.44234e+10|2.76143e+10|1.04208e+13|7.32581e+08|2.63574e+12|2.47264e+08|2.86817e+13|1.47899e+11|3.26577e+09|1.01787e+13|1.54765e+11|2.44458e+09|5.06847e+11,0.000494453|0.000787814|3.25754e-05|0.000201974|6.6054e-05|6.27016e-05|0.000116235|8.79758e-05|0.000124649|2.35935e-05|0.000955168|1.67225e-05|0.000202873|1.07426e-05|0.000185382,0.000316017|0.00788063|0.000181646|0.0016732|0.00522046|0.00113469|0.00126856|0.000493531|0.00158999|0.00412419|0.00344494|0.000742576|0.000266598|0.000979027|0.00344885,0.0109342|0.0476737|0.0426128|0.0313381|0.0318744|0.00597815|0.0100727|0.00783732|0.0486405|0.00451081|0.0168583|0.00846218|0.00898217|0.0183567|0.0365406,0.000178506|0.00335145|0.049061|0.0470205|0.0483133|0.0245713|0.0107197|0.0327962|0.00764508|0.00491436|0.0482719|0.0342415|0.0488958|0.0388066|0.0130093,0.973537|0.954869|0.906626|0.937315|0.975256|0.962416|0.903245|0.960936|0.932977|0.923722|0.943219|0.934264|0.9108|0.969899|0.98883,4.63983|5.26639|0.762282|3.07758|3.22282|1.97158|4.68449|0.765875|2.64532|4.11092|2.3897|5.31688|6.27947|3.94615|4.04415,79.8117|92.5451|51.9585|81.3396|99.595|65.1286|97.0433|21.0603|12.7315|43.4967|48.5398|40.979|91.8261|10.4661,0.246796|0.191459|0.222459|0.186476|0.184434|0.203746|0.211509|0.23095|0.246433|0.160247|0.218428|0.216949|0.228404|0.216931,0.338018|0.161307|0.326911|0.379326|0.703378|0.514129|0.758395|0.399278|0.665882|0.922117|0.854577|0.317946|0.133861|0.516407,0.869523,0.801463,0.117836,0.0993652,0.460468,0.534015,0.0732846,0.487967,0.198257,0.921169,51.6436,5.43263e-12,47756,0.887486,41.1981,1.06086e-12,38445,0.895553,0.876428,0.0878307,0.631141,0.996144,0.511517,0.22039,0.459803,0.228135,0.891603,87.9902,7.64954e-10,30733,0.967162,70.4477,9.04596e-11,52512
24,399,n1->n99->n97->n95->n93->n92->n94->n96->n14->n75->n73->n54->n53->n52->n51,5.37021e+09|1.57108e+10|2.90604e+09|1.05601e+11|4.22601e+13|1.97334e+09|1.36531e+10|2.51165e+12|3.70261e+10|8.71921e+10|1.41706e+11|2.80961e+11|4.60474e+10|1.02428e+10|7.46708e+11,8.19724e+08|4.21389e+09|5.04144e+08|5.46554e+10|1.3774e+13|1.46451e+09|1.67171e+09|5.36324e+11|1.44234e+10|5.29113e+10|5.76853e+10|2.23178e+11|3.18273e+10|2.07235e+09|5.06847e+11,0.000494453|0.00089026|8.81202e-05|0.000260968|8.45967e-05|2.75832e-05|2.95455e-05|1.2987e-05|3.25754e-05|0.000766915|6.32916e-05|1.47667e-05|2.00633e-05|0.00011644|0.000185382,0.000316017|0.000350126|0.00494291|0.000186877|0.000162335|0.0052688|0.000125263|0.000286765|0.000181646|0.000203965|0.000807753|0.00549128|0.000509085|0.00580301|0.00344885,0.0109342|0.0362414|0.0381696|0.00282907|0.0108045|0.0444618|0.00830448|0.0377902|0.0426128|0.0243876|0.0455502|0.0334079|5.21659e-05|0.0398377|0.0365406,0.000178506|0.0472365|0.00800322|0.0420997|0.0326183|0.0387741|0.0293842|0.0195364|0.049061|0.0250863|0.028193|0.00844474|0.00115664|0.0151024|0.0130093,0.973537|0.953794|0.90679|0.966581|0.912097|0.987763|0.927471|0.951762|0.906626|0.936129|0.909539|0.927525|0.913872|0.965406|0.98883,4.63983|3.07459|1.41691|1.09944|5.92115|6.03913|5.03384|0.85792|0.762282|3.39264|3.29092|1.22009|0.640024|0.0104102|4.04415,66.2586|94.4507|11.8968|24.941|61.035|13.5087|71.0086|54.7186|56.2706|85.6152|26.1465|75.3264|81.3721|83.3731,0.180129|0.168303|0.228013|0.237661|0.21409|0.230182|0.230021|0.208433|0.226178|0.185893|0.196311|0.191357|0.184589|0.197114,0.323551|0.263233|0.342677|0.985064|0.722832|0.731663|0.131268|0.448351|0.725021|0.624191|0.754315|0.567841|0.272111|0.942894,0.869523,0.801463,0.117836,0.0993652,0.460468,0.534015,0.0732846,0.487967,0.198257,0.921169,51.6436,5.43263e-12,47756,0.887486,41.1981,1.06086e-12,38445,0.895553,0.876428,0.0878307,0.631141,0.996144,0.511517,0.22039,0.459803,0.228135,0.891603,87.9902,7.64954e-10,30733,0.967162,70.4477,9.04596e-11,52512
24,400,n1->n20->n89->n48->n47->n49->n64->n65->n85->n78->n80->n82->n63->n61->n51,5.37021e+09|4.0293e+11|2.68119e+11|3.98001e+12|4.74236e+11|2.45005e+09|4.21034e+09|1.12599e+09|2.02447e+09|3.25238e+10|2.45686e+13|1.07979e+13|6.55204e+12|6.44979e+11|7.46708e+11,8.19724e+08|1.89646e+11|9.23423e+10|1.69514e+12|1.54765e+11|2.44458e+09|1.60867e+09|3.2906e+08|2.41326e+08|2.30731e+10|2.75437e+12|1.66379e+12|2.63574e+12|1.30372e+11|5.06847e+11,0.000494453|5.21063e-05|3.55201e-05|4.78153e-05|0.000202873|1.07426e-05|1.88732e-05|1.96575e-05|2.04325e-05|0.000270955|1.13052e-05|0.000837919|0.000116235|3.71253e-05|0.000185382,0.000316017|0.000368678|0.000111435|0.00544009|0.000266598|0.000979027|0.000135861|0.000428116|0.000338175|0.00167497|0.000238286|0.00271152|0.00126856|0.00313588|0.00344885,0.0109342|0.0108696|0.0107812|0.0455031|0.00898217|0.0183567|0.0266797|0.00118659|0.0354515|0.00569443|0.00592883|0.0278433|0.0100727|0.0266048|0.0365406,0.000178506|0.0181411|0.0401575|0.0360942|0.0488958|0.0388066|0.0436548|0.00176737|0.0266209|0.0425349|0.0262948|0.0266174|0.0107197|0.0179693|0.0130093,0.973537|0.923215|0.926416|0.967439|0.9108|0.969899|0.933821|0.967717|0.940474|0.92832|0.919013|0.934435|0.903245|0.958619|0.98883,4.63983|4.79469|0.0868458|3.09858|6.27947|3.94615|5.77568|4.1126|4.91715|3.3614|0.100836|0.132111|4.68449|2.63855|4.04415,90.7492|18.2346|94.0077|78.8723|91.8261|77.768|56.7563|82.5435|67.1704|66.5291|47.0365|48.6997|47.0482|66.5616,0.215706|0.231355|0.234363|0.239998|0.228404|0.165457|0.186349|0.20461|0.184721|0.222935|0.231931|0.175742|0.167884|0.171721,0.53635|0.595303|0.948873|0.300482|0.133861|0.348083|0.927837|0.519435|0.609732|0.109088|0.796307|0.4301|0.410418|0.235817,0.869523,0.801463,0.117836,0.0993652,0.460468,0.534015,0.0732846,0.487967,0.198257,0.921169,51.6436,5.43263e-12,47756,0.887486,41.1981,1.06086e-12,38445,0.895553,0.876428,0.0878307,0.631141,0.996144,0.511517,0.22039,0.459803,0.228135,0.891603,87.9902,7.64954e-10,30733,0.967162,70.4477,9.04596e-11,52512
24,401,n1->n99->n98->n57->n55->n53->n54->n40->n42->n63->n61->n62->n64->n49->n51,5.37021e+09|1.57108e+10|1.8266e+13|4.14288e+09|8.84081e+12|4.60474e+10|2.80961e+11|3.58065e+10|2.42905e+09|6.55204e+12|6.44979e+11|2.37342e+11|4.21034e+09|2.45005e+09|7.46708e+11,8.19724e+08|4.21389e+09|5.99087e+12|2.05006e+09|4.69454e+12|3.18273e+10|2.23178e+11|4.14657e+09|2.47264e+08|2.63574e+12|1.30372e+11|1.13053e+11|1.60867e+09|2.44458e+09|5.06847e+11,0.000494453|0.00089026|0.000410965|0.000173612|4.06274e-05|2.00633e-05|1.47667e-05|6.01341e-05|8.79758e-05|0.000116235|3.71253e-05|8.24006e-05|1.88732e-05|1.07426e-05|0.000185382,0.000316017|0.000350126|0.000548485|0.00271581|0.000128431|0.000509085|0.00549128|0.00268841|0.000493531|0.00126856|0.00313588|0.00794111|0.000135861|0.000979027|0.00344885,0.0109342|0.0362414|0.0295222|0.0328142|0.00843704|5.21659e-05|0.0334079|0.0249103|0.00783732|0.0100727|0.0266048|0.0242596|0.0266797|0.0183567|0.0365406,0.000178506|0.0472365|0.0297366|0.0437642|0.0314938|0.00115664|0.00844474|0.033399|0.0327962|0.0107197|0.0179693|0.0480911|0.0436548|0.0388066|0.0130093,0.973537|0.953794|0.959539|0.983348|0.908585|0.913872|0.927525|0.920308|0.960936|0.903245|0.958619|0.98053|0.933821|0.969899|0.98883,4.63983|3.07459|2.95405|1.93323|3.37071|0.640024|1.22009|2.50002|0.765875|4.68449|2.63855|5.59786|5.77568|3.94615|4.04415,66.2586|58.4557|98.2355|61.5999|30.3781|75.3264|12.2677|77.6192|97.0433|47.0482|89.0369|93.0484|77.768|10.4661,0.180129|0.227784|0.190047|0.220389|0.207992|0.191357|0.248162|0.243521|0.211509|0.167884|0.198053|0.176232|0.165457|0.216931,0.323551|0.686264|0.757428|0.549818|0.646488|0.567841|0.812759|0.14346|0.758395|0.410418|0.704733|0.182879|0.348083|0.516407,0.869523,0.801463,0.117836,0.0993652,0.460468,0.534015,0.0732846,0.487967,0.198257,0.921169,51.6436,5.43263e-12,47756,0.887486,41.1981,1.06086e-12,38445,0.895553,0.876428,0.0878307,0.631141,0.996144,0.511517,0.22039,0.459803,0.228135,0.891603,87.9902,7.64954e-10,30733,0.967162,70.4477,9.04596e-11,52512
24,402,n1->n13->n14->n96->n20->n89->n90->n59->n60->n50->n48->n46->n62->n61->n51,5.37021e+09|6.60497e+13|3.70261e+10|2.51165e+12|4.0293e+11|2.68119e+11|1.33273e+11|3.04563e+11|8.79841e+13|2.36425e+09|3.98001e+12|5.53417e+12|2.37342e+11|6.44979e+11|7.46708e+11,8.19724e+08|8.87204e+12|1.44234e+10|5.36324e+11|1.89646e+11|9.23423e+10|6.41526e+10|3.06423e+10|5.95756e+13|4.07889e+08|1.69514e+12|1.63629e+12|1.13053e+11|1.30372e+11|5.06847e+11,0.000494453|0.000787814|3.25754e-05|1.2987e-05|5.21063e-05|3.55201e-05|0.000319756|2.43107e-05|0.000731749|1.54283e-05|4.78153e-05|0.000489732|8.24006e-05|3.71253e-05|0.000185382,0.000316017|0.00788063|0.000181646|0.000286765|0.000368678|0.000111435|0.000672662|0.000202742|0.000248463|0.00907722|0.00544009|0.000159088|0.00794111|0.00313588|0.00344885,0.0109342|0.0476737|0.0426128|0.0377902|0.0108696|0.0107812|0.0285929|0.00304046|0.0128442|0.00638914|0.0455031|0.029055|0.0242596|0.0266048|0.0365406,0.000178506|0.00335145|0.049061|0.0195364|0.0181411|0.0401575|0.0372754|0.0474075|0.0431033|0.0483596|0.0360942|0.0302566|0.0480911|0.0179693|0.0130093,0.973537|0.954869|0.906626|0.951762|0.923215|0.926416|0.984478|0.99171|0.945549|0.910708|0.967439|0.923372|0.98053|0.958619|0.98883,4.63983|5.26639|0.762282|0.85792|4.79469|0.0868458|4.02061|5.60303|4.50487|5.41755|3.09858|0.31178|5.59786|2.63855|4.04415,79.8117|92.5451|54.7186|58.7029|18.2346|12.726|62.2588|76.8491|22.3088|23.5956|41.9872|56.7189|89.0369|66.5616,0.246796|0.191459|0.208433|0.201188|0.231355|0.226099|0.169222|0.204072|0.190841|0.191801|0.178665|0.167864|0.198053|0.171721,0.338018|0.161307|0.448351|0.666395|0.595303|0.757755|0.361153|0.509755|0.323935|0.688345|0.182289|0.624525|0.704733|0.235817,0.869523,0.801463,0.117836,0.0993652,0.460468,0.534015,0.0732846,0.487967,0.198257,0.921169,51.6436,5.43263e-12,47756,0.887486,41.1981,1.06086e-12,38445,0.895553,0.876428,0.0878307,0.631141,0.996144,0.511517,0.22039,0.459803,0.228135,0.891603,87.9902,7.64954e-10,30733,0.967162,70.4477,9.04596e-11,52512
24,403,n1->n99->n97->n27->n28->n69->n76->n78->n44->n42->n40->n54->n53->n52->n51,5.37021e+09|1.57108e+10|2.90604e+09|4.19351e+12|1.34247e+11|8.81277e+09|4.21804e+13|3.25238e+10|5.26537e+13|2.42905e+09|3.58065e+10|2.80961e+11|4.60474e+10|1.02428e+10|7.46708e+11,8.19724e+08|4.21389e+09|5.04144e+08|8.73344e+11|1.51805e+10|7.57626e+09|1.15782e+13|2.30731e+10|2.86817e+13|2.47264e+08|4.14657e+09|2.23178e+11|3.18273e+10|2.07235e+09|5.06847e+11,0.000494453|0.00089026|8.81202e-05|1.08528e-05|0.00056516|0.000268039|1.88608e-05|0.000270955|0.000124649|8.79758e-05|6.01341e-05|1.47667e-05|2.00633e-05|0.00011644|0.000185382,0.000316017|0.000350126|0.00494291|0.00262605|0.0093172|0.00367819|0.00214239|0.00167497|0.00158999|0.000493531|0.00268841|0.00549128|0.000509085|0.00580301|0.00344885,0.0109342|0.0362414|0.0381696|0.0303206|0.0317261|0.022957|0.00156873|0.00569443|0.0486405|0.00783732|0.0249103|0.0334079|5.21659e-05|0.0398377|0.0365406,0.000178506|0.0472365|0.00800322|0.0230682|0.03841|0.0100342|0.0470058|0.0425349|0.00764508|0.0327962|0.033399|0.00844474|0.00115664|0.0151024|0.0130093,0.973537|0.953794|0.90679|0.985376|0.948072|0.975915|0.989289|0.92832|0.932977|0.960936|0.920308|0.927525|0.913872|0.965406|0.98883,4.63983|3.07459|1.41691|4.5695|1.48687|2.99986|0.578949|3.3614|2.64532|0.765875|2.50002|1.22009|0.640024|0.0104102|4.04415,66.2586|94.4507|31.5608|23.5709|97.1045|66.666|69.3348|88.5528|21.0603|77.6192|12.2677|75.3264|81.3721|83.3731,0.180129|0.168303|0.219936|0.207151|0.207556|0.212271|0.194827|0.200088|0.23095|0.243521|0.248162|0.191357|0.184589|0.197114,0.323551|0.263233|0.557853|0.340196|0.438091|0.890059|0.93416|0.134865|0.399278|0.14346|0.812759|0.567841|0.272111|0.942894,0.869523,0.801463,0.117836,0.0993652,0.460468,0.534015,0.0732846,0.487967,0.198257,0.921169,51.6436,5.43263e-12,47756,0.887486,41.1981,1.06086e-12,38445,0.895553,0.876428,0.0878307,0.631141,0.996144,0.511517,0.22039,0.459803,0.228135,0.891603,87.9902,7.64954e-10,30733,0.967162,70.4477,9.04596e-11,52512
24,404,n1->n20->n96->n14->n13->n15->n63->n82->n95->n89->n48->n46->n47->n49->n51,5.37021e+09|4.0293e+11|2.51165e+12|3.70261e+10|6.60497e+13|8.77071e+11|6.55204e+12|1.07979e+13|1.05601e+11|2.68119e+11|3.98001e+12|5.53417e+12|4.74236e+11|2.45005e+09|7.46708e+11,8.19724e+08|1.89646e+11|5.36324e+11|1.44234e+10|8.87204e+12|1.06991e+11|2.63574e+12|1.66379e+12|5.46554e+10|9.23423e+10|1.69514e+12|1.63629e+12|1.54765e+11|2.44458e+09|5.06847e+11,0.000494453|5.21063e-05|1.2987e-05|3.25754e-05|0.000787814|0.000182949|0.000116235|0.000837919|0.000260968|3.55201e-05|4.78153e-05|0.000489732|0.000202873|1.07426e-05|0.000185382,0.000316017|0.000368678|0.000286765|0.000181646|0.00788063|0.00274771|0.00126856|0.00271152|0.000186877|0.000111435|0.00544009|0.000159088|0.000266598|0.000979027|0.00344885,0.0109342|0.0108696|0.0377902|0.0426128|0.0476737|0.0207315|0.0100727|0.0278433|0.00282907|0.0107812|0.0455031|0.029055|0.00898217|0.0183567|0.0365406,0.000178506|0.0181411|0.0195364|0.049061|0.00335145|0.0378122|0.0107197|0.0266174|0.0420997|0.0401575|0.0360942|0.0302566|0.0488958|0.0388066|0.0130093,0.973537|0.923215|0.951762|0.906626|0.954869|0.910795|0.903245|0.934435|0.966581|0.926416|0.967439|0.923372|0.9108|0.969899|0.98883,4.63983|4.79469|0.85792|0.762282|5.26639|1.89272|4.68449|0.132111|1.09944|0.0868458|3.09858|0.31178|6.27947|3.94615|4.04415,90.7492|58.7029|54.7186|92.5451|66.6304|11.0615|48.6997|75.699|11.8194|94.0077|41.9872|71.5316|91.8261|10.4661,0.215706|0.201188|0.208433|0.191459|0.179788|0.214255|0.175742|0.21275|0.168449|0.234363|0.178665|0.196056|0.228404|0.216931,0.53635|0.666395|0.448351|0.161307|0.275394|0.692153|0.4301|0.837867|0.776387|0.948873|0.182289|0.758317|0.133861|0.516407,0.869523,0.801463,0.117836,0.0993652,0.460468,0.534015,0.0732846,0.487967,0.198257,0.921169,51.6436,5.43263e-12,47756,0.887486,41.1981,1.06086e-12,38445,0.895553,0.876428,0.0878307,0.631141,0.996144,0.511517,0.22039,0.459803,0.228135,0.891603,87.9902,7.64954e-10,30733,0.967162,70.4477,9.04596e-11,52512
24,405,n1->n20->n89->n88->n87->n70->n72->n45->n44->n42->n40->n54->n53->n52->n51,5.37021e+09|4.0293e+11|2.68119e+11|9.00567e+12|7.3435e+12|6.87309e+13|6.83442e+09|8.38488e+13|5.26537e+13|2.42905e+09|3.58065e+10|2.80961e+11|4.60474e+10|1.02428e+10|7.46708e+11,8.19724e+08|1.89646e+11|9.23423e+10|8.66002e+12|2.79916e+12|9.78332e+12|1.48353e+09|1.01787e+13|2.86817e+13|2.47264e+08|4.14657e+09|2.23178e+11|3.18273e+10|2.07235e+09|5.06847e+11,0.000494453|5.21063e-05|3.55201e-05|6.2721e-05|0.000634307|5.13815e-05|0.000159499|1.67225e-05|0.000124649|8.79758e-05|6.01341e-05|1.47667e-05|2.00633e-05|0.00011644|0.000185382,0.000316017|0.000368678|0.000111435|0.000480267|0.00151267|0.00295865|0.00384342|0.000742576|0.00158999|0.000493531|0.00268841|0.00549128|0.000509085|0.00580301|0.00344885,0.0109342|0.0108696|0.0107812|0.00850464|0.0186268|0.0286141|0.0479977|0.00846218|0.0486405|0.00783732|0.0249103|0.0334079|5.21659e-05|0.0398377|0.0365406,0.000178506|0.0181411|0.0401575|0.0237676|0.00979507|0.0216638|0.0299903|0.0342415|0.00764508|0.0327962|0.033399|0.00844474|0.00115664|0.0151024|0.0130093,0.973537|0.923215|0.926416|0.962132|0.977244|0.966653|0.96924|0.934264|0.932977|0.960936|0.920308|0.927525|0.913872|0.965406|0.98883,4.63983|4.79469|0.0868458|1.9653|2.33192|4.60778|3.90463|5.31688|2.64532|0.765875|2.50002|1.22009|0.640024|0.0104102|4.04415,90.7492|18.2346|92.4072|57.0974|39.9413|97.4405|63.1262|57.1366|21.0603|77.6192|12.2677|75.3264|81.3721|83.3731,0.215706|0.231355|0.203687|0.227675|0.180359|0.180102|0.243732|0.235241|0.23095|0.243521|0.248162|0.191357|0.184589|0.197114,0.53635|0.595303|0.876618|0.396625|0.129355|0.79408|0.65643|0.218954|0.399278|0.14346|0.812759|0.567841|0.272111|0.942894,0.869523,0.801463,0.117836,0.0993652,0.460468,0.534015,0.0732846,0.487967,0.198257,0.921169,51.6436,5.43263e-12,47756,0.887486,41.1981,1.06086e-12,38445,0.895553,0.876428,0.0878307,0.631141,0.996144,0.511517,0.22039,0.459803,0.228135,0.891603,87.9902,7.64954e-10,30733,0.967162,70.4477,9.04596e-11,52512
24,406,n1->n20->n21->n23->n83->n85->n58->n68->n22->n74->n57->n55->n53->n52->n51,5.37021e+09|4.0293e+11|1.56161e+12|4.63033e+10|3.76373e+13|2.02447e+09|8.16696e+09|1.31753e+09|1.47e+10|5.8385e+13|4.14288e+09|8.84081e+12|4.60474e+10|1.02428e+10|7.46708e+11,8.19724e+08|1.89646e+11|3.02345e+11|3.30225e+10|2.34723e+13|2.41326e+08|6.89506e+09|3.10679e+08|9.51029e+09|7.35096e+12|2.05006e+09|4.69454e+12|3.18273e+10|2.07235e+09|5.06847e+11,0.000494453|5.21063e-05|0.00096308|0.000277161|1.86087e-05|2.04325e-05|0.000266735|0.000223952|1.77434e-05|0.000875739|0.000173612|4.06274e-05|2.00633e-05|0.00011644|0.000185382,0.000316017|0.000368678|0.00195589|0.00418014|0.000175452|0.000338175|0.00874893|0.00843573|0.0006856|0.00944671|0.00271581|0.000128431|0.000509085|0.00580301|0.00344885,0.0109342|0.0108696|0.00712365|0.00314906|0.015405|0.0354515|0.0248478|0.0370095|0.0408661|0.0280357|0.0328142|0.00843704|5.21659e-05|0.0398377|0.0365406,0.000178506|0.0181411|0.0414669|0.0470385|0.038157|0.0266209|0.0481122|0.00589983|0.040072|0.0166219|0.0437642|0.0314938|0.00115664|0.0151024|0.0130093,0.973537|0.923215|0.971602|0.92176|0.947801|0.940474|0.911658|0.984554|0.95984|0.90082|0.983348|0.908585|0.913872|0.965406|0.98883,4.63983|4.79469|3.14177|2.08786|4.11052|4.91715|3.70937|5.26958|0.048646|0.0974208|1.93323|3.37071|0.640024|0.0104102|4.04415,90.7492|76.7594|88.4205|23.518|92.2019|90.6886|56.905|15.3326|63.8366|95.6836|61.5999|30.3781|81.3721|83.3731,0.215706|0.218425|0.232237|0.181099|0.231254|0.194345|0.185169|0.236297|0.241428|0.169856|0.220389|0.207992|0.184589|0.197114,0.53635|0.515127|0.516177|0.741177|0.604504|0.45102|0.476138|0.655447|0.480684|0.815246|0.549818|0.646488|0.272111|0.942894,0.869523,0.801463,0.117836,0.0993652,0.460468,0.534015,0.0732846,0.487967,0.198257,0.921169,51.6436,5.43263e-12,47756,0.887486,41.1981,1.06086e-12,38445,0.895553,0.876428,0.0878307,0.631141,0.996144,0.511517,0.22039,0.459803,0.228135,0.891603,87.9902,7.64954e-10,30733,0.967162,70.4477,9.04596e-11,52512
24,407,n1->n99->n98->n57->n83->n85->n84->n56->n55->n54->n73->n100->n90->n59->n50->n51,5.37021e+09|1.57108e+10|1.8266e+13|4.14288e+09|3.76373e+13|2.02447e+09|1.07392e+09|1.1605e+12|8.84081e+12|2.80961e+11|1.41706e+11|4.01966e+09|1.33273e+11|3.04563e+11|2.36425e+09|7.46708e+11,8.19724e+08|4.21389e+09|5.99087e+12|2.05006e+09|2.34723e+13|2.41326e+08|9.00899e+08|5.65456e+11|4.69454e+12|2.23178e+11|5.76853e+10|2.27749e+09|6.41526e+10|3.06423e+10|4.07889e+08|5.06847e+11,0.000494453|0.00089026|0.000410965|0.000173612|1.86087e-05|2.04325e-05|2.14473e-05|1.7812e-05|4.06274e-05|1.47667e-05|6.32916e-05|0.000665246|0.000319756|2.43107e-05|1.54283e-05|0.000185382,0.000316017|0.000350126|0.000548485|0.00271581|0.000175452|0.000338175|0.000434313|0.000830638|0.000128431|0.00549128|0.000807753|0.00914892|0.000672662|0.000202742|0.00907722|0.00344885,0.0109342|0.0362414|0.0295222|0.0328142|0.015405|0.0354515|0.0473575|0.0231698|0.00843704|0.0334079|0.0455502|0.0100829|0.0285929|0.00304046|0.00638914|0.0365406,0.000178506|0.0472365|0.0297366|0.0437642|0.038157|0.0266209|0.0366447|0.0417641|0.0314938|0.00844474|0.028193|0.0460028|0.0372754|0.0474075|0.0483596|0.0130093,0.973537|0.953794|0.959539|0.983348|0.947801|0.940474|0.948551|0.944528|0.908585|0.927525|0.909539|0.935175|0.984478|0.99171|0.910708|0.98883,4.63983|3.07459|2.95405|1.93323|4.11052|4.91715|5.42186|2.55597|3.37071|1.22009|3.29092|3.89025|4.02061|5.60303|5.41755|4.04415,66.2586|58.4557|98.2355|50.003|92.2019|82.1833|34.4372|95.3312|27.8669|26.1465|20.1165|32.7492|62.2588|47.7013|82.9474,0.180129|0.227784|0.190047|0.1911|0.231254|0.216313|0.222961|0.167906|0.169326|0.196311|0.175955|0.191207|0.169222|0.170229|0.24308,0.323551|0.686264|0.757428|0.161388|0.604504|0.528406|0.762891|0.402595|0.414082|0.754315|0.825877|0.878161|0.361153|0.776444|0.624607,0.869523,0.801463,0.117836,0.0993652,0.460468,0.534015,0.0732846,0.487967,0.198257,0.921169,51.6436,5.43263e-12,47756,0.887486,41.1981,1.06086e-12,38445,0.895553,0.876428,0.0878307,0.631141,0.996144,0.511517,0.22039,0.459803,0.228135,0.891603,87.9902,7.64954e-10,30733,0.967162,70.4477,9.04596e-11,52512
24,408,n1->n99->n97->n96->n20->n19->n68->n58->n85->n65->n37->n81->n79->n63->n61->n51,5.37021e+09|1.57108e+10|2.90604e+09|2.51165e+12|4.0293e+11|2.47533e+11|1.31753e+09|8.16696e+09|2.02447e+09|1.12599e+09|2.79748e+13|2.58887e+10|1.47019e+10|6.55204e+12|6.44979e+11|7.46708e+11,8.19724e+08|4.21389e+09|5.04144e+08|5.36324e+11|1.89646e+11|2.33399e+11|3.10679e+08|6.89506e+09|2.41326e+08|3.2906e+08|4.96975e+12|8.36206e+09|4.87652e+09|2.63574e+12|1.30372e+11|5.06847e+11,0.000494453|0.00089026|8.81202e-05|1.2987e-05|5.21063e-05|0.000261527|0.000223952|0.000266735|2.04325e-05|1.96575e-05|1.06248e-05|0.000268232|0.000133131|0.000116235|3.71253e-05|0.000185382,0.000316017|0.000350126|0.00494291|0.000286765|0.000368678|0.000768065|0.00843573|0.00874893|0.000338175|0.000428116|0.000261291|0.000752991|0.000479664|0.00126856|0.00313588|0.00344885,0.0109342|0.0362414|0.0381696|0.0377902|0.0108696|0.0201979|0.0370095|0.0248478|0.0354515|0.00118659|0.0457563|0.0481357|0.0252961|0.0100727|0.0266048|0.0365406,0.000178506|0.0472365|0.00800322|0.0195364|0.0181411|0.0291803|0.00589983|0.0481122|0.0266209|0.00176737|0.0105712|0.00997263|0.0203026|0.0107197|0.0179693|0.0130093,0.973537|0.953794|0.90679|0.951762|0.923215|0.941018|0.984554|0.911658|0.940474|0.967717|0.964079|0.948836|0.966262|0.903245|0.958619|0.98883,4.63983|3.07459|1.41691|0.85792|4.79469|1.39448|5.26958|3.70937|4.91715|4.1126|4.96174|1.5908|3.41737|4.68449|2.63855|4.04415,66.2586|94.4507|37.9513|58.7029|86.2435|67.5745|56.905|90.6886|82.5435|13.4252|88.8597|26.55|16.1844|47.0482|66.5616,0.180129|0.168303|0.246589|0.201188|0.182991|0.2055|0.185169|0.194345|0.20461|0.230756|0.211898|0.238834|0.22961|0.167884|0.171721,0.323551|0.263233|0.157157|0.666395|0.182796|0.968257|0.476138|0.45102|0.519435|0.986996|0.430076|0.957633|0.217843|0.410418|0.235817,0.869523,0.801463,0.117836,0.0993652,0.460468,0.534015,0.0732846,0.487967,0.198257,0.921169,51.6436,5.43263e-12,47756,0.887486,41.1981,1.06086e-12,38445,0.895553,0.876428,0.0878307,0.631141,0.996144,0.511517,0.22039,0.459803,0.228135,0.891603,87.9902,7.64954e-10,30733,0.967162,70.4477,9.04596e-11,52512
24,409,n1->n20->n89->n88->n90->n59->n58->n68->n17->n85->n78->n76->n30->n29->n50->n51,5.37021e+09|4.0293e+11|2.68119e+11|9.00567e+12|1.33273e+11|3.04563e+11|8.16696e+09|1.31753e+09|1.51096e+11|2.02447e+09|3.25238e+10|4.21804e+13|1.26395e+10|3.6336e+13|2.36425e+09|7.46708e+11,8.19724e+08|1.89646e+11|9.23423e+10|8.66002e+12|6.41526e+10|3.06423e+10|6.89506e+09|3.10679e+08|1.57582e+10|2.41326e+08|2.30731e+10|1.15782e+13|1.81012e+09|1.77292e+13|4.07889e+08|5.06847e+11,0.000494453|5.21063e-05|3.55201e-05|6.2721e-05|0.000319756|2.43107e-05|0.000266735|0.000223952|0.000261059|2.04325e-05|0.000270955|1.88608e-05|4.789e-05|0.000125062|1.54283e-05|0.000185382,0.000316017|0.000368678|0.000111435|0.000480267|0.000672662|0.000202742|0.00874893|0.00843573|0.000513001|0.000338175|0.00167497|0.00214239|0.00655588|0.00231296|0.00907722|0.00344885,0.0109342|0.0108696|0.0107812|0.00850464|0.0285929|0.00304046|0.0248478|0.0370095|0.0430027|0.0354515|0.00569443|0.00156873|0.00398508|0.0255931|0.00638914|0.0365406,0.000178506|0.0181411|0.0401575|0.0237676|0.0372754|0.0474075|0.0481122|0.00589983|0.00442808|0.0266209|0.0425349|0.0470058|0.0178703|0.00291922|0.0483596|0.0130093,0.973537|0.923215|0.926416|0.962132|0.984478|0.99171|0.911658|0.984554|0.974312|0.940474|0.92832|0.989289|0.972158|0.962742|0.910708|0.98883,4.63983|4.79469|0.0868458|1.9653|4.02061|5.60303|3.70937|5.26958|5.11322|4.91715|3.3614|0.578949|5.42296|0.0327787|5.41755|4.04415,90.7492|18.2346|92.4072|14.1987|62.2588|56.397|56.905|23.9015|84.7043|67.1704|69.3348|21.8454|29.3504|37.0378|82.9474,0.215706|0.231355|0.203687|0.244274|0.169222|0.21902|0.185169|0.236806|0.225161|0.184721|0.194827|0.220509|0.179657|0.191256|0.24308,0.53635|0.595303|0.876618|0.997795|0.361153|0.533324|0.476138|0.2818|0.880608|0.609732|0.93416|0.936019|0.887943|0.182586|0.624607,0.869523,0.801463,0.117836,0.0993652,0.460468,0.534015,0.0732846,0.487967,0.198257,0.921169,51.6436,5.43263e-12,47756,0.887486,41.1981,1.06086e-12,38445,0.895553,0.876428,0.0878307,0.631141,0.996144,0.511517,0.22039,0.459803,0.228135,0.891603,87.9902,7.64954e-10,30733,0.967162,70.4477,9.04596e-11,52512
24,410,n1->n99->n98->n57->n55->n53->n54->n40->n42->n44->n41->n43->n45->n47->n49->n51,5.37021e+09|1.57108e+10|1.8266e+13|4.14288e+09|8.84081e+12|4.60474e+10|2.80961e+11|3.58065e+10|2.42905e+09|5.26537e+13|3.95737e+11|1.40931e+10|8.38488e+13|4.74236e+11|2.45005e+09|7.46708e+11,8.19724e+08|4.21389e+09|5.99087e+12|2.05006e+09|4.69454e+12|3.18273e+10|2.23178e+11|4.14657e+09|2.47264e+08|2.86817e+13|1.47899e+11|3.26577e+09|1.01787e+13|1.54765e+11|2.44458e+09|5.06847e+11,0.000494453|0.00089026|0.000410965|0.000173612|4.06274e-05|2.00633e-05|1.47667e-05|6.01341e-05|8.79758e-05|0.000124649|2.35935e-05|0.000955168|1.67225e-05|0.000202873|1.07426e-05|0.000185382,0.000316017|0.000350126|0.000548485|0.00271581|0.000128431|0.000509085|0.00549128|0.00268841|0.000493531|0.00158999|0.00412419|0.00344494|0.000742576|0.000266598|0.000979027|0.00344885,0.0109342|0.0362414|0.0295222|0.0328142|0.00843704|5.21659e-05|0.0334079|0.0249103|0.00783732|0.0486405|0.00451081|0.0168583|0.00846218|0.00898217|0.0183567|0.0365406,0.000178506|0.0472365|0.0297366|0.0437642|0.0314938|0.00115664|0.00844474|0.033399|0.0327962|0.00764508|0.00491436|0.0482719|0.0342415|0.0488958|0.0388066|0.0130093,0.973537|0.953794|0.959539|0.983348|0.908585|0.913872|0.927525|0.920308|0.960936|0.932977|0.923722|0.943219|0.934264|0.9108|0.969899|0.98883,4.63983|3.07459|2.95405|1.93323|3.37071|0.640024|1.22009|2.50002|0.765875|2.64532|4.11092|2.3897|5.31688|6.27947|3.94615|4.04415,66.2586|58.4557|98.2355|61.5999|30.3781|75.3264|12.2677|77.6192|21.0603|12.7315|43.4967|48.5398|40.979|91.8261|10.4661,0.180129|0.227784|0.190047|0.220389|0.207992|0.191357|0.248162|0.243521|0.23095|0.246433|0.160247|0.218428|0.216949|0.228404|0.216931,0.323551|0.686264|0.757428|0.549818|0.646488|0.567841|0.812759|0.14346|0.399278|0.665882|0.922117|0.854577|0.317946|0.133861|0.516407,0.869523,0.801463,0.117836,0.0993652,0.460468,0.534015,0.0732846,0.487967,0.198257,0.921169,51.6436,5.43263e-12,47756,0.887486,41.1981,1.06086e-12,38445,0.895553,0.876428,0.0878307,0.631141,0.996144,0.511517,0.22039,0.459803,0.228135,0.891603,87.9902,7.64954e-10,30733,0.967162,70.4477,9.04596e-11,52512
24,411,n1->n99->n97->n27->n29->n30->n32->n66->n68->n17->n19->n18->n20->n96->n94->n51,5.37021e+09|1.57108e+10|2.90604e+09|4.19351e+12|3.6336e+13|1.26395e+10|1.78367e+12|1.10072e+10|1.31753e+09|1.51096e+11|2.47533e+11|7.59179e+12|4.0293e+11|2.51165e+12|1.36531e+10|7.46708e+11,8.19724e+08|4.21389e+09|5.04144e+08|8.73344e+11|1.77292e+13|1.81012e+09|1.05491e+12|8.7665e+09|3.10679e+08|1.57582e+10|2.33399e+11|4.11836e+12|1.89646e+11|5.36324e+11|1.67171e+09|5.06847e+11,0.000494453|0.00089026|8.81202e-05|1.08528e-05|0.000125062|4.789e-05|0.000179959|0.000237659|0.000223952|0.000261059|0.000261527|2.98936e-05|5.21063e-05|1.2987e-05|2.95455e-05|0.000185382,0.000316017|0.000350126|0.00494291|0.00262605|0.00231296|0.00655588|0.00292552|0.000470269|0.00843573|0.000513001|0.000768065|0.000681499|0.000368678|0.000286765|0.000125263|0.00344885,0.0109342|0.0362414|0.0381696|0.0303206|0.0255931|0.00398508|0.00778345|0.0203827|0.0370095|0.0430027|0.0201979|0.0192976|0.0108696|0.0377902|0.00830448|0.0365406,0.000178506|0.0472365|0.00800322|0.0230682|0.00291922|0.0178703|0.0161829|0.0146278|0.00589983|0.00442808|0.0291803|0.0120519|0.0181411|0.0195364|0.0293842|0.0130093,0.973537|0.953794|0.90679|0.985376|0.962742|0.972158|0.953313|0.978907|0.984554|0.974312|0.941018|0.946711|0.923215|0.951762|0.927471|0.98883,4.63983|3.07459|1.41691|4.5695|0.0327787|5.42296|0.10397|3.10364|5.26958|5.11322|1.39448|4.38273|4.79469|0.85792|5.03384|4.04415,66.2586|94.4507|31.5608|49.6282|29.3504|69.5993|27.3217|70.8824|23.9015|10.3361|34.0839|89.2299|58.7029|71.0086|11.2844,0.180129|0.168303|0.219936|0.180772|0.179657|0.204659|0.199785|0.16183|0.236806|0.172286|0.248409|0.247215|0.201188|0.230021|0.200895,0.323551|0.263233|0.557853|0.511755|0.887943|0.237533|0.769012|0.215539|0.2818|0.559133|0.983209|0.652252|0.666395|0.131268|0.836539,0.869523,0.801463,0.117836,0.0993652,0.460468,0.534015,0.0732846,0.487967,0.198257,0.921169,51.6436,5.43263e-12,47756,0.887486,41.1981,1.06086e-12,38445,0.895553,0.876428,0.0878307,0.631141,0.996144,0.511517,0.22039,0.459803,0.228135,0.891603,87.9902,7.64954e-10,30733,0.967162,70.4477,9.04596e-11,52512
24,412,n1->n20->n21->n67->n38->n37->n39->n10->n8->n12->n6->n33->n31->n29->n50->n51,5.37021e+09|4.0293e+11|1.56161e+12|4.7483e+09|1.16426e+13|2.79748e+13|3.34792e+13|2.49624e+09|4.61239e+13|9.70597e+10|1.14208e+09|3.64323e+13|4.79342e+12|3.6336e+13|2.36425e+09|7.46708e+11,8.19724e+08|1.89646e+11|3.02345e+11|7.5553e+08|1.19258e+12|4.96975e+12|1.12013e+13|7.32581e+08|1.04208e+13|2.76143e+10|2.20459e+08|6.32377e+12|4.42443e+12|1.77292e+13|4.07889e+08|5.06847e+11,0.000494453|5.21063e-05|0.00096308|3.91885e-05|1.04425e-05|1.06248e-05|5.53896e-05|6.27016e-05|6.6054e-05|0.000201974|1.08483e-05|1.50316e-05|0.00024651|0.000125062|1.54283e-05|0.000185382,0.000316017|0.000368678|0.00195589|0.000640186|0.00950649|0.000261291|0.0025393|0.00113469|0.00522046|0.0016732|0.00010157|0.00213059|0.00308746|0.00231296|0.00907722|0.00344885,0.0109342|0.0108696|0.00712365|0.029632|0.0263713|0.0457563|0.00111942|0.00597815|0.0318744|0.0313381|0.00160082|0.00968695|0.0211034|0.0255931|0.00638914|0.0365406,0.000178506|0.0181411|0.0414669|0.0482082|0.00318517|0.0105712|0.0449458|0.0245713|0.0483133|0.0470205|0.0260762|0.0280967|0.0151027|0.00291922|0.0483596|0.0130093,0.973537|0.923215|0.971602|0.924883|0.902547|0.964079|0.924329|0.962416|0.975256|0.937315|0.908628|0.923653|0.943878|0.962742|0.910708|0.98883,4.63983|4.79469|3.14177|2.06342|5.09423|4.96174|1.19952|1.97158|3.22282|3.07758|5.01633|1.04264|4.82496|0.0327787|5.41755|4.04415,90.7492|76.7594|42.5138|59.2872|46.986|31.554|24.4191|99.595|81.3396|32.9383|50.0569|95.0453|70.4589|37.0378|82.9474,0.215706|0.218425|0.197352|0.200548|0.170599|0.195005|0.239532|0.184434|0.186476|0.230728|0.19306|0.234751|0.246199|0.191256|0.24308,0.53635|0.515127|0.602799|0.127053|0.662799|0.711047|0.991722|0.703378|0.379326|0.628307|0.116472|0.258586|0.415176|0.182586|0.624607,0.869523,0.801463,0.117836,0.0993652,0.460468,0.534015,0.0732846,0.487967,0.198257,0.921169,51.6436,5.43263e-12,47756,0.887486,41.1981,1.06086e-12,38445,0.895553,0.876428,0.0878307,0.631141,0.996144,0.511517,0.22039,0.459803,0.228135,0.891603,87.9902,7.64954e-10,30733,0.967162,70.4477,9.04596e-11,52512
24,413,n1->n99->n77->n72->n70->n69->n76->n74->n35->n31->n33->n32->n30->n29->n50->n51,5.37021e+09|1.57108e+10|5.68112e+11|6.83442e+09|6.87309e+13|8.81277e+09|4.21804e+13|5.8385e+13|5.77859e+11|4.79342e+12|3.64323e+13|1.78367e+12|1.26395e+10|3.6336e+13|2.36425e+09|7.46708e+11,8.19724e+08|4.21389e+09|3.56307e+11|1.48353e+09|9.78332e+12|7.57626e+09|1.15782e+13|7.35096e+12|4.88834e+11|4.42443e+12|6.32377e+12|1.05491e+12|1.81012e+09|1.77292e+13|4.07889e+08|5.06847e+11,0.000494453|0.00089026|8.49487e-05|0.000159499|5.13815e-05|0.000268039|1.88608e-05|0.000875739|0.000412952|0.00024651|1.50316e-05|0.000179959|4.789e-05|0.000125062|1.54283e-05|0.000185382,0.000316017|0.000350126|0.000906866|0.00384342|0.00295865|0.00367819|0.00214239|0.00944671|0.00138752|0.00308746|0.00213059|0.00292552|0.00655588|0.00231296|0.00907722|0.00344885,0.0109342|0.0362414|0.04851|0.0479977|0.0286141|0.022957|0.00156873|0.0280357|0.00215298|0.0211034|0.00968695|0.00778345|0.00398508|0.0255931|0.00638914|0.0365406,0.000178506|0.0472365|0.0115254|0.0299903|0.0216638|0.0100342|0.0470058|0.0166219|0.0375959|0.0151027|0.0280967|0.0161829|0.0178703|0.00291922|0.0483596|0.0130093,0.973537|0.953794|0.949999|0.96924|0.966653|0.975915|0.989289|0.90082|0.952159|0.943878|0.923653|0.953313|0.972158|0.962742|0.910708|0.98883,4.63983|3.07459|0.722366|3.90463|4.60778|2.99986|0.578949|0.0974208|5.24666|4.82496|1.04264|0.10397|5.42296|0.0327787|5.41755|4.04415,66.2586|96.5216|92.3918|97.4405|74.5377|66.666|53.1277|67.7415|91.3525|95.0453|61.2747|69.5993|29.3504|37.0378|82.9474,0.180129|0.241387|0.167022|0.180102|0.172691|0.212271|0.181342|0.161632|0.243038|0.234751|0.208144|0.204659|0.179657|0.191256|0.24308,0.323551|0.664018|0.776051|0.79408|0.416585|0.890059|0.519715|0.301798|0.658826|0.258586|0.704271|0.237533|0.887943|0.182586|0.624607,0.869523,0.801463,0.117836,0.0993652,0.460468,0.534015,0.0732846,0.487967,0.198257,0.921169,51.6436,5.43263e-12,47756,0.887486,41.1981,1.06086e-12,38445,0.895553,0.876428,0.0878307,0.631141,0.996144,0.511517,0.22039,0.459803,0.228135,0.891603,87.9902,7.64954e-10,30733,0.967162,70.4477,9.04596e-11,52512
24,414,n1->n99->n77->n23->n83->n57->n74->n22->n68->n17->n19->n20->n89->n48->n50->n51,5.37021e+09|1.57108e+10|5.68112e+11|4.63033e+10|3.76373e+13|4.14288e+09|5.8385e+13|1.47e+10|1.31753e+09|1.51096e+11|2.47533e+11|4.0293e+11|2.68119e+11|3.98001e+12|2.36425e+09|7.46708e+11,8.19724e+08|4.21389e+09|3.56307e+11|3.30225e+10|2.34723e+13|2.05006e+09|7.35096e+12|9.51029e+09|3.10679e+08|1.57582e+10|2.33399e+11|1.89646e+11|9.23423e+10|1.69514e+12|4.07889e+08|5.06847e+11,0.000494453|0.00089026|8.49487e-05|0.000277161|1.86087e-05|0.000173612|0.000875739|1.77434e-05|0.000223952|0.000261059|0.000261527|5.21063e-05|3.55201e-05|4.78153e-05|1.54283e-05|0.000185382,0.000316017|0.000350126|0.000906866|0.00418014|0.000175452|0.00271581|0.00944671|0.0006856|0.00843573|0.000513001|0.000768065|0.000368678|0.000111435|0.00544009|0.00907722|0.00344885,0.0109342|0.0362414|0.04851|0.00314906|0.015405|0.0328142|0.0280357|0.0408661|0.0370095|0.0430027|0.0201979|0.0108696|0.0107812|0.0455031|0.00638914|0.0365406,0.000178506|0.0472365|0.0115254|0.0470385|0.038157|0.0437642|0.0166219|0.040072|0.00589983|0.00442808|0.0291803|0.0181411|0.0401575|0.0360942|0.0483596|0.0130093,0.973537|0.953794|0.949999|0.92176|0.947801|0.983348|0.90082|0.95984|0.984554|0.974312|0.941018|0.923215|0.926416|0.967439|0.910708|0.98883,4.63983|3.07459|0.722366|2.08786|4.11052|1.93323|0.0974208|0.048646|5.26958|5.11322|1.39448|4.79469|0.0868458|3.09858|5.41755|4.04415,66.2586|96.5216|39.0733|23.518|50.003|95.6836|63.8366|15.3326|23.9015|10.3361|86.2435|18.2346|94.0077|23.5956|82.9474,0.180129|0.241387|0.178948|0.181099|0.1911|0.169856|0.241428|0.236297|0.236806|0.172286|0.182991|0.231355|0.234363|0.191801|0.24308,0.323551|0.664018|0.23533|0.741177|0.161388|0.815246|0.480684|0.655447|0.2818|0.559133|0.182796|0.595303|0.948873|0.688345|0.624607,0.869523,0.801463,0.117836,0.0993652,0.460468,0.534015,0.0732846,0.487967,0.198257,0.921169,51.6436,5.43263e-12,47756,0.887486,41.1981,1.06086e-12,38445,0.895553,0.876428,0.0878307,0.631141,0.996144,0.511517,0.22039,0.459803,0.228135,0.891603,87.9902,7.64954e-10,30733,0.967162,70.4477,9.04596e-11,52512
24,415,n1->n13->n15->n34->n36->n64->n67->n38->n39->n41->n43->n45->n47->n48->n50->n51,5.37021e+09|6.60497e+13|8.77071e+11|4.7313e+12|7.73972e+11|4.21034e+09|4.7483e+09|1.16426e+13|3.34792e+13|3.95737e+11|1.40931e+10|8.38488e+13|4.74236e+11|3.98001e+12|2.36425e+09|7.46708e+11,8.19724e+08|8.87204e+12|1.06991e+11|1.15705e+12|7.77593e+10|1.60867e+09|7.5553e+08|1.19258e+12|1.12013e+13|1.47899e+11|3.26577e+09|1.01787e+13|1.54765e+11|1.69514e+12|4.07889e+08|5.06847e+11,0.000494453|0.000787814|0.000182949|0.000140889|0.000426407|1.88732e-05|3.91885e-05|1.04425e-05|5.53896e-05|2.35935e-05|0.000955168|1.67225e-05|0.000202873|4.78153e-05|1.54283e-05|0.000185382,0.000316017|0.00788063|0.00274771|0.000270551|0.00396778|0.000135861|0.000640186|0.00950649|0.0025393|0.00412419|0.00344494|0.000742576|0.000266598|0.00544009|0.00907722|0.00344885,0.0109342|0.0476737|0.0207315|0.0276207|0.00497013|0.0266797|0.029632|0.0263713|0.00111942|0.00451081|0.0168583|0.00846218|0.00898217|0.0455031|0.00638914|0.0365406,0.000178506|0.00335145|0.0378122|0.0210615|0.0341912|0.0436548|0.0482082|0.00318517|0.0449458|0.00491436|0.0482719|0.0342415|0.0488958|0.0360942|0.0483596|0.0130093,0.973537|0.954869|0.910795|0.904866|0.94998|0.933821|0.924883|0.902547|0.924329|0.923722|0.943219|0.934264|0.9108|0.967439|0.910708|0.98883,4.63983|5.26639|1.89272|4.56594|3.70656|5.77568|2.06342|5.09423|1.19952|4.11092|2.3897|5.31688|6.27947|3.09858|5.41755|4.04415,79.8117|66.6304|27.3162|89.5651|43.8659|95.5844|59.2872|52.0957|38.9947|43.4967|48.5398|40.979|78.8723|23.5956|82.9474,0.246796|0.179788|0.231681|0.241996|0.241695|0.248978|0.200548|0.199024|0.18226|0.160247|0.218428|0.216949|0.239998|0.191801|0.24308,0.338018|0.275394|0.750497|0.265381|0.590576|0.480161|0.127053|0.46236|0.988985|0.922117|0.854577|0.317946|0.300482|0.688345|0.624607,0.869523,0.801463,0.117836,0.0993652,0.460468,0.534015,0.0732846,0.487967,0.198257,0.921169,51.6436,5.43263e-12,47756,0.887486,41.1981,1.06086e-12,38445,0.895553,0.876428,0.0878307,0.631141,0.996144,0.511517,0.22039,0.459803,0.228135,0.891603,87.9902,7.64954e-10,30733,0.967162,70.4477,9.04596e-11,52512
24,416,n1->n99->n98->n57->n55->n53->n52->n65->n85->n58->n68->n19->n20->n96->n94->n51,5.37021e+09|1.57108e+10|1.8266e+13|4.14288e+09|8.84081e+12|4.60474e+10|1.02428e+10|1.12599e+09|2.02447e+09|8.16696e+09|1.31753e+09|2.47533e+11|4.0293e+11|2.51165e+12|1.36531e+10|7.46708e+11,8.19724e+08|4.21389e+09|5.99087e+12|2.05006e+09|4.69454e+12|3.18273e+10|2.07235e+09|3.2906e+08|2.41326e+08|6.89506e+09|3.10679e+08|2.33399e+11|1.89646e+11|5.36324e+11|1.67171e+09|5.06847e+11,0.000494453|0.00089026|0.000410965|0.000173612|4.06274e-05|2.00633e-05|0.00011644|1.96575e-05|2.04325e-05|0.000266735|0.000223952|0.000261527|5.21063e-05|1.2987e-05|2.95455e-05|0.000185382,0.000316017|0.000350126|0.000548485|0.00271581|0.000128431|0.000509085|0.00580301|0.000428116|0.000338175|0.00874893|0.00843573|0.000768065|0.000368678|0.000286765|0.000125263|0.00344885,0.0109342|0.0362414|0.0295222|0.0328142|0.00843704|5.21659e-05|0.0398377|0.00118659|0.0354515|0.0248478|0.0370095|0.0201979|0.0108696|0.0377902|0.00830448|0.0365406,0.000178506|0.0472365|0.0297366|0.0437642|0.0314938|0.00115664|0.0151024|0.00176737|0.0266209|0.0481122|0.00589983|0.0291803|0.0181411|0.0195364|0.0293842|0.0130093,0.973537|0.953794|0.959539|0.983348|0.908585|0.913872|0.965406|0.967717|0.940474|0.911658|0.984554|0.941018|0.923215|0.951762|0.927471|0.98883,4.63983|3.07459|2.95405|1.93323|3.37071|0.640024|0.0104102|4.1126|4.91715|3.70937|5.26958|1.39448|4.79469|0.85792|5.03384|4.04415,66.2586|58.4557|98.2355|61.5999|30.3781|81.3721|56.1703|82.5435|90.6886|56.905|67.5745|86.2435|58.7029|71.0086|11.2844,0.180129|0.227784|0.190047|0.220389|0.207992|0.184589|0.247907|0.20461|0.194345|0.185169|0.2055|0.182991|0.201188|0.230021|0.200895,0.323551|0.686264|0.757428|0.549818|0.646488|0.272111|0.827328|0.519435|0.45102|0.476138|0.968257|0.182796|0.666395|0.131268|0.836539,0.869523,0.801463,0.117836,0.0993652,0.460468,0.534015,0.0732846,0.487967,0.198257,0.921169,51.6436,5.43263e-12,47756,0.887486,41.1981,1.06086e-12,38445,0.895553,0.876428,0.0878307,0.631141,0.996144,0.511517,0.22039,0.459803,0.228135,0.891603,87.9902,7.64954e-10,30733,0.967162,70.4477,9.04596e-11,52512
24,417,n1->n13->n12->n8->n10->n9->n7->n5->n65->n64->n36->n34->n15->n29->n50->n51,5.37021e+09|6.60497e+13|9.70597e+10|4.61239e+13|2.49624e+09|1.49139e+12|3.81012e+11|2.91995e+11|1.12599e+09|4.21034e+09|7.73972e+11|4.7313e+12|8.77071e+11|3.6336e+13|2.36425e+09|7.46708e+11,8.19724e+08|8.87204e+12|2.76143e+10|1.04208e+13|7.32581e+08|3.79906e+11|6.70334e+10|4.67133e+10|3.2906e+08|1.60867e+09|7.77593e+10|1.15705e+12|1.06991e+11|1.77292e+13|4.07889e+08|5.06847e+11,0.000494453|0.000787814|0.000201974|6.6054e-05|6.27016e-05|1.80008e-05|0.000475679|7.03031e-05|1.96575e-05|1.88732e-05|0.000426407|0.000140889|0.000182949|0.000125062|1.54283e-05|0.000185382,0.000316017|0.00788063|0.0016732|0.00522046|0.00113469|0.00065196|0.00104538|0.000196916|0.000428116|0.000135861|0.00396778|0.000270551|0.00274771|0.00231296|0.00907722|0.00344885,0.0109342|0.0476737|0.0313381|0.0318744|0.00597815|0.0140743|0.01754|0.00731162|0.00118659|0.0266797|0.00497013|0.0276207|0.0207315|0.0255931|0.00638914|0.0365406,0.000178506|0.00335145|0.0470205|0.0483133|0.0245713|0.033904|0.0283975|0.0421608|0.00176737|0.0436548|0.0341912|0.0210615|0.0378122|0.00291922|0.0483596|0.0130093,0.973537|0.954869|0.937315|0.975256|0.962416|0.963574|0.963898|0.951514|0.967717|0.933821|0.94998|0.904866|0.910795|0.962742|0.910708|0.98883,4.63983|5.26639|3.07758|3.22282|1.97158|5.88966|3.51107|4.90362|4.1126|5.77568|3.70656|4.56594|1.89272|0.0327787|5.41755|4.04415,79.8117|56.34|81.3396|99.595|65.9961|59.8148|37.2729|35.0583|56.7563|43.8659|89.5651|27.3162|32.2763|37.0378|82.9474,0.246796|0.206669|0.186476|0.184434|0.193896|0.18359|0.176784|0.209201|0.186349|0.241695|0.241996|0.231681|0.240047|0.191256|0.24308,0.338018|0.285239|0.379326|0.703378|0.982181|0.339058|0.943162|0.297185|0.927837|0.590576|0.265381|0.750497|0.895675|0.182586|0.624607,0.869523,0.801463,0.117836,0.0993652,0.460468,0.534015,0.0732846,0.487967,0.198257,0.921169,51.6436,5.43263e-12,47756,0.887486,41.1981,1.06086e-12,38445,0.895553,0.876428,0.0878307,0.631141,0.996144,0.511517,0.22039,0.459803,0.228135,0.891603,87.9902,7.64954e-10,30733,0.967162,70.4477,9.04596e-11,52512
24,418,n1->n99->n97->n96->n94->n92->n91->n93->n95->n82->n84->n83->n85->n65->n52->n51,5.37021e+09|1.57108e+10|2.90604e+09|2.51165e+12|1.36531e+10|1.97334e+09|2.84652e+12|4.22601e+13|1.05601e+11|1.07979e+13|1.07392e+09|3.76373e+13|2.02447e+09|1.12599e+09|1.02428e+10|7.46708e+11,8.19724e+08|4.21389e+09|5.04144e+08|5.36324e+11|1.67171e+09|1.46451e+09|3.57264e+11|1.3774e+13|5.46554e+10|1.66379e+12|9.00899e+08|2.34723e+13|2.41326e+08|3.2906e+08|2.07235e+09|5.06847e+11,0.000494453|0.00089026|8.81202e-05|1.2987e-05|2.95455e-05|2.75832e-05|6.93267e-05|8.45967e-05|0.000260968|0.000837919|2.14473e-05|1.86087e-05|2.04325e-05|1.96575e-05|0.00011644|0.000185382,0.000316017|0.000350126|0.00494291|0.000286765|0.000125263|0.0052688|0.00599677|0.000162335|0.000186877|0.00271152|0.000434313|0.000175452|0.000338175|0.000428116|0.00580301|0.00344885,0.0109342|0.0362414|0.0381696|0.0377902|0.00830448|0.0444618|0.008036|0.0108045|0.00282907|0.0278433|0.0473575|0.015405|0.0354515|0.00118659|0.0398377|0.0365406,0.000178506|0.0472365|0.00800322|0.0195364|0.0293842|0.0387741|0.015498|0.0326183|0.0420997|0.0266174|0.0366447|0.038157|0.0266209|0.00176737|0.0151024|0.0130093,0.973537|0.953794|0.90679|0.951762|0.927471|0.987763|0.964407|0.912097|0.966581|0.934435|0.948551|0.947801|0.940474|0.967717|0.965406|0.98883,4.63983|3.07459|1.41691|0.85792|5.03384|6.03913|5.6679|5.92115|1.09944|0.132111|5.42186|4.11052|4.91715|4.1126|0.0104102|4.04415,66.2586|94.4507|37.9513|71.0086|13.5087|32.3713|26.8753|24.941|75.699|83.37|20.1884|92.2019|82.5435|56.1703|83.3731,0.180129|0.168303|0.246589|0.230021|0.230182|0.161013|0.203549|0.237661|0.21275|0.203763|0.246081|0.231254|0.20461|0.247907|0.197114,0.323551|0.263233|0.157157|0.131268|0.731663|0.940947|0.21516|0.985064|0.837867|0.808712|0.599197|0.604504|0.519435|0.827328|0.942894,0.869523,0.801463,0.117836,0.0993652,0.460468,0.534015,0.0732846,0.487967,0.198257,0.921169,51.6436,5.43263e-12,47756,0.887486,41.1981,1.06086e-12,38445,0.895553,0.876428,0.0878307,0.631141,0.996144,0.511517,0.22039,0.459803,0.228135,0.891603,87.9902,7.64954e-10,30733,0.967162,70.4477,9.04596e-11,52512
24,419,n1->n20->n18->n70->n72->n45->n44->n41->n39->n10->n63->n61->n62->n60->n50->n51,5.37021e+09|4.0293e+11|7.59179e+12|6.87309e+13|6.83442e+09|8.38488e+13|5.26537e+13|3.95737e+11|3.34792e+13|2.49624e+09|6.55204e+12|6.44979e+11|2.37342e+11|8.79841e+13|2.36425e+09|7.46708e+11,8.19724e+08|1.89646e+11|4.11836e+12|9.78332e+12|1.48353e+09|1.01787e+13|2.86817e+13|1.47899e+11|1.12013e+13|7.32581e+08|2.63574e+12|1.30372e+11|1.13053e+11|5.95756e+13|4.07889e+08|5.06847e+11,0.000494453|5.21063e-05|2.98936e-05|5.13815e-05|0.000159499|1.67225e-05|0.000124649|2.35935e-05|5.53896e-05|6.27016e-05|0.000116235|3.71253e-05|8.24006e-05|0.000731749|1.54283e-05|0.000185382,0.000316017|0.000368678|0.000681499|0.00295865|0.00384342|0.000742576|0.00158999|0.00412419|0.0025393|0.00113469|0.00126856|0.00313588|0.00794111|0.000248463|0.00907722|0.00344885,0.0109342|0.0108696|0.0192976|0.0286141|0.0479977|0.00846218|0.0486405|0.00451081|0.00111942|0.00597815|0.0100727|0.0266048|0.0242596|0.0128442|0.00638914|0.0365406,0.000178506|0.0181411|0.0120519|0.0216638|0.0299903|0.0342415|0.00764508|0.00491436|0.0449458|0.0245713|0.0107197|0.0179693|0.0480911|0.0431033|0.0483596|0.0130093,0.973537|0.923215|0.946711|0.966653|0.96924|0.934264|0.932977|0.923722|0.924329|0.962416|0.903245|0.958619|0.98053|0.945549|0.910708|0.98883,4.63983|4.79469|4.38273|4.60778|3.90463|5.31688|2.64532|4.11092|1.19952|1.97158|4.68449|2.63855|5.59786|4.50487|5.41755|4.04415,90.7492|89.2299|55.8812|97.4405|63.1262|57.1366|12.7315|38.9947|24.4191|65.1286|47.0482|89.0369|48.3985|22.3088|82.9474,0.215706|0.247215|0.234874|0.180102|0.243732|0.235241|0.246433|0.18226|0.239532|0.203746|0.167884|0.198053|0.17162|0.190841|0.24308,0.53635|0.652252|0.16843|0.79408|0.65643|0.218954|0.665882|0.988985|0.991722|0.514129|0.410418|0.704733|0.641887|0.323935|0.624607,0.869523,0.801463,0.117836,0.0993652,0.460468,0.534015,0.0732846,0.487967,0.198257,0.921169,51.6436,5.43263e-12,47756,0.887486,41.1981,1.06086e-12,38445,0.895553,0.876428,0.0878307,0.631141,0.996144,0.511517,0.22039,0.459803,0.228135,0.891603,87.9902,7.64954e-10,30733,0.967162,70.4477,9.04596e-11,52512
24,420,n1->n20->n18->n19->n68->n22->n74->n76->n86->n87->n70->n69->n28->n29->n50->n51,5.37021e+09|4.0293e+11|7.59179e+12|2.47533e+11|1.31753e+09|1.47e+10|5.8385e+13|4.21804e+13|3.85304e+10|7.3435e+12|6.87309e+13|8.81277e+09|1.34247e+11|3.6336e+13|2.36425e+09|7.46708e+11,8.19724e+08|1.89646e+11|4.11836e+12|2.33399e+11|3.10679e+08|9.51029e+09|7.35096e+12|1.15782e+13|4.69095e+09|2.79916e+12|9.78332e+12|7.57626e+09|1.51805e+10|1.77292e+13|4.07889e+08|5.06847e+11,0.000494453|5.21063e-05|2.98936e-05|0.000261527|0.000223952|1.77434e-05|0.000875739|1.88608e-05|6.21631e-05|0.000634307|5.13815e-05|0.000268039|0.00056516|0.000125062|1.54283e-05|0.000185382,0.000316017|0.000368678|0.000681499|0.000768065|0.00843573|0.0006856|0.00944671|0.00214239|0.00341054|0.00151267|0.00295865|0.00367819|0.0093172|0.00231296|0.00907722|0.00344885,0.0109342|0.0108696|0.0192976|0.0201979|0.0370095|0.0408661|0.0280357|0.00156873|0.0237043|0.0186268|0.0286141|0.022957|0.0317261|0.0255931|0.00638914|0.0365406,0.000178506|0.0181411|0.0120519|0.0291803|0.00589983|0.040072|0.0166219|0.0470058|0.0488574|0.00979507|0.0216638|0.0100342|0.03841|0.00291922|0.0483596|0.0130093,0.973537|0.923215|0.946711|0.941018|0.984554|0.95984|0.90082|0.989289|0.981332|0.977244|0.966653|0.975915|0.948072|0.962742|0.910708|0.98883,4.63983|4.79469|4.38273|1.39448|5.26958|0.048646|0.0974208|0.578949|4.96971|2.33192|4.60778|2.99986|1.48687|0.0327787|5.41755|4.04415,90.7492|89.2299|34.0839|67.5745|15.3326|63.8366|53.1277|37.5994|88.9922|39.9413|74.5377|97.1045|18.7034|37.0378|82.9474,0.215706|0.247215|0.248409|0.2055|0.236297|0.241428|0.181342|0.17745|0.246364|0.180359|0.172691|0.207556|0.249902|0.191256|0.24308,0.53635|0.652252|0.983209|0.968257|0.655447|0.480684|0.519715|0.871942|0.83582|0.129355|0.416585|0.438091|0.259002|0.182586|0.624607,0.869523,0.801463,0.117836,0.0993652,0.460468,0.534015,0.0732846,0.487967,0.198257,0.921169,51.6436,5.43263e-12,47756,0.887486,41.1981,1.06086e-12,38445,0.895553,0.876428,0.0878307,0.631141,0.996144,0.511517,0.22039,0.459803,0.228135,0.891603,87.9902,7.64954e-10,30733,0.967162,70.4477,9.04596e-11,52512
24,421,n1->n13->n12->n14->n75->n74->n57->n55->n54->n82->n95->n89->n20->n96->n94->n51,5.37021e+09|6.60497e+13|9.70597e+10|3.70261e+10|8.71921e+10|5.8385e+13|4.14288e+09|8.84081e+12|2.80961e+11|1.07979e+13|1.05601e+11|2.68119e+11|4.0293e+11|2.51165e+12|1.36531e+10|7.46708e+11,8.19724e+08|8.87204e+12|2.76143e+10|1.44234e+10|5.29113e+10|7.35096e+12|2.05006e+09|4.69454e+12|2.23178e+11|1.66379e+12|5.46554e+10|9.23423e+10|1.89646e+11|5.36324e+11|1.67171e+09|5.06847e+11,0.000494453|0.000787814|0.000201974|3.25754e-05|0.000766915|0.000875739|0.000173612|4.06274e-05|1.47667e-05|0.000837919|0.000260968|3.55201e-05|5.21063e-05|1.2987e-05|2.95455e-05|0.000185382,0.000316017|0.00788063|0.0016732|0.000181646|0.000203965|0.00944671|0.00271581|0.000128431|0.00549128|0.00271152|0.000186877|0.000111435|0.000368678|0.000286765|0.000125263|0.00344885,0.0109342|0.0476737|0.0313381|0.0426128|0.0243876|0.0280357|0.0328142|0.00843704|0.0334079|0.0278433|0.00282907|0.0107812|0.0108696|0.0377902|0.00830448|0.0365406,0.000178506|0.00335145|0.0470205|0.049061|0.0250863|0.0166219|0.0437642|0.0314938|0.00844474|0.0266174|0.0420997|0.0401575|0.0181411|0.0195364|0.0293842|0.0130093,0.973537|0.954869|0.937315|0.906626|0.936129|0.90082|0.983348|0.908585|0.927525|0.934435|0.966581|0.926416|0.923215|0.951762|0.927471|0.98883,4.63983|5.26639|3.07758|0.762282|3.39264|0.0974208|1.93323|3.37071|1.22009|0.132111|1.09944|0.0868458|4.79469|0.85792|5.03384|4.04415,79.8117|56.34|51.9585|56.2706|64.3401|95.6836|61.5999|27.8669|41.1455|75.699|11.8194|18.2346|58.7029|71.0086|11.2844,0.246796|0.206669|0.222459|0.226178|0.220369|0.169856|0.220389|0.169326|0.242874|0.21275|0.168449|0.231355|0.201188|0.230021|0.200895,0.338018|0.285239|0.326911|0.725021|0.119032|0.815246|0.549818|0.414082|0.378494|0.837867|0.776387|0.595303|0.666395|0.131268|0.836539,0.869523,0.801463,0.117836,0.0993652,0.460468,0.534015,0.0732846,0.487967,0.198257,0.921169,51.6436,5.43263e-12,47756,0.887486,41.1981,1.06086e-12,38445,0.895553,0.876428,0.0878307,0.631141,0.996144,0.511517,0.22039,0.459803,0.228135,0.891603,87.9902,7.64954e-10,30733,0.967162,70.4477,9.04596e-11,52512
24,422,n1->n99->n98->n57->n74->n76->n78->n44->n45->n43->n41->n39->n37->n65->n52->n51,5.37021e+09|1.57108e+10|1.8266e+13|4.14288e+09|5.8385e+13|4.21804e+13|3.25238e+10|5.26537e+13|8.38488e+13|1.40931e+10|3.95737e+11|3.34792e+13|2.79748e+13|1.12599e+09|1.02428e+10|7.46708e+11,8.19724e+08|4.21389e+09|5.99087e+12|2.05006e+09|7.35096e+12|1.15782e+13|2.30731e+10|2.86817e+13|1.01787e+13|3.26577e+09|1.47899e+11|1.12013e+13|4.96975e+12|3.2906e+08|2.07235e+09|5.06847e+11,0.000494453|0.00089026|0.000410965|0.000173612|0.000875739|1.88608e-05|0.000270955|0.000124649|1.67225e-05|0.000955168|2.35935e-05|5.53896e-05|1.06248e-05|1.96575e-05|0.00011644|0.000185382,0.000316017|0.000350126|0.000548485|0.00271581|0.00944671|0.00214239|0.00167497|0.00158999|0.000742576|0.00344494|0.00412419|0.0025393|0.000261291|0.000428116|0.00580301|0.00344885,0.0109342|0.0362414|0.0295222|0.0328142|0.0280357|0.00156873|0.00569443|0.0486405|0.00846218|0.0168583|0.00451081|0.00111942|0.0457563|0.00118659|0.0398377|0.0365406,0.000178506|0.0472365|0.0297366|0.0437642|0.0166219|0.0470058|0.0425349|0.00764508|0.0342415|0.0482719|0.00491436|0.0449458|0.0105712|0.00176737|0.0151024|0.0130093,0.973537|0.953794|0.959539|0.983348|0.90082|0.989289|0.92832|0.932977|0.934264|0.943219|0.923722|0.924329|0.964079|0.967717|0.965406|0.98883,4.63983|3.07459|2.95405|1.93323|0.0974208|0.578949|3.3614|2.64532|5.31688|2.3897|4.11092|1.19952|4.96174|4.1126|0.0104102|4.04415,66.2586|58.4557|98.2355|95.6836|53.1277|69.3348|88.5528|57.1366|48.5398|43.4967|38.9947|31.554|13.4252|56.1703|83.3731,0.180129|0.227784|0.190047|0.169856|0.181342|0.194827|0.200088|0.235241|0.218428|0.160247|0.18226|0.195005|0.230756|0.247907|0.197114,0.323551|0.686264|0.757428|0.815246|0.519715|0.93416|0.134865|0.218954|0.854577|0.922117|0.988985|0.711047|0.986996|0.827328|0.942894,0.869523,0.801463,0.117836,0.0993652,0.460468,0.534015,0.0732846,0.487967,0.198257,0.921169,51.6436,5.43263e-12,47756,0.887486,41.1981,1.06086e-12,38445,0.895553,0.876428,0.0878307,0.631141,0.996144,0.511517,0.22039,0.459803,0.228135,0.891603,87.9902,7.64954e-10,30733,0.967162,70.4477,9.04596e-11,52512
24,423,n1->n99->n98->n57->n55->n53->n54->n73->n71->n24->n23->n21->n20->n96->n94->n51,5.37021e+09|1.57108e+10|1.8266e+13|4.14288e+09|8.84081e+12|4.60474e+10|2.80961e+11|1.41706e+11|7.70008e+11|1.59557e+13|4.63033e+10|1.56161e+12|4.0293e+11|2.51165e+12|1.36531e+10|7.46708e+11,8.19724e+08|4.21389e+09|5.99087e+12|2.05006e+09|4.69454e+12|3.18273e+10|2.23178e+11|5.76853e+10|1.60546e+11|4.06569e+12|3.30225e+10|3.02345e+11|1.89646e+11|5.36324e+11|1.67171e+09|5.06847e+11,0.000494453|0.00089026|0.000410965|0.000173612|4.06274e-05|2.00633e-05|1.47667e-05|6.32916e-05|0.00017279|0.000193265|0.000277161|0.00096308|5.21063e-05|1.2987e-05|2.95455e-05|0.000185382,0.000316017|0.000350126|0.000548485|0.00271581|0.000128431|0.000509085|0.00549128|0.000807753|0.00123164|0.0012727|0.00418014|0.00195589|0.000368678|0.000286765|0.000125263|0.00344885,0.0109342|0.0362414|0.0295222|0.0328142|0.00843704|5.21659e-05|0.0334079|0.0455502|0.0398828|0.0433038|0.00314906|0.00712365|0.0108696|0.0377902|0.00830448|0.0365406,0.000178506|0.0472365|0.0297366|0.0437642|0.0314938|0.00115664|0.00844474|0.028193|0.0326729|0.00780618|0.0470385|0.0414669|0.0181411|0.0195364|0.0293842|0.0130093,0.973537|0.953794|0.959539|0.983348|0.908585|0.913872|0.927525|0.909539|0.947193|0.90929|0.92176|0.971602|0.923215|0.951762|0.927471|0.98883,4.63983|3.07459|2.95405|1.93323|3.37071|0.640024|1.22009|3.29092|0.117525|3.9732|2.08786|3.14177|4.79469|0.85792|5.03384|4.04415,66.2586|58.4557|98.2355|61.5999|30.3781|75.3264|26.1465|28.2621|44.1502|44.8869|88.4205|76.7594|58.7029|71.0086|11.2844,0.180129|0.227784|0.190047|0.220389|0.207992|0.191357|0.196311|0.242769|0.204574|0.161116|0.232237|0.218425|0.201188|0.230021|0.200895,0.323551|0.686264|0.757428|0.549818|0.646488|0.567841|0.754315|0.940077|0.45026|0.528582|0.516177|0.515127|0.666395|0.131268|0.836539,0.869523,0.801463,0.117836,0.0993652,0.460468,0.534015,0.0732846,0.487967,0.198257,0.921169,51.6436,5.43263e-12,47756,0.887486,41.1981,1.06086e-12,38445,0.895553,0.876428,0.0878307,0.631141,0.996144,0.511517,0.22039,0.459803,0.228135,0.891603,87.9902,7.64954e-10,30733,0.967162,70.4477,9.04596e-11,52512
24,424,n1->n13->n12->n8->n7->n5->n65->n52->n53->n55->n54->n56->n90->n59->n50->n51,5.37021e+09|6.60497e+13|9.70597e+10|4.61239e+13|3.81012e+11|2.91995e+11|1.12599e+09|1.02428e+10|4.60474e+10|8.84081e+12|2.80961e+11|1.1605e+12|1.33273e+11|3.04563e+11|2.36425e+09|7.46708e+11,8.19724e+08|8.87204e+12|2.76143e+10|1.04208e+13|6.70334e+10|4.67133e+10|3.2906e+08|2.07235e+09|3.18273e+10|4.69454e+12|2.23178e+11|5.65456e+11|6.41526e+10|3.06423e+10|4.07889e+08|5.06847e+11,0.000494453|0.000787814|0.000201974|6.6054e-05|0.000475679|7.03031e-05|1.96575e-05|0.00011644|2.00633e-05|4.06274e-05|1.47667e-05|1.7812e-05|0.000319756|2.43107e-05|1.54283e-05|0.000185382,0.000316017|0.00788063|0.0016732|0.00522046|0.00104538|0.000196916|0.000428116|0.00580301|0.000509085|0.000128431|0.00549128|0.000830638|0.000672662|0.000202742|0.00907722|0.00344885,0.0109342|0.0476737|0.0313381|0.0318744|0.01754|0.00731162|0.00118659|0.0398377|5.21659e-05|0.00843704|0.0334079|0.0231698|0.0285929|0.00304046|0.00638914|0.0365406,0.000178506|0.00335145|0.0470205|0.0483133|0.0283975|0.0421608|0.00176737|0.0151024|0.00115664|0.0314938|0.00844474|0.0417641|0.0372754|0.0474075|0.0483596|0.0130093,0.973537|0.954869|0.937315|0.975256|0.963898|0.951514|0.967717|0.965406|0.913872|0.908585|0.927525|0.944528|0.984478|0.99171|0.910708|0.98883,4.63983|5.26639|3.07758|3.22282|3.51107|4.90362|4.1126|0.0104102|0.640024|3.37071|1.22009|2.55597|4.02061|5.60303|5.41755|4.04415,79.8117|56.34|81.3396|55.4093|37.2729|35.0583|56.1703|81.3721|30.3781|27.8669|42.6814|40.6061|62.2588|47.7013|82.9474,0.246796|0.206669|0.186476|0.230451|0.176784|0.209201|0.247907|0.184589|0.207992|0.169326|0.167734|0.166746|0.169222|0.170229|0.24308,0.338018|0.285239|0.379326|0.745697|0.943162|0.297185|0.827328|0.272111|0.646488|0.414082|0.927159|0.163177|0.361153|0.776444|0.624607,0.869523,0.801463,0.117836,0.0993652,0.460468,0.534015,0.0732846,0.487967,0.198257,0.921169,51.6436,5.43263e-12,47756,0.887486,41.1981,1.06086e-12,38445,0.895553,0.876428,0.0878307,0.631141,0.996144,0.511517,0.22039,0.459803,0.228135,0.891603,87.9902,7.64954e-10,30733,0.967162,70.4477,9.04596e-11,52512
24,425,n1->n13->n15->n29->n28->n27->n25->n26->n47->n46->n48->n89->n20->n96->n94->n51,5.37021e+09|6.60497e+13|8.77071e+11|3.6336e+13|1.34247e+11|4.19351e+12|1.67189e+13|7.09351e+09|4.74236e+11|5.53417e+12|3.98001e+12|2.68119e+11|4.0293e+11|2.51165e+12|1.36531e+10|7.46708e+11,8.19724e+08|8.87204e+12|1.06991e+11|1.77292e+13|1.51805e+10|8.73344e+11|1.40059e+13|1.31666e+09|1.54765e+11|1.63629e+12|1.69514e+12|9.23423e+10|1.89646e+11|5.36324e+11|1.67171e+09|5.06847e+11,0.000494453|0.000787814|0.000182949|0.000125062|0.00056516|1.08528e-05|6.30741e-05|3.77967e-05|0.000202873|0.000489732|4.78153e-05|3.55201e-05|5.21063e-05|1.2987e-05|2.95455e-05|0.000185382,0.000316017|0.00788063|0.00274771|0.00231296|0.0093172|0.00262605|0.00294926|0.00522178|0.000266598|0.000159088|0.00544009|0.000111435|0.000368678|0.000286765|0.000125263|0.00344885,0.0109342|0.0476737|0.0207315|0.0255931|0.0317261|0.0303206|0.0195393|0.0101688|0.00898217|0.029055|0.0455031|0.0107812|0.0108696|0.0377902|0.00830448|0.0365406,0.000178506|0.00335145|0.0378122|0.00291922|0.03841|0.0230682|0.0159438|0.0409649|0.0488958|0.0302566|0.0360942|0.0401575|0.0181411|0.0195364|0.0293842|0.0130093,0.973537|0.954869|0.910795|0.962742|0.948072|0.985376|0.9023|0.981638|0.9108|0.923372|0.967439|0.926416|0.923215|0.951762|0.927471|0.98883,4.63983|5.26639|1.89272|0.0327787|1.48687|4.5695|1.57149|2.91399|6.27947|0.31178|3.09858|0.0868458|4.79469|0.85792|5.03384|4.04415,79.8117|66.6304|32.2763|18.7034|23.5709|64.4551|63.0993|70.8805|71.5316|41.9872|94.0077|18.2346|58.7029|71.0086|11.2844,0.246796|0.179788|0.240047|0.249902|0.207151|0.242248|0.228799|0.189485|0.196056|0.178665|0.234363|0.231355|0.201188|0.230021|0.200895,0.338018|0.275394|0.895675|0.259002|0.340196|0.837222|0.359402|0.757042|0.758317|0.182289|0.948873|0.595303|0.666395|0.131268|0.836539,0.869523,0.801463,0.117836,0.0993652,0.460468,0.534015,0.0732846,0.487967,0.198257,0.921169,51.6436,5.43263e-12,47756,0.887486,41.1981,1.06086e-12,38445,0.895553,0.876428,0.0878307,0.631141,0.996144,0.511517,0.22039,0.459803,0.228135,0.891603,87.9902,7.64954e-10,30733,0.967162,70.4477,9.04596e-11,52512
24,426,n1->n99->n97->n95->n82->n80->n78->n44->n45->n43->n41->n39->n37->n65->n52->n51,5.37021e+09|1.57108e+10|2.90604e+09|1.05601e+11|1.07979e+13|2.45686e+13|3.25238e+10|5.26537e+13|8.38488e+13|1.40931e+10|3.95737e+11|3.34792e+13|2.79748e+13|1.12599e+09|1.02428e+10|7.46708e+11,8.19724e+08|4.21389e+09|5.04144e+08|5.46554e+10|1.66379e+12|2.75437e+12|2.30731e+10|2.86817e+13|1.01787e+13|3.26577e+09|1.47899e+11|1.12013e+13|4.96975e+12|3.2906e+08|2.07235e+09|5.06847e+11,0.000494453|0.00089026|8.81202e-05|0.000260968|0.000837919|1.13052e-05|0.000270955|0.000124649|1.67225e-05|0.000955168|2.35935e-05|5.53896e-05|1.06248e-05|1.96575e-05|0.00011644|0.000185382,0.000316017|0.000350126|0.00494291|0.000186877|0.00271152|0.000238286|0.00167497|0.00158999|0.000742576|0.00344494|0.00412419|0.0025393|0.000261291|0.000428116|0.00580301|0.00344885,0.0109342|0.0362414|0.0381696|0.00282907|0.0278433|0.00592883|0.00569443|0.0486405|0.00846218|0.0168583|0.00451081|0.00111942|0.0457563|0.00118659|0.0398377|0.0365406,0.000178506|0.0472365|0.00800322|0.0420997|0.0266174|0.0262948|0.0425349|0.00764508|0.0342415|0.0482719|0.00491436|0.0449458|0.0105712|0.00176737|0.0151024|0.0130093,0.973537|0.953794|0.90679|0.966581|0.934435|0.919013|0.92832|0.932977|0.934264|0.943219|0.923722|0.924329|0.964079|0.967717|0.965406|0.98883,4.63983|3.07459|1.41691|1.09944|0.132111|0.100836|3.3614|2.64532|5.31688|2.3897|4.11092|1.19952|4.96174|4.1126|0.0104102|4.04415,66.2586|94.4507|11.8968|75.699|47.0365|66.5291|88.5528|57.1366|48.5398|43.4967|38.9947|31.554|13.4252|56.1703|83.3731,0.180129|0.168303|0.228013|0.21275|0.231931|0.222935|0.200088|0.235241|0.218428|0.160247|0.18226|0.195005|0.230756|0.247907|0.197114,0.323551|0.263233|0.342677|0.837867|0.796307|0.109088|0.134865|0.218954|0.854577|0.922117|0.988985|0.711047|0.986996|0.827328|0.942894,0.869523,0.801463,0.117836,0.0993652,0.460468,0.534015,0.0732846,0.487967,0.198257,0.921169,51.6436,5.43263e-12,47756,0.887486,41.1981,1.06086e-12,38445,0.895553,0.876428,0.0878307,0.631141,0.996144,0.511517,0.22039,0.459803,0.228135,0.891603,87.9902,7.64954e-10,30733,0.967162,70.4477,9.04596e-11,52512
24,427,n1->n13->n14->n96->n97->n27->n52->n53->n55->n56->n84->n33->n31->n29->n50->n51,5.37021e+09|6.60497e+13|3.70261e+10|2.51165e+12|2.90604e+09|4.19351e+12|1.02428e+10|4.60474e+10|8.84081e+12|1.1605e+12|1.07392e+09|3.64323e+13|4.79342e+12|3.6336e+13|2.36425e+09|7.46708e+11,8.19724e+08|8.87204e+12|1.44234e+10|5.36324e+11|5.04144e+08|8.73344e+11|2.07235e+09|3.18273e+10|4.69454e+12|5.65456e+11|9.00899e+08|6.32377e+12|4.42443e+12|1.77292e+13|4.07889e+08|5.06847e+11,0.000494453|0.000787814|3.25754e-05|1.2987e-05|8.81202e-05|1.08528e-05|0.00011644|2.00633e-05|4.06274e-05|1.7812e-05|2.14473e-05|1.50316e-05|0.00024651|0.000125062|1.54283e-05|0.000185382,0.000316017|0.00788063|0.000181646|0.000286765|0.00494291|0.00262605|0.00580301|0.000509085|0.000128431|0.000830638|0.000434313|0.00213059|0.00308746|0.00231296|0.00907722|0.00344885,0.0109342|0.0476737|0.0426128|0.0377902|0.0381696|0.0303206|0.0398377|5.21659e-05|0.00843704|0.0231698|0.0473575|0.00968695|0.0211034|0.0255931|0.00638914|0.0365406,0.000178506|0.00335145|0.049061|0.0195364|0.00800322|0.0230682|0.0151024|0.00115664|0.0314938|0.0417641|0.0366447|0.0280967|0.0151027|0.00291922|0.0483596|0.0130093,0.973537|0.954869|0.906626|0.951762|0.90679|0.985376|0.965406|0.913872|0.908585|0.944528|0.948551|0.923653|0.943878|0.962742|0.910708|0.98883,4.63983|5.26639|0.762282|0.85792|1.41691|4.5695|0.0104102|0.640024|3.37071|2.55597|5.42186|1.04264|4.82496|0.0327787|5.41755|4.04415,79.8117|92.5451|54.7186|37.9513|31.5608|46.2248|81.3721|30.3781|95.3312|34.4372|59.7094|95.0453|70.4589|37.0378|82.9474,0.246796|0.191459|0.208433|0.246589|0.219936|0.183493|0.184589|0.207992|0.167906|0.222961|0.183728|0.234751|0.246199|0.191256|0.24308,0.338018|0.161307|0.448351|0.157157|0.557853|0.657987|0.272111|0.646488|0.402595|0.762891|0.218166|0.258586|0.415176|0.182586|0.624607,0.869523,0.801463,0.117836,0.0993652,0.460468,0.534015,0.0732846,0.487967,0.198257,0.921169,51.6436,5.43263e-12,47756,0.887486,41.1981,1.06086e-12,38445,0.895553,0.876428,0.0878307,0.631141,0.996144,0.511517,0.22039,0.459803,0.228135,0.891603,87.9902,7.64954e-10,30733,0.967162,70.4477,9.04596e-11,52512
24,428,n1->n13->n14->n12->n8->n7->n5->n3->n69->n76->n74->n35->n31->n29->n50->n51,5.37021e+09|6.60497e+13|3.70261e+10|9.70597e+10|4.61239e+13|3.81012e+11|2.91995e+11|2.78751e+13|8.81277e+09|4.21804e+13|5.8385e+13|5.77859e+11|4.79342e+12|3.6336e+13|2.36425e+09|7.46708e+11,8.19724e+08|8.87204e+12|1.44234e+10|2.76143e+10|1.04208e+13|6.70334e+10|4.67133e+10|1.44762e+13|7.57626e+09|1.15782e+13|7.35096e+12|4.88834e+11|4.42443e+12|1.77292e+13|4.07889e+08|5.06847e+11,0.000494453|0.000787814|3.25754e-05|0.000201974|6.6054e-05|0.000475679|7.03031e-05|0.00022361|0.000268039|1.88608e-05|0.000875739|0.000412952|0.00024651|0.000125062|1.54283e-05|0.000185382,0.000316017|0.00788063|0.000181646|0.0016732|0.00522046|0.00104538|0.000196916|0.00776667|0.00367819|0.00214239|0.00944671|0.00138752|0.00308746|0.00231296|0.00907722|0.00344885,0.0109342|0.0476737|0.0426128|0.0313381|0.0318744|0.01754|0.00731162|0.0268705|0.022957|0.00156873|0.0280357|0.00215298|0.0211034|0.0255931|0.00638914|0.0365406,0.000178506|0.00335145|0.049061|0.0470205|0.0483133|0.0283975|0.0421608|0.0326941|0.0100342|0.0470058|0.0166219|0.0375959|0.0151027|0.00291922|0.0483596|0.0130093,0.973537|0.954869|0.906626|0.937315|0.975256|0.963898|0.951514|0.982466|0.975915|0.989289|0.90082|0.952159|0.943878|0.962742|0.910708|0.98883,4.63983|5.26639|0.762282|3.07758|3.22282|3.51107|4.90362|4.79844|2.99986|0.578949|0.0974208|5.24666|4.82496|0.0327787|5.41755|4.04415,79.8117|92.5451|51.9585|81.3396|55.4093|37.2729|10.4739|83.9106|66.666|53.1277|67.7415|91.3525|70.4589|37.0378|82.9474,0.246796|0.191459|0.222459|0.186476|0.230451|0.176784|0.163561|0.204476|0.212271|0.181342|0.161632|0.243038|0.246199|0.191256|0.24308,0.338018|0.161307|0.326911|0.379326|0.745697|0.943162|0.469027|0.65353|0.890059|0.519715|0.301798|0.658826|0.415176|0.182586|0.624607,0.869523,0.801463,0.117836,0.0993652,0.460468,0.534015,0.0732846,0.487967,0.198257,0.921169,51.6436,5.43263e-12,47756,0.887486,41.1981,1.06086e-12,38445,0.895553,0.876428,0.0878307,0.631141,0.996144,0.511517,0.22039,0.459803,0.228135,0.891603,87.9902,7.64954e-10,30733,0.967162,70.4477,9.04596e-11,52512
24,429,n1->n20->n96->n14->n13->n11->n9->n7->n5->n65->n37->n39->n10->n63->n61->n51,5.37021e+09|4.0293e+11|2.51165e+12|3.70261e+10|6.60497e+13|1.78735e+12|1.49139e+12|3.81012e+11|2.91995e+11|1.12599e+09|2.79748e+13|3.34792e+13|2.49624e+09|6.55204e+12|6.44979e+11|7.46708e+11,8.19724e+08|1.89646e+11|5.36324e+11|1.44234e+10|8.87204e+12|3.29521e+11|3.79906e+11|6.70334e+10|4.67133e+10|3.2906e+08|4.96975e+12|1.12013e+13|7.32581e+08|2.63574e+12|1.30372e+11|5.06847e+11,0.000494453|5.21063e-05|1.2987e-05|3.25754e-05|0.000787814|5.47786e-05|1.80008e-05|0.000475679|7.03031e-05|1.96575e-05|1.06248e-05|5.53896e-05|6.27016e-05|0.000116235|3.71253e-05|0.000185382,0.000316017|0.000368678|0.000286765|0.000181646|0.00788063|0.00652494|0.00065196|0.00104538|0.000196916|0.000428116|0.000261291|0.0025393|0.00113469|0.00126856|0.00313588|0.00344885,0.0109342|0.0108696|0.0377902|0.0426128|0.0476737|0.00125292|0.0140743|0.01754|0.00731162|0.00118659|0.0457563|0.00111942|0.00597815|0.0100727|0.0266048|0.0365406,0.000178506|0.0181411|0.0195364|0.049061|0.00335145|0.0136412|0.033904|0.0283975|0.0421608|0.00176737|0.0105712|0.0449458|0.0245713|0.0107197|0.0179693|0.0130093,0.973537|0.923215|0.951762|0.906626|0.954869|0.988894|0.963574|0.963898|0.951514|0.967717|0.964079|0.924329|0.962416|0.903245|0.958619|0.98883,4.63983|4.79469|0.85792|0.762282|5.26639|0.923897|5.88966|3.51107|4.90362|4.1126|4.96174|1.19952|1.97158|4.68449|2.63855|4.04415,90.7492|58.7029|54.7186|92.5451|13.9548|99.0064|59.8148|37.2729|35.0583|13.4252|31.554|24.4191|65.1286|47.0482|66.5616,0.215706|0.201188|0.208433|0.191459|0.189728|0.201409|0.18359|0.176784|0.209201|0.230756|0.195005|0.239532|0.203746|0.167884|0.171721,0.53635|0.666395|0.448351|0.161307|0.801183|0.439638|0.339058|0.943162|0.297185|0.986996|0.711047|0.991722|0.514129|0.410418|0.235817,0.869523,0.801463,0.117836,0.0993652,0.460468,0.534015,0.0732846,0.487967,0.198257,0.921169,51.6436,5.43263e-12,47756,0.887486,41.1981,1.06086e-12,38445,0.895553,0.876428,0.0878307,0.631141,0.996144,0.511517,0.22039,0.459803,0.228135,0.891603,87.9902,7.64954e-10,30733,0.967162,70.4477,9.04596e-11,52512
24,430,n1->n13->n11->n9->n10->n39->n38->n36->n34->n32->n66->n68->n58->n59->n50->n51,5.37021e+09|6.60497e+13|1.78735e+12|1.49139e+12|2.49624e+09|3.34792e+13|1.16426e+13|7.73972e+11|4.7313e+12|1.78367e+12|1.10072e+10|1.31753e+09|8.16696e+09|3.04563e+11|2.36425e+09|7.46708e+11,8.19724e+08|8.87204e+12|3.29521e+11|3.79906e+11|7.32581e+08|1.12013e+13|1.19258e+12|7.77593e+10|1.15705e+12|1.05491e+12|8.7665e+09|3.10679e+08|6.89506e+09|3.06423e+10|4.07889e+08|5.06847e+11,0.000494453|0.000787814|5.47786e-05|1.80008e-05|6.27016e-05|5.53896e-05|1.04425e-05|0.000426407|0.000140889|0.000179959|0.000237659|0.000223952|0.000266735|2.43107e-05|1.54283e-05|0.000185382,0.000316017|0.00788063|0.00652494|0.00065196|0.00113469|0.0025393|0.00950649|0.00396778|0.000270551|0.00292552|0.000470269|0.00843573|0.00874893|0.000202742|0.00907722|0.00344885,0.0109342|0.0476737|0.00125292|0.0140743|0.00597815|0.00111942|0.0263713|0.00497013|0.0276207|0.00778345|0.0203827|0.0370095|0.0248478|0.00304046|0.00638914|0.0365406,0.000178506|0.00335145|0.0136412|0.033904|0.0245713|0.0449458|0.00318517|0.0341912|0.0210615|0.0161829|0.0146278|0.00589983|0.0481122|0.0474075|0.0483596|0.0130093,0.973537|0.954869|0.988894|0.963574|0.962416|0.924329|0.902547|0.94998|0.904866|0.953313|0.978907|0.984554|0.911658|0.99171|0.910708|0.98883,4.63983|5.26639|0.923897|5.88966|1.97158|1.19952|5.09423|3.70656|4.56594|0.10397|3.10364|5.26958|3.70937|5.60303|5.41755|4.04415,79.8117|13.9548|99.0064|65.9961|24.4191|52.0957|61.2725|89.5651|23.0914|27.3217|70.8824|56.905|56.397|47.7013|82.9474,0.246796|0.189728|0.201409|0.193896|0.239532|0.199024|0.204351|0.241996|0.18593|0.199785|0.16183|0.185169|0.21902|0.170229|0.24308,0.338018|0.801183|0.439638|0.982181|0.991722|0.46236|0.413834|0.265381|0.12287|0.769012|0.215539|0.476138|0.533324|0.776444|0.624607,0.869523,0.801463,0.117836,0.0993652,0.460468,0.534015,0.0732846,0.487967,0.198257,0.921169,51.6436,5.43263e-12,47756,0.887486,41.1981,1.06086e-12,38445,0.895553,0.876428,0.0878307,0.631141,0.996144,0.511517,0.22039,0.459803,0.228135,0.891603,87.9902,7.64954e-10,30733,0.967162,70.4477,9.04596e-11,52512
24,431,n1->n13->n11->n9->n7->n5->n3->n69->n70->n18->n19->n20->n89->n48->n50->n51,5.37021e+09|6.60497e+13|1.78735e+12|1.49139e+12|3.81012e+11|2.91995e+11|2.78751e+13|8.81277e+09|6.87309e+13|7.59179e+12|2.47533e+11|4.0293e+11|2.68119e+11|3.98001e+12|2.36425e+09|7.46708e+11,8.19724e+08|8.87204e+12|3.29521e+11|3.79906e+11|6.70334e+10|4.67133e+10|1.44762e+13|7.57626e+09|9.78332e+12|4.11836e+12|2.33399e+11|1.89646e+11|9.23423e+10|1.69514e+12|4.07889e+08|5.06847e+11,0.000494453|0.000787814|5.47786e-05|1.80008e-05|0.000475679|7.03031e-05|0.00022361|0.000268039|5.13815e-05|2.98936e-05|0.000261527|5.21063e-05|3.55201e-05|4.78153e-05|1.54283e-05|0.000185382,0.000316017|0.00788063|0.00652494|0.00065196|0.00104538|0.000196916|0.00776667|0.00367819|0.00295865|0.000681499|0.000768065|0.000368678|0.000111435|0.00544009|0.00907722|0.00344885,0.0109342|0.0476737|0.00125292|0.0140743|0.01754|0.00731162|0.0268705|0.022957|0.0286141|0.0192976|0.0201979|0.0108696|0.0107812|0.0455031|0.00638914|0.0365406,0.000178506|0.00335145|0.0136412|0.033904|0.0283975|0.0421608|0.0326941|0.0100342|0.0216638|0.0120519|0.0291803|0.0181411|0.0401575|0.0360942|0.0483596|0.0130093,0.973537|0.954869|0.988894|0.963574|0.963898|0.951514|0.982466|0.975915|0.966653|0.946711|0.941018|0.923215|0.926416|0.967439|0.910708|0.98883,4.63983|5.26639|0.923897|5.88966|3.51107|4.90362|4.79844|2.99986|4.60778|4.38273|1.39448|4.79469|0.0868458|3.09858|5.41755|4.04415,79.8117|13.9548|99.0064|59.8148|37.2729|10.4739|83.9106|74.5377|55.8812|34.0839|86.2435|18.2346|94.0077|23.5956|82.9474,0.246796|0.189728|0.201409|0.18359|0.176784|0.163561|0.204476|0.172691|0.234874|0.248409|0.182991|0.231355|0.234363|0.191801|0.24308,0.338018|0.801183|0.439638|0.339058|0.943162|0.469027|0.65353|0.416585|0.16843|0.983209|0.182796|0.595303|0.948873|0.688345|0.624607,0.869523,0.801463,0.117836,0.0993652,0.460468,0.534015,0.0732846,0.487967,0.198257,0.921169,51.6436,5.43263e-12,47756,0.887486,41.1981,1.06086e-12,38445,0.895553,0.876428,0.0878307,0.631141,0.996144,0.511517,0.22039,0.459803,0.228135,0.891603,87.9902,7.64954e-10,30733,0.967162,70.4477,9.04596e-11,52512
24,432,n1->n99->n97->n27->n52->n65->n85->n17->n68->n19->n20->n21->n67->n64->n49->n51,5.37021e+09|1.57108e+10|2.90604e+09|4.19351e+12|1.02428e+10|1.12599e+09|2.02447e+09|1.51096e+11|1.31753e+09|2.47533e+11|4.0293e+11|1.56161e+12|4.7483e+09|4.21034e+09|2.45005e+09|7.46708e+11,8.19724e+08|4.21389e+09|5.04144e+08|8.73344e+11|2.07235e+09|3.2906e+08|2.41326e+08|1.57582e+10|3.10679e+08|2.33399e+11|1.89646e+11|3.02345e+11|7.5553e+08|1.60867e+09|2.44458e+09|5.06847e+11,0.000494453|0.00089026|8.81202e-05|1.08528e-05|0.00011644|1.96575e-05|2.04325e-05|0.000261059|0.000223952|0.000261527|5.21063e-05|0.00096308|3.91885e-05|1.88732e-05|1.07426e-05|0.000185382,0.000316017|0.000350126|0.00494291|0.00262605|0.00580301|0.000428116|0.000338175|0.000513001|0.00843573|0.000768065|0.000368678|0.00195589|0.000640186|0.000135861|0.000979027|0.00344885,0.0109342|0.0362414|0.0381696|0.0303206|0.0398377|0.00118659|0.0354515|0.0430027|0.0370095|0.0201979|0.0108696|0.00712365|0.029632|0.0266797|0.0183567|0.0365406,0.000178506|0.0472365|0.00800322|0.0230682|0.0151024|0.00176737|0.0266209|0.00442808|0.00589983|0.0291803|0.0181411|0.0414669|0.0482082|0.0436548|0.0388066|0.0130093,0.973537|0.953794|0.90679|0.985376|0.965406|0.967717|0.940474|0.974312|0.984554|0.941018|0.923215|0.971602|0.924883|0.933821|0.969899|0.98883,4.63983|3.07459|1.41691|4.5695|0.0104102|4.1126|4.91715|5.11322|5.26958|1.39448|4.79469|3.14177|2.06342|5.77568|3.94615|4.04415,66.2586|94.4507|31.5608|46.2248|56.1703|82.5435|84.7043|23.9015|67.5745|86.2435|76.7594|42.5138|95.5844|77.768|10.4661,0.180129|0.168303|0.219936|0.183493|0.247907|0.20461|0.225161|0.236806|0.2055|0.182991|0.218425|0.197352|0.248978|0.165457|0.216931,0.323551|0.263233|0.557853|0.657987|0.827328|0.519435|0.880608|0.2818|0.968257|0.182796|0.515127|0.602799|0.480161|0.348083|0.516407,0.869523,0.801463,0.117836,0.0993652,0.460468,0.534015,0.0732846,0.487967,0.198257,0.921169,51.6436,5.43263e-12,47756,0.887486,41.1981,1.06086e-12,38445,0.895553,0.876428,0.0878307,0.631141,0.996144,0.511517,0.22039,0.459803,0.228135,0.891603,87.9902,7.64954e-10,30733,0.967162,70.4477,9.04596e-11,52512
24,433,n1->n20->n18->n70->n87->n88->n89->n95->n82->n63->n42->n40->n54->n53->n52->n51,5.37021e+09|4.0293e+11|7.59179e+12|6.87309e+13|7.3435e+12|9.00567e+12|2.68119e+11|1.05601e+11|1.07979e+13|6.55204e+12|2.42905e+09|3.58065e+10|2.80961e+11|4.60474e+10|1.02428e+10|7.46708e+11,8.19724e+08|1.89646e+11|4.11836e+12|9.78332e+12|2.79916e+12|8.66002e+12|9.23423e+10|5.46554e+10|1.66379e+12|2.63574e+12|2.47264e+08|4.14657e+09|2.23178e+11|3.18273e+10|2.07235e+09|5.06847e+11,0.000494453|5.21063e-05|2.98936e-05|5.13815e-05|0.000634307|6.2721e-05|3.55201e-05|0.000260968|0.000837919|0.000116235|8.79758e-05|6.01341e-05|1.47667e-05|2.00633e-05|0.00011644|0.000185382,0.000316017|0.000368678|0.000681499|0.00295865|0.00151267|0.000480267|0.000111435|0.000186877|0.00271152|0.00126856|0.000493531|0.00268841|0.00549128|0.000509085|0.00580301|0.00344885,0.0109342|0.0108696|0.0192976|0.0286141|0.0186268|0.00850464|0.0107812|0.00282907|0.0278433|0.0100727|0.00783732|0.0249103|0.0334079|5.21659e-05|0.0398377|0.0365406,0.000178506|0.0181411|0.0120519|0.0216638|0.00979507|0.0237676|0.0401575|0.0420997|0.0266174|0.0107197|0.0327962|0.033399|0.00844474|0.00115664|0.0151024|0.0130093,0.973537|0.923215|0.946711|0.966653|0.977244|0.962132|0.926416|0.966581|0.934435|0.903245|0.960936|0.920308|0.927525|0.913872|0.965406|0.98883,4.63983|4.79469|4.38273|4.60778|2.33192|1.9653|0.0868458|1.09944|0.132111|4.68449|0.765875|2.50002|1.22009|0.640024|0.0104102|4.04415,90.7492|89.2299|55.8812|39.9413|57.0974|92.4072|11.8194|75.699|48.6997|97.0433|77.6192|12.2677|75.3264|81.3721|83.3731,0.215706|0.247215|0.234874|0.180359|0.227675|0.203687|0.168449|0.21275|0.175742|0.211509|0.243521|0.248162|0.191357|0.184589|0.197114,0.53635|0.652252|0.16843|0.129355|0.396625|0.876618|0.776387|0.837867|0.4301|0.758395|0.14346|0.812759|0.567841|0.272111|0.942894,0.869523,0.801463,0.117836,0.0993652,0.460468,0.534015,0.0732846,0.487967,0.198257,0.921169,51.6436,5.43263e-12,47756,0.887486,41.1981,1.06086e-12,38445,0.895553,0.876428,0.0878307,0.631141,0.996144,0.511517,0.22039,0.459803,0.228135,0.891603,87.9902,7.64954e-10,30733,0.967162,70.4477,9.04596e-11,52512
24,434,n1->n13->n15->n63->n79->n81->n80->n78->n76->n86->n87->n88->n90->n59->n50->n51,5.37021e+09|6.60497e+13|8.77071e+11|6.55204e+12|1.47019e+10|2.58887e+10|2.45686e+13|3.25238e+10|4.21804e+13|3.85304e+10|7.3435e+12|9.00567e+12|1.33273e+11|3.04563e+11|2.36425e+09|7.46708e+11,8.19724e+08|8.87204e+12|1.06991e+11|2.63574e+12|4.87652e+09|8.36206e+09|2.75437e+12|2.30731e+10|1.15782e+13|4.69095e+09|2.79916e+12|8.66002e+12|6.41526e+10|3.06423e+10|4.07889e+08|5.06847e+11,0.000494453|0.000787814|0.000182949|0.000116235|0.000133131|0.000268232|1.13052e-05|0.000270955|1.88608e-05|6.21631e-05|0.000634307|6.2721e-05|0.000319756|2.43107e-05|1.54283e-05|0.000185382,0.000316017|0.00788063|0.00274771|0.00126856|0.000479664|0.000752991|0.000238286|0.00167497|0.00214239|0.00341054|0.00151267|0.000480267|0.000672662|0.000202742|0.00907722|0.00344885,0.0109342|0.0476737|0.0207315|0.0100727|0.0252961|0.0481357|0.00592883|0.00569443|0.00156873|0.0237043|0.0186268|0.00850464|0.0285929|0.00304046|0.00638914|0.0365406,0.000178506|0.00335145|0.0378122|0.0107197|0.0203026|0.00997263|0.0262948|0.0425349|0.0470058|0.0488574|0.00979507|0.0237676|0.0372754|0.0474075|0.0483596|0.0130093,0.973537|0.954869|0.910795|0.903245|0.966262|0.948836|0.919013|0.92832|0.989289|0.981332|0.977244|0.962132|0.984478|0.99171|0.910708|0.98883,4.63983|5.26639|1.89272|4.68449|3.41737|1.5908|0.100836|3.3614|0.578949|4.96971|2.33192|1.9653|4.02061|5.60303|5.41755|4.04415,79.8117|66.6304|11.0615|16.1844|26.55|15.5679|66.5291|69.3348|37.5994|88.9922|57.0974|14.1987|62.2588|47.7013|82.9474,0.246796|0.179788|0.214255|0.22961|0.238834|0.212149|0.222935|0.194827|0.17745|0.246364|0.227675|0.244274|0.169222|0.170229|0.24308,0.338018|0.275394|0.692153|0.217843|0.957633|0.870283|0.109088|0.93416|0.871942|0.83582|0.396625|0.997795|0.361153|0.776444|0.624607,0.869523,0.801463,0.117836,0.0993652,0.460468,0.534015,0.0732846,0.487967,0.198257,0.921169,51.6436,5.43263e-12,47756,0.887486,41.1981,1.06086e-12,38445,0.895553,0.876428,0.0878307,0.631141,0.996144,0.511517,0.22039,0.459803,0.228135,0.891603,87.9902,7.64954e-10,30733,0.967162,70.4477,9.04596e-11,52512
24,435,n1->n99->n77->n72->n70->n87->n86->n76->n30->n32->n33->n35->n31->n29->n50->n51,5.37021e+09|1.57108e+10|5.68112e+11|6.83442e+09|6.87309e+13|7.3435e+12|3.85304e+10|4.21804e+13|1.26395e+10|1.78367e+12|3.64323e+13|5.77859e+11|4.79342e+12|3.6336e+13|2.36425e+09|7.46708e+11,8.19724e+08|4.21389e+09|3.56307e+11|1.48353e+09|9.78332e+12|2.79916e+12|4.69095e+09|1.15782e+13|1.81012e+09|1.05491e+12|6.32377e+12|4.88834e+11|4.42443e+12|1.77292e+13|4.07889e+08|5.06847e+11,0.000494453|0.00089026|8.49487e-05|0.000159499|5.13815e-05|0.000634307|6.21631e-05|1.88608e-05|4.789e-05|0.000179959|1.50316e-05|0.000412952|0.00024651|0.000125062|1.54283e-05|0.000185382,0.000316017|0.000350126|0.000906866|0.00384342|0.00295865|0.00151267|0.00341054|0.00214239|0.00655588|0.00292552|0.00213059|0.00138752|0.00308746|0.00231296|0.00907722|0.00344885,0.0109342|0.0362414|0.04851|0.0479977|0.0286141|0.0186268|0.0237043|0.00156873|0.00398508|0.00778345|0.00968695|0.00215298|0.0211034|0.0255931|0.00638914|0.0365406,0.000178506|0.0472365|0.0115254|0.0299903|0.0216638|0.00979507|0.0488574|0.0470058|0.0178703|0.0161829|0.0280967|0.0375959|0.0151027|0.00291922|0.0483596|0.0130093,0.973537|0.953794|0.949999|0.96924|0.966653|0.977244|0.981332|0.989289|0.972158|0.953313|0.923653|0.952159|0.943878|0.962742|0.910708|0.98883,4.63983|3.07459|0.722366|3.90463|4.60778|2.33192|4.96971|0.578949|5.42296|0.10397|1.04264|5.24666|4.82496|0.0327787|5.41755|4.04415,66.2586|96.5216|92.3918|97.4405|39.9413|88.9922|37.5994|21.8454|69.5993|61.2747|93.5115|91.3525|70.4589|37.0378|82.9474,0.180129|0.241387|0.167022|0.180102|0.180359|0.246364|0.17745|0.220509|0.204659|0.208144|0.242679|0.243038|0.246199|0.191256|0.24308,0.323551|0.664018|0.776051|0.79408|0.129355|0.83582|0.871942|0.936019|0.237533|0.704271|0.487093|0.658826|0.415176|0.182586|0.624607,0.869523,0.801463,0.117836,0.0993652,0.460468,0.534015,0.0732846,0.487967,0.198257,0.921169,51.6436,5.43263e-12,47756,0.887486,41.1981,1.06086e-12,38445,0.895553,0.876428,0.0878307,0.631141,0.996144,0.511517,0.22039,0.459803,0.228135,0.891603,87.9902,7.64954e-10,30733,0.967162,70.4477,9.04596e-11,52512
24,436,n1->n99->n77->n72->n71->n75->n74->n76->n78->n80->n81->n83->n85->n65->n52->n51,5.37021e+09|1.57108e+10|5.68112e+11|6.83442e+09|7.70008e+11|8.71921e+10|5.8385e+13|4.21804e+13|3.25238e+10|2.45686e+13|2.58887e+10|3.76373e+13|2.02447e+09|1.12599e+09|1.02428e+10|7.46708e+11,8.19724e+08|4.21389e+09|3.56307e+11|1.48353e+09|1.60546e+11|5.29113e+10|7.35096e+12|1.15782e+13|2.30731e+10|2.75437e+12|8.36206e+09|2.34723e+13|2.41326e+08|3.2906e+08|2.07235e+09|5.06847e+11,0.000494453|0.00089026|8.49487e-05|0.000159499|0.00017279|0.000766915|0.000875739|1.88608e-05|0.000270955|1.13052e-05|0.000268232|1.86087e-05|2.04325e-05|1.96575e-05|0.00011644|0.000185382,0.000316017|0.000350126|0.000906866|0.00384342|0.00123164|0.000203965|0.00944671|0.00214239|0.00167497|0.000238286|0.000752991|0.000175452|0.000338175|0.000428116|0.00580301|0.00344885,0.0109342|0.0362414|0.04851|0.0479977|0.0398828|0.0243876|0.0280357|0.00156873|0.00569443|0.00592883|0.0481357|0.015405|0.0354515|0.00118659|0.0398377|0.0365406,0.000178506|0.0472365|0.0115254|0.0299903|0.0326729|0.0250863|0.0166219|0.0470058|0.0425349|0.0262948|0.00997263|0.038157|0.0266209|0.00176737|0.0151024|0.0130093,0.973537|0.953794|0.949999|0.96924|0.947193|0.936129|0.90082|0.989289|0.92832|0.919013|0.948836|0.947801|0.940474|0.967717|0.965406|0.98883,4.63983|3.07459|0.722366|3.90463|0.117525|3.39264|0.0974208|0.578949|3.3614|0.100836|1.5908|4.11052|4.91715|4.1126|0.0104102|4.04415,66.2586|96.5216|92.3918|45.8448|14.5634|64.3401|53.1277|69.3348|66.5291|15.5679|78.7627|92.2019|82.5435|56.1703|83.3731,0.180129|0.241387|0.167022|0.218487|0.169453|0.220369|0.181342|0.194827|0.222935|0.212149|0.170031|0.231254|0.20461|0.247907|0.197114,0.323551|0.664018|0.776051|0.29317|0.275247|0.119032|0.519715|0.93416|0.109088|0.870283|0.530775|0.604504|0.519435|0.827328|0.942894,0.869523,0.801463,0.117836,0.0993652,0.460468,0.534015,0.0732846,0.487967,0.198257,0.921169,51.6436,5.43263e-12,47756,0.887486,41.1981,1.06086e-12,38445,0.895553,0.876428,0.0878307,0.631141,0.996144,0.511517,0.22039,0.459803,0.228135,0.891603,87.9902,7.64954e-10,30733,0.967162,70.4477,9.04596e-11,52512
24,437,n1->n99->n77->n23->n83->n57->n55->n54->n73->n72->n45->n44->n42->n63->n61->n51,5.37021e+09|1.57108e+10|5.68112e+11|4.63033e+10|3.76373e+13|4.14288e+09|8.84081e+12|2.80961e+11|1.41706e+11|6.83442e+09|8.38488e+13|5.26537e+13|2.42905e+09|6.55204e+12|6.44979e+11|7.46708e+11,8.19724e+08|4.21389e+09|3.56307e+11|3.30225e+10|2.34723e+13|2.05006e+09|4.69454e+12|2.23178e+11|5.76853e+10|1.48353e+09|1.01787e+13|2.86817e+13|2.47264e+08|2.63574e+12|1.30372e+11|5.06847e+11,0.000494453|0.00089026|8.49487e-05|0.000277161|1.86087e-05|0.000173612|4.06274e-05|1.47667e-05|6.32916e-05|0.000159499|1.67225e-05|0.000124649|8.79758e-05|0.000116235|3.71253e-05|0.000185382,0.000316017|0.000350126|0.000906866|0.00418014|0.000175452|0.00271581|0.000128431|0.00549128|0.000807753|0.00384342|0.000742576|0.00158999|0.000493531|0.00126856|0.00313588|0.00344885,0.0109342|0.0362414|0.04851|0.00314906|0.015405|0.0328142|0.00843704|0.0334079|0.0455502|0.0479977|0.00846218|0.0486405|0.00783732|0.0100727|0.0266048|0.0365406,0.000178506|0.0472365|0.0115254|0.0470385|0.038157|0.0437642|0.0314938|0.00844474|0.028193|0.0299903|0.0342415|0.00764508|0.0327962|0.0107197|0.0179693|0.0130093,0.973537|0.953794|0.949999|0.92176|0.947801|0.983348|0.908585|0.927525|0.909539|0.96924|0.934264|0.932977|0.960936|0.903245|0.958619|0.98883,4.63983|3.07459|0.722366|2.08786|4.11052|1.93323|3.37071|1.22009|3.29092|3.90463|5.31688|2.64532|0.765875|4.68449|2.63855|4.04415,66.2586|96.5216|39.0733|23.518|50.003|61.5999|27.8669|26.1465|29.1617|63.1262|57.1366|21.0603|97.0433|47.0482|66.5616,0.180129|0.241387|0.178948|0.181099|0.1911|0.220389|0.169326|0.196311|0.178937|0.243732|0.235241|0.23095|0.211509|0.167884|0.171721,0.323551|0.664018|0.23533|0.741177|0.161388|0.549818|0.414082|0.754315|0.920295|0.65643|0.218954|0.399278|0.758395|0.410418|0.235817,0.869523,0.801463,0.117836,0.0993652,0.460468,0.534015,0.0732846,0.487967,0.198257,0.921169,51.6436,5.43263e-12,47756,0.887486,41.1981,1.06086e-12,38445,0.895553,0.876428,0.0878307,0.631141,0.996144,0.511517,0.22039,0.459803,0.228135,0.891603,87.9902,7.64954e-10,30733,0.967162,70.4477,9.04596e-11,52512
24,438,n1->n20->n96->n97->n27->n28->n69->n76->n74->n35->n34->n32->n31->n29->n50->n51,5.37021e+09|4.0293e+11|2.51165e+12|2.90604e+09|4.19351e+12|1.34247e+11|8.81277e+09|4.21804e+13|5.8385e+13|5.77859e+11|4.7313e+12|1.78367e+12|4.79342e+12|3.6336e+13|2.36425e+09|7.46708e+11,8.19724e+08|1.89646e+11|5.36324e+11|5.04144e+08|8.73344e+11|1.51805e+10|7.57626e+09|1.15782e+13|7.35096e+12|4.88834e+11|1.15705e+12|1.05491e+12|4.42443e+12|1.77292e+13|4.07889e+08|5.06847e+11,0.000494453|5.21063e-05|1.2987e-05|8.81202e-05|1.08528e-05|0.00056516|0.000268039|1.88608e-05|0.000875739|0.000412952|0.000140889|0.000179959|0.00024651|0.000125062|1.54283e-05|0.000185382,0.000316017|0.000368678|0.000286765|0.00494291|0.00262605|0.0093172|0.00367819|0.00214239|0.00944671|0.00138752|0.000270551|0.00292552|0.00308746|0.00231296|0.00907722|0.00344885,0.0109342|0.0108696|0.0377902|0.0381696|0.0303206|0.0317261|0.022957|0.00156873|0.0280357|0.00215298|0.0276207|0.00778345|0.0211034|0.0255931|0.00638914|0.0365406,0.000178506|0.0181411|0.0195364|0.00800322|0.0230682|0.03841|0.0100342|0.0470058|0.0166219|0.0375959|0.0210615|0.0161829|0.0151027|0.00291922|0.0483596|0.0130093,0.973537|0.923215|0.951762|0.90679|0.985376|0.948072|0.975915|0.989289|0.90082|0.952159|0.904866|0.953313|0.943878|0.962742|0.910708|0.98883,4.63983|4.79469|0.85792|1.41691|4.5695|1.48687|2.99986|0.578949|0.0974208|5.24666|4.56594|0.10397|4.82496|0.0327787|5.41755|4.04415,90.7492|58.7029|37.9513|31.5608|23.5709|97.1045|66.666|53.1277|67.7415|26.2497|23.0914|86.0567|70.4589|37.0378|82.9474,0.215706|0.201188|0.246589|0.219936|0.207151|0.207556|0.212271|0.181342|0.161632|0.244194|0.18593|0.16799|0.246199|0.191256|0.24308,0.53635|0.666395|0.157157|0.557853|0.340196|0.438091|0.890059|0.519715|0.301798|0.307851|0.12287|0.799966|0.415176|0.182586|0.624607,0.869523,0.801463,0.117836,0.0993652,0.460468,0.534015,0.0732846,0.487967,0.198257,0.921169,51.6436,5.43263e-12,47756,0.887486,41.1981,1.06086e-12,38445,0.895553,0.876428,0.0878307,0.631141,0.996144,0.511517,0.22039,0.459803,0.228135,0.891603,87.9902,7.64954e-10,30733,0.967162,70.4477,9.04596e-11,52512
24,439,n1->n20->n21->n67->n64->n36->n34->n15->n63->n61->n62->n46->n48->n47->n49->n51,5.37021e+09|4.0293e+11|1.56161e+12|4.7483e+09|4.21034e+09|7.73972e+11|4.7313e+12|8.77071e+11|6.55204e+12|6.44979e+11|2.37342e+11|5.53417e+12|3.98001e+12|4.74236e+11|2.45005e+09|7.46708e+11,8.19724e+08|1.89646e+11|3.02345e+11|7.5553e+08|1.60867e+09|7.77593e+10|1.15705e+12|1.06991e+11|2.63574e+12|1.30372e+11|1.13053e+11|1.63629e+12|1.69514e+12|1.54765e+11|2.44458e+09|5.06847e+11,0.000494453|5.21063e-05|0.00096308|3.91885e-05|1.88732e-05|0.000426407|0.000140889|0.000182949|0.000116235|3.71253e-05|8.24006e-05|0.000489732|4.78153e-05|0.000202873|1.07426e-05|0.000185382,0.000316017|0.000368678|0.00195589|0.000640186|0.000135861|0.00396778|0.000270551|0.00274771|0.00126856|0.00313588|0.00794111|0.000159088|0.00544009|0.000266598|0.000979027|0.00344885,0.0109342|0.0108696|0.00712365|0.029632|0.0266797|0.00497013|0.0276207|0.0207315|0.0100727|0.0266048|0.0242596|0.029055|0.0455031|0.00898217|0.0183567|0.0365406,0.000178506|0.0181411|0.0414669|0.0482082|0.0436548|0.0341912|0.0210615|0.0378122|0.0107197|0.0179693|0.0480911|0.0302566|0.0360942|0.0488958|0.0388066|0.0130093,0.973537|0.923215|0.971602|0.924883|0.933821|0.94998|0.904866|0.910795|0.903245|0.958619|0.98053|0.923372|0.967439|0.9108|0.969899|0.98883,4.63983|4.79469|3.14177|2.06342|5.77568|3.70656|4.56594|1.89272|4.68449|2.63855|5.59786|0.31178|3.09858|6.27947|3.94615|4.04415,90.7492|76.7594|42.5138|95.5844|43.8659|89.5651|27.3162|11.0615|47.0482|89.0369|56.7189|41.9872|78.8723|91.8261|10.4661,0.215706|0.218425|0.197352|0.248978|0.241695|0.241996|0.231681|0.214255|0.167884|0.198053|0.167864|0.178665|0.239998|0.228404|0.216931,0.53635|0.515127|0.602799|0.480161|0.590576|0.265381|0.750497|0.692153|0.410418|0.704733|0.624525|0.182289|0.300482|0.133861|0.516407,0.869523,0.801463,0.117836,0.0993652,0.460468,0.534015,0.0732846,0.487967,0.198257,0.921169,51.6436,5.43263e-12,47756,0.887486,41.1981,1.06086e-12,38445,0.895553,0.876428,0.0878307,0.631141,0.996144,0.511517,0.22039,0.459803,0.228135,0.891603,87.9902,7.64954e-10,30733,0.967162,70.4477,9.04596e-11,52512
24,440,n1->n99->n77->n93->n94->n96->n20->n89->n95->n82->n84->n83->n85->n65->n52->n51,5.37021e+09|1.57108e+10|5.68112e+11|4.22601e+13|1.36531e+10|2.51165e+12|4.0293e+11|2.68119e+11|1.05601e+11|1.07979e+13|1.07392e+09|3.76373e+13|2.02447e+09|1.12599e+09|1.02428e+10|7.46708e+11,8.19724e+08|4.21389e+09|3.56307e+11|1.3774e+13|1.67171e+09|5.36324e+11|1.89646e+11|9.23423e+10|5.46554e+10|1.66379e+12|9.00899e+08|2.34723e+13|2.41326e+08|3.2906e+08|2.07235e+09|5.06847e+11,0.000494453|0.00089026|8.49487e-05|8.45967e-05|2.95455e-05|1.2987e-05|5.21063e-05|3.55201e-05|0.000260968|0.000837919|2.14473e-05|1.86087e-05|2.04325e-05|1.96575e-05|0.00011644|0.000185382,0.000316017|0.000350126|0.000906866|0.000162335|0.000125263|0.000286765|0.000368678|0.000111435|0.000186877|0.00271152|0.000434313|0.000175452|0.000338175|0.000428116|0.00580301|0.00344885,0.0109342|0.0362414|0.04851|0.0108045|0.00830448|0.0377902|0.0108696|0.0107812|0.00282907|0.0278433|0.0473575|0.015405|0.0354515|0.00118659|0.0398377|0.0365406,0.000178506|0.0472365|0.0115254|0.0326183|0.0293842|0.0195364|0.0181411|0.0401575|0.0420997|0.0266174|0.0366447|0.038157|0.0266209|0.00176737|0.0151024|0.0130093,0.973537|0.953794|0.949999|0.912097|0.927471|0.951762|0.923215|0.926416|0.966581|0.934435|0.948551|0.947801|0.940474|0.967717|0.965406|0.98883,4.63983|3.07459|0.722366|5.92115|5.03384|0.85792|4.79469|0.0868458|1.09944|0.132111|5.42186|4.11052|4.91715|4.1126|0.0104102|4.04415,66.2586|96.5216|51.9256|63.1349|71.0086|58.7029|18.2346|11.8194|75.699|83.37|20.1884|92.2019|82.5435|56.1703|83.3731,0.180129|0.241387|0.247077|0.209804|0.230021|0.201188|0.231355|0.168449|0.21275|0.203763|0.246081|0.231254|0.20461|0.247907|0.197114,0.323551|0.664018|0.469529|0.17375|0.131268|0.666395|0.595303|0.776387|0.837867|0.808712|0.599197|0.604504|0.519435|0.827328|0.942894,0.869523,0.801463,0.117836,0.0993652,0.460468,0.534015,0.0732846,0.487967,0.198257,0.921169,51.6436,5.43263e-12,47756,0.887486,41.1981,1.06086e-12,38445,0.895553,0.876428,0.0878307,0.631141,0.996144,0.511517,0.22039,0.459803,0.228135,0.891603,87.9902,7.64954e-10,30733,0.967162,70.4477,9.04596e-11,52512
24,441,n1->n99->n98->n57->n83->n23->n77->n72->n45->n43->n41->n44->n42->n63->n61->n51,5.37021e+09|1.57108e+10|1.8266e+13|4.14288e+09|3.76373e+13|4.63033e+10|5.68112e+11|6.83442e+09|8.38488e+13|1.40931e+10|3.95737e+11|5.26537e+13|2.42905e+09|6.55204e+12|6.44979e+11|7.46708e+11,8.19724e+08|4.21389e+09|5.99087e+12|2.05006e+09|2.34723e+13|3.30225e+10|3.56307e+11|1.48353e+09|1.01787e+13|3.26577e+09|1.47899e+11|2.86817e+13|2.47264e+08|2.63574e+12|1.30372e+11|5.06847e+11,0.000494453|0.00089026|0.000410965|0.000173612|1.86087e-05|0.000277161|8.49487e-05|0.000159499|1.67225e-05|0.000955168|2.35935e-05|0.000124649|8.79758e-05|0.000116235|3.71253e-05|0.000185382,0.000316017|0.000350126|0.000548485|0.00271581|0.000175452|0.00418014|0.000906866|0.00384342|0.000742576|0.00344494|0.00412419|0.00158999|0.000493531|0.00126856|0.00313588|0.00344885,0.0109342|0.0362414|0.0295222|0.0328142|0.015405|0.00314906|0.04851|0.0479977|0.00846218|0.0168583|0.00451081|0.0486405|0.00783732|0.0100727|0.0266048|0.0365406,0.000178506|0.0472365|0.0297366|0.0437642|0.038157|0.0470385|0.0115254|0.0299903|0.0342415|0.0482719|0.00491436|0.00764508|0.0327962|0.0107197|0.0179693|0.0130093,0.973537|0.953794|0.959539|0.983348|0.947801|0.92176|0.949999|0.96924|0.934264|0.943219|0.923722|0.932977|0.960936|0.903245|0.958619|0.98883,4.63983|3.07459|2.95405|1.93323|4.11052|2.08786|0.722366|3.90463|5.31688|2.3897|4.11092|2.64532|0.765875|4.68449|2.63855|4.04415,66.2586|58.4557|98.2355|50.003|23.518|39.0733|92.3918|63.1262|48.5398|43.4967|12.7315|21.0603|97.0433|47.0482|66.5616,0.180129|0.227784|0.190047|0.1911|0.181099|0.178948|0.167022|0.243732|0.218428|0.160247|0.246433|0.23095|0.211509|0.167884|0.171721,0.323551|0.686264|0.757428|0.161388|0.741177|0.23533|0.776051|0.65643|0.854577|0.922117|0.665882|0.399278|0.758395|0.410418|0.235817,0.869523,0.801463,0.117836,0.0993652,0.460468,0.534015,0.0732846,0.487967,0.198257,0.921169,51.6436,5.43263e-12,47756,0.887486,41.1981,1.06086e-12,38445,0.895553,0.876428,0.0878307,0.631141,0.996144,0.511517,0.22039,0.459803,0.228135,0.891603,87.9902,7.64954e-10,30733,0.967162,70.4477,9.04596e-11,52512
24,442,n1->n99->n97->n96->n14->n12->n8->n7->n9->n11->n29->n27->n26->n47->n49->n51,5.37021e+09|1.57108e+10|2.90604e+09|2.51165e+12|3.70261e+10|9.70597e+10|4.61239e+13|3.81012e+11|1.49139e+12|1.78735e+12|3.6336e+13|4.19351e+12|7.09351e+09|4.74236e+11|2.45005e+09|7.46708e+11,8.19724e+08|4.21389e+09|5.04144e+08|5.36324e+11|1.44234e+10|2.76143e+10|1.04208e+13|6.70334e+10|3.79906e+11|3.29521e+11|1.77292e+13|8.73344e+11|1.31666e+09|1.54765e+11|2.44458e+09|5.06847e+11,0.000494453|0.00089026|8.81202e-05|1.2987e-05|3.25754e-05|0.000201974|6.6054e-05|0.000475679|1.80008e-05|5.47786e-05|0.000125062|1.08528e-05|3.77967e-05|0.000202873|1.07426e-05|0.000185382,0.000316017|0.000350126|0.00494291|0.000286765|0.000181646|0.0016732|0.00522046|0.00104538|0.00065196|0.00652494|0.00231296|0.00262605|0.00522178|0.000266598|0.000979027|0.00344885,0.0109342|0.0362414|0.0381696|0.0377902|0.0426128|0.0313381|0.0318744|0.01754|0.0140743|0.00125292|0.0255931|0.0303206|0.0101688|0.00898217|0.0183567|0.0365406,0.000178506|0.0472365|0.00800322|0.0195364|0.049061|0.0470205|0.0483133|0.0283975|0.033904|0.0136412|0.00291922|0.0230682|0.0409649|0.0488958|0.0388066|0.0130093,0.973537|0.953794|0.90679|0.951762|0.906626|0.937315|0.975256|0.963898|0.963574|0.988894|0.962742|0.985376|0.981638|0.9108|0.969899|0.98883,4.63983|3.07459|1.41691|0.85792|0.762282|3.07758|3.22282|3.51107|5.88966|0.923897|0.0327787|4.5695|2.91399|6.27947|3.94615|4.04415,66.2586|94.4507|37.9513|54.7186|51.9585|81.3396|55.4093|59.8148|99.0064|13.2112|49.6282|67.4197|70.8805|91.8261|10.4661,0.180129|0.168303|0.246589|0.208433|0.222459|0.186476|0.230451|0.18359|0.201409|0.219003|0.180772|0.171162|0.189485|0.228404|0.216931,0.323551|0.263233|0.157157|0.448351|0.326911|0.379326|0.745697|0.339058|0.439638|0.427028|0.511755|0.40751|0.757042|0.133861|0.516407,0.869523,0.801463,0.117836,0.0993652,0.460468,0.534015,0.0732846,0.487967,0.198257,0.921169,51.6436,5.43263e-12,47756,0.887486,41.1981,1.06086e-12,38445,0.895553,0.876428,0.0878307,0.631141,0.996144,0.511517,0.22039,0.459803,0.228135,0.891603,87.9902,7.64954e-10,30733,0.967162,70.4477,9.04596e-11,52512
24,443,n1->n13->n12->n8->n7->n9->n10->n39->n41->n44->n78->n85->n65->n64->n49->n51,5.37021e+09|6.60497e+13|9.70597e+10|4.61239e+13|3.81012e+11|1.49139e+12|2.49624e+09|3.34792e+13|3.95737e+11|5.26537e+13|3.25238e+10|2.02447e+09|1.12599e+09|4.21034e+09|2.45005e+09|7.46708e+11,8.19724e+08|8.87204e+12|2.76143e+10|1.04208e+13|6.70334e+10|3.79906e+11|7.32581e+08|1.12013e+13|1.47899e+11|2.86817e+13|2.30731e+10|2.41326e+08|3.2906e+08|1.60867e+09|2.44458e+09|5.06847e+11,0.000494453|0.000787814|0.000201974|6.6054e-05|0.000475679|1.80008e-05|6.27016e-05|5.53896e-05|2.35935e-05|0.000124649|0.000270955|2.04325e-05|1.96575e-05|1.88732e-05|1.07426e-05|0.000185382,0.000316017|0.00788063|0.0016732|0.00522046|0.00104538|0.00065196|0.00113469|0.0025393|0.00412419|0.00158999|0.00167497|0.000338175|0.000428116|0.000135861|0.000979027|0.00344885,0.0109342|0.0476737|0.0313381|0.0318744|0.01754|0.0140743|0.00597815|0.00111942|0.00451081|0.0486405|0.00569443|0.0354515|0.00118659|0.0266797|0.0183567|0.0365406,0.000178506|0.00335145|0.0470205|0.0483133|0.0283975|0.033904|0.0245713|0.0449458|0.00491436|0.00764508|0.0425349|0.0266209|0.00176737|0.0436548|0.0388066|0.0130093,0.973537|0.954869|0.937315|0.975256|0.963898|0.963574|0.962416|0.924329|0.923722|0.932977|0.92832|0.940474|0.967717|0.933821|0.969899|0.98883,4.63983|5.26639|3.07758|3.22282|3.51107|5.88966|1.97158|1.19952|4.11092|2.64532|3.3614|4.91715|4.1126|5.77568|3.94615|4.04415,79.8117|56.34|81.3396|55.4093|59.8148|65.9961|24.4191|38.9947|12.7315|88.5528|67.1704|82.5435|56.7563|77.768|10.4661,0.246796|0.206669|0.186476|0.230451|0.18359|0.193896|0.239532|0.18226|0.246433|0.200088|0.184721|0.20461|0.186349|0.165457|0.216931,0.338018|0.285239|0.379326|0.745697|0.339058|0.982181|0.991722|0.988985|0.665882|0.134865|0.609732|0.519435|0.927837|0.348083|0.516407,0.869523,0.801463,0.117836,0.0993652,0.460468,0.534015,0.0732846,0.487967,0.198257,0.921169,51.6436,5.43263e-12,47756,0.887486,41.1981,1.06086e-12,38445,0.895553,0.876428,0.0878307,0.631141,0.996144,0.511517,0.22039,0.459803,0.228135,0.891603,87.9902,7.64954e-10,30733,0.967162,70.4477,9.04596e-11,52512
24,444,n1->n20->n89->n90->n88->n87->n86->n76->n30->n29->n11->n9->n10->n63->n61->n51,5.37021e+09|4.0293e+11|2.68119e+11|1.33273e+11|9.00567e+12|7.3435e+12|3.85304e+10|4.21804e+13|1.26395e+10|3.6336e+13|1.78735e+12|1.49139e+12|2.49624e+09|6.55204e+12|6.44979e+11|7.46708e+11,8.19724e+08|1.89646e+11|9.23423e+10|6.41526e+10|8.66002e+12|2.79916e+12|4.69095e+09|1.15782e+13|1.81012e+09|1.77292e+13|3.29521e+11|3.79906e+11|7.32581e+08|2.63574e+12|1.30372e+11|5.06847e+11,0.000494453|5.21063e-05|3.55201e-05|0.000319756|6.2721e-05|0.000634307|6.21631e-05|1.88608e-05|4.789e-05|0.000125062|5.47786e-05|1.80008e-05|6.27016e-05|0.000116235|3.71253e-05|0.000185382,0.000316017|0.000368678|0.000111435|0.000672662|0.000480267|0.00151267|0.00341054|0.00214239|0.00655588|0.00231296|0.00652494|0.00065196|0.00113469|0.00126856|0.00313588|0.00344885,0.0109342|0.0108696|0.0107812|0.0285929|0.00850464|0.0186268|0.0237043|0.00156873|0.00398508|0.0255931|0.00125292|0.0140743|0.00597815|0.0100727|0.0266048|0.0365406,0.000178506|0.0181411|0.0401575|0.0372754|0.0237676|0.00979507|0.0488574|0.0470058|0.0178703|0.00291922|0.0136412|0.033904|0.0245713|0.0107197|0.0179693|0.0130093,0.973537|0.923215|0.926416|0.984478|0.962132|0.977244|0.981332|0.989289|0.972158|0.962742|0.988894|0.963574|0.962416|0.903245|0.958619|0.98883,4.63983|4.79469|0.0868458|4.02061|1.9653|2.33192|4.96971|0.578949|5.42296|0.0327787|0.923897|5.88966|1.97158|4.68449|2.63855|4.04415,90.7492|18.2346|12.726|14.1987|57.0974|88.9922|37.5994|21.8454|29.3504|13.2112|99.0064|65.9961|65.1286|47.0482|66.5616,0.215706|0.231355|0.226099|0.244274|0.227675|0.246364|0.17745|0.220509|0.179657|0.219003|0.201409|0.193896|0.203746|0.167884|0.171721,0.53635|0.595303|0.757755|0.997795|0.396625|0.83582|0.871942|0.936019|0.887943|0.427028|0.439638|0.982181|0.514129|0.410418|0.235817,0.869523,0.801463,0.117836,0.0993652,0.460468,0.534015,0.0732846,0.487967,0.198257,0.921169,51.6436,5.43263e-12,47756,0.887486,41.1981,1.06086e-12,38445,0.895553,0.876428,0.0878307,0.631141,0.996144,0.511517,0.22039,0.459803,0.228135,0.891603,87.9902,7.64954e-10,30733,0.967162,70.4477,9.04596e-11,52512
24,445,n1->n20->n21->n23->n24->n71->n73->n10->n8->n7->n9->n11->n29->n27->n52->n51,5.37021e+09|4.0293e+11|1.56161e+12|4.63033e+10|1.59557e+13|7.70008e+11|1.41706e+11|2.49624e+09|4.61239e+13|3.81012e+11|1.49139e+12|1.78735e+12|3.6336e+13|4.19351e+12|1.02428e+10|7.46708e+11,8.19724e+08|1.89646e+11|3.02345e+11|3.30225e+10|4.06569e+12|1.60546e+11|5.76853e+10|7.32581e+08|1.04208e+13|6.70334e+10|3.79906e+11|3.29521e+11|1.77292e+13|8.73344e+11|2.07235e+09|5.06847e+11,0.000494453|5.21063e-05|0.00096308|0.000277161|0.000193265|0.00017279|6.32916e-05|6.27016e-05|6.6054e-05|0.000475679|1.80008e-05|5.47786e-05|0.000125062|1.08528e-05|0.00011644|0.000185382,0.000316017|0.000368678|0.00195589|0.00418014|0.0012727|0.00123164|0.000807753|0.00113469|0.00522046|0.00104538|0.00065196|0.00652494|0.00231296|0.00262605|0.00580301|0.00344885,0.0109342|0.0108696|0.00712365|0.00314906|0.0433038|0.0398828|0.0455502|0.00597815|0.0318744|0.01754|0.0140743|0.00125292|0.0255931|0.0303206|0.0398377|0.0365406,0.000178506|0.0181411|0.0414669|0.0470385|0.00780618|0.0326729|0.028193|0.0245713|0.0483133|0.0283975|0.033904|0.0136412|0.00291922|0.0230682|0.0151024|0.0130093,0.973537|0.923215|0.971602|0.92176|0.90929|0.947193|0.909539|0.962416|0.975256|0.963898|0.963574|0.988894|0.962742|0.985376|0.965406|0.98883,4.63983|4.79469|3.14177|2.08786|3.9732|0.117525|3.29092|1.97158|3.22282|3.51107|5.88966|0.923897|0.0327787|4.5695|0.0104102|4.04415,90.7492|76.7594|88.4205|44.8869|44.1502|28.2621|29.3778|99.595|55.4093|59.8148|99.0064|13.2112|49.6282|46.2248|83.3731,0.215706|0.218425|0.232237|0.161116|0.204574|0.242769|0.202302|0.184434|0.230451|0.18359|0.201409|0.219003|0.180772|0.183493|0.197114,0.53635|0.515127|0.516177|0.528582|0.45026|0.940077|0.747283|0.703378|0.745697|0.339058|0.439638|0.427028|0.511755|0.657987|0.942894,0.869523,0.801463,0.117836,0.0993652,0.460468,0.534015,0.0732846,0.487967,0.198257,0.921169,51.6436,5.43263e-12,47756,0.887486,41.1981,1.06086e-12,38445,0.895553,0.876428,0.0878307,0.631141,0.996144,0.511517,0.22039,0.459803,0.228135,0.891603,87.9902,7.64954e-10,30733,0.967162,70.4477,9.04596e-11,52512
24,446,n1->n20->n18->n17->n19->n68->n58->n85->n84->n33->n6->n12->n14->n96->n94->n51,5.37021e+09|4.0293e+11|7.59179e+12|1.51096e+11|2.47533e+11|1.31753e+09|8.16696e+09|2.02447e+09|1.07392e+09|3.64323e+13|1.14208e+09|9.70597e+10|3.70261e+10|2.51165e+12|1.36531e+10|7.46708e+11,8.19724e+08|1.89646e+11|4.11836e+12|1.57582e+10|2.33399e+11|3.10679e+08|6.89506e+09|2.41326e+08|9.00899e+08|6.32377e+12|2.20459e+08|2.76143e+10|1.44234e+10|5.36324e+11|1.67171e+09|5.06847e+11,0.000494453|5.21063e-05|2.98936e-05|0.000261059|0.000261527|0.000223952|0.000266735|2.04325e-05|2.14473e-05|1.50316e-05|1.08483e-05|0.000201974|3.25754e-05|1.2987e-05|2.95455e-05|0.000185382,0.000316017|0.000368678|0.000681499|0.000513001|0.000768065|0.00843573|0.00874893|0.000338175|0.000434313|0.00213059|0.00010157|0.0016732|0.000181646|0.000286765|0.000125263|0.00344885,0.0109342|0.0108696|0.0192976|0.0430027|0.0201979|0.0370095|0.0248478|0.0354515|0.0473575|0.00968695|0.00160082|0.0313381|0.0426128|0.0377902|0.00830448|0.0365406,0.000178506|0.0181411|0.0120519|0.00442808|0.0291803|0.00589983|0.0481122|0.0266209|0.0366447|0.0280967|0.0260762|0.0470205|0.049061|0.0195364|0.0293842|0.0130093,0.973537|0.923215|0.946711|0.974312|0.941018|0.984554|0.911658|0.940474|0.948551|0.923653|0.908628|0.937315|0.906626|0.951762|0.927471|0.98883,4.63983|4.79469|4.38273|5.11322|1.39448|5.26958|3.70937|4.91715|5.42186|1.04264|5.01633|3.07758|0.762282|0.85792|5.03384|4.04415,90.7492|89.2299|43.2583|10.3361|67.5745|56.905|90.6886|82.1833|59.7094|50.0569|32.9383|51.9585|54.7186|71.0086|11.2844,0.215706|0.247215|0.218822|0.172286|0.2055|0.185169|0.194345|0.216313|0.183728|0.19306|0.230728|0.222459|0.208433|0.230021|0.200895,0.53635|0.652252|0.981182|0.559133|0.968257|0.476138|0.45102|0.528406|0.218166|0.116472|0.628307|0.326911|0.448351|0.131268|0.836539,0.869523,0.801463,0.117836,0.0993652,0.460468,0.534015,0.0732846,0.487967,0.198257,0.921169,51.6436,5.43263e-12,47756,0.887486,41.1981,1.06086e-12,38445,0.895553,0.876428,0.0878307,0.631141,0.996144,0.511517,0.22039,0.459803,0.228135,0.891603,87.9902,7.64954e-10,30733,0.967162,70.4477,9.04596e-11,52512
24,447,n1->n20->n19->n68->n66->n32->n31->n29->n11->n13->n14->n75->n4->n27->n52->n51,5.37021e+09|4.0293e+11|2.47533e+11|1.31753e+09|1.10072e+10|1.78367e+12|4.79342e+12|3.6336e+13|1.78735e+12|6.60497e+13|3.70261e+10|8.71921e+10|7.07339e+12|4.19351e+12|1.02428e+10|7.46708e+11,8.19724e+08|1.89646e+11|2.33399e+11|3.10679e+08|8.7665e+09|1.05491e+12|4.42443e+12|1.77292e+13|3.29521e+11|8.87204e+12|1.44234e+10|5.29113e+10|2.43435e+12|8.73344e+11|2.07235e+09|5.06847e+11,0.000494453|5.21063e-05|0.000261527|0.000223952|0.000237659|0.000179959|0.00024651|0.000125062|5.47786e-05|0.000787814|3.25754e-05|0.000766915|0.000113681|1.08528e-05|0.00011644|0.000185382,0.000316017|0.000368678|0.000768065|0.00843573|0.000470269|0.00292552|0.00308746|0.00231296|0.00652494|0.00788063|0.000181646|0.000203965|0.00198341|0.00262605|0.00580301|0.00344885,0.0109342|0.0108696|0.0201979|0.0370095|0.0203827|0.00778345|0.0211034|0.0255931|0.00125292|0.0476737|0.0426128|0.0243876|0.0350273|0.0303206|0.0398377|0.0365406,0.000178506|0.0181411|0.0291803|0.00589983|0.0146278|0.0161829|0.0151027|0.00291922|0.0136412|0.00335145|0.049061|0.0250863|0.0273051|0.0230682|0.0151024|0.0130093,0.973537|0.923215|0.941018|0.984554|0.978907|0.953313|0.943878|0.962742|0.988894|0.954869|0.906626|0.936129|0.917619|0.985376|0.965406|0.98883,4.63983|4.79469|1.39448|5.26958|3.10364|0.10397|4.82496|0.0327787|0.923897|5.26639|0.762282|3.39264|1.56082|4.5695|0.0104102|4.04415,90.7492|86.2435|67.5745|70.8824|27.3217|86.0567|70.4589|13.2112|13.9548|92.5451|56.2706|81.7362|52.1141|46.2248|83.3731,0.215706|0.182991|0.2055|0.16183|0.199785|0.16799|0.246199|0.219003|0.189728|0.191459|0.226178|0.218556|0.184605|0.183493|0.197114,0.53635|0.182796|0.968257|0.215539|0.769012|0.799966|0.415176|0.427028|0.801183|0.161307|0.725021|0.847503|0.200735|0.657987|0.942894,0.869523,0.801463,0.117836,0.0993652,0.460468,0.534015,0.0732846,0.487967,0.198257,0.921169,51.6436,5.43263e-12,47756,0.887486,41.1981,1.06086e-12,38445,0.895553,0.876428,0.0878307,0.631141,0.996144,0.511517,0.22039,0.459803,0.228135,0.891603,87.9902,7.64954e-10,30733,0.967162,70.4477,9.04596e-11,52512
24,448,n1->n99->n77->n93->n64->n65->n5->n7->n8->n12->n6->n33->n31->n29->n50->n51,5.37021e+09|1.57108e+10|5.68112e+11|4.22601e+13|4.21034e+09|1.12599e+09|2.91995e+11|3.81012e+11|4.61239e+13|9.70597e+10|1.14208e+09|3.64323e+13|4.79342e+12|3.6336e+13|2.36425e+09|7.46708e+11,8.19724e+08|4.21389e+09|3.56307e+11|1.3774e+13|1.60867e+09|3.2906e+08|4.67133e+10|6.70334e+10|1.04208e+13|2.76143e+10|2.20459e+08|6.32377e+12|4.42443e+12|1.77292e+13|4.07889e+08|5.06847e+11,0.000494453|0.00089026|8.49487e-05|8.45967e-05|1.88732e-05|1.96575e-05|7.03031e-05|0.000475679|6.6054e-05|0.000201974|1.08483e-05|1.50316e-05|0.00024651|0.000125062|1.54283e-05|0.000185382,0.000316017|0.000350126|0.000906866|0.000162335|0.000135861|0.000428116|0.000196916|0.00104538|0.00522046|0.0016732|0.00010157|0.00213059|0.00308746|0.00231296|0.00907722|0.00344885,0.0109342|0.0362414|0.04851|0.0108045|0.0266797|0.00118659|0.00731162|0.01754|0.0318744|0.0313381|0.00160082|0.00968695|0.0211034|0.0255931|0.00638914|0.0365406,0.000178506|0.0472365|0.0115254|0.0326183|0.0436548|0.00176737|0.0421608|0.0283975|0.0483133|0.0470205|0.0260762|0.0280967|0.0151027|0.00291922|0.0483596|0.0130093,0.973537|0.953794|0.949999|0.912097|0.933821|0.967717|0.951514|0.963898|0.975256|0.937315|0.908628|0.923653|0.943878|0.962742|0.910708|0.98883,4.63983|3.07459|0.722366|5.92115|5.77568|4.1126|4.90362|3.51107|3.22282|3.07758|5.01633|1.04264|4.82496|0.0327787|5.41755|4.04415,66.2586|96.5216|51.9256|32.5899|56.7563|35.0583|37.2729|55.4093|81.3396|32.9383|50.0569|95.0453|70.4589|37.0378|82.9474,0.180129|0.241387|0.247077|0.178102|0.186349|0.209201|0.176784|0.230451|0.186476|0.230728|0.19306|0.234751|0.246199|0.191256|0.24308,0.323551|0.664018|0.469529|0.548301|0.927837|0.297185|0.943162|0.745697|0.379326|0.628307|0.116472|0.258586|0.415176|0.182586|0.624607,0.869523,0.801463,0.117836,0.0993652,0.460468,0.534015,0.0732846,0.487967,0.198257,0.921169,51.6436,5.43263e-12,47756,0.887486,41.1981,1.06086e-12,38445,0.895553,0.876428,0.0878307,0.631141,0.996144,0.511517,0.22039,0.459803,0.228135,0.891603,87.9902,7.64954e-10,30733,0.967162,70.4477,9.04596e-11,52512
24,449,n1->n13->n12->n14->n75->n76->n86->n87->n88->n90->n56->n84->n85->n65->n52->n51,5.37021e+09|6.60497e+13|9.70597e+10|3.70261e+10|8.71921e+10|4.21804e+13|3.85304e+10|7.3435e+12|9.00567e+12|1.33273e+11|1.1605e+12|1.07392e+09|2.02447e+09|1.12599e+09|1.02428e+10|7.46708e+11,8.19724e+08|8.87204e+12|2.76143e+10|1.44234e+10|5.29113e+10|1.15782e+13|4.69095e+09|2.79916e+12|8.66002e+12|6.41526e+10|5.65456e+11|9.00899e+08|2.41326e+08|3.2906e+08|2.07235e+09|5.06847e+11,0.000494453|0.000787814|0.000201974|3.25754e-05|0.000766915|1.88608e-05|6.21631e-05|0.000634307|6.2721e-05|0.000319756|1.7812e-05|2.14473e-05|2.04325e-05|1.96575e-05|0.00011644|0.000185382,0.000316017|0.00788063|0.0016732|0.000181646|0.000203965|0.00214239|0.00341054|0.00151267|0.000480267|0.000672662|0.000830638|0.000434313|0.000338175|0.000428116|0.00580301|0.00344885,0.0109342|0.0476737|0.0313381|0.0426128|0.0243876|0.00156873|0.0237043|0.0186268|0.00850464|0.0285929|0.0231698|0.0473575|0.0354515|0.00118659|0.0398377|0.0365406,0.000178506|0.00335145|0.0470205|0.049061|0.0250863|0.0470058|0.0488574|0.00979507|0.0237676|0.0372754|0.0417641|0.0366447|0.0266209|0.00176737|0.0151024|0.0130093,0.973537|0.954869|0.937315|0.906626|0.936129|0.989289|0.981332|0.977244|0.962132|0.984478|0.944528|0.948551|0.940474|0.967717|0.965406|0.98883,4.63983|5.26639|3.07758|0.762282|3.39264|0.578949|4.96971|2.33192|1.9653|4.02061|2.55597|5.42186|4.91715|4.1126|0.0104102|4.04415,79.8117|56.34|51.9585|56.2706|63.5216|37.5994|88.9922|57.0974|14.1987|40.6061|34.4372|82.1833|82.5435|56.1703|83.3731,0.246796|0.206669|0.222459|0.226178|0.207806|0.17745|0.246364|0.227675|0.244274|0.166746|0.222961|0.216313|0.20461|0.247907|0.197114,0.338018|0.285239|0.326911|0.725021|0.844544|0.871942|0.83582|0.396625|0.997795|0.163177|0.762891|0.528406|0.519435|0.827328|0.942894,0.869523,0.801463,0.117836,0.0993652,0.460468,0.534015,0.0732846,0.487967,0.198257,0.921169,51.6436,5.43263e-12,47756,0.887486,41.1981,1.06086e-12,38445,0.895553,0.876428,0.0878307,0.631141,0.996144,0.511517,0.22039,0.459803,0.228135,0.891603,87.9902,7.64954e-10,30733,0.967162,70.4477,9.04596e-11,52512
24,450,n1->n99->n97->n95->n89->n20->n96->n14->n75->n73->n72->n45->n47->n48->n50->n51,5.37021e+09|1.57108e+10|2.90604e+09|1.05601e+11|2.68119e+11|4.0293e+11|2.51165e+12|3.70261e+10|8.71921e+10|1.41706e+11|6.83442e+09|8.38488e+13|4.74236e+11|3.98001e+12|2.36425e+09|7.46708e+11,8.19724e+08|4.21389e+09|5.04144e+08|5.46554e+10|9.23423e+10|1.89646e+11|5.36324e+11|1.44234e+10|5.29113e+10|5.76853e+10|1.48353e+09|1.01787e+13|1.54765e+11|1.69514e+12|4.07889e+08|5.06847e+11,0.000494453|0.00089026|8.81202e-05|0.000260968|3.55201e-05|5.21063e-05|1.2987e-05|3.25754e-05|0.000766915|6.32916e-05|0.000159499|1.67225e-05|0.000202873|4.78153e-05|1.54283e-05|0.000185382,0.000316017|0.000350126|0.00494291|0.000186877|0.000111435|0.000368678|0.000286765|0.000181646|0.000203965|0.000807753|0.00384342|0.000742576|0.000266598|0.00544009|0.00907722|0.00344885,0.0109342|0.0362414|0.0381696|0.00282907|0.0107812|0.0108696|0.0377902|0.0426128|0.0243876|0.0455502|0.0479977|0.00846218|0.00898217|0.0455031|0.00638914|0.0365406,0.000178506|0.0472365|0.00800322|0.0420997|0.0401575|0.0181411|0.0195364|0.049061|0.0250863|0.028193|0.0299903|0.0342415|0.0488958|0.0360942|0.0483596|0.0130093,0.973537|0.953794|0.90679|0.966581|0.926416|0.923215|0.951762|0.906626|0.936129|0.909539|0.96924|0.934264|0.9108|0.967439|0.910708|0.98883,4.63983|3.07459|1.41691|1.09944|0.0868458|4.79469|0.85792|0.762282|3.39264|3.29092|3.90463|5.31688|6.27947|3.09858|5.41755|4.04415,66.2586|94.4507|11.8968|11.8194|18.2346|58.7029|54.7186|56.2706|85.6152|29.1617|63.1262|40.979|78.8723|23.5956|82.9474,0.180129|0.168303|0.228013|0.168449|0.231355|0.201188|0.208433|0.226178|0.185893|0.178937|0.243732|0.216949|0.239998|0.191801|0.24308,0.323551|0.263233|0.342677|0.776387|0.595303|0.666395|0.448351|0.725021|0.624191|0.920295|0.65643|0.317946|0.300482|0.688345|0.624607,0.869523,0.801463,0.117836,0.0993652,0.460468,0.534015,0.0732846,0.487967,0.198257,0.921169,51.6436,5.43263e-12,47756,0.887486,41.1981,1.06086e-12,38445,0.895553,0.876428,0.0878307,0.631141,0.996144,0.511517,0.22039,0.459803,0.228135,0.891603,87.9902,7.64954e-10,30733,0.967162,70.4477,9.04596e-11,52512
24,451,n1->n99->n98->n57->n55->n53->n52->n27->n4->n75->n71->n72->n45->n47->n49->n51,5.37021e+09|1.57108e+10|1.8266e+13|4.14288e+09|8.84081e+12|4.60474e+10|1.02428e+10|4.19351e+12|7.07339e+12|8.71921e+10|7.70008e+11|6.83442e+09|8.38488e+13|4.74236e+11|2.45005e+09|7.46708e+11,8.19724e+08|4.21389e+09|5.99087e+12|2.05006e+09|4.69454e+12|3.18273e+10|2.07235e+09|8.73344e+11|2.43435e+12|5.29113e+10|1.60546e+11|1.48353e+09|1.01787e+13|1.54765e+11|2.44458e+09|5.06847e+11,0.000494453|0.00089026|0.000410965|0.000173612|4.06274e-05|2.00633e-05|0.00011644|1.08528e-05|0.000113681|0.000766915|0.00017279|0.000159499|1.67225e-05|0.000202873|1.07426e-05|0.000185382,0.000316017|0.000350126|0.000548485|0.00271581|0.000128431|0.000509085|0.00580301|0.00262605|0.00198341|0.000203965|0.00123164|0.00384342|0.000742576|0.000266598|0.000979027|0.00344885,0.0109342|0.0362414|0.0295222|0.0328142|0.00843704|5.21659e-05|0.0398377|0.0303206|0.0350273|0.0243876|0.0398828|0.0479977|0.00846218|0.00898217|0.0183567|0.0365406,0.000178506|0.0472365|0.0297366|0.0437642|0.0314938|0.00115664|0.0151024|0.0230682|0.0273051|0.0250863|0.0326729|0.0299903|0.0342415|0.0488958|0.0388066|0.0130093,0.973537|0.953794|0.959539|0.983348|0.908585|0.913872|0.965406|0.985376|0.917619|0.936129|0.947193|0.96924|0.934264|0.9108|0.969899|0.98883,4.63983|3.07459|2.95405|1.93323|3.37071|0.640024|0.0104102|4.5695|1.56082|3.39264|0.117525|3.90463|5.31688|6.27947|3.94615|4.04415,66.2586|58.4557|98.2355|61.5999|30.3781|81.3721|46.2248|52.1141|81.7362|14.5634|45.8448|63.1262|40.979|91.8261|10.4661,0.180129|0.227784|0.190047|0.220389|0.207992|0.184589|0.183493|0.184605|0.218556|0.169453|0.218487|0.243732|0.216949|0.228404|0.216931,0.323551|0.686264|0.757428|0.549818|0.646488|0.272111|0.657987|0.200735|0.847503|0.275247|0.29317|0.65643|0.317946|0.133861|0.516407,0.869523,0.801463,0.117836,0.0993652,0.460468,0.534015,0.0732846,0.487967,0.198257,0.921169,51.6436,5.43263e-12,47756,0.887486,41.1981,1.06086e-12,38445,0.895553,0.876428,0.0878307,0.631141,0.996144,0.511517,0.22039,0.459803,0.228135,0.891603,87.9902,7.64954e-10,30733,0.967162,70.4477,9.04596e-11,52512
24,452,n1->n99->n77->n72->n45->n44->n42->n40->n54->n55->n56->n84->n82->n63->n61->n51,5.37021e+09|1.57108e+10|5.68112e+11|6.83442e+09|8.38488e+13|5.26537e+13|2.42905e+09|3.58065e+10|2.80961e+11|8.84081e+12|1.1605e+12|1.07392e+09|1.07979e+13|6.55204e+12|6.44979e+11|7.46708e+11,8.19724e+08|4.21389e+09|3.56307e+11|1.48353e+09|1.01787e+13|2.86817e+13|2.47264e+08|4.14657e+09|2.23178e+11|4.69454e+12|5.65456e+11|9.00899e+08|1.66379e+12|2.63574e+12|1.30372e+11|5.06847e+11,0.000494453|0.00089026|8.49487e-05|0.000159499|1.67225e-05|0.000124649|8.79758e-05|6.01341e-05|1.47667e-05|4.06274e-05|1.7812e-05|2.14473e-05|0.000837919|0.000116235|3.71253e-05|0.000185382,0.000316017|0.000350126|0.000906866|0.00384342|0.000742576|0.00158999|0.000493531|0.00268841|0.00549128|0.000128431|0.000830638|0.000434313|0.00271152|0.00126856|0.00313588|0.00344885,0.0109342|0.0362414|0.04851|0.0479977|0.00846218|0.0486405|0.00783732|0.0249103|0.0334079|0.00843704|0.0231698|0.0473575|0.0278433|0.0100727|0.0266048|0.0365406,0.000178506|0.0472365|0.0115254|0.0299903|0.0342415|0.00764508|0.0327962|0.033399|0.00844474|0.0314938|0.0417641|0.0366447|0.0266174|0.0107197|0.0179693|0.0130093,0.973537|0.953794|0.949999|0.96924|0.934264|0.932977|0.960936|0.920308|0.927525|0.908585|0.944528|0.948551|0.934435|0.903245|0.958619|0.98883,4.63983|3.07459|0.722366|3.90463|5.31688|2.64532|0.765875|2.50002|1.22009|3.37071|2.55597|5.42186|0.132111|4.68449|2.63855|4.04415,66.2586|96.5216|92.3918|63.1262|57.1366|21.0603|77.6192|12.2677|27.8669|95.3312|34.4372|83.37|48.6997|47.0482|66.5616,0.180129|0.241387|0.167022|0.243732|0.235241|0.23095|0.243521|0.248162|0.169326|0.167906|0.222961|0.203763|0.175742|0.167884|0.171721,0.323551|0.664018|0.776051|0.65643|0.218954|0.399278|0.14346|0.812759|0.414082|0.402595|0.762891|0.808712|0.4301|0.410418|0.235817,0.869523,0.801463,0.117836,0.0993652,0.460468,0.534015,0.0732846,0.487967,0.198257,0.921169,51.6436,5.43263e-12,47756,0.887486,41.1981,1.06086e-12,38445,0.895553,0.876428,0.0878307,0.631141,0.996144,0.511517,0.22039,0.459803,0.228135,0.891603,87.9902,7.64954e-10,30733,0.967162,70.4477,9.04596e-11,52512
24,453,n1->n20->n21->n22->n74->n75->n73->n54->n82->n63->n10->n39->n37->n65->n52->n51,5.37021e+09|4.0293e+11|1.56161e+12|1.47e+10|5.8385e+13|8.71921e+10|1.41706e+11|2.80961e+11|1.07979e+13|6.55204e+12|2.49624e+09|3.34792e+13|2.79748e+13|1.12599e+09|1.02428e+10|7.46708e+11,8.19724e+08|1.89646e+11|3.02345e+11|9.51029e+09|7.35096e+12|5.29113e+10|5.76853e+10|2.23178e+11|1.66379e+12|2.63574e+12|7.32581e+08|1.12013e+13|4.96975e+12|3.2906e+08|2.07235e+09|5.06847e+11,0.000494453|5.21063e-05|0.00096308|1.77434e-05|0.000875739|0.000766915|6.32916e-05|1.47667e-05|0.000837919|0.000116235|6.27016e-05|5.53896e-05|1.06248e-05|1.96575e-05|0.00011644|0.000185382,0.000316017|0.000368678|0.00195589|0.0006856|0.00944671|0.000203965|0.000807753|0.00549128|0.00271152|0.00126856|0.00113469|0.0025393|0.000261291|0.000428116|0.00580301|0.00344885,0.0109342|0.0108696|0.00712365|0.0408661|0.0280357|0.0243876|0.0455502|0.0334079|0.0278433|0.0100727|0.00597815|0.00111942|0.0457563|0.00118659|0.0398377|0.0365406,0.000178506|0.0181411|0.0414669|0.040072|0.0166219|0.0250863|0.028193|0.00844474|0.0266174|0.0107197|0.0245713|0.0449458|0.0105712|0.00176737|0.0151024|0.0130093,0.973537|0.923215|0.971602|0.95984|0.90082|0.936129|0.909539|0.927525|0.934435|0.903245|0.962416|0.924329|0.964079|0.967717|0.965406|0.98883,4.63983|4.79469|3.14177|0.048646|0.0974208|3.39264|3.29092|1.22009|0.132111|4.68449|1.97158|1.19952|4.96174|4.1126|0.0104102|4.04415,90.7492|76.7594|55.6995|63.8366|64.3401|85.6152|26.1465|41.1455|48.6997|65.1286|24.4191|31.554|13.4252|56.1703|83.3731,0.215706|0.218425|0.206062|0.241428|0.220369|0.185893|0.196311|0.242874|0.175742|0.203746|0.239532|0.195005|0.230756|0.247907|0.197114,0.53635|0.515127|0.677391|0.480684|0.119032|0.624191|0.754315|0.378494|0.4301|0.514129|0.991722|0.711047|0.986996|0.827328|0.942894,0.869523,0.801463,0.117836,0.0993652,0.460468,0.534015,0.0732846,0.487967,0.198257,0.921169,51.6436,5.43263e-12,47756,0.887486,41.1981,1.06086e-12,38445,0.895553,0.876428,0.0878307,0.631141,0.996144,0.511517,0.22039,0.459803,0.228135,0.891603,87.9902,7.64954e-10,30733,0.967162,70.4477,9.04596e-11,52512
24,454,n1->n13->n15->n29->n30->n31->n33->n32->n34->n36->n38->n39->n10->n63->n61->n51,5.37021e+09|6.60497e+13|8.77071e+11|3.6336e+13|1.26395e+10|4.79342e+12|3.64323e+13|1.78367e+12|4.7313e+12|7.73972e+11|1.16426e+13|3.34792e+13|2.49624e+09|6.55204e+12|6.44979e+11|7.46708e+11,8.19724e+08|8.87204e+12|1.06991e+11|1.77292e+13|1.81012e+09|4.42443e+12|6.32377e+12|1.05491e+12|1.15705e+12|7.77593e+10|1.19258e+12|1.12013e+13|7.32581e+08|2.63574e+12|1.30372e+11|5.06847e+11,0.000494453|0.000787814|0.000182949|0.000125062|4.789e-05|0.00024651|1.50316e-05|0.000179959|0.000140889|0.000426407|1.04425e-05|5.53896e-05|6.27016e-05|0.000116235|3.71253e-05|0.000185382,0.000316017|0.00788063|0.00274771|0.00231296|0.00655588|0.00308746|0.00213059|0.00292552|0.000270551|0.00396778|0.00950649|0.0025393|0.00113469|0.00126856|0.00313588|0.00344885,0.0109342|0.0476737|0.0207315|0.0255931|0.00398508|0.0211034|0.00968695|0.00778345|0.0276207|0.00497013|0.0263713|0.00111942|0.00597815|0.0100727|0.0266048|0.0365406,0.000178506|0.00335145|0.0378122|0.00291922|0.0178703|0.0151027|0.0280967|0.0161829|0.0210615|0.0341912|0.00318517|0.0449458|0.0245713|0.0107197|0.0179693|0.0130093,0.973537|0.954869|0.910795|0.962742|0.972158|0.943878|0.923653|0.953313|0.904866|0.94998|0.902547|0.924329|0.962416|0.903245|0.958619|0.98883,4.63983|5.26639|1.89272|0.0327787|5.42296|4.82496|1.04264|0.10397|4.56594|3.70656|5.09423|1.19952|1.97158|4.68449|2.63855|4.04415,79.8117|66.6304|32.2763|29.3504|88.6669|95.0453|61.2747|23.0914|89.5651|61.2725|52.0957|24.4191|65.1286|47.0482|66.5616,0.246796|0.179788|0.240047|0.179657|0.215598|0.234751|0.208144|0.18593|0.241996|0.204351|0.199024|0.239532|0.203746|0.167884|0.171721,0.338018|0.275394|0.895675|0.887943|0.123891|0.258586|0.704271|0.12287|0.265381|0.413834|0.46236|0.991722|0.514129|0.410418|0.235817,0.869523,0.801463,0.117836,0.0993652,0.460468,0.534015,0.0732846,0.487967,0.198257,0.921169,51.6436,5.43263e-12,47756,0.887486,41.1981,1.06086e-12,38445,0.895553,0.876428,0.0878307,0.631141,0.996144,0.511517,0.22039,0.459803,0.228135,0.891603,87.9902,7.64954e-10,30733,0.967162,70.4477,9.04596e-11,52512
24,455,n1->n20->n18->n70->n72->n77->n23->n83->n57->n98->n99->n97->n95->n93->n94->n51,5.37021e+09|4.0293e+11|7.59179e+12|6.87309e+13|6.83442e+09|5.68112e+11|4.63033e+10|3.76373e+13|4.14288e+09|1.8266e+13|1.57108e+10|2.90604e+09|1.05601e+11|4.22601e+13|1.36531e+10|7.46708e+11,8.19724e+08|1.89646e+11|4.11836e+12|9.78332e+12|1.48353e+09|3.56307e+11|3.30225e+10|2.34723e+13|2.05006e+09|5.99087e+12|4.21389e+09|5.04144e+08|5.46554e+10|1.3774e+13|1.67171e+09|5.06847e+11,0.000494453|5.21063e-05|2.98936e-05|5.13815e-05|0.000159499|8.49487e-05|0.000277161|1.86087e-05|0.000173612|0.000410965|0.00089026|8.81202e-05|0.000260968|8.45967e-05|2.95455e-05|0.000185382,0.000316017|0.000368678|0.000681499|0.00295865|0.00384342|0.000906866|0.00418014|0.000175452|0.00271581|0.000548485|0.000350126|0.00494291|0.000186877|0.000162335|0.000125263|0.00344885,0.0109342|0.0108696|0.0192976|0.0286141|0.0479977|0.04851|0.00314906|0.015405|0.0328142|0.0295222|0.0362414|0.0381696|0.00282907|0.0108045|0.00830448|0.0365406,0.000178506|0.0181411|0.0120519|0.0216638|0.0299903|0.0115254|0.0470385|0.038157|0.0437642|0.0297366|0.0472365|0.00800322|0.0420997|0.0326183|0.0293842|0.0130093,0.973537|0.923215|0.946711|0.966653|0.96924|0.949999|0.92176|0.947801|0.983348|0.959539|0.953794|0.90679|0.966581|0.912097|0.927471|0.98883,4.63983|4.79469|4.38273|4.60778|3.90463|0.722366|2.08786|4.11052|1.93323|2.95405|3.07459|1.41691|1.09944|5.92115|5.03384|4.04415,90.7492|89.2299|55.8812|97.4405|92.3918|39.0733|23.518|50.003|98.2355|58.4557|94.4507|11.8968|24.941|63.1349|11.2844,0.215706|0.247215|0.234874|0.180102|0.167022|0.178948|0.181099|0.1911|0.190047|0.227784|0.168303|0.228013|0.237661|0.209804|0.200895,0.53635|0.652252|0.16843|0.79408|0.776051|0.23533|0.741177|0.161388|0.757428|0.686264|0.263233|0.342677|0.985064|0.17375|0.836539,0.869523,0.801463,0.117836,0.0993652,0.460468,0.534015,0.0732846,0.487967,0.198257,0.921169,51.6436,5.43263e-12,47756,0.887486,41.1981,1.06086e-12,38445,0.895553,0.876428,0.0878307,0.631141,0.996144,0.511517,0.22039,0.459803,0.228135,0.891603,87.9902,7.64954e-10,30733,0.967162,70.4477,9.04596e-11,52512
24,456,n1->n20->n19->n18->n70->n69->n76->n30->n31->n33->n84->n83->n85->n65->n52->n51,5.37021e+09|4.0293e+11|2.47533e+11|7.59179e+12|6.87309e+13|8.81277e+09|4.21804e+13|1.26395e+10|4.79342e+12|3.64323e+13|1.07392e+09|3.76373e+13|2.02447e+09|1.12599e+09|1.02428e+10|7.46708e+11,8.19724e+08|1.89646e+11|2.33399e+11|4.11836e+12|9.78332e+12|7.57626e+09|1.15782e+13|1.81012e+09|4.42443e+12|6.32377e+12|9.00899e+08|2.34723e+13|2.41326e+08|3.2906e+08|2.07235e+09|5.06847e+11,0.000494453|5.21063e-05|0.000261527|2.98936e-05|5.13815e-05|0.000268039|1.88608e-05|4.789e-05|0.00024651|1.50316e-05|2.14473e-05|1.86087e-05|2.04325e-05|1.96575e-05|0.00011644|0.000185382,0.000316017|0.000368678|0.000768065|0.000681499|0.00295865|0.00367819|0.00214239|0.00655588|0.00308746|0.00213059|0.000434313|0.000175452|0.000338175|0.000428116|0.00580301|0.00344885,0.0109342|0.0108696|0.0201979|0.0192976|0.0286141|0.022957|0.00156873|0.00398508|0.0211034|0.00968695|0.0473575|0.015405|0.0354515|0.00118659|0.0398377|0.0365406,0.000178506|0.0181411|0.0291803|0.0120519|0.0216638|0.0100342|0.0470058|0.0178703|0.0151027|0.0280967|0.0366447|0.038157|0.0266209|0.00176737|0.0151024|0.0130093,0.973537|0.923215|0.941018|0.946711|0.966653|0.975915|0.989289|0.972158|0.943878|0.923653|0.948551|0.947801|0.940474|0.967717|0.965406|0.98883,4.63983|4.79469|1.39448|4.38273|4.60778|2.99986|0.578949|5.42296|4.82496|1.04264|5.42186|4.11052|4.91715|4.1126|0.0104102|4.04415,90.7492|86.2435|34.0839|55.8812|74.5377|66.666|21.8454|88.6669|95.0453|59.7094|20.1884|92.2019|82.5435|56.1703|83.3731,0.215706|0.182991|0.248409|0.234874|0.172691|0.212271|0.220509|0.215598|0.234751|0.183728|0.246081|0.231254|0.20461|0.247907|0.197114,0.53635|0.182796|0.983209|0.16843|0.416585|0.890059|0.936019|0.123891|0.258586|0.218166|0.599197|0.604504|0.519435|0.827328|0.942894,0.869523,0.801463,0.117836,0.0993652,0.460468,0.534015,0.0732846,0.487967,0.198257,0.921169,51.6436,5.43263e-12,47756,0.887486,41.1981,1.06086e-12,38445,0.895553,0.876428,0.0878307,0.631141,0.996144,0.511517,0.22039,0.459803,0.228135,0.891603,87.9902,7.64954e-10,30733,0.967162,70.4477,9.04596e-11,52512
24,457,n1->n99->n98->n57->n55->n56->n90->n89->n88->n87->n70->n69->n28->n27->n52->n51,5.37021e+09|1.57108e+10|1.8266e+13|4.14288e+09|8.84081e+12|1.1605e+12|1.33273e+11|2.68119e+11|9.00567e+12|7.3435e+12|6.87309e+13|8.81277e+09|1.34247e+11|4.19351e+12|1.02428e+10|7.46708e+11,8.19724e+08|4.21389e+09|5.99087e+12|2.05006e+09|4.69454e+12|5.65456e+11|6.41526e+10|9.23423e+10|8.66002e+12|2.79916e+12|9.78332e+12|7.57626e+09|1.51805e+10|8.73344e+11|2.07235e+09|5.06847e+11,0.000494453|0.00089026|0.000410965|0.000173612|4.06274e-05|1.7812e-05|0.000319756|3.55201e-05|6.2721e-05|0.000634307|5.13815e-05|0.000268039|0.00056516|1.08528e-05|0.00011644|0.000185382,0.000316017|0.000350126|0.000548485|0.00271581|0.000128431|0.000830638|0.000672662|0.000111435|0.000480267|0.00151267|0.00295865|0.00367819|0.0093172|0.00262605|0.00580301|0.00344885,0.0109342|0.0362414|0.0295222|0.0328142|0.00843704|0.0231698|0.0285929|0.0107812|0.00850464|0.0186268|0.0286141|0.022957|0.0317261|0.0303206|0.0398377|0.0365406,0.000178506|0.0472365|0.0297366|0.0437642|0.0314938|0.0417641|0.0372754|0.0401575|0.0237676|0.00979507|0.0216638|0.0100342|0.03841|0.0230682|0.0151024|0.0130093,0.973537|0.953794|0.959539|0.983348|0.908585|0.944528|0.984478|0.926416|0.962132|0.977244|0.966653|0.975915|0.948072|0.985376|0.965406|0.98883,4.63983|3.07459|2.95405|1.93323|3.37071|2.55597|4.02061|0.0868458|1.9653|2.33192|4.60778|2.99986|1.48687|4.5695|0.0104102|4.04415,66.2586|58.4557|98.2355|61.5999|95.3312|40.6061|12.726|92.4072|57.0974|39.9413|74.5377|97.1045|23.5709|46.2248|83.3731,0.180129|0.227784|0.190047|0.220389|0.167906|0.166746|0.226099|0.203687|0.227675|0.180359|0.172691|0.207556|0.207151|0.183493|0.197114,0.323551|0.686264|0.757428|0.549818|0.402595|0.163177|0.757755|0.876618|0.396625|0.129355|0.416585|0.438091|0.340196|0.657987|0.942894,0.869523,0.801463,0.117836,0.0993652,0.460468,0.534015,0.0732846,0.487967,0.198257,0.921169,51.6436,5.43263e-12,47756,0.887486,41.1981,1.06086e-12,38445,0.895553,0.876428,0.0878307,0.631141,0.996144,0.511517,0.22039,0.459803,0.228135,0.891603,87.9902,7.64954e-10,30733,0.967162,70.4477,9.04596e-11,52512
24,458,n1->n99->n77->n23->n21->n20->n89->n48->n47->n46->n62->n60->n50->n29->n27->n52->n51,5.37021e+09|1.57108e+10|5.68112e+11|4.63033e+10|1.56161e+12|4.0293e+11|2.68119e+11|3.98001e+12|4.74236e+11|5.53417e+12|2.37342e+11|8.79841e+13|2.36425e+09|3.6336e+13|4.19351e+12|1.02428e+10|7.46708e+11,8.19724e+08|4.21389e+09|3.56307e+11|3.30225e+10|3.02345e+11|1.89646e+11|9.23423e+10|1.69514e+12|1.54765e+11|1.63629e+12|1.13053e+11|5.95756e+13|4.07889e+08|1.77292e+13|8.73344e+11|2.07235e+09|5.06847e+11,0.000494453|0.00089026|8.49487e-05|0.000277161|0.00096308|5.21063e-05|3.55201e-05|4.78153e-05|0.000202873|0.000489732|8.24006e-05|0.000731749|1.54283e-05|0.000125062|1.08528e-05|0.00011644|0.000185382,0.000316017|0.000350126|0.000906866|0.00418014|0.00195589|0.000368678|0.000111435|0.00544009|0.000266598|0.000159088|0.00794111|0.000248463|0.00907722|0.00231296|0.00262605|0.00580301|0.00344885,0.0109342|0.0362414|0.04851|0.00314906|0.00712365|0.0108696|0.0107812|0.0455031|0.00898217|0.029055|0.0242596|0.0128442|0.00638914|0.0255931|0.0303206|0.0398377|0.0365406,0.000178506|0.0472365|0.0115254|0.0470385|0.0414669|0.0181411|0.0401575|0.0360942|0.0488958|0.0302566|0.0480911|0.0431033|0.0483596|0.00291922|0.0230682|0.0151024|0.0130093,0.973537|0.953794|0.949999|0.92176|0.971602|0.923215|0.926416|0.967439|0.9108|0.923372|0.98053|0.945549|0.910708|0.962742|0.985376|0.965406|0.98883,4.63983|3.07459|0.722366|2.08786|3.14177|4.79469|0.0868458|3.09858|6.27947|0.31178|5.59786|4.50487|5.41755|0.0327787|4.5695|0.0104102|4.04415,66.2586|96.5216|39.0733|88.4205|76.7594|18.2346|94.0077|78.8723|71.5316|56.7189|48.3985|22.3088|37.0378|49.6282|46.2248|83.3731,0.180129|0.241387|0.178948|0.232237|0.218425|0.231355|0.234363|0.239998|0.196056|0.167864|0.17162|0.190841|0.191256|0.180772|0.183493|0.197114,0.323551|0.664018|0.23533|0.516177|0.515127|0.595303|0.948873|0.300482|0.758317|0.624525|0.641887|0.323935|0.182586|0.511755|0.657987|0.942894,0.869523,0.801463,0.117836,0.0993652,0.460468,0.534015,0.0732846,0.487967,0.198257,0.921169,51.6436,5.43263e-12,47756,0.887486,41.1981,1.06086e-12,38445,0.895553,0.876428,0.0878307,0.631141,0.996144,0.511517,0.22039,0.459803,0.228135,0.891603,87.9902,7.64954e-10,30733,0.967162,70.4477,9.04596e-11,52512
24,459,n1->n13->n15->n29->n27->n26->n47->n46->n62->n61->n63->n79->n81->n37->n65->n52->n51,5.37021e+09|6.60497e+13|8.77071e+11|3.6336e+13|4.19351e+12|7.09351e+09|4.74236e+11|5.53417e+12|2.37342e+11|6.44979e+11|6.55204e+12|1.47019e+10|2.58887e+10|2.79748e+13|1.12599e+09|1.02428e+10|7.46708e+11,8.19724e+08|8.87204e+12|1.06991e+11|1.77292e+13|8.73344e+11|1.31666e+09|1.54765e+11|1.63629e+12|1.13053e+11|1.30372e+11|2.63574e+12|4.87652e+09|8.36206e+09|4.96975e+12|3.2906e+08|2.07235e+09|5.06847e+11,0.000494453|0.000787814|0.000182949|0.000125062|1.08528e-05|3.77967e-05|0.000202873|0.000489732|8.24006e-05|3.71253e-05|0.000116235|0.000133131|0.000268232|1.06248e-05|1.96575e-05|0.00011644|0.000185382,0.000316017|0.00788063|0.00274771|0.00231296|0.00262605|0.00522178|0.000266598|0.000159088|0.00794111|0.00313588|0.00126856|0.000479664|0.000752991|0.000261291|0.000428116|0.00580301|0.00344885,0.0109342|0.0476737|0.0207315|0.0255931|0.0303206|0.0101688|0.00898217|0.029055|0.0242596|0.0266048|0.0100727|0.0252961|0.0481357|0.0457563|0.00118659|0.0398377|0.0365406,0.000178506|0.00335145|0.0378122|0.00291922|0.0230682|0.0409649|0.0488958|0.0302566|0.0480911|0.0179693|0.0107197|0.0203026|0.00997263|0.0105712|0.00176737|0.0151024|0.0130093,0.973537|0.954869|0.910795|0.962742|0.985376|0.981638|0.9108|0.923372|0.98053|0.958619|0.903245|0.966262|0.948836|0.964079|0.967717|0.965406|0.98883,4.63983|5.26639|1.89272|0.0327787|4.5695|2.91399|6.27947|0.31178|5.59786|2.63855|4.68449|3.41737|1.5908|4.96174|4.1126|0.0104102|4.04415,79.8117|66.6304|32.2763|49.6282|67.4197|70.8805|71.5316|56.7189|89.0369|47.0482|16.1844|26.55|88.8597|13.4252|56.1703|83.3731,0.246796|0.179788|0.240047|0.180772|0.171162|0.189485|0.196056|0.167864|0.198053|0.167884|0.22961|0.238834|0.211898|0.230756|0.247907|0.197114,0.338018|0.275394|0.895675|0.511755|0.40751|0.757042|0.758317|0.624525|0.704733|0.410418|0.217843|0.957633|0.430076|0.986996|0.827328|0.942894,0.869523,0.801463,0.117836,0.0993652,0.460468,0.534015,0.0732846,0.487967,0.198257,0.921169,51.6436,5.43263e-12,47756,0.887486,41.1981,1.06086e-12,38445,0.895553,0.876428,0.0878307,0.631141,0.996144,0.511517,0.22039,0.459803,0.228135,0.891603,87.9902,7.64954e-10,30733,0.967162,70.4477,9.04596e-11,52512
24,460,n1->n20->n19->n68->n17->n85->n78->n44->n42->n40->n54->n73->n72->n77->n93->n94->n51,5.37021e+09|4.0293e+11|2.47533e+11|1.31753e+09|1.51096e+11|2.02447e+09|3.25238e+10|5.26537e+13|2.42905e+09|3.58065e+10|2.80961e+11|1.41706e+11|6.83442e+09|5.68112e+11|4.22601e+13|1.36531e+10|7.46708e+11,8.19724e+08|1.89646e+11|2.33399e+11|3.10679e+08|1.57582e+10|2.41326e+08|2.30731e+10|2.86817e+13|2.47264e+08|4.14657e+09|2.23178e+11|5.76853e+10|1.48353e+09|3.56307e+11|1.3774e+13|1.67171e+09|5.06847e+11,0.000494453|5.21063e-05|0.000261527|0.000223952|0.000261059|2.04325e-05|0.000270955|0.000124649|8.79758e-05|6.01341e-05|1.47667e-05|6.32916e-05|0.000159499|8.49487e-05|8.45967e-05|2.95455e-05|0.000185382,0.000316017|0.000368678|0.000768065|0.00843573|0.000513001|0.000338175|0.00167497|0.00158999|0.000493531|0.00268841|0.00549128|0.000807753|0.00384342|0.000906866|0.000162335|0.000125263|0.00344885,0.0109342|0.0108696|0.0201979|0.0370095|0.0430027|0.0354515|0.00569443|0.0486405|0.00783732|0.0249103|0.0334079|0.0455502|0.0479977|0.04851|0.0108045|0.00830448|0.0365406,0.000178506|0.0181411|0.0291803|0.00589983|0.00442808|0.0266209|0.0425349|0.00764508|0.0327962|0.033399|0.00844474|0.028193|0.0299903|0.0115254|0.0326183|0.0293842|0.0130093,0.973537|0.923215|0.941018|0.984554|0.974312|0.940474|0.92832|0.932977|0.960936|0.920308|0.927525|0.909539|0.96924|0.949999|0.912097|0.927471|0.98883,4.63983|4.79469|1.39448|5.26958|5.11322|4.91715|3.3614|2.64532|0.765875|2.50002|1.22009|3.29092|3.90463|0.722366|5.92115|5.03384|4.04415,90.7492|86.2435|67.5745|23.9015|84.7043|67.1704|88.5528|21.0603|77.6192|12.2677|26.1465|29.1617|92.3918|51.9256|63.1349|11.2844,0.215706|0.182991|0.2055|0.236806|0.225161|0.184721|0.200088|0.23095|0.243521|0.248162|0.196311|0.178937|0.167022|0.247077|0.209804|0.200895,0.53635|0.182796|0.968257|0.2818|0.880608|0.609732|0.134865|0.399278|0.14346|0.812759|0.754315|0.920295|0.776051|0.469529|0.17375|0.836539,0.869523,0.801463,0.117836,0.0993652,0.460468,0.534015,0.0732846,0.487967,0.198257,0.921169,51.6436,5.43263e-12,47756,0.887486,41.1981,1.06086e-12,38445,0.895553,0.876428,0.0878307,0.631141,0.996144,0.511517,0.22039,0.459803,0.228135,0.891603,87.9902,7.64954e-10,30733,0.967162,70.4477,9.04596e-11,52512
24,461,n1->n13->n15->n34->n36->n64->n65->n5->n3->n69->n28->n29->n27->n26->n47->n49->n51,5.37021e+09|6.60497e+13|8.77071e+11|4.7313e+12|7.73972e+11|4.21034e+09|1.12599e+09|2.91995e+11|2.78751e+13|8.81277e+09|1.34247e+11|3.6336e+13|4.19351e+12|7.09351e+09|4.74236e+11|2.45005e+09|7.46708e+11,8.19724e+08|8.87204e+12|1.06991e+11|1.15705e+12|7.77593e+10|1.60867e+09|3.2906e+08|4.67133e+10|1.44762e+13|7.57626e+09|1.51805e+10|1.77292e+13|8.73344e+11|1.31666e+09|1.54765e+11|2.44458e+09|5.06847e+11,0.000494453|0.000787814|0.000182949|0.000140889|0.000426407|1.88732e-05|1.96575e-05|7.03031e-05|0.00022361|0.000268039|0.00056516|0.000125062|1.08528e-05|3.77967e-05|0.000202873|1.07426e-05|0.000185382,0.000316017|0.00788063|0.00274771|0.000270551|0.00396778|0.000135861|0.000428116|0.000196916|0.00776667|0.00367819|0.0093172|0.00231296|0.00262605|0.00522178|0.000266598|0.000979027|0.00344885,0.0109342|0.0476737|0.0207315|0.0276207|0.00497013|0.0266797|0.00118659|0.00731162|0.0268705|0.022957|0.0317261|0.0255931|0.0303206|0.0101688|0.00898217|0.0183567|0.0365406,0.000178506|0.00335145|0.0378122|0.0210615|0.0341912|0.0436548|0.00176737|0.0421608|0.0326941|0.0100342|0.03841|0.00291922|0.0230682|0.0409649|0.0488958|0.0388066|0.0130093,0.973537|0.954869|0.910795|0.904866|0.94998|0.933821|0.967717|0.951514|0.982466|0.975915|0.948072|0.962742|0.985376|0.981638|0.9108|0.969899|0.98883,4.63983|5.26639|1.89272|4.56594|3.70656|5.77568|4.1126|4.90362|4.79844|2.99986|1.48687|0.0327787|4.5695|2.91399|6.27947|3.94615|4.04415,79.8117|66.6304|27.3162|89.5651|43.8659|56.7563|35.0583|10.4739|83.9106|97.1045|18.7034|49.6282|67.4197|70.8805|91.8261|10.4661,0.246796|0.179788|0.231681|0.241996|0.241695|0.186349|0.209201|0.163561|0.204476|0.207556|0.249902|0.180772|0.171162|0.189485|0.228404|0.216931,0.338018|0.275394|0.750497|0.265381|0.590576|0.927837|0.297185|0.469027|0.65353|0.438091|0.259002|0.511755|0.40751|0.757042|0.133861|0.516407,0.869523,0.801463,0.117836,0.0993652,0.460468,0.534015,0.0732846,0.487967,0.198257,0.921169,51.6436,5.43263e-12,47756,0.887486,41.1981,1.06086e-12,38445,0.895553,0.876428,0.0878307,0.631141,0.996144,0.511517,0.22039,0.459803,0.228135,0.891603,87.9902,7.64954e-10,30733,0.967162,70.4477,9.04596e-11,52512
24,462,n1->n99->n98->n57->n83->n85->n84->n33->n24->n23->n77->n72->n45->n47->n48->n50->n51,5.37021e+09|1.57108e+10|1.8266e+13|4.14288e+09|3.76373e+13|2.02447e+09|1.07392e+09|3.64323e+13|1.59557e+13|4.63033e+10|5.68112e+11|6.83442e+09|8.38488e+13|4.74236e+11|3.98001e+12|2.36425e+09|7.46708e+11,8.19724e+08|4.21389e+09|5.99087e+12|2.05006e+09|2.34723e+13|2.41326e+08|9.00899e+08|6.32377e+12|4.06569e+12|3.30225e+10|3.56307e+11|1.48353e+09|1.01787e+13|1.54765e+11|1.69514e+12|4.07889e+08|5.06847e+11,0.000494453|0.00089026|0.000410965|0.000173612|1.86087e-05|2.04325e-05|2.14473e-05|1.50316e-05|0.000193265|0.000277161|8.49487e-05|0.000159499|1.67225e-05|0.000202873|4.78153e-05|1.54283e-05|0.000185382,0.000316017|0.000350126|0.000548485|0.00271581|0.000175452|0.000338175|0.000434313|0.00213059|0.0012727|0.00418014|0.000906866|0.00384342|0.000742576|0.000266598|0.00544009|0.00907722|0.00344885,0.0109342|0.0362414|0.0295222|0.0328142|0.015405|0.0354515|0.0473575|0.00968695|0.0433038|0.00314906|0.04851|0.0479977|0.00846218|0.00898217|0.0455031|0.00638914|0.0365406,0.000178506|0.0472365|0.0297366|0.0437642|0.038157|0.0266209|0.0366447|0.0280967|0.00780618|0.0470385|0.0115254|0.0299903|0.0342415|0.0488958|0.0360942|0.0483596|0.0130093,0.973537|0.953794|0.959539|0.983348|0.947801|0.940474|0.948551|0.923653|0.90929|0.92176|0.949999|0.96924|0.934264|0.9108|0.967439|0.910708|0.98883,4.63983|3.07459|2.95405|1.93323|4.11052|4.91715|5.42186|1.04264|3.9732|2.08786|0.722366|3.90463|5.31688|6.27947|3.09858|5.41755|4.04415,66.2586|58.4557|98.2355|50.003|92.2019|82.1833|59.7094|98.0873|44.8869|39.0733|92.3918|63.1262|40.979|78.8723|23.5956|82.9474,0.180129|0.227784|0.190047|0.1911|0.231254|0.216313|0.183728|0.239791|0.161116|0.178948|0.167022|0.243732|0.216949|0.239998|0.191801|0.24308,0.323551|0.686264|0.757428|0.161388|0.604504|0.528406|0.218166|0.939209|0.528582|0.23533|0.776051|0.65643|0.317946|0.300482|0.688345|0.624607,0.869523,0.801463,0.117836,0.0993652,0.460468,0.534015,0.0732846,0.487967,0.198257,0.921169,51.6436,5.43263e-12,47756,0.887486,41.1981,1.06086e-12,38445,0.895553,0.876428,0.0878307,0.631141,0.996144,0.511517,0.22039,0.459803,0.228135,0.891603,87.9902,7.64954e-10,30733,0.967162,70.4477,9.04596e-11,52512
24,463,n1->n13->n12->n8->n10->n9->n7->n5->n3->n69->n28->n27->n29->n15->n63->n61->n51,5.37021e+09|6.60497e+13|9.70597e+10|4.61239e+13|2.49624e+09|1.49139e+12|3.81012e+11|2.91995e+11|2.78751e+13|8.81277e+09|1.34247e+11|4.19351e+12|3.6336e+13|8.77071e+11|6.55204e+12|6.44979e+11|7.46708e+11,8.19724e+08|8.87204e+12|2.76143e+10|1.04208e+13|7.32581e+08|3.79906e+11|6.70334e+10|4.67133e+10|1.44762e+13|7.57626e+09|1.51805e+10|8.73344e+11|1.77292e+13|1.06991e+11|2.63574e+12|1.30372e+11|5.06847e+11,0.000494453|0.000787814|0.000201974|6.6054e-05|6.27016e-05|1.80008e-05|0.000475679|7.03031e-05|0.00022361|0.000268039|0.00056516|1.08528e-05|0.000125062|0.000182949|0.000116235|3.71253e-05|0.000185382,0.000316017|0.00788063|0.0016732|0.00522046|0.00113469|0.00065196|0.00104538|0.000196916|0.00776667|0.00367819|0.0093172|0.00262605|0.00231296|0.00274771|0.00126856|0.00313588|0.00344885,0.0109342|0.0476737|0.0313381|0.0318744|0.00597815|0.0140743|0.01754|0.00731162|0.0268705|0.022957|0.0317261|0.0303206|0.0255931|0.0207315|0.0100727|0.0266048|0.0365406,0.000178506|0.00335145|0.0470205|0.0483133|0.0245713|0.033904|0.0283975|0.0421608|0.0326941|0.0100342|0.03841|0.0230682|0.00291922|0.0378122|0.0107197|0.0179693|0.0130093,0.973537|0.954869|0.937315|0.975256|0.962416|0.963574|0.963898|0.951514|0.982466|0.975915|0.948072|0.985376|0.962742|0.910795|0.903245|0.958619|0.98883,4.63983|5.26639|3.07758|3.22282|1.97158|5.88966|3.51107|4.90362|4.79844|2.99986|1.48687|4.5695|0.0327787|1.89272|4.68449|2.63855|4.04415,79.8117|56.34|81.3396|99.595|65.9961|59.8148|37.2729|10.4739|83.9106|97.1045|23.5709|49.6282|32.2763|11.0615|47.0482|66.5616,0.246796|0.206669|0.186476|0.184434|0.193896|0.18359|0.176784|0.163561|0.204476|0.207556|0.207151|0.180772|0.240047|0.214255|0.167884|0.171721,0.338018|0.285239|0.379326|0.703378|0.982181|0.339058|0.943162|0.469027|0.65353|0.438091|0.340196|0.511755|0.895675|0.692153|0.410418|0.235817,0.869523,0.801463,0.117836,0.0993652,0.460468,0.534015,0.0732846,0.487967,0.198257,0.921169,51.6436,5.43263e-12,47756,0.887486,41.1981,1.06086e-12,38445,0.895553,0.876428,0.0878307,0.631141,0.996144,0.511517,0.22039,0.459803,0.228135,0.891603,87.9902,7.64954e-10,30733,0.967162,70.4477,9.04596e-11,52512
24,464,n1->n20->n89->n88->n90->n56->n54->n82->n84->n83->n23->n21->n67->n64->n62->n61->n51,5.37021e+09|4.0293e+11|2.68119e+11|9.00567e+12|1.33273e+11|1.1605e+12|2.80961e+11|1.07979e+13|1.07392e+09|3.76373e+13|4.63033e+10|1.56161e+12|4.7483e+09|4.21034e+09|2.37342e+11|6.44979e+11|7.46708e+11,8.19724e+08|1.89646e+11|9.23423e+10|8.66002e+12|6.41526e+10|5.65456e+11|2.23178e+11|1.66379e+12|9.00899e+08|2.34723e+13|3.30225e+10|3.02345e+11|7.5553e+08|1.60867e+09|1.13053e+11|1.30372e+11|5.06847e+11,0.000494453|5.21063e-05|3.55201e-05|6.2721e-05|0.000319756|1.7812e-05|1.47667e-05|0.000837919|2.14473e-05|1.86087e-05|0.000277161|0.00096308|3.91885e-05|1.88732e-05|8.24006e-05|3.71253e-05|0.000185382,0.000316017|0.000368678|0.000111435|0.000480267|0.000672662|0.000830638|0.00549128|0.00271152|0.000434313|0.000175452|0.00418014|0.00195589|0.000640186|0.000135861|0.00794111|0.00313588|0.00344885,0.0109342|0.0108696|0.0107812|0.00850464|0.0285929|0.0231698|0.0334079|0.0278433|0.0473575|0.015405|0.00314906|0.00712365|0.029632|0.0266797|0.0242596|0.0266048|0.0365406,0.000178506|0.0181411|0.0401575|0.0237676|0.0372754|0.0417641|0.00844474|0.0266174|0.0366447|0.038157|0.0470385|0.0414669|0.0482082|0.0436548|0.0480911|0.0179693|0.0130093,0.973537|0.923215|0.926416|0.962132|0.984478|0.944528|0.927525|0.934435|0.948551|0.947801|0.92176|0.971602|0.924883|0.933821|0.98053|0.958619|0.98883,4.63983|4.79469|0.0868458|1.9653|4.02061|2.55597|1.22009|0.132111|5.42186|4.11052|2.08786|3.14177|2.06342|5.77568|5.59786|2.63855|4.04415,90.7492|18.2346|92.4072|14.1987|40.6061|42.6814|41.1455|83.37|20.1884|23.518|88.4205|42.5138|95.5844|93.0484|89.0369|66.5616,0.215706|0.231355|0.203687|0.244274|0.166746|0.167734|0.242874|0.203763|0.246081|0.181099|0.232237|0.197352|0.248978|0.176232|0.198053|0.171721,0.53635|0.595303|0.876618|0.997795|0.163177|0.927159|0.378494|0.808712|0.599197|0.741177|0.516177|0.602799|0.480161|0.182879|0.704733|0.235817,0.869523,0.801463,0.117836,0.0993652,0.460468,0.534015,0.0732846,0.487967,0.198257,0.921169,51.6436,5.43263e-12,47756,0.887486,41.1981,1.06086e-12,38445,0.895553,0.876428,0.0878307,0.631141,0.996144,0.511517,0.22039,0.459803,0.228135,0.891603,87.9902,7.64954e-10,30733,0.967162,70.4477,9.04596e-11,52512
24,465,n1->n20->n96->n97->n27->n28->n69->n70->n87->n86->n76->n74->n57->n55->n53->n52->n51,5.37021e+09|4.0293e+11|2.51165e+12|2.90604e+09|4.19351e+12|1.34247e+11|8.81277e+09|6.87309e+13|7.3435e+12|3.85304e+10|4.21804e+13|5.8385e+13|4.14288e+09|8.84081e+12|4.60474e+10|1.02428e+10|7.46708e+11,8.19724e+08|1.89646e+11|5.36324e+11|5.04144e+08|8.73344e+11|1.51805e+10|7.57626e+09|9.78332e+12|2.79916e+12|4.69095e+09|1.15782e+13|7.35096e+12|2.05006e+09|4.69454e+12|3.18273e+10|2.07235e+09|5.06847e+11,0.000494453|5.21063e-05|1.2987e-05|8.81202e-05|1.08528e-05|0.00056516|0.000268039|5.13815e-05|0.000634307|6.21631e-05|1.88608e-05|0.000875739|0.000173612|4.06274e-05|2.00633e-05|0.00011644|0.000185382,0.000316017|0.000368678|0.000286765|0.00494291|0.00262605|0.0093172|0.00367819|0.00295865|0.00151267|0.00341054|0.00214239|0.00944671|0.00271581|0.000128431|0.000509085|0.00580301|0.00344885,0.0109342|0.0108696|0.0377902|0.0381696|0.0303206|0.0317261|0.022957|0.0286141|0.0186268|0.0237043|0.00156873|0.0280357|0.0328142|0.00843704|5.21659e-05|0.0398377|0.0365406,0.000178506|0.0181411|0.0195364|0.00800322|0.0230682|0.03841|0.0100342|0.0216638|0.00979507|0.0488574|0.0470058|0.0166219|0.0437642|0.0314938|0.00115664|0.0151024|0.0130093,0.973537|0.923215|0.951762|0.90679|0.985376|0.948072|0.975915|0.966653|0.977244|0.981332|0.989289|0.90082|0.983348|0.908585|0.913872|0.965406|0.98883,4.63983|4.79469|0.85792|1.41691|4.5695|1.48687|2.99986|4.60778|2.33192|4.96971|0.578949|0.0974208|1.93323|3.37071|0.640024|0.0104102|4.04415,90.7492|58.7029|37.9513|31.5608|23.5709|97.1045|74.5377|39.9413|88.9922|37.5994|53.1277|95.6836|61.5999|30.3781|81.3721|83.3731,0.215706|0.201188|0.246589|0.219936|0.207151|0.207556|0.172691|0.180359|0.246364|0.17745|0.181342|0.169856|0.220389|0.207992|0.184589|0.197114,0.53635|0.666395|0.157157|0.557853|0.340196|0.438091|0.416585|0.129355|0.83582|0.871942|0.519715|0.815246|0.549818|0.646488|0.272111|0.942894,0.869523,0.801463,0.117836,0.0993652,0.460468,0.534015,0.0732846,0.487967,0.198257,0.921169,51.6436,5.43263e-12,47756,0.887486,41.1981,1.06086e-12,38445,0.895553,0.876428,0.0878307,0.631141,0.996144,0.511517,0.22039,0.459803,0.228135,0.891603,87.9902,7.64954e-10,30733,0.967162,70.4477,9.04596e-11,52512
24,466,n1->n13->n14->n12->n8->n10->n73->n54->n53->n55->n57->n74->n76->n30->n29->n50->n51,5.37021e+09|6.60497e+13|3.70261e+10|9.70597e+10|4.61239e+13|2.49624e+09|1.41706e+11|2.80961e+11|4.60474e+10|8.84081e+12|4.14288e+09|5.8385e+13|4.21804e+13|1.26395e+10|3.6336e+13|2.36425e+09|7.46708e+11,8.19724e+08|8.87204e+12|1.44234e+10|2.76143e+10|1.04208e+13|7.32581e+08|5.76853e+10|2.23178e+11|3.18273e+10|4.69454e+12|2.05006e+09|7.35096e+12|1.15782e+13|1.81012e+09|1.77292e+13|4.07889e+08|5.06847e+11,0.000494453|0.000787814|3.25754e-05|0.000201974|6.6054e-05|6.27016e-05|6.32916e-05|1.47667e-05|2.00633e-05|4.06274e-05|0.000173612|0.000875739|1.88608e-05|4.789e-05|0.000125062|1.54283e-05|0.000185382,0.000316017|0.00788063|0.000181646|0.0016732|0.00522046|0.00113469|0.000807753|0.00549128|0.000509085|0.000128431|0.00271581|0.00944671|0.00214239|0.00655588|0.00231296|0.00907722|0.00344885,0.0109342|0.0476737|0.0426128|0.0313381|0.0318744|0.00597815|0.0455502|0.0334079|5.21659e-05|0.00843704|0.0328142|0.0280357|0.00156873|0.00398508|0.0255931|0.00638914|0.0365406,0.000178506|0.00335145|0.049061|0.0470205|0.0483133|0.0245713|0.028193|0.00844474|0.00115664|0.0314938|0.0437642|0.0166219|0.0470058|0.0178703|0.00291922|0.0483596|0.0130093,0.973537|0.954869|0.906626|0.937315|0.975256|0.962416|0.909539|0.927525|0.913872|0.908585|0.983348|0.90082|0.989289|0.972158|0.962742|0.910708|0.98883,4.63983|5.26639|0.762282|3.07758|3.22282|1.97158|3.29092|1.22009|0.640024|3.37071|1.93323|0.0974208|0.578949|5.42296|0.0327787|5.41755|4.04415,79.8117|92.5451|51.9585|81.3396|99.595|29.3778|26.1465|75.3264|30.3781|61.5999|95.6836|53.1277|21.8454|29.3504|37.0378|82.9474,0.246796|0.191459|0.222459|0.186476|0.184434|0.202302|0.196311|0.191357|0.207992|0.220389|0.169856|0.181342|0.220509|0.179657|0.191256|0.24308,0.338018|0.161307|0.326911|0.379326|0.703378|0.747283|0.754315|0.567841|0.646488|0.549818|0.815246|0.519715|0.936019|0.887943|0.182586|0.624607,0.869523,0.801463,0.117836,0.0993652,0.460468,0.534015,0.0732846,0.487967,0.198257,0.921169,51.6436,5.43263e-12,47756,0.887486,41.1981,1.06086e-12,38445,0.895553,0.876428,0.0878307,0.631141,0.996144,0.511517,0.22039,0.459803,0.228135,0.891603,87.9902,7.64954e-10,30733,0.967162,70.4477,9.04596e-11,52512
24,467,n1->n20->n21->n67->n64->n49->n47->n48->n89->n95->n82->n84->n56->n55->n53->n52->n51,5.37021e+09|4.0293e+11|1.56161e+12|4.7483e+09|4.21034e+09|2.45005e+09|4.74236e+11|3.98001e+12|2.68119e+11|1.05601e+11|1.07979e+13|1.07392e+09|1.1605e+12|8.84081e+12|4.60474e+10|1.02428e+10|7.46708e+11,8.19724e+08|1.89646e+11|3.02345e+11|7.5553e+08|1.60867e+09|2.44458e+09|1.54765e+11|1.69514e+12|9.23423e+10|5.46554e+10|1.66379e+12|9.00899e+08|5.65456e+11|4.69454e+12|3.18273e+10|2.07235e+09|5.06847e+11,0.000494453|5.21063e-05|0.00096308|3.91885e-05|1.88732e-05|1.07426e-05|0.000202873|4.78153e-05|3.55201e-05|0.000260968|0.000837919|2.14473e-05|1.7812e-05|4.06274e-05|2.00633e-05|0.00011644|0.000185382,0.000316017|0.000368678|0.00195589|0.000640186|0.000135861|0.000979027|0.000266598|0.00544009|0.000111435|0.000186877|0.00271152|0.000434313|0.000830638|0.000128431|0.000509085|0.00580301|0.00344885,0.0109342|0.0108696|0.00712365|0.029632|0.0266797|0.0183567|0.00898217|0.0455031|0.0107812|0.00282907|0.0278433|0.0473575|0.0231698|0.00843704|5.21659e-05|0.0398377|0.0365406,0.000178506|0.0181411|0.0414669|0.0482082|0.0436548|0.0388066|0.0488958|0.0360942|0.0401575|0.0420997|0.0266174|0.0366447|0.0417641|0.0314938|0.00115664|0.0151024|0.0130093,0.973537|0.923215|0.971602|0.924883|0.933821|0.969899|0.9108|0.967439|0.926416|0.966581|0.934435|0.948551|0.944528|0.908585|0.913872|0.965406|0.98883,4.63983|4.79469|3.14177|2.06342|5.77568|3.94615|6.27947|3.09858|0.0868458|1.09944|0.132111|5.42186|2.55597|3.37071|0.640024|0.0104102|4.04415,90.7492|76.7594|42.5138|95.5844|77.768|91.8261|78.8723|94.0077|11.8194|75.699|83.37|34.4372|95.3312|30.3781|81.3721|83.3731,0.215706|0.218425|0.197352|0.248978|0.165457|0.228404|0.239998|0.234363|0.168449|0.21275|0.203763|0.222961|0.167906|0.207992|0.184589|0.197114,0.53635|0.515127|0.602799|0.480161|0.348083|0.133861|0.300482|0.948873|0.776387|0.837867|0.808712|0.762891|0.402595|0.646488|0.272111|0.942894,0.869523,0.801463,0.117836,0.0993652,0.460468,0.534015,0.0732846,0.487967,0.198257,0.921169,51.6436,5.43263e-12,47756,0.887486,41.1981,1.06086e-12,38445,0.895553,0.876428,0.0878307,0.631141,0.996144,0.511517,0.22039,0.459803,0.228135,0.891603,87.9902,7.64954e-10,30733,0.967162,70.4477,9.04596e-11,52512
24,468,n1->n99->n98->n57->n74->n35->n31->n33->n32->n66->n68->n17->n19->n20->n96->n94->n51,5.37021e+09|1.57108e+10|1.8266e+13|4.14288e+09|5.8385e+13|5.77859e+11|4.79342e+12|3.64323e+13|1.78367e+12|1.10072e+10|1.31753e+09|1.51096e+11|2.47533e+11|4.0293e+11|2.51165e+12|1.36531e+10|7.46708e+11,8.19724e+08|4.21389e+09|5.99087e+12|2.05006e+09|7.35096e+12|4.88834e+11|4.42443e+12|6.32377e+12|1.05491e+12|8.7665e+09|3.10679e+08|1.57582e+10|2.33399e+11|1.89646e+11|5.36324e+11|1.67171e+09|5.06847e+11,0.000494453|0.00089026|0.000410965|0.000173612|0.000875739|0.000412952|0.00024651|1.50316e-05|0.000179959|0.000237659|0.000223952|0.000261059|0.000261527|5.21063e-05|1.2987e-05|2.95455e-05|0.000185382,0.000316017|0.000350126|0.000548485|0.00271581|0.00944671|0.00138752|0.00308746|0.00213059|0.00292552|0.000470269|0.00843573|0.000513001|0.000768065|0.000368678|0.000286765|0.000125263|0.00344885,0.0109342|0.0362414|0.0295222|0.0328142|0.0280357|0.00215298|0.0211034|0.00968695|0.00778345|0.0203827|0.0370095|0.0430027|0.0201979|0.0108696|0.0377902|0.00830448|0.0365406,0.000178506|0.0472365|0.0297366|0.0437642|0.0166219|0.0375959|0.0151027|0.0280967|0.0161829|0.0146278|0.00589983|0.00442808|0.0291803|0.0181411|0.0195364|0.0293842|0.0130093,0.973537|0.953794|0.959539|0.983348|0.90082|0.952159|0.943878|0.923653|0.953313|0.978907|0.984554|0.974312|0.941018|0.923215|0.951762|0.927471|0.98883,4.63983|3.07459|2.95405|1.93323|0.0974208|5.24666|4.82496|1.04264|0.10397|3.10364|5.26958|5.11322|1.39448|4.79469|0.85792|5.03384|4.04415,66.2586|58.4557|98.2355|95.6836|67.7415|91.3525|95.0453|61.2747|27.3217|70.8824|23.9015|10.3361|86.2435|58.7029|71.0086|11.2844,0.180129|0.227784|0.190047|0.169856|0.161632|0.243038|0.234751|0.208144|0.199785|0.16183|0.236806|0.172286|0.182991|0.201188|0.230021|0.200895,0.323551|0.686264|0.757428|0.815246|0.301798|0.658826|0.258586|0.704271|0.769012|0.215539|0.2818|0.559133|0.182796|0.666395|0.131268|0.836539,0.869523,0.801463,0.117836,0.0993652,0.460468,0.534015,0.0732846,0.487967,0.198257,0.921169,51.6436,5.43263e-12,47756,0.887486,41.1981,1.06086e-12,38445,0.895553,0.876428,0.0878307,0.631141,0.996144,0.511517,0.22039,0.459803,0.228135,0.891603,87.9902,7.64954e-10,30733,0.967162,70.4477,9.04596e-11,52512
24,469,n1->n20->n89->n88->n90->n56->n55->n57->n74->n22->n21->n23->n77->n93->n64->n49->n51,5.37021e+09|4.0293e+11|2.68119e+11|9.00567e+12|1.33273e+11|1.1605e+12|8.84081e+12|4.14288e+09|5.8385e+13|1.47e+10|1.56161e+12|4.63033e+10|5.68112e+11|4.22601e+13|4.21034e+09|2.45005e+09|7.46708e+11,8.19724e+08|1.89646e+11|9.23423e+10|8.66002e+12|6.41526e+10|5.65456e+11|4.69454e+12|2.05006e+09|7.35096e+12|9.51029e+09|3.02345e+11|3.30225e+10|3.56307e+11|1.3774e+13|1.60867e+09|2.44458e+09|5.06847e+11,0.000494453|5.21063e-05|3.55201e-05|6.2721e-05|0.000319756|1.7812e-05|4.06274e-05|0.000173612|0.000875739|1.77434e-05|0.00096308|0.000277161|8.49487e-05|8.45967e-05|1.88732e-05|1.07426e-05|0.000185382,0.000316017|0.000368678|0.000111435|0.000480267|0.000672662|0.000830638|0.000128431|0.00271581|0.00944671|0.0006856|0.00195589|0.00418014|0.000906866|0.000162335|0.000135861|0.000979027|0.00344885,0.0109342|0.0108696|0.0107812|0.00850464|0.0285929|0.0231698|0.00843704|0.0328142|0.0280357|0.0408661|0.00712365|0.00314906|0.04851|0.0108045|0.0266797|0.0183567|0.0365406,0.000178506|0.0181411|0.0401575|0.0237676|0.0372754|0.0417641|0.0314938|0.0437642|0.0166219|0.040072|0.0414669|0.0470385|0.0115254|0.0326183|0.0436548|0.0388066|0.0130093,0.973537|0.923215|0.926416|0.962132|0.984478|0.944528|0.908585|0.983348|0.90082|0.95984|0.971602|0.92176|0.949999|0.912097|0.933821|0.969899|0.98883,4.63983|4.79469|0.0868458|1.9653|4.02061|2.55597|3.37071|1.93323|0.0974208|0.048646|3.14177|2.08786|0.722366|5.92115|5.77568|3.94615|4.04415,90.7492|18.2346|92.4072|14.1987|40.6061|95.3312|61.5999|95.6836|63.8366|55.6995|88.4205|39.0733|51.9256|32.5899|77.768|10.4661,0.215706|0.231355|0.203687|0.244274|0.166746|0.167906|0.220389|0.169856|0.241428|0.206062|0.232237|0.178948|0.247077|0.178102|0.165457|0.216931,0.53635|0.595303|0.876618|0.997795|0.163177|0.402595|0.549818|0.815246|0.480684|0.677391|0.516177|0.23533|0.469529|0.548301|0.348083|0.516407,0.869523,0.801463,0.117836,0.0993652,0.460468,0.534015,0.0732846,0.487967,0.198257,0.921169,51.6436,5.43263e-12,47756,0.887486,41.1981,1.06086e-12,38445,0.895553,0.876428,0.0878307,0.631141,0.996144,0.511517,0.22039,0.459803,0.228135,0.891603,87.9902,7.64954e-10,30733,0.967162,70.4477,9.04596e-11,52512
24,470,n1->n99->n97->n96->n20->n89->n90->n88->n87->n70->n69->n28->n29->n15->n63->n61->n51,5.37021e+09|1.57108e+10|2.90604e+09|2.51165e+12|4.0293e+11|2.68119e+11|1.33273e+11|9.00567e+12|7.3435e+12|6.87309e+13|8.81277e+09|1.34247e+11|3.6336e+13|8.77071e+11|6.55204e+12|6.44979e+11|7.46708e+11,8.19724e+08|4.21389e+09|5.04144e+08|5.36324e+11|1.89646e+11|9.23423e+10|6.41526e+10|8.66002e+12|2.79916e+12|9.78332e+12|7.57626e+09|1.51805e+10|1.77292e+13|1.06991e+11|2.63574e+12|1.30372e+11|5.06847e+11,0.000494453|0.00089026|8.81202e-05|1.2987e-05|5.21063e-05|3.55201e-05|0.000319756|6.2721e-05|0.000634307|5.13815e-05|0.000268039|0.00056516|0.000125062|0.000182949|0.000116235|3.71253e-05|0.000185382,0.000316017|0.000350126|0.00494291|0.000286765|0.000368678|0.000111435|0.000672662|0.000480267|0.00151267|0.00295865|0.00367819|0.0093172|0.00231296|0.00274771|0.00126856|0.00313588|0.00344885,0.0109342|0.0362414|0.0381696|0.0377902|0.0108696|0.0107812|0.0285929|0.00850464|0.0186268|0.0286141|0.022957|0.0317261|0.0255931|0.0207315|0.0100727|0.0266048|0.0365406,0.000178506|0.0472365|0.00800322|0.0195364|0.0181411|0.0401575|0.0372754|0.0237676|0.00979507|0.0216638|0.0100342|0.03841|0.00291922|0.0378122|0.0107197|0.0179693|0.0130093,0.973537|0.953794|0.90679|0.951762|0.923215|0.926416|0.984478|0.962132|0.977244|0.966653|0.975915|0.948072|0.962742|0.910795|0.903245|0.958619|0.98883,4.63983|3.07459|1.41691|0.85792|4.79469|0.0868458|4.02061|1.9653|2.33192|4.60778|2.99986|1.48687|0.0327787|1.89272|4.68449|2.63855|4.04415,66.2586|94.4507|37.9513|58.7029|18.2346|12.726|14.1987|57.0974|39.9413|74.5377|97.1045|18.7034|32.2763|11.0615|47.0482|66.5616,0.180129|0.168303|0.246589|0.201188|0.231355|0.226099|0.244274|0.227675|0.180359|0.172691|0.207556|0.249902|0.240047|0.214255|0.167884|0.171721,0.323551|0.263233|0.157157|0.666395|0.595303|0.757755|0.997795|0.396625|0.129355|0.416585|0.438091|0.259002|0.895675|0.692153|0.410418|0.235817,0.869523,0.801463,0.117836,0.0993652,0.460468,0.534015,0.0732846,0.487967,0.198257,0.921169,51.6436,5.43263e-12,47756,0.887486,41.1981,1.06086e-12,38445,0.895553,0.876428,0.0878307,0.631141,0.996144,0.511517,0.22039,0.459803,0.228135,0.891603,87.9902,7.64954e-10,30733,0.967162,70.4477,9.04596e-11,52512
24,471,n1->n99->n77->n72->n45->n43->n41->n39->n38->n37->n81->n79->n63->n15->n29->n50->n51,5.37021e+09|1.57108e+10|5.68112e+11|6.83442e+09|8.38488e+13|1.40931e+10|3.95737e+11|3.34792e+13|1.16426e+13|2.79748e+13|2.58887e+10|1.47019e+10|6.55204e+12|8.77071e+11|3.6336e+13|2.36425e+09|7.46708e+11,8.19724e+08|4.21389e+09|3.56307e+11|1.48353e+09|1.01787e+13|3.26577e+09|1.47899e+11|1.12013e+13|1.19258e+12|4.96975e+12|8.36206e+09|4.87652e+09|2.63574e+12|1.06991e+11|1.77292e+13|4.07889e+08|5.06847e+11,0.000494453|0.00089026|8.49487e-05|0.000159499|1.67225e-05|0.000955168|2.35935e-05|5.53896e-05|1.04425e-05|1.06248e-05|0.000268232|0.000133131|0.000116235|0.000182949|0.000125062|1.54283e-05|0.000185382,0.000316017|0.000350126|0.000906866|0.00384342|0.000742576|0.00344494|0.00412419|0.0025393|0.00950649|0.000261291|0.000752991|0.000479664|0.00126856|0.00274771|0.00231296|0.00907722|0.00344885,0.0109342|0.0362414|0.04851|0.0479977|0.00846218|0.0168583|0.00451081|0.00111942|0.0263713|0.0457563|0.0481357|0.0252961|0.0100727|0.0207315|0.0255931|0.00638914|0.0365406,0.000178506|0.0472365|0.0115254|0.0299903|0.0342415|0.0482719|0.00491436|0.0449458|0.00318517|0.0105712|0.00997263|0.0203026|0.0107197|0.0378122|0.00291922|0.0483596|0.0130093,0.973537|0.953794|0.949999|0.96924|0.934264|0.943219|0.923722|0.924329|0.902547|0.964079|0.948836|0.966262|0.903245|0.910795|0.962742|0.910708|0.98883,4.63983|3.07459|0.722366|3.90463|5.31688|2.3897|4.11092|1.19952|5.09423|4.96174|1.5908|3.41737|4.68449|1.89272|0.0327787|5.41755|4.04415,66.2586|96.5216|92.3918|63.1262|48.5398|43.4967|38.9947|52.0957|46.986|88.8597|26.55|16.1844|11.0615|32.2763|37.0378|82.9474,0.180129|0.241387|0.167022|0.243732|0.218428|0.160247|0.18226|0.199024|0.170599|0.211898|0.238834|0.22961|0.214255|0.240047|0.191256|0.24308,0.323551|0.664018|0.776051|0.65643|0.854577|0.922117|0.988985|0.46236|0.662799|0.430076|0.957633|0.217843|0.692153|0.895675|0.182586|0.624607,0.869523,0.801463,0.117836,0.0993652,0.460468,0.534015,0.0732846,0.487967,0.198257,0.921169,51.6436,5.43263e-12,47756,0.887486,41.1981,1.06086e-12,38445,0.895553,0.876428,0.0878307,0.631141,0.996144,0.511517,0.22039,0.459803,0.228135,0.891603,87.9902,7.64954e-10,30733,0.967162,70.4477,9.04596e-11,52512
24,472,n1->n13->n15->n63->n82->n80->n78->n85->n83->n23->n21->n22->n68->n58->n59->n50->n51,5.37021e+09|6.60497e+13|8.77071e+11|6.55204e+12|1.07979e+13|2.45686e+13|3.25238e+10|2.02447e+09|3.76373e+13|4.63033e+10|1.56161e+12|1.47e+10|1.31753e+09|8.16696e+09|3.04563e+11|2.36425e+09|7.46708e+11,8.19724e+08|8.87204e+12|1.06991e+11|2.63574e+12|1.66379e+12|2.75437e+12|2.30731e+10|2.41326e+08|2.34723e+13|3.30225e+10|3.02345e+11|9.51029e+09|3.10679e+08|6.89506e+09|3.06423e+10|4.07889e+08|5.06847e+11,0.000494453|0.000787814|0.000182949|0.000116235|0.000837919|1.13052e-05|0.000270955|2.04325e-05|1.86087e-05|0.000277161|0.00096308|1.77434e-05|0.000223952|0.000266735|2.43107e-05|1.54283e-05|0.000185382,0.000316017|0.00788063|0.00274771|0.00126856|0.00271152|0.000238286|0.00167497|0.000338175|0.000175452|0.00418014|0.00195589|0.0006856|0.00843573|0.00874893|0.000202742|0.00907722|0.00344885,0.0109342|0.0476737|0.0207315|0.0100727|0.0278433|0.00592883|0.00569443|0.0354515|0.015405|0.00314906|0.00712365|0.0408661|0.0370095|0.0248478|0.00304046|0.00638914|0.0365406,0.000178506|0.00335145|0.0378122|0.0107197|0.0266174|0.0262948|0.0425349|0.0266209|0.038157|0.0470385|0.0414669|0.040072|0.00589983|0.0481122|0.0474075|0.0483596|0.0130093,0.973537|0.954869|0.910795|0.903245|0.934435|0.919013|0.92832|0.940474|0.947801|0.92176|0.971602|0.95984|0.984554|0.911658|0.99171|0.910708|0.98883,4.63983|5.26639|1.89272|4.68449|0.132111|0.100836|3.3614|4.91715|4.11052|2.08786|3.14177|0.048646|5.26958|3.70937|5.60303|5.41755|4.04415,79.8117|66.6304|11.0615|48.6997|47.0365|66.5291|67.1704|92.2019|23.518|88.4205|55.6995|15.3326|56.905|56.397|47.7013|82.9474,0.246796|0.179788|0.214255|0.175742|0.231931|0.222935|0.184721|0.231254|0.181099|0.232237|0.206062|0.236297|0.185169|0.21902|0.170229|0.24308,0.338018|0.275394|0.692153|0.4301|0.796307|0.109088|0.609732|0.604504|0.741177|0.516177|0.677391|0.655447|0.476138|0.533324|0.776444|0.624607,0.869523,0.801463,0.117836,0.0993652,0.460468,0.534015,0.0732846,0.487967,0.198257,0.921169,51.6436,5.43263e-12,47756,0.887486,41.1981,1.06086e-12,38445,0.895553,0.876428,0.0878307,0.631141,0.996144,0.511517,0.22039,0.459803,0.228135,0.891603,87.9902,7.64954e-10,30733,0.967162,70.4477,9.04596e-11,52512
24,473,n1->n99->n77->n23->n21->n22->n74->n35->n31->n33->n6->n12->n8->n10->n63->n61->n51,5.37021e+09|1.57108e+10|5.68112e+11|4.63033e+10|1.56161e+12|1.47e+10|5.8385e+13|5.77859e+11|4.79342e+12|3.64323e+13|1.14208e+09|9.70597e+10|4.61239e+13|2.49624e+09|6.55204e+12|6.44979e+11|7.46708e+11,8.19724e+08|4.21389e+09|3.56307e+11|3.30225e+10|3.02345e+11|9.51029e+09|7.35096e+12|4.88834e+11|4.42443e+12|6.32377e+12|2.20459e+08|2.76143e+10|1.04208e+13|7.32581e+08|2.63574e+12|1.30372e+11|5.06847e+11,0.000494453|0.00089026|8.49487e-05|0.000277161|0.00096308|1.77434e-05|0.000875739|0.000412952|0.00024651|1.50316e-05|1.08483e-05|0.000201974|6.6054e-05|6.27016e-05|0.000116235|3.71253e-05|0.000185382,0.000316017|0.000350126|0.000906866|0.00418014|0.00195589|0.0006856|0.00944671|0.00138752|0.00308746|0.00213059|0.00010157|0.0016732|0.00522046|0.00113469|0.00126856|0.00313588|0.00344885,0.0109342|0.0362414|0.04851|0.00314906|0.00712365|0.0408661|0.0280357|0.00215298|0.0211034|0.00968695|0.00160082|0.0313381|0.0318744|0.00597815|0.0100727|0.0266048|0.0365406,0.000178506|0.0472365|0.0115254|0.0470385|0.0414669|0.040072|0.0166219|0.0375959|0.0151027|0.0280967|0.0260762|0.0470205|0.0483133|0.0245713|0.0107197|0.0179693|0.0130093,0.973537|0.953794|0.949999|0.92176|0.971602|0.95984|0.90082|0.952159|0.943878|0.923653|0.908628|0.937315|0.975256|0.962416|0.903245|0.958619|0.98883,4.63983|3.07459|0.722366|2.08786|3.14177|0.048646|0.0974208|5.24666|4.82496|1.04264|5.01633|3.07758|3.22282|1.97158|4.68449|2.63855|4.04415,66.2586|96.5216|39.0733|88.4205|55.6995|63.8366|67.7415|91.3525|95.0453|50.0569|32.9383|81.3396|99.595|65.1286|47.0482|66.5616,0.180129|0.241387|0.178948|0.232237|0.206062|0.241428|0.161632|0.243038|0.234751|0.19306|0.230728|0.186476|0.184434|0.203746|0.167884|0.171721,0.323551|0.664018|0.23533|0.516177|0.677391|0.480684|0.301798|0.658826|0.258586|0.116472|0.628307|0.379326|0.703378|0.514129|0.410418|0.235817,0.869523,0.801463,0.117836,0.0993652,0.460468,0.534015,0.0732846,0.487967,0.198257,0.921169,51.6436,5.43263e-12,47756,0.887486,41.1981,1.06086e-12,38445,0.895553,0.876428,0.0878307,0.631141,0.996144,0.511517,0.22039,0.459803,0.228135,0.891603,87.9902,7.64954e-10,30733,0.967162,70.4477,9.04596e-11,52512
24,474,n1->n20->n19->n18->n70->n87->n86->n76->n30->n31->n35->n74->n57->n55->n53->n52->n51,5.37021e+09|4.0293e+11|2.47533e+11|7.59179e+12|6.87309e+13|7.3435e+12|3.85304e+10|4.21804e+13|1.26395e+10|4.79342e+12|5.77859e+11|5.8385e+13|4.14288e+09|8.84081e+12|4.60474e+10|1.02428e+10|7.46708e+11,8.19724e+08|1.89646e+11|2.33399e+11|4.11836e+12|9.78332e+12|2.79916e+12|4.69095e+09|1.15782e+13|1.81012e+09|4.42443e+12|4.88834e+11|7.35096e+12|2.05006e+09|4.69454e+12|3.18273e+10|2.07235e+09|5.06847e+11,0.000494453|5.21063e-05|0.000261527|2.98936e-05|5.13815e-05|0.000634307|6.21631e-05|1.88608e-05|4.789e-05|0.00024651|0.000412952|0.000875739|0.000173612|4.06274e-05|2.00633e-05|0.00011644|0.000185382,0.000316017|0.000368678|0.000768065|0.000681499|0.00295865|0.00151267|0.00341054|0.00214239|0.00655588|0.00308746|0.00138752|0.00944671|0.00271581|0.000128431|0.000509085|0.00580301|0.00344885,0.0109342|0.0108696|0.0201979|0.0192976|0.0286141|0.0186268|0.0237043|0.00156873|0.00398508|0.0211034|0.00215298|0.0280357|0.0328142|0.00843704|5.21659e-05|0.0398377|0.0365406,0.000178506|0.0181411|0.0291803|0.0120519|0.0216638|0.00979507|0.0488574|0.0470058|0.0178703|0.0151027|0.0375959|0.0166219|0.0437642|0.0314938|0.00115664|0.0151024|0.0130093,0.973537|0.923215|0.941018|0.946711|0.966653|0.977244|0.981332|0.989289|0.972158|0.943878|0.952159|0.90082|0.983348|0.908585|0.913872|0.965406|0.98883,4.63983|4.79469|1.39448|4.38273|4.60778|2.33192|4.96971|0.578949|5.42296|4.82496|5.24666|0.0974208|1.93323|3.37071|0.640024|0.0104102|4.04415,90.7492|86.2435|34.0839|55.8812|39.9413|88.9922|37.5994|21.8454|88.6669|91.3525|67.7415|95.6836|61.5999|30.3781|81.3721|83.3731,0.215706|0.182991|0.248409|0.234874|0.180359|0.246364|0.17745|0.220509|0.215598|0.243038|0.161632|0.169856|0.220389|0.207992|0.184589|0.197114,0.53635|0.182796|0.983209|0.16843|0.129355|0.83582|0.871942|0.936019|0.123891|0.658826|0.301798|0.815246|0.549818|0.646488|0.272111|0.942894,0.869523,0.801463,0.117836,0.0993652,0.460468,0.534015,0.0732846,0.487967,0.198257,0.921169,51.6436,5.43263e-12,47756,0.887486,41.1981,1.06086e-12,38445,0.895553,0.876428,0.0878307,0.631141,0.996144,0.511517,0.22039,0.459803,0.228135,0.891603,87.9902,7.64954e-10,30733,0.967162,70.4477,9.04596e-11,52512
24,475,n1->n20->n19->n68->n17->n18->n70->n87->n86->n76->n78->n80->n82->n95->n93->n94->n51,5.37021e+09|4.0293e+11|2.47533e+11|1.31753e+09|1.51096e+11|7.59179e+12|6.87309e+13|7.3435e+12|3.85304e+10|4.21804e+13|3.25238e+10|2.45686e+13|1.07979e+13|1.05601e+11|4.22601e+13|1.36531e+10|7.46708e+11,8.19724e+08|1.89646e+11|2.33399e+11|3.10679e+08|1.57582e+10|4.11836e+12|9.78332e+12|2.79916e+12|4.69095e+09|1.15782e+13|2.30731e+10|2.75437e+12|1.66379e+12|5.46554e+10|1.3774e+13|1.67171e+09|5.06847e+11,0.000494453|5.21063e-05|0.000261527|0.000223952|0.000261059|2.98936e-05|5.13815e-05|0.000634307|6.21631e-05|1.88608e-05|0.000270955|1.13052e-05|0.000837919|0.000260968|8.45967e-05|2.95455e-05|0.000185382,0.000316017|0.000368678|0.000768065|0.00843573|0.000513001|0.000681499|0.00295865|0.00151267|0.00341054|0.00214239|0.00167497|0.000238286|0.00271152|0.000186877|0.000162335|0.000125263|0.00344885,0.0109342|0.0108696|0.0201979|0.0370095|0.0430027|0.0192976|0.0286141|0.0186268|0.0237043|0.00156873|0.00569443|0.00592883|0.0278433|0.00282907|0.0108045|0.00830448|0.0365406,0.000178506|0.0181411|0.0291803|0.00589983|0.00442808|0.0120519|0.0216638|0.00979507|0.0488574|0.0470058|0.0425349|0.0262948|0.0266174|0.0420997|0.0326183|0.0293842|0.0130093,0.973537|0.923215|0.941018|0.984554|0.974312|0.946711|0.966653|0.977244|0.981332|0.989289|0.92832|0.919013|0.934435|0.966581|0.912097|0.927471|0.98883,4.63983|4.79469|1.39448|5.26958|5.11322|4.38273|4.60778|2.33192|4.96971|0.578949|3.3614|0.100836|0.132111|1.09944|5.92115|5.03384|4.04415,90.7492|86.2435|67.5745|23.9015|43.2583|55.8812|39.9413|88.9922|37.5994|69.3348|66.5291|47.0365|75.699|24.941|63.1349|11.2844,0.215706|0.182991|0.2055|0.236806|0.218822|0.234874|0.180359|0.246364|0.17745|0.194827|0.222935|0.231931|0.21275|0.237661|0.209804|0.200895,0.53635|0.182796|0.968257|0.2818|0.981182|0.16843|0.129355|0.83582|0.871942|0.93416|0.109088|0.796307|0.837867|0.985064|0.17375|0.836539,0.869523,0.801463,0.117836,0.0993652,0.460468,0.534015,0.0732846,0.487967,0.198257,0.921169,51.6436,5.43263e-12,47756,0.887486,41.1981,1.06086e-12,38445,0.895553,0.876428,0.0878307,0.631141,0.996144,0.511517,0.22039,0.459803,0.228135,0.891603,87.9902,7.64954e-10,30733,0.967162,70.4477,9.04596e-11,52512
24,476,n1->n13->n15->n63->n61->n62->n60->n59->n58->n68->n66->n32->n34->n36->n64->n49->n51,5.37021e+09|6.60497e+13|8.77071e+11|6.55204e+12|6.44979e+11|2.37342e+11|8.79841e+13|3.04563e+11|8.16696e+09|1.31753e+09|1.10072e+10|1.78367e+12|4.7313e+12|7.73972e+11|4.21034e+09|2.45005e+09|7.46708e+11,8.19724e+08|8.87204e+12|1.06991e+11|2.63574e+12|1.30372e+11|1.13053e+11|5.95756e+13|3.06423e+10|6.89506e+09|3.10679e+08|8.7665e+09|1.05491e+12|1.15705e+12|7.77593e+10|1.60867e+09|2.44458e+09|5.06847e+11,0.000494453|0.000787814|0.000182949|0.000116235|3.71253e-05|8.24006e-05|0.000731749|2.43107e-05|0.000266735|0.000223952|0.000237659|0.000179959|0.000140889|0.000426407|1.88732e-05|1.07426e-05|0.000185382,0.000316017|0.00788063|0.00274771|0.00126856|0.00313588|0.00794111|0.000248463|0.000202742|0.00874893|0.00843573|0.000470269|0.00292552|0.000270551|0.00396778|0.000135861|0.000979027|0.00344885,0.0109342|0.0476737|0.0207315|0.0100727|0.0266048|0.0242596|0.0128442|0.00304046|0.0248478|0.0370095|0.0203827|0.00778345|0.0276207|0.00497013|0.0266797|0.0183567|0.0365406,0.000178506|0.00335145|0.0378122|0.0107197|0.0179693|0.0480911|0.0431033|0.0474075|0.0481122|0.00589983|0.0146278|0.0161829|0.0210615|0.0341912|0.0436548|0.0388066|0.0130093,0.973537|0.954869|0.910795|0.903245|0.958619|0.98053|0.945549|0.99171|0.911658|0.984554|0.978907|0.953313|0.904866|0.94998|0.933821|0.969899|0.98883,4.63983|5.26639|1.89272|4.68449|2.63855|5.59786|4.50487|5.60303|3.70937|5.26958|3.10364|0.10397|4.56594|3.70656|5.77568|3.94615|4.04415,79.8117|66.6304|11.0615|47.0482|89.0369|48.3985|76.8491|56.397|56.905|70.8824|27.3217|23.0914|89.5651|43.8659|77.768|10.4661,0.246796|0.179788|0.214255|0.167884|0.198053|0.17162|0.204072|0.21902|0.185169|0.16183|0.199785|0.18593|0.241996|0.241695|0.165457|0.216931,0.338018|0.275394|0.692153|0.410418|0.704733|0.641887|0.509755|0.533324|0.476138|0.215539|0.769012|0.12287|0.265381|0.590576|0.348083|0.516407,0.869523,0.801463,0.117836,0.0993652,0.460468,0.534015,0.0732846,0.487967,0.198257,0.921169,51.6436,5.43263e-12,47756,0.887486,41.1981,1.06086e-12,38445,0.895553,0.876428,0.0878307,0.631141,0.996144,0.511517,0.22039,0.459803,0.228135,0.891603,87.9902,7.64954e-10,30733,0.967162,70.4477,9.04596e-11,52512
24,477,n1->n99->n98->n57->n55->n53->n54->n56->n84->n33->n6->n12->n13->n11->n29->n50->n51,5.37021e+09|1.57108e+10|1.8266e+13|4.14288e+09|8.84081e+12|4.60474e+10|2.80961e+11|1.1605e+12|1.07392e+09|3.64323e+13|1.14208e+09|9.70597e+10|6.60497e+13|1.78735e+12|3.6336e+13|2.36425e+09|7.46708e+11,8.19724e+08|4.21389e+09|5.99087e+12|2.05006e+09|4.69454e+12|3.18273e+10|2.23178e+11|5.65456e+11|9.00899e+08|6.32377e+12|2.20459e+08|2.76143e+10|8.87204e+12|3.29521e+11|1.77292e+13|4.07889e+08|5.06847e+11,0.000494453|0.00089026|0.000410965|0.000173612|4.06274e-05|2.00633e-05|1.47667e-05|1.7812e-05|2.14473e-05|1.50316e-05|1.08483e-05|0.000201974|0.000787814|5.47786e-05|0.000125062|1.54283e-05|0.000185382,0.000316017|0.000350126|0.000548485|0.00271581|0.000128431|0.000509085|0.00549128|0.000830638|0.000434313|0.00213059|0.00010157|0.0016732|0.00788063|0.00652494|0.00231296|0.00907722|0.00344885,0.0109342|0.0362414|0.0295222|0.0328142|0.00843704|5.21659e-05|0.0334079|0.0231698|0.0473575|0.00968695|0.00160082|0.0313381|0.0476737|0.00125292|0.0255931|0.00638914|0.0365406,0.000178506|0.0472365|0.0297366|0.0437642|0.0314938|0.00115664|0.00844474|0.0417641|0.0366447|0.0280967|0.0260762|0.0470205|0.00335145|0.0136412|0.00291922|0.0483596|0.0130093,0.973537|0.953794|0.959539|0.983348|0.908585|0.913872|0.927525|0.944528|0.948551|0.923653|0.908628|0.937315|0.954869|0.988894|0.962742|0.910708|0.98883,4.63983|3.07459|2.95405|1.93323|3.37071|0.640024|1.22009|2.55597|5.42186|1.04264|5.01633|3.07758|5.26639|0.923897|0.0327787|5.41755|4.04415,66.2586|58.4557|98.2355|61.5999|30.3781|75.3264|42.6814|34.4372|59.7094|50.0569|32.9383|56.34|13.9548|13.2112|37.0378|82.9474,0.180129|0.227784|0.190047|0.220389|0.207992|0.191357|0.167734|0.222961|0.183728|0.19306|0.230728|0.206669|0.189728|0.219003|0.191256|0.24308,0.323551|0.686264|0.757428|0.549818|0.646488|0.567841|0.927159|0.762891|0.218166|0.116472|0.628307|0.285239|0.801183|0.427028|0.182586|0.624607,0.869523,0.801463,0.117836,0.0993652,0.460468,0.534015,0.0732846,0.487967,0.198257,0.921169,51.6436,5.43263e-12,47756,0.887486,41.1981,1.06086e-12,38445,0.895553,0.876428,0.0878307,0.631141,0.996144,0.511517,0.22039,0.459803,0.228135,0.891603,87.9902,7.64954e-10,30733,0.967162,70.4477,9.04596e-11,52512
24,478,n1->n13->n15->n29->n11->n9->n10->n63->n61->n62->n60->n50->n48->n46->n47->n49->n51,5.37021e+09|6.60497e+13|8.77071e+11|3.6336e+13|1.78735e+12|1.49139e+12|2.49624e+09|6.55204e+12|6.44979e+11|2.37342e+11|8.79841e+13|2.36425e+09|3.98001e+12|5.53417e+12|4.74236e+11|2.45005e+09|7.46708e+11,8.19724e+08|8.87204e+12|1.06991e+11|1.77292e+13|3.29521e+11|3.79906e+11|7.32581e+08|2.63574e+12|1.30372e+11|1.13053e+11|5.95756e+13|4.07889e+08|1.69514e+12|1.63629e+12|1.54765e+11|2.44458e+09|5.06847e+11,0.000494453|0.000787814|0.000182949|0.000125062|5.47786e-05|1.80008e-05|6.27016e-05|0.000116235|3.71253e-05|8.24006e-05|0.000731749|1.54283e-05|4.78153e-05|0.000489732|0.000202873|1.07426e-05|0.000185382,0.000316017|0.00788063|0.00274771|0.00231296|0.00652494|0.00065196|0.00113469|0.00126856|0.00313588|0.00794111|0.000248463|0.00907722|0.00544009|0.000159088|0.000266598|0.000979027|0.00344885,0.0109342|0.0476737|0.0207315|0.0255931|0.00125292|0.0140743|0.00597815|0.0100727|0.0266048|0.0242596|0.0128442|0.00638914|0.0455031|0.029055|0.00898217|0.0183567|0.0365406,0.000178506|0.00335145|0.0378122|0.00291922|0.0136412|0.033904|0.0245713|0.0107197|0.0179693|0.0480911|0.0431033|0.0483596|0.0360942|0.0302566|0.0488958|0.0388066|0.0130093,0.973537|0.954869|0.910795|0.962742|0.988894|0.963574|0.962416|0.903245|0.958619|0.98053|0.945549|0.910708|0.967439|0.923372|0.9108|0.969899|0.98883,4.63983|5.26639|1.89272|0.0327787|0.923897|5.88966|1.97158|4.68449|2.63855|5.59786|4.50487|5.41755|3.09858|0.31178|6.27947|3.94615|4.04415,79.8117|66.6304|32.2763|13.2112|99.0064|65.9961|65.1286|47.0482|89.0369|48.3985|22.3088|23.5956|41.9872|71.5316|91.8261|10.4661,0.246796|0.179788|0.240047|0.219003|0.201409|0.193896|0.203746|0.167884|0.198053|0.17162|0.190841|0.191801|0.178665|0.196056|0.228404|0.216931,0.338018|0.275394|0.895675|0.427028|0.439638|0.982181|0.514129|0.410418|0.704733|0.641887|0.323935|0.688345|0.182289|0.758317|0.133861|0.516407,0.869523,0.801463,0.117836,0.0993652,0.460468,0.534015,0.0732846,0.487967,0.198257,0.921169,51.6436,5.43263e-12,47756,0.887486,41.1981,1.06086e-12,38445,0.895553,0.876428,0.0878307,0.631141,0.996144,0.511517,0.22039,0.459803,0.228135,0.891603,87.9902,7.64954e-10,30733,0.967162,70.4477,9.04596e-11,52512
24,479,n1->n13->n15->n34->n36->n64->n67->n38->n16->n18->n20->n19->n17->n85->n65->n52->n51,5.37021e+09|6.60497e+13|8.77071e+11|4.7313e+12|7.73972e+11|4.21034e+09|4.7483e+09|1.16426e+13|1.09193e+13|7.59179e+12|4.0293e+11|2.47533e+11|1.51096e+11|2.02447e+09|1.12599e+09|1.02428e+10|7.46708e+11,8.19724e+08|8.87204e+12|1.06991e+11|1.15705e+12|7.77593e+10|1.60867e+09|7.5553e+08|1.19258e+12|1.33827e+12|4.11836e+12|1.89646e+11|2.33399e+11|1.57582e+10|2.41326e+08|3.2906e+08|2.07235e+09|5.06847e+11,0.000494453|0.000787814|0.000182949|0.000140889|0.000426407|1.88732e-05|3.91885e-05|1.04425e-05|3.71682e-05|2.98936e-05|5.21063e-05|0.000261527|0.000261059|2.04325e-05|1.96575e-05|0.00011644|0.000185382,0.000316017|0.00788063|0.00274771|0.000270551|0.00396778|0.000135861|0.000640186|0.00950649|0.00174713|0.000681499|0.000368678|0.000768065|0.000513001|0.000338175|0.000428116|0.00580301|0.00344885,0.0109342|0.0476737|0.0207315|0.0276207|0.00497013|0.0266797|0.029632|0.0263713|0.0123696|0.0192976|0.0108696|0.0201979|0.0430027|0.0354515|0.00118659|0.0398377|0.0365406,0.000178506|0.00335145|0.0378122|0.0210615|0.0341912|0.0436548|0.0482082|0.00318517|0.0240438|0.0120519|0.0181411|0.0291803|0.00442808|0.0266209|0.00176737|0.0151024|0.0130093,0.973537|0.954869|0.910795|0.904866|0.94998|0.933821|0.924883|0.902547|0.979533|0.946711|0.923215|0.941018|0.974312|0.940474|0.967717|0.965406|0.98883,4.63983|5.26639|1.89272|4.56594|3.70656|5.77568|2.06342|5.09423|1.69436|4.38273|4.79469|1.39448|5.11322|4.91715|4.1126|0.0104102|4.04415,79.8117|66.6304|27.3162|89.5651|43.8659|95.5844|59.2872|28.0546|72.2829|89.2299|86.2435|10.3361|84.7043|82.5435|56.1703|83.3731,0.246796|0.179788|0.231681|0.241996|0.241695|0.248978|0.200548|0.17367|0.180241|0.247215|0.182991|0.172286|0.225161|0.20461|0.247907|0.197114,0.338018|0.275394|0.750497|0.265381|0.590576|0.480161|0.127053|0.828443|0.553025|0.652252|0.182796|0.559133|0.880608|0.519435|0.827328|0.942894,0.869523,0.801463,0.117836,0.0993652,0.460468,0.534015,0.0732846,0.487967,0.198257,0.921169,51.6436,5.43263e-12,47756,0.887486,41.1981,1.06086e-12,38445,0.895553,0.876428,0.0878307,0.631141,0.996144,0.511517,0.22039,0.459803,0.228135,0.891603,87.9902,7.64954e-10,30733,0.967162,70.4477,9.04596e-11,52512
24,480,n1->n20->n89->n88->n87->n70->n18->n19->n68->n22->n74->n35->n34->n36->n64->n49->n51,5.37021e+09|4.0293e+11|2.68119e+11|9.00567e+12|7.3435e+12|6.87309e+13|7.59179e+12|2.47533e+11|1.31753e+09|1.47e+10|5.8385e+13|5.77859e+11|4.7313e+12|7.73972e+11|4.21034e+09|2.45005e+09|7.46708e+11,8.19724e+08|1.89646e+11|9.23423e+10|8.66002e+12|2.79916e+12|9.78332e+12|4.11836e+12|2.33399e+11|3.10679e+08|9.51029e+09|7.35096e+12|4.88834e+11|1.15705e+12|7.77593e+10|1.60867e+09|2.44458e+09|5.06847e+11,0.000494453|5.21063e-05|3.55201e-05|6.2721e-05|0.000634307|5.13815e-05|2.98936e-05|0.000261527|0.000223952|1.77434e-05|0.000875739|0.000412952|0.000140889|0.000426407|1.88732e-05|1.07426e-05|0.000185382,0.000316017|0.000368678|0.000111435|0.000480267|0.00151267|0.00295865|0.000681499|0.000768065|0.00843573|0.0006856|0.00944671|0.00138752|0.000270551|0.00396778|0.000135861|0.000979027|0.00344885,0.0109342|0.0108696|0.0107812|0.00850464|0.0186268|0.0286141|0.0192976|0.0201979|0.0370095|0.0408661|0.0280357|0.00215298|0.0276207|0.00497013|0.0266797|0.0183567|0.0365406,0.000178506|0.0181411|0.0401575|0.0237676|0.00979507|0.0216638|0.0120519|0.0291803|0.00589983|0.040072|0.0166219|0.0375959|0.0210615|0.0341912|0.0436548|0.0388066|0.0130093,0.973537|0.923215|0.926416|0.962132|0.977244|0.966653|0.946711|0.941018|0.984554|0.95984|0.90082|0.952159|0.904866|0.94998|0.933821|0.969899|0.98883,4.63983|4.79469|0.0868458|1.9653|2.33192|4.60778|4.38273|1.39448|5.26958|0.048646|0.0974208|5.24666|4.56594|3.70656|5.77568|3.94615|4.04415,90.7492|18.2346|92.4072|57.0974|39.9413|55.8812|34.0839|67.5745|15.3326|63.8366|67.7415|26.2497|89.5651|43.8659|77.768|10.4661,0.215706|0.231355|0.203687|0.227675|0.180359|0.234874|0.248409|0.2055|0.236297|0.241428|0.161632|0.244194|0.241996|0.241695|0.165457|0.216931,0.53635|0.595303|0.876618|0.396625|0.129355|0.16843|0.983209|0.968257|0.655447|0.480684|0.301798|0.307851|0.265381|0.590576|0.348083|0.516407,0.869523,0.801463,0.117836,0.0993652,0.460468,0.534015,0.0732846,0.487967,0.198257,0.921169,51.6436,5.43263e-12,47756,0.887486,41.1981,1.06086e-12,38445,0.895553,0.876428,0.0878307,0.631141,0.996144,0.511517,0.22039,0.459803,0.228135,0.891603,87.9902,7.64954e-10,30733,0.967162,70.4477,9.04596e-11,52512
24,481,n1->n13->n14->n12->n8->n10->n39->n41->n43->n45->n47->n49->n64->n93->n92->n94->n51,5.37021e+09|6.60497e+13|3.70261e+10|9.70597e+10|4.61239e+13|2.49624e+09|3.34792e+13|3.95737e+11|1.40931e+10|8.38488e+13|4.74236e+11|2.45005e+09|4.21034e+09|4.22601e+13|1.97334e+09|1.36531e+10|7.46708e+11,8.19724e+08|8.87204e+12|1.44234e+10|2.76143e+10|1.04208e+13|7.32581e+08|1.12013e+13|1.47899e+11|3.26577e+09|1.01787e+13|1.54765e+11|2.44458e+09|1.60867e+09|1.3774e+13|1.46451e+09|1.67171e+09|5.06847e+11,0.000494453|0.000787814|3.25754e-05|0.000201974|6.6054e-05|6.27016e-05|5.53896e-05|2.35935e-05|0.000955168|1.67225e-05|0.000202873|1.07426e-05|1.88732e-05|8.45967e-05|2.75832e-05|2.95455e-05|0.000185382,0.000316017|0.00788063|0.000181646|0.0016732|0.00522046|0.00113469|0.0025393|0.00412419|0.00344494|0.000742576|0.000266598|0.000979027|0.000135861|0.000162335|0.0052688|0.000125263|0.00344885,0.0109342|0.0476737|0.0426128|0.0313381|0.0318744|0.00597815|0.00111942|0.00451081|0.0168583|0.00846218|0.00898217|0.0183567|0.0266797|0.0108045|0.0444618|0.00830448|0.0365406,0.000178506|0.00335145|0.049061|0.0470205|0.0483133|0.0245713|0.0449458|0.00491436|0.0482719|0.0342415|0.0488958|0.0388066|0.0436548|0.0326183|0.0387741|0.0293842|0.0130093,0.973537|0.954869|0.906626|0.937315|0.975256|0.962416|0.924329|0.923722|0.943219|0.934264|0.9108|0.969899|0.933821|0.912097|0.987763|0.927471|0.98883,4.63983|5.26639|0.762282|3.07758|3.22282|1.97158|1.19952|4.11092|2.3897|5.31688|6.27947|3.94615|5.77568|5.92115|6.03913|5.03384|4.04415,79.8117|92.5451|51.9585|81.3396|99.595|24.4191|38.9947|43.4967|48.5398|40.979|91.8261|77.768|32.5899|61.035|13.5087|11.2844,0.246796|0.191459|0.222459|0.186476|0.184434|0.239532|0.18226|0.160247|0.218428|0.216949|0.228404|0.165457|0.178102|0.21409|0.230182|0.200895,0.338018|0.161307|0.326911|0.379326|0.703378|0.991722|0.988985|0.922117|0.854577|0.317946|0.133861|0.348083|0.548301|0.722832|0.731663|0.836539,0.869523,0.801463,0.117836,0.0993652,0.460468,0.534015,0.0732846,0.487967,0.198257,0.921169,51.6436,5.43263e-12,47756,0.887486,41.1981,1.06086e-12,38445,0.895553,0.876428,0.0878307,0.631141,0.996144,0.511517,0.22039,0.459803,0.228135,0.891603,87.9902,7.64954e-10,30733,0.967162,70.4477,9.04596e-11,52512
24,482,n1->n20->n19->n68->n17->n18->n70->n87->n88->n89->n90->n56->n54->n55->n53->n52->n51,5.37021e+09|4.0293e+11|2.47533e+11|1.31753e+09|1.51096e+11|7.59179e+12|6.87309e+13|7.3435e+12|9.00567e+12|2.68119e+11|1.33273e+11|1.1605e+12|2.80961e+11|8.84081e+12|4.60474e+10|1.02428e+10|7.46708e+11,8.19724e+08|1.89646e+11|2.33399e+11|3.10679e+08|1.57582e+10|4.11836e+12|9.78332e+12|2.79916e+12|8.66002e+12|9.23423e+10|6.41526e+10|5.65456e+11|2.23178e+11|4.69454e+12|3.18273e+10|2.07235e+09|5.06847e+11,0.000494453|5.21063e-05|0.000261527|0.000223952|0.000261059|2.98936e-05|5.13815e-05|0.000634307|6.2721e-05|3.55201e-05|0.000319756|1.7812e-05|1.47667e-05|4.06274e-05|2.00633e-05|0.00011644|0.000185382,0.000316017|0.000368678|0.000768065|0.00843573|0.000513001|0.000681499|0.00295865|0.00151267|0.000480267|0.000111435|0.000672662|0.000830638|0.00549128|0.000128431|0.000509085|0.00580301|0.00344885,0.0109342|0.0108696|0.0201979|0.0370095|0.0430027|0.0192976|0.0286141|0.0186268|0.00850464|0.0107812|0.0285929|0.0231698|0.0334079|0.00843704|5.21659e-05|0.0398377|0.0365406,0.000178506|0.0181411|0.0291803|0.00589983|0.00442808|0.0120519|0.0216638|0.00979507|0.0237676|0.0401575|0.0372754|0.0417641|0.00844474|0.0314938|0.00115664|0.0151024|0.0130093,0.973537|0.923215|0.941018|0.984554|0.974312|0.946711|0.966653|0.977244|0.962132|0.926416|0.984478|0.944528|0.927525|0.908585|0.913872|0.965406|0.98883,4.63983|4.79469|1.39448|5.26958|5.11322|4.38273|4.60778|2.33192|1.9653|0.0868458|4.02061|2.55597|1.22009|3.37071|0.640024|0.0104102|4.04415,90.7492|86.2435|67.5745|23.9015|43.2583|55.8812|39.9413|57.0974|92.4072|12.726|40.6061|42.6814|27.8669|30.3781|81.3721|83.3731,0.215706|0.182991|0.2055|0.236806|0.218822|0.234874|0.180359|0.227675|0.203687|0.226099|0.166746|0.167734|0.169326|0.207992|0.184589|0.197114,0.53635|0.182796|0.968257|0.2818|0.981182|0.16843|0.129355|0.396625|0.876618|0.757755|0.163177|0.927159|0.414082|0.646488|0.272111|0.942894,0.869523,0.801463,0.117836,0.0993652,0.460468,0.534015,0.0732846,0.487967,0.198257,0.921169,51.6436,5.43263e-12,47756,0.887486,41.1981,1.06086e-12,38445,0.895553,0.876428,0.0878307,0.631141,0.996144,0.511517,0.22039,0.459803,0.228135,0.891603,87.9902,7.64954e-10,30733,0.967162,70.4477,9.04596e-11,52512
24,483,n1->n13->n12->n6->n33->n35->n31->n30->n32->n66->n68->n22->n21->n20->n96->n94->n51,5.37021e+09|6.60497e+13|9.70597e+10|1.14208e+09|3.64323e+13|5.77859e+11|4.79342e+12|1.26395e+10|1.78367e+12|1.10072e+10|1.31753e+09|1.47e+10|1.56161e+12|4.0293e+11|2.51165e+12|1.36531e+10|7.46708e+11,8.19724e+08|8.87204e+12|2.76143e+10|2.20459e+08|6.32377e+12|4.88834e+11|4.42443e+12|1.81012e+09|1.05491e+12|8.7665e+09|3.10679e+08|9.51029e+09|3.02345e+11|1.89646e+11|5.36324e+11|1.67171e+09|5.06847e+11,0.000494453|0.000787814|0.000201974|1.08483e-05|1.50316e-05|0.000412952|0.00024651|4.789e-05|0.000179959|0.000237659|0.000223952|1.77434e-05|0.00096308|5.21063e-05|1.2987e-05|2.95455e-05|0.000185382,0.000316017|0.00788063|0.0016732|0.00010157|0.00213059|0.00138752|0.00308746|0.00655588|0.00292552|0.000470269|0.00843573|0.0006856|0.00195589|0.000368678|0.000286765|0.000125263|0.00344885,0.0109342|0.0476737|0.0313381|0.00160082|0.00968695|0.00215298|0.0211034|0.00398508|0.00778345|0.0203827|0.0370095|0.0408661|0.00712365|0.0108696|0.0377902|0.00830448|0.0365406,0.000178506|0.00335145|0.0470205|0.0260762|0.0280967|0.0375959|0.0151027|0.0178703|0.0161829|0.0146278|0.00589983|0.040072|0.0414669|0.0181411|0.0195364|0.0293842|0.0130093,0.973537|0.954869|0.937315|0.908628|0.923653|0.952159|0.943878|0.972158|0.953313|0.978907|0.984554|0.95984|0.971602|0.923215|0.951762|0.927471|0.98883,4.63983|5.26639|3.07758|5.01633|1.04264|5.24666|4.82496|5.42296|0.10397|3.10364|5.26958|0.048646|3.14177|4.79469|0.85792|5.03384|4.04415,79.8117|56.34|32.9383|50.0569|93.5115|91.3525|88.6669|69.5993|27.3217|70.8824|15.3326|55.6995|76.7594|58.7029|71.0086|11.2844,0.246796|0.206669|0.230728|0.19306|0.242679|0.243038|0.215598|0.204659|0.199785|0.16183|0.236297|0.206062|0.218425|0.201188|0.230021|0.200895,0.338018|0.285239|0.628307|0.116472|0.487093|0.658826|0.123891|0.237533|0.769012|0.215539|0.655447|0.677391|0.515127|0.666395|0.131268|0.836539,0.869523,0.801463,0.117836,0.0993652,0.460468,0.534015,0.0732846,0.487967,0.198257,0.921169,51.6436,5.43263e-12,47756,0.887486,41.1981,1.06086e-12,38445,0.895553,0.876428,0.0878307,0.631141,0.996144,0.511517,0.22039,0.459803,0.228135,0.891603,87.9902,7.64954e-10,30733,0.967162,70.4477,9.04596e-11,52512
24,484,n1->n99->n77->n93->n95->n82->n80->n78->n85->n84->n33->n32->n30->n29->n27->n52->n51,5.37021e+09|1.57108e+10|5.68112e+11|4.22601e+13|1.05601e+11|1.07979e+13|2.45686e+13|3.25238e+10|2.02447e+09|1.07392e+09|3.64323e+13|1.78367e+12|1.26395e+10|3.6336e+13|4.19351e+12|1.02428e+10|7.46708e+11,8.19724e+08|4.21389e+09|3.56307e+11|1.3774e+13|5.46554e+10|1.66379e+12|2.75437e+12|2.30731e+10|2.41326e+08|9.00899e+08|6.32377e+12|1.05491e+12|1.81012e+09|1.77292e+13|8.73344e+11|2.07235e+09|5.06847e+11,0.000494453|0.00089026|8.49487e-05|8.45967e-05|0.000260968|0.000837919|1.13052e-05|0.000270955|2.04325e-05|2.14473e-05|1.50316e-05|0.000179959|4.789e-05|0.000125062|1.08528e-05|0.00011644|0.000185382,0.000316017|0.000350126|0.000906866|0.000162335|0.000186877|0.00271152|0.000238286|0.00167497|0.000338175|0.000434313|0.00213059|0.00292552|0.00655588|0.00231296|0.00262605|0.00580301|0.00344885,0.0109342|0.0362414|0.04851|0.0108045|0.00282907|0.0278433|0.00592883|0.00569443|0.0354515|0.0473575|0.00968695|0.00778345|0.00398508|0.0255931|0.0303206|0.0398377|0.0365406,0.000178506|0.0472365|0.0115254|0.0326183|0.0420997|0.0266174|0.0262948|0.0425349|0.0266209|0.0366447|0.0280967|0.0161829|0.0178703|0.00291922|0.0230682|0.0151024|0.0130093,0.973537|0.953794|0.949999|0.912097|0.966581|0.934435|0.919013|0.92832|0.940474|0.948551|0.923653|0.953313|0.972158|0.962742|0.985376|0.965406|0.98883,4.63983|3.07459|0.722366|5.92115|1.09944|0.132111|0.100836|3.3614|4.91715|5.42186|1.04264|0.10397|5.42296|0.0327787|4.5695|0.0104102|4.04415,66.2586|96.5216|51.9256|24.941|75.699|47.0365|66.5291|67.1704|82.1833|59.7094|61.2747|69.5993|29.3504|49.6282|46.2248|83.3731,0.180129|0.241387|0.247077|0.237661|0.21275|0.231931|0.222935|0.184721|0.216313|0.183728|0.208144|0.204659|0.179657|0.180772|0.183493|0.197114,0.323551|0.664018|0.469529|0.985064|0.837867|0.796307|0.109088|0.609732|0.528406|0.218166|0.704271|0.237533|0.887943|0.511755|0.657987|0.942894,0.869523,0.801463,0.117836,0.0993652,0.460468,0.534015,0.0732846,0.487967,0.198257,0.921169,51.6436,5.43263e-12,47756,0.887486,41.1981,1.06086e-12,38445,0.895553,0.876428,0.0878307,0.631141,0.996144,0.511517,0.22039,0.459803,0.228135,0.891603,87.9902,7.64954e-10,30733,0.967162,70.4477,9.04596e-11,52512
24,485,n1->n99->n77->n23->n24->n26->n25->n27->n52->n65->n5->n3->n69->n28->n29->n50->n51,5.37021e+09|1.57108e+10|5.68112e+11|4.63033e+10|1.59557e+13|7.09351e+09|1.67189e+13|4.19351e+12|1.02428e+10|1.12599e+09|2.91995e+11|2.78751e+13|8.81277e+09|1.34247e+11|3.6336e+13|2.36425e+09|7.46708e+11,8.19724e+08|4.21389e+09|3.56307e+11|3.30225e+10|4.06569e+12|1.31666e+09|1.40059e+13|8.73344e+11|2.07235e+09|3.2906e+08|4.67133e+10|1.44762e+13|7.57626e+09|1.51805e+10|1.77292e+13|4.07889e+08|5.06847e+11,0.000494453|0.00089026|8.49487e-05|0.000277161|0.000193265|3.77967e-05|6.30741e-05|1.08528e-05|0.00011644|1.96575e-05|7.03031e-05|0.00022361|0.000268039|0.00056516|0.000125062|1.54283e-05|0.000185382,0.000316017|0.000350126|0.000906866|0.00418014|0.0012727|0.00522178|0.00294926|0.00262605|0.00580301|0.000428116|0.000196916|0.00776667|0.00367819|0.0093172|0.00231296|0.00907722|0.00344885,0.0109342|0.0362414|0.04851|0.00314906|0.0433038|0.0101688|0.0195393|0.0303206|0.0398377|0.00118659|0.00731162|0.0268705|0.022957|0.0317261|0.0255931|0.00638914|0.0365406,0.000178506|0.0472365|0.0115254|0.0470385|0.00780618|0.0409649|0.0159438|0.0230682|0.0151024|0.00176737|0.0421608|0.0326941|0.0100342|0.03841|0.00291922|0.0483596|0.0130093,0.973537|0.953794|0.949999|0.92176|0.90929|0.981638|0.9023|0.985376|0.965406|0.967717|0.951514|0.982466|0.975915|0.948072|0.962742|0.910708|0.98883,4.63983|3.07459|0.722366|2.08786|3.9732|2.91399|1.57149|4.5695|0.0104102|4.1126|4.90362|4.79844|2.99986|1.48687|0.0327787|5.41755|4.04415,66.2586|96.5216|39.0733|44.8869|83.4704|63.0993|64.4551|46.2248|56.1703|35.0583|10.4739|83.9106|97.1045|18.7034|37.0378|82.9474,0.180129|0.241387|0.178948|0.161116|0.216464|0.228799|0.242248|0.183493|0.247907|0.209201|0.163561|0.204476|0.207556|0.249902|0.191256|0.24308,0.323551|0.664018|0.23533|0.528582|0.583168|0.359402|0.837222|0.657987|0.827328|0.297185|0.469027|0.65353|0.438091|0.259002|0.182586|0.624607,0.869523,0.801463,0.117836,0.0993652,0.460468,0.534015,0.0732846,0.487967,0.198257,0.921169,51.6436,5.43263e-12,47756,0.887486,41.1981,1.06086e-12,38445,0.895553,0.876428,0.0878307,0.631141,0.996144,0.511517,0.22039,0.459803,0.228135,0.891603,87.9902,7.64954e-10,30733,0.967162,70.4477,9.04596e-11,52512
24,486,n1->n99->n97->n27->n4->n2->n100->n90->n59->n58->n68->n22->n21->n67->n64->n49->n51,5.37021e+09|1.57108e+10|2.90604e+09|4.19351e+12|7.07339e+12|5.94248e+10|4.01966e+09|1.33273e+11|3.04563e+11|8.16696e+09|1.31753e+09|1.47e+10|1.56161e+12|4.7483e+09|4.21034e+09|2.45005e+09|7.46708e+11,8.19724e+08|4.21389e+09|5.04144e+08|8.73344e+11|2.43435e+12|3.74975e+10|2.27749e+09|6.41526e+10|3.06423e+10|6.89506e+09|3.10679e+08|9.51029e+09|3.02345e+11|7.5553e+08|1.60867e+09|2.44458e+09|5.06847e+11,0.000494453|0.00089026|8.81202e-05|1.08528e-05|0.000113681|1.10648e-05|0.000665246|0.000319756|2.43107e-05|0.000266735|0.000223952|1.77434e-05|0.00096308|3.91885e-05|1.88732e-05|1.07426e-05|0.000185382,0.000316017|0.000350126|0.00494291|0.00262605|0.00198341|0.00120557|0.00914892|0.000672662|0.000202742|0.00874893|0.00843573|0.0006856|0.00195589|0.000640186|0.000135861|0.000979027|0.00344885,0.0109342|0.0362414|0.0381696|0.0303206|0.0350273|0.00369149|0.0100829|0.0285929|0.00304046|0.0248478|0.0370095|0.0408661|0.00712365|0.029632|0.0266797|0.0183567|0.0365406,0.000178506|0.0472365|0.00800322|0.0230682|0.0273051|0.0127317|0.0460028|0.0372754|0.0474075|0.0481122|0.00589983|0.040072|0.0414669|0.0482082|0.0436548|0.0388066|0.0130093,0.973537|0.953794|0.90679|0.985376|0.917619|0.968894|0.935175|0.984478|0.99171|0.911658|0.984554|0.95984|0.971602|0.924883|0.933821|0.969899|0.98883,4.63983|3.07459|1.41691|4.5695|1.56082|4.74216|3.89025|4.02061|5.60303|3.70937|5.26958|0.048646|3.14177|2.06342|5.77568|3.94615|4.04415,66.2586|94.4507|31.5608|52.1141|30.2686|37.015|32.7492|62.2588|56.397|56.905|15.3326|55.6995|42.5138|95.5844|77.768|10.4661,0.180129|0.168303|0.219936|0.184605|0.239023|0.17211|0.191207|0.169222|0.21902|0.185169|0.236297|0.206062|0.197352|0.248978|0.165457|0.216931,0.323551|0.263233|0.557853|0.200735|0.514427|0.315214|0.878161|0.361153|0.533324|0.476138|0.655447|0.677391|0.602799|0.480161|0.348083|0.516407,0.869523,0.801463,0.117836,0.0993652,0.460468,0.534015,0.0732846,0.487967,0.198257,0.921169,51.6436,5.43263e-12,47756,0.887486,41.1981,1.06086e-12,38445,0.895553,0.876428,0.0878307,0.631141,0.996144,0.511517,0.22039,0.459803,0.228135,0.891603,87.9902,7.64954e-10,30733,0.967162,70.4477,9.04596e-11,52512
24,487,n1->n99->n77->n93->n94->n96->n14->n13->n12->n6->n33->n84->n56->n54->n53->n52->n51,5.37021e+09|1.57108e+10|5.68112e+11|4.22601e+13|1.36531e+10|2.51165e+12|3.70261e+10|6.60497e+13|9.70597e+10|1.14208e+09|3.64323e+13|1.07392e+09|1.1605e+12|2.80961e+11|4.60474e+10|1.02428e+10|7.46708e+11,8.19724e+08|4.21389e+09|3.56307e+11|1.3774e+13|1.67171e+09|5.36324e+11|1.44234e+10|8.87204e+12|2.76143e+10|2.20459e+08|6.32377e+12|9.00899e+08|5.65456e+11|2.23178e+11|3.18273e+10|2.07235e+09|5.06847e+11,0.000494453|0.00089026|8.49487e-05|8.45967e-05|2.95455e-05|1.2987e-05|3.25754e-05|0.000787814|0.000201974|1.08483e-05|1.50316e-05|2.14473e-05|1.7812e-05|1.47667e-05|2.00633e-05|0.00011644|0.000185382,0.000316017|0.000350126|0.000906866|0.000162335|0.000125263|0.000286765|0.000181646|0.00788063|0.0016732|0.00010157|0.00213059|0.000434313|0.000830638|0.00549128|0.000509085|0.00580301|0.00344885,0.0109342|0.0362414|0.04851|0.0108045|0.00830448|0.0377902|0.0426128|0.0476737|0.0313381|0.00160082|0.00968695|0.0473575|0.0231698|0.0334079|5.21659e-05|0.0398377|0.0365406,0.000178506|0.0472365|0.0115254|0.0326183|0.0293842|0.0195364|0.049061|0.00335145|0.0470205|0.0260762|0.0280967|0.0366447|0.0417641|0.00844474|0.00115664|0.0151024|0.0130093,0.973537|0.953794|0.949999|0.912097|0.927471|0.951762|0.906626|0.954869|0.937315|0.908628|0.923653|0.948551|0.944528|0.927525|0.913872|0.965406|0.98883,4.63983|3.07459|0.722366|5.92115|5.03384|0.85792|0.762282|5.26639|3.07758|5.01633|1.04264|5.42186|2.55597|1.22009|0.640024|0.0104102|4.04415,66.2586|96.5216|51.9256|63.1349|71.0086|54.7186|92.5451|56.34|32.9383|50.0569|59.7094|34.4372|42.6814|75.3264|81.3721|83.3731,0.180129|0.241387|0.247077|0.209804|0.230021|0.208433|0.191459|0.206669|0.230728|0.19306|0.183728|0.222961|0.167734|0.191357|0.184589|0.197114,0.323551|0.664018|0.469529|0.17375|0.131268|0.448351|0.161307|0.285239|0.628307|0.116472|0.218166|0.762891|0.927159|0.567841|0.272111|0.942894,0.869523,0.801463,0.117836,0.0993652,0.460468,0.534015,0.0732846,0.487967,0.198257,0.921169,51.6436,5.43263e-12,47756,0.887486,41.1981,1.06086e-12,38445,0.895553,0.876428,0.0878307,0.631141,0.996144,0.511517,0.22039,0.459803,0.228135,0.891603,87.9902,7.64954e-10,30733,0.967162,70.4477,9.04596e-11,52512
24,488,n1->n20->n21->n22->n68->n58->n59->n90->n88->n87->n86->n76->n30->n31->n29->n50->n51,5.37021e+09|4.0293e+11|1.56161e+12|1.47e+10|1.31753e+09|8.16696e+09|3.04563e+11|1.33273e+11|9.00567e+12|7.3435e+12|3.85304e+10|4.21804e+13|1.26395e+10|4.79342e+12|3.6336e+13|2.36425e+09|7.46708e+11,8.19724e+08|1.89646e+11|3.02345e+11|9.51029e+09|3.10679e+08|6.89506e+09|3.06423e+10|6.41526e+10|8.66002e+12|2.79916e+12|4.69095e+09|1.15782e+13|1.81012e+09|4.42443e+12|1.77292e+13|4.07889e+08|5.06847e+11,0.000494453|5.21063e-05|0.00096308|1.77434e-05|0.000223952|0.000266735|2.43107e-05|0.000319756|6.2721e-05|0.000634307|6.21631e-05|1.88608e-05|4.789e-05|0.00024651|0.000125062|1.54283e-05|0.000185382,0.000316017|0.000368678|0.00195589|0.0006856|0.00843573|0.00874893|0.000202742|0.000672662|0.000480267|0.00151267|0.00341054|0.00214239|0.00655588|0.00308746|0.00231296|0.00907722|0.00344885,0.0109342|0.0108696|0.00712365|0.0408661|0.0370095|0.0248478|0.00304046|0.0285929|0.00850464|0.0186268|0.0237043|0.00156873|0.00398508|0.0211034|0.0255931|0.00638914|0.0365406,0.000178506|0.0181411|0.0414669|0.040072|0.00589983|0.0481122|0.0474075|0.0372754|0.0237676|0.00979507|0.0488574|0.0470058|0.0178703|0.0151027|0.00291922|0.0483596|0.0130093,0.973537|0.923215|0.971602|0.95984|0.984554|0.911658|0.99171|0.984478|0.962132|0.977244|0.981332|0.989289|0.972158|0.943878|0.962742|0.910708|0.98883,4.63983|4.79469|3.14177|0.048646|5.26958|3.70937|5.60303|4.02061|1.9653|2.33192|4.96971|0.578949|5.42296|4.82496|0.0327787|5.41755|4.04415,90.7492|76.7594|55.6995|15.3326|56.905|56.397|62.2588|14.1987|57.0974|88.9922|37.5994|21.8454|88.6669|70.4589|37.0378|82.9474,0.215706|0.218425|0.206062|0.236297|0.185169|0.21902|0.169222|0.244274|0.227675|0.246364|0.17745|0.220509|0.215598|0.246199|0.191256|0.24308,0.53635|0.515127|0.677391|0.655447|0.476138|0.533324|0.361153|0.997795|0.396625|0.83582|0.871942|0.936019|0.123891|0.415176|0.182586|0.624607,0.869523,0.801463,0.117836,0.0993652,0.460468,0.534015,0.0732846,0.487967,0.198257,0.921169,51.6436,5.43263e-12,47756,0.887486,41.1981,1.06086e-12,38445,0.895553,0.876428,0.0878307,0.631141,0.996144,0.511517,0.22039,0.459803,0.228135,0.891603,87.9902,7.64954e-10,30733,0.967162,70.4477,9.04596e-11,52512
24,489,n1->n20->n19->n18->n70->n72->n73->n71->n24->n23->n83->n57->n55->n54->n53->n52->n51,5.37021e+09|4.0293e+11|2.47533e+11|7.59179e+12|6.87309e+13|6.83442e+09|1.41706e+11|7.70008e+11|1.59557e+13|4.63033e+10|3.76373e+13|4.14288e+09|8.84081e+12|2.80961e+11|4.60474e+10|1.02428e+10|7.46708e+11,8.19724e+08|1.89646e+11|2.33399e+11|4.11836e+12|9.78332e+12|1.48353e+09|5.76853e+10|1.60546e+11|4.06569e+12|3.30225e+10|2.34723e+13|2.05006e+09|4.69454e+12|2.23178e+11|3.18273e+10|2.07235e+09|5.06847e+11,0.000494453|5.21063e-05|0.000261527|2.98936e-05|5.13815e-05|0.000159499|6.32916e-05|0.00017279|0.000193265|0.000277161|1.86087e-05|0.000173612|4.06274e-05|1.47667e-05|2.00633e-05|0.00011644|0.000185382,0.000316017|0.000368678|0.000768065|0.000681499|0.00295865|0.00384342|0.000807753|0.00123164|0.0012727|0.00418014|0.000175452|0.00271581|0.000128431|0.00549128|0.000509085|0.00580301|0.00344885,0.0109342|0.0108696|0.0201979|0.0192976|0.0286141|0.0479977|0.0455502|0.0398828|0.0433038|0.00314906|0.015405|0.0328142|0.00843704|0.0334079|5.21659e-05|0.0398377|0.0365406,0.000178506|0.0181411|0.0291803|0.0120519|0.0216638|0.0299903|0.028193|0.0326729|0.00780618|0.0470385|0.038157|0.0437642|0.0314938|0.00844474|0.00115664|0.0151024|0.0130093,0.973537|0.923215|0.941018|0.946711|0.966653|0.96924|0.909539|0.947193|0.90929|0.92176|0.947801|0.983348|0.908585|0.927525|0.913872|0.965406|0.98883,4.63983|4.79469|1.39448|4.38273|4.60778|3.90463|3.29092|0.117525|3.9732|2.08786|4.11052|1.93323|3.37071|1.22009|0.640024|0.0104102|4.04415,90.7492|86.2435|34.0839|55.8812|97.4405|29.1617|28.2621|44.1502|44.8869|23.518|50.003|61.5999|27.8669|75.3264|81.3721|83.3731,0.215706|0.182991|0.248409|0.234874|0.180102|0.178937|0.242769|0.204574|0.161116|0.181099|0.1911|0.220389|0.169326|0.191357|0.184589|0.197114,0.53635|0.182796|0.983209|0.16843|0.79408|0.920295|0.940077|0.45026|0.528582|0.741177|0.161388|0.549818|0.414082|0.567841|0.272111|0.942894,0.869523,0.801463,0.117836,0.0993652,0.460468,0.534015,0.0732846,0.487967,0.198257,0.921169,51.6436,5.43263e-12,47756,0.887486,41.1981,1.06086e-12,38445,0.895553,0.876428,0.0878307,0.631141,0.996144,0.511517,0.22039,0.459803,0.228135,0.891603,87.9902,7.64954e-10,30733,0.967162,70.4477,9.04596e-11,52512
24,490,n1->n13->n15->n34->n32->n30->n29->n28->n69->n70->n18->n20->n89->n90->n59->n50->n51,5.37021e+09|6.60497e+13|8.77071e+11|4.7313e+12|1.78367e+12|1.26395e+10|3.6336e+13|1.34247e+11|8.81277e+09|6.87309e+13|7.59179e+12|4.0293e+11|2.68119e+11|1.33273e+11|3.04563e+11|2.36425e+09|7.46708e+11,8.19724e+08|8.87204e+12|1.06991e+11|1.15705e+12|1.05491e+12|1.81012e+09|1.77292e+13|1.51805e+10|7.57626e+09|9.78332e+12|4.11836e+12|1.89646e+11|9.23423e+10|6.41526e+10|3.06423e+10|4.07889e+08|5.06847e+11,0.000494453|0.000787814|0.000182949|0.000140889|0.000179959|4.789e-05|0.000125062|0.00056516|0.000268039|5.13815e-05|2.98936e-05|5.21063e-05|3.55201e-05|0.000319756|2.43107e-05|1.54283e-05|0.000185382,0.000316017|0.00788063|0.00274771|0.000270551|0.00292552|0.00655588|0.00231296|0.0093172|0.00367819|0.00295865|0.000681499|0.000368678|0.000111435|0.000672662|0.000202742|0.00907722|0.00344885,0.0109342|0.0476737|0.0207315|0.0276207|0.00778345|0.00398508|0.0255931|0.0317261|0.022957|0.0286141|0.0192976|0.0108696|0.0107812|0.0285929|0.00304046|0.00638914|0.0365406,0.000178506|0.00335145|0.0378122|0.0210615|0.0161829|0.0178703|0.00291922|0.03841|0.0100342|0.0216638|0.0120519|0.0181411|0.0401575|0.0372754|0.0474075|0.0483596|0.0130093,0.973537|0.954869|0.910795|0.904866|0.953313|0.972158|0.962742|0.948072|0.975915|0.966653|0.946711|0.923215|0.926416|0.984478|0.99171|0.910708|0.98883,4.63983|5.26639|1.89272|4.56594|0.10397|5.42296|0.0327787|1.48687|2.99986|4.60778|4.38273|4.79469|0.0868458|4.02061|5.60303|5.41755|4.04415,79.8117|66.6304|27.3162|23.0914|69.5993|29.3504|18.7034|97.1045|74.5377|55.8812|89.2299|18.2346|12.726|62.2588|47.7013|82.9474,0.246796|0.179788|0.231681|0.18593|0.204659|0.179657|0.249902|0.207556|0.172691|0.234874|0.247215|0.231355|0.226099|0.169222|0.170229|0.24308,0.338018|0.275394|0.750497|0.12287|0.237533|0.887943|0.259002|0.438091|0.416585|0.16843|0.652252|0.595303|0.757755|0.361153|0.776444|0.624607,0.869523,0.801463,0.117836,0.0993652,0.460468,0.534015,0.0732846,0.487967,0.198257,0.921169,51.6436,5.43263e-12,47756,0.887486,41.1981,1.06086e-12,38445,0.895553,0.876428,0.0878307,0.631141,0.996144,0.511517,0.22039,0.459803,0.228135,0.891603,87.9902,7.64954e-10,30733,0.967162,70.4477,9.04596e-11,52512
24,491,n1->n20->n19->n68->n66->n32->n30->n76->n75->n74->n22->n21->n23->n77->n93->n94->n51,5.37021e+09|4.0293e+11|2.47533e+11|1.31753e+09|1.10072e+10|1.78367e+12|1.26395e+10|4.21804e+13|8.71921e+10|5.8385e+13|1.47e+10|1.56161e+12|4.63033e+10|5.68112e+11|4.22601e+13|1.36531e+10|7.46708e+11,8.19724e+08|1.89646e+11|2.33399e+11|3.10679e+08|8.7665e+09|1.05491e+12|1.81012e+09|1.15782e+13|5.29113e+10|7.35096e+12|9.51029e+09|3.02345e+11|3.30225e+10|3.56307e+11|1.3774e+13|1.67171e+09|5.06847e+11,0.000494453|5.21063e-05|0.000261527|0.000223952|0.000237659|0.000179959|4.789e-05|1.88608e-05|0.000766915|0.000875739|1.77434e-05|0.00096308|0.000277161|8.49487e-05|8.45967e-05|2.95455e-05|0.000185382,0.000316017|0.000368678|0.000768065|0.00843573|0.000470269|0.00292552|0.00655588|0.00214239|0.000203965|0.00944671|0.0006856|0.00195589|0.00418014|0.000906866|0.000162335|0.000125263|0.00344885,0.0109342|0.0108696|0.0201979|0.0370095|0.0203827|0.00778345|0.00398508|0.00156873|0.0243876|0.0280357|0.0408661|0.00712365|0.00314906|0.04851|0.0108045|0.00830448|0.0365406,0.000178506|0.0181411|0.0291803|0.00589983|0.0146278|0.0161829|0.0178703|0.0470058|0.0250863|0.0166219|0.040072|0.0414669|0.0470385|0.0115254|0.0326183|0.0293842|0.0130093,0.973537|0.923215|0.941018|0.984554|0.978907|0.953313|0.972158|0.989289|0.936129|0.90082|0.95984|0.971602|0.92176|0.949999|0.912097|0.927471|0.98883,4.63983|4.79469|1.39448|5.26958|3.10364|0.10397|5.42296|0.578949|3.39264|0.0974208|0.048646|3.14177|2.08786|0.722366|5.92115|5.03384|4.04415,90.7492|86.2435|67.5745|70.8824|27.3217|69.5993|21.8454|63.5216|64.3401|63.8366|55.6995|88.4205|39.0733|51.9256|63.1349|11.2844,0.215706|0.182991|0.2055|0.16183|0.199785|0.204659|0.220509|0.207806|0.220369|0.241428|0.206062|0.232237|0.178948|0.247077|0.209804|0.200895,0.53635|0.182796|0.968257|0.215539|0.769012|0.237533|0.936019|0.844544|0.119032|0.480684|0.677391|0.516177|0.23533|0.469529|0.17375|0.836539,0.869523,0.801463,0.117836,0.0993652,0.460468,0.534015,0.0732846,0.487967,0.198257,0.921169,51.6436,5.43263e-12,47756,0.887486,41.1981,1.06086e-12,38445,0.895553,0.876428,0.0878307,0.631141,0.996144,0.511517,0.22039,0.459803,0.228135,0.891603,87.9902,7.64954e-10,30733,0.967162,70.4477,9.04596e-11,52512
24,492,n1->n13->n14->n12->n6->n33->n24->n23->n21->n20->n19->n68->n58->n59->n60->n50->n51,5.37021e+09|6.60497e+13|3.70261e+10|9.70597e+10|1.14208e+09|3.64323e+13|1.59557e+13|4.63033e+10|1.56161e+12|4.0293e+11|2.47533e+11|1.31753e+09|8.16696e+09|3.04563e+11|8.79841e+13|2.36425e+09|7.46708e+11,8.19724e+08|8.87204e+12|1.44234e+10|2.76143e+10|2.20459e+08|6.32377e+12|4.06569e+12|3.30225e+10|3.02345e+11|1.89646e+11|2.33399e+11|3.10679e+08|6.89506e+09|3.06423e+10|5.95756e+13|4.07889e+08|5.06847e+11,0.000494453|0.000787814|3.25754e-05|0.000201974|1.08483e-05|1.50316e-05|0.000193265|0.000277161|0.00096308|5.21063e-05|0.000261527|0.000223952|0.000266735|2.43107e-05|0.000731749|1.54283e-05|0.000185382,0.000316017|0.00788063|0.000181646|0.0016732|0.00010157|0.00213059|0.0012727|0.00418014|0.00195589|0.000368678|0.000768065|0.00843573|0.00874893|0.000202742|0.000248463|0.00907722|0.00344885,0.0109342|0.0476737|0.0426128|0.0313381|0.00160082|0.00968695|0.0433038|0.00314906|0.00712365|0.0108696|0.0201979|0.0370095|0.0248478|0.00304046|0.0128442|0.00638914|0.0365406,0.000178506|0.00335145|0.049061|0.0470205|0.0260762|0.0280967|0.00780618|0.0470385|0.0414669|0.0181411|0.0291803|0.00589983|0.0481122|0.0474075|0.0431033|0.0483596|0.0130093,0.973537|0.954869|0.906626|0.937315|0.908628|0.923653|0.90929|0.92176|0.971602|0.923215|0.941018|0.984554|0.911658|0.99171|0.945549|0.910708|0.98883,4.63983|5.26639|0.762282|3.07758|5.01633|1.04264|3.9732|2.08786|3.14177|4.79469|1.39448|5.26958|3.70937|5.60303|4.50487|5.41755|4.04415,79.8117|92.5451|51.9585|32.9383|50.0569|98.0873|44.8869|88.4205|76.7594|86.2435|67.5745|56.905|56.397|76.8491|22.3088|82.9474,0.246796|0.191459|0.222459|0.230728|0.19306|0.239791|0.161116|0.232237|0.218425|0.182991|0.2055|0.185169|0.21902|0.204072|0.190841|0.24308,0.338018|0.161307|0.326911|0.628307|0.116472|0.939209|0.528582|0.516177|0.515127|0.182796|0.968257|0.476138|0.533324|0.509755|0.323935|0.624607,0.869523,0.801463,0.117836,0.0993652,0.460468,0.534015,0.0732846,0.487967,0.198257,0.921169,51.6436,5.43263e-12,47756,0.887486,41.1981,1.06086e-12,38445,0.895553,0.876428,0.0878307,0.631141,0.996144,0.511517,0.22039,0.459803,0.228135,0.891603,87.9902,7.64954e-10,30733,0.967162,70.4477,9.04596e-11,52512
24,493,n1->n99->n97->n27->n26->n24->n33->n6->n12->n13->n14->n75->n73->n10->n63->n61->n51,5.37021e+09|1.57108e+10|2.90604e+09|4.19351e+12|7.09351e+09|1.59557e+13|3.64323e+13|1.14208e+09|9.70597e+10|6.60497e+13|3.70261e+10|8.71921e+10|1.41706e+11|2.49624e+09|6.55204e+12|6.44979e+11|7.46708e+11,8.19724e+08|4.21389e+09|5.04144e+08|8.73344e+11|1.31666e+09|4.06569e+12|6.32377e+12|2.20459e+08|2.76143e+10|8.87204e+12|1.44234e+10|5.29113e+10|5.76853e+10|7.32581e+08|2.63574e+12|1.30372e+11|5.06847e+11,0.000494453|0.00089026|8.81202e-05|1.08528e-05|3.77967e-05|0.000193265|1.50316e-05|1.08483e-05|0.000201974|0.000787814|3.25754e-05|0.000766915|6.32916e-05|6.27016e-05|0.000116235|3.71253e-05|0.000185382,0.000316017|0.000350126|0.00494291|0.00262605|0.00522178|0.0012727|0.00213059|0.00010157|0.0016732|0.00788063|0.000181646|0.000203965|0.000807753|0.00113469|0.00126856|0.00313588|0.00344885,0.0109342|0.0362414|0.0381696|0.0303206|0.0101688|0.0433038|0.00968695|0.00160082|0.0313381|0.0476737|0.0426128|0.0243876|0.0455502|0.00597815|0.0100727|0.0266048|0.0365406,0.000178506|0.0472365|0.00800322|0.0230682|0.0409649|0.00780618|0.0280967|0.0260762|0.0470205|0.00335145|0.049061|0.0250863|0.028193|0.0245713|0.0107197|0.0179693|0.0130093,0.973537|0.953794|0.90679|0.985376|0.981638|0.90929|0.923653|0.908628|0.937315|0.954869|0.906626|0.936129|0.909539|0.962416|0.903245|0.958619|0.98883,4.63983|3.07459|1.41691|4.5695|2.91399|3.9732|1.04264|5.01633|3.07758|5.26639|0.762282|3.39264|3.29092|1.97158|4.68449|2.63855|4.04415,66.2586|94.4507|31.5608|67.4197|83.4704|98.0873|50.0569|32.9383|56.34|92.5451|56.2706|85.6152|29.3778|65.1286|47.0482|66.5616,0.180129|0.168303|0.219936|0.171162|0.216464|0.239791|0.19306|0.230728|0.206669|0.191459|0.226178|0.185893|0.202302|0.203746|0.167884|0.171721,0.323551|0.263233|0.557853|0.40751|0.583168|0.939209|0.116472|0.628307|0.285239|0.161307|0.725021|0.624191|0.747283|0.514129|0.410418|0.235817,0.869523,0.801463,0.117836,0.0993652,0.460468,0.534015,0.0732846,0.487967,0.198257,0.921169,51.6436,5.43263e-12,47756,0.887486,41.1981,1.06086e-12,38445,0.895553,0.876428,0.0878307,0.631141,0.996144,0.511517,0.22039,0.459803,0.228135,0.891603,87.9902,7.64954e-10,30733,0.967162,70.4477,9.04596e-11,52512
24,494,n1->n13->n12->n14->n75->n76->n74->n22->n68->n58->n59->n50->n48->n46->n62->n61->n51,5.37021e+09|6.60497e+13|9.70597e+10|3.70261e+10|8.71921e+10|4.21804e+13|5.8385e+13|1.47e+10|1.31753e+09|8.16696e+09|3.04563e+11|2.36425e+09|3.98001e+12|5.53417e+12|2.37342e+11|6.44979e+11|7.46708e+11,8.19724e+08|8.87204e+12|2.76143e+10|1.44234e+10|5.29113e+10|1.15782e+13|7.35096e+12|9.51029e+09|3.10679e+08|6.89506e+09|3.06423e+10|4.07889e+08|1.69514e+12|1.63629e+12|1.13053e+11|1.30372e+11|5.06847e+11,0.000494453|0.000787814|0.000201974|3.25754e-05|0.000766915|1.88608e-05|0.000875739|1.77434e-05|0.000223952|0.000266735|2.43107e-05|1.54283e-05|4.78153e-05|0.000489732|8.24006e-05|3.71253e-05|0.000185382,0.000316017|0.00788063|0.0016732|0.000181646|0.000203965|0.00214239|0.00944671|0.0006856|0.00843573|0.00874893|0.000202742|0.00907722|0.00544009|0.000159088|0.00794111|0.00313588|0.00344885,0.0109342|0.0476737|0.0313381|0.0426128|0.0243876|0.00156873|0.0280357|0.0408661|0.0370095|0.0248478|0.00304046|0.00638914|0.0455031|0.029055|0.0242596|0.0266048|0.0365406,0.000178506|0.00335145|0.0470205|0.049061|0.0250863|0.0470058|0.0166219|0.040072|0.00589983|0.0481122|0.0474075|0.0483596|0.0360942|0.0302566|0.0480911|0.0179693|0.0130093,0.973537|0.954869|0.937315|0.906626|0.936129|0.989289|0.90082|0.95984|0.984554|0.911658|0.99171|0.910708|0.967439|0.923372|0.98053|0.958619|0.98883,4.63983|5.26639|3.07758|0.762282|3.39264|0.578949|0.0974208|0.048646|5.26958|3.70937|5.60303|5.41755|3.09858|0.31178|5.59786|2.63855|4.04415,79.8117|56.34|51.9585|56.2706|63.5216|53.1277|63.8366|15.3326|56.905|56.397|47.7013|23.5956|41.9872|56.7189|89.0369|66.5616,0.246796|0.206669|0.222459|0.226178|0.207806|0.181342|0.241428|0.236297|0.185169|0.21902|0.170229|0.191801|0.178665|0.167864|0.198053|0.171721,0.338018|0.285239|0.326911|0.725021|0.844544|0.519715|0.480684|0.655447|0.476138|0.533324|0.776444|0.688345|0.182289|0.624525|0.704733|0.235817,0.869523,0.801463,0.117836,0.0993652,0.460468,0.534015,0.0732846,0.487967,0.198257,0.921169,51.6436,5.43263e-12,47756,0.887486,41.1981,1.06086e-12,38445,0.895553,0.876428,0.0878307,0.631141,0.996144,0.511517,0.22039,0.459803,0.228135,0.891603,87.9902,7.64954e-10,30733,0.967162,70.4477,9.04596e-11,52512
24,495,n1->n13->n12->n14->n75->n4->n2->n100->n73->n71->n24->n33->n32->n31->n29->n50->n51,5.37021e+09|6.60497e+13|9.70597e+10|3.70261e+10|8.71921e+10|7.07339e+12|5.94248e+10|4.01966e+09|1.41706e+11|7.70008e+11|1.59557e+13|3.64323e+13|1.78367e+12|4.79342e+12|3.6336e+13|2.36425e+09|7.46708e+11,8.19724e+08|8.87204e+12|2.76143e+10|1.44234e+10|5.29113e+10|2.43435e+12|3.74975e+10|2.27749e+09|5.76853e+10|1.60546e+11|4.06569e+12|6.32377e+12|1.05491e+12|4.42443e+12|1.77292e+13|4.07889e+08|5.06847e+11,0.000494453|0.000787814|0.000201974|3.25754e-05|0.000766915|0.000113681|1.10648e-05|0.000665246|6.32916e-05|0.00017279|0.000193265|1.50316e-05|0.000179959|0.00024651|0.000125062|1.54283e-05|0.000185382,0.000316017|0.00788063|0.0016732|0.000181646|0.000203965|0.00198341|0.00120557|0.00914892|0.000807753|0.00123164|0.0012727|0.00213059|0.00292552|0.00308746|0.00231296|0.00907722|0.00344885,0.0109342|0.0476737|0.0313381|0.0426128|0.0243876|0.0350273|0.00369149|0.0100829|0.0455502|0.0398828|0.0433038|0.00968695|0.00778345|0.0211034|0.0255931|0.00638914|0.0365406,0.000178506|0.00335145|0.0470205|0.049061|0.0250863|0.0273051|0.0127317|0.0460028|0.028193|0.0326729|0.00780618|0.0280967|0.0161829|0.0151027|0.00291922|0.0483596|0.0130093,0.973537|0.954869|0.937315|0.906626|0.936129|0.917619|0.968894|0.935175|0.909539|0.947193|0.90929|0.923653|0.953313|0.943878|0.962742|0.910708|0.98883,4.63983|5.26639|3.07758|0.762282|3.39264|1.56082|4.74216|3.89025|3.29092|0.117525|3.9732|1.04264|0.10397|4.82496|0.0327787|5.41755|4.04415,79.8117|56.34|51.9585|56.2706|81.7362|30.2686|37.015|20.1165|28.2621|44.1502|98.0873|61.2747|86.0567|70.4589|37.0378|82.9474,0.246796|0.206669|0.222459|0.226178|0.218556|0.239023|0.17211|0.175955|0.242769|0.204574|0.239791|0.208144|0.16799|0.246199|0.191256|0.24308,0.338018|0.285239|0.326911|0.725021|0.847503|0.514427|0.315214|0.825877|0.940077|0.45026|0.939209|0.704271|0.799966|0.415176|0.182586|0.624607,0.869523,0.801463,0.117836,0.0993652,0.460468,0.534015,0.0732846,0.487967,0.198257,0.921169,51.6436,5.43263e-12,47756,0.887486,41.1981,1.06086e-12,38445,0.895553,0.876428,0.0878307,0.631141,0.996144,0.511517,0.22039,0.459803,0.228135,0.891603,87.9902,7.64954e-10,30733,0.967162,70.4477,9.04596e-11,52512
24,496,n1->n99->n77->n72->n71->n24->n23->n21->n22->n74->n75->n73->n100->n90->n59->n50->n51,5.37021e+09|1.57108e+10|5.68112e+11|6.83442e+09|7.70008e+11|1.59557e+13|4.63033e+10|1.56161e+12|1.47e+10|5.8385e+13|8.71921e+10|1.41706e+11|4.01966e+09|1.33273e+11|3.04563e+11|2.36425e+09|7.46708e+11,8.19724e+08|4.21389e+09|3.56307e+11|1.48353e+09|1.60546e+11|4.06569e+12|3.30225e+10|3.02345e+11|9.51029e+09|7.35096e+12|5.29113e+10|5.76853e+10|2.27749e+09|6.41526e+10|3.06423e+10|4.07889e+08|5.06847e+11,0.000494453|0.00089026|8.49487e-05|0.000159499|0.00017279|0.000193265|0.000277161|0.00096308|1.77434e-05|0.000875739|0.000766915|6.32916e-05|0.000665246|0.000319756|2.43107e-05|1.54283e-05|0.000185382,0.000316017|0.000350126|0.000906866|0.00384342|0.00123164|0.0012727|0.00418014|0.00195589|0.0006856|0.00944671|0.000203965|0.000807753|0.00914892|0.000672662|0.000202742|0.00907722|0.00344885,0.0109342|0.0362414|0.04851|0.0479977|0.0398828|0.0433038|0.00314906|0.00712365|0.0408661|0.0280357|0.0243876|0.0455502|0.0100829|0.0285929|0.00304046|0.00638914|0.0365406,0.000178506|0.0472365|0.0115254|0.0299903|0.0326729|0.00780618|0.0470385|0.0414669|0.040072|0.0166219|0.0250863|0.028193|0.0460028|0.0372754|0.0474075|0.0483596|0.0130093,0.973537|0.953794|0.949999|0.96924|0.947193|0.90929|0.92176|0.971602|0.95984|0.90082|0.936129|0.909539|0.935175|0.984478|0.99171|0.910708|0.98883,4.63983|3.07459|0.722366|3.90463|0.117525|3.9732|2.08786|3.14177|0.048646|0.0974208|3.39264|3.29092|3.89025|4.02061|5.60303|5.41755|4.04415,66.2586|96.5216|92.3918|45.8448|44.1502|44.8869|88.4205|55.6995|63.8366|64.3401|85.6152|20.1165|32.7492|62.2588|47.7013|82.9474,0.180129|0.241387|0.167022|0.218487|0.204574|0.161116|0.232237|0.206062|0.241428|0.220369|0.185893|0.175955|0.191207|0.169222|0.170229|0.24308,0.323551|0.664018|0.776051|0.29317|0.45026|0.528582|0.516177|0.677391|0.480684|0.119032|0.624191|0.825877|0.878161|0.361153|0.776444|0.624607,0.869523,0.801463,0.117836,0.0993652,0.460468,0.534015,0.0732846,0.487967,0.198257,0.921169,51.6436,5.43263e-12,47756,0.887486,41.1981,1.06086e-12,38445,0.895553,0.876428,0.0878307,0.631141,0.996144,0.511517,0.22039,0.459803,0.228135,0.891603,87.9902,7.64954e-10,30733,0.967162,70.4477,9.04596e-11,52512
24,497,n1->n13->n15->n34->n35->n33->n6->n12->n8->n7->n2->n100->n90->n89->n48->n50->n51,5.37021e+09|6.60497e+13|8.77071e+11|4.7313e+12|5.77859e+11|3.64323e+13|1.14208e+09|9.70597e+10|4.61239e+13|3.81012e+11|5.94248e+10|4.01966e+09|1.33273e+11|2.68119e+11|3.98001e+12|2.36425e+09|7.46708e+11,8.19724e+08|8.87204e+12|1.06991e+11|1.15705e+12|4.88834e+11|6.32377e+12|2.20459e+08|2.76143e+10|1.04208e+13|6.70334e+10|3.74975e+10|2.27749e+09|6.41526e+10|9.23423e+10|1.69514e+12|4.07889e+08|5.06847e+11,0.000494453|0.000787814|0.000182949|0.000140889|0.000412952|1.50316e-05|1.08483e-05|0.000201974|6.6054e-05|0.000475679|1.10648e-05|0.000665246|0.000319756|3.55201e-05|4.78153e-05|1.54283e-05|0.000185382,0.000316017|0.00788063|0.00274771|0.000270551|0.00138752|0.00213059|0.00010157|0.0016732|0.00522046|0.00104538|0.00120557|0.00914892|0.000672662|0.000111435|0.00544009|0.00907722|0.00344885,0.0109342|0.0476737|0.0207315|0.0276207|0.00215298|0.00968695|0.00160082|0.0313381|0.0318744|0.01754|0.00369149|0.0100829|0.0285929|0.0107812|0.0455031|0.00638914|0.0365406,0.000178506|0.00335145|0.0378122|0.0210615|0.0375959|0.0280967|0.0260762|0.0470205|0.0483133|0.0283975|0.0127317|0.0460028|0.0372754|0.0401575|0.0360942|0.0483596|0.0130093,0.973537|0.954869|0.910795|0.904866|0.952159|0.923653|0.908628|0.937315|0.975256|0.963898|0.968894|0.935175|0.984478|0.926416|0.967439|0.910708|0.98883,4.63983|5.26639|1.89272|4.56594|5.24666|1.04264|5.01633|3.07758|3.22282|3.51107|4.74216|3.89025|4.02061|0.0868458|3.09858|5.41755|4.04415,79.8117|66.6304|27.3162|26.2497|93.5115|50.0569|32.9383|81.3396|55.4093|88.6198|37.015|32.7492|12.726|94.0077|23.5956|82.9474,0.246796|0.179788|0.231681|0.244194|0.242679|0.19306|0.230728|0.186476|0.230451|0.228013|0.17211|0.191207|0.226099|0.234363|0.191801|0.24308,0.338018|0.275394|0.750497|0.307851|0.487093|0.116472|0.628307|0.379326|0.745697|0.84397|0.315214|0.878161|0.757755|0.948873|0.688345|0.624607,0.869523,0.801463,0.117836,0.0993652,0.460468,0.534015,0.0732846,0.487967,0.198257,0.921169,51.6436,5.43263e-12,47756,0.887486,41.1981,1.06086e-12,38445,0.895553,0.876428,0.0878307,0.631141,0.996144,0.511517,0.22039,0.459803,0.228135,0.891603,87.9902,7.64954e-10,30733,0.967162,70.4477,9.04596e-11,52512
24,498,n1->n20->n89->n88->n90->n100->n2->n4->n75->n74->n22->n21->n23->n77->n93->n94->n51,5.37021e+09|4.0293e+11|2.68119e+11|9.00567e+12|1.33273e+11|4.01966e+09|5.94248e+10|7.07339e+12|8.71921e+10|5.8385e+13|1.47e+10|1.56161e+12|4.63033e+10|5.68112e+11|4.22601e+13|1.36531e+10|7.46708e+11,8.19724e+08|1.89646e+11|9.23423e+10|8.66002e+12|6.41526e+10|2.27749e+09|3.74975e+10|2.43435e+12|5.29113e+10|7.35096e+12|9.51029e+09|3.02345e+11|3.30225e+10|3.56307e+11|1.3774e+13|1.67171e+09|5.06847e+11,0.000494453|5.21063e-05|3.55201e-05|6.2721e-05|0.000319756|0.000665246|1.10648e-05|0.000113681|0.000766915|0.000875739|1.77434e-05|0.00096308|0.000277161|8.49487e-05|8.45967e-05|2.95455e-05|0.000185382,0.000316017|0.000368678|0.000111435|0.000480267|0.000672662|0.00914892|0.00120557|0.00198341|0.000203965|0.00944671|0.0006856|0.00195589|0.00418014|0.000906866|0.000162335|0.000125263|0.00344885,0.0109342|0.0108696|0.0107812|0.00850464|0.0285929|0.0100829|0.00369149|0.0350273|0.0243876|0.0280357|0.0408661|0.00712365|0.00314906|0.04851|0.0108045|0.00830448|0.0365406,0.000178506|0.0181411|0.0401575|0.0237676|0.0372754|0.0460028|0.0127317|0.0273051|0.0250863|0.0166219|0.040072|0.0414669|0.0470385|0.0115254|0.0326183|0.0293842|0.0130093,0.973537|0.923215|0.926416|0.962132|0.984478|0.935175|0.968894|0.917619|0.936129|0.90082|0.95984|0.971602|0.92176|0.949999|0.912097|0.927471|0.98883,4.63983|4.79469|0.0868458|1.9653|4.02061|3.89025|4.74216|1.56082|3.39264|0.0974208|0.048646|3.14177|2.08786|0.722366|5.92115|5.03384|4.04415,90.7492|18.2346|92.4072|14.1987|32.7492|37.015|30.2686|81.7362|64.3401|63.8366|55.6995|88.4205|39.0733|51.9256|63.1349|11.2844,0.215706|0.231355|0.203687|0.244274|0.191207|0.17211|0.239023|0.218556|0.220369|0.241428|0.206062|0.232237|0.178948|0.247077|0.209804|0.200895,0.53635|0.595303|0.876618|0.997795|0.878161|0.315214|0.514427|0.847503|0.119032|0.480684|0.677391|0.516177|0.23533|0.469529|0.17375|0.836539,0.869523,0.801463,0.117836,0.0993652,0.460468,0.534015,0.0732846,0.487967,0.198257,0.921169,51.6436,5.43263e-12,47756,0.887486,41.1981,1.06086e-12,38445,0.895553,0.876428,0.0878307,0.631141,0.996144,0.511517,0.22039,0.459803,0.228135,0.891603,87.9902,7.64954e-10,30733,0.967162,70.4477,9.04596e-11,52512
24,499,n1->n13->n11->n29->n31->n32->n30->n76->n69->n28->n27->n25->n26->n47->n48->n50->n51,5.37021e+09|6.60497e+13|1.78735e+12|3.6336e+13|4.79342e+12|1.78367e+12|1.26395e+10|4.21804e+13|8.81277e+09|1.34247e+11|4.19351e+12|1.67189e+13|7.09351e+09|4.74236e+11|3.98001e+12|2.36425e+09|7.46708e+11,8.19724e+08|8.87204e+12|3.29521e+11|1.77292e+13|4.42443e+12|1.05491e+12|1.81012e+09|1.15782e+13|7.57626e+09|1.51805e+10|8.73344e+11|1.40059e+13|1.31666e+09|1.54765e+11|1.69514e+12|4.07889e+08|5.06847e+11,0.000494453|0.000787814|5.47786e-05|0.000125062|0.00024651|0.000179959|4.789e-05|1.88608e-05|0.000268039|0.00056516|1.08528e-05|6.30741e-05|3.77967e-05|0.000202873|4.78153e-05|1.54283e-05|0.000185382,0.000316017|0.00788063|0.00652494|0.00231296|0.00308746|0.00292552|0.00655588|0.00214239|0.00367819|0.0093172|0.00262605|0.00294926|0.00522178|0.000266598|0.00544009|0.00907722|0.00344885,0.0109342|0.0476737|0.00125292|0.0255931|0.0211034|0.00778345|0.00398508|0.00156873|0.022957|0.0317261|0.0303206|0.0195393|0.0101688|0.00898217|0.0455031|0.00638914|0.0365406,0.000178506|0.00335145|0.0136412|0.00291922|0.0151027|0.0161829|0.0178703|0.0470058|0.0100342|0.03841|0.0230682|0.0159438|0.0409649|0.0488958|0.0360942|0.0483596|0.0130093,0.973537|0.954869|0.988894|0.962742|0.943878|0.953313|0.972158|0.989289|0.975915|0.948072|0.985376|0.9023|0.981638|0.9108|0.967439|0.910708|0.98883,4.63983|5.26639|0.923897|0.0327787|4.82496|0.10397|5.42296|0.578949|2.99986|1.48687|4.5695|1.57149|2.91399|6.27947|3.09858|5.41755|4.04415,79.8117|13.9548|13.2112|70.4589|86.0567|69.5993|21.8454|66.666|97.1045|23.5709|64.4551|63.0993|70.8805|78.8723|23.5956|82.9474,0.246796|0.189728|0.219003|0.246199|0.16799|0.204659|0.220509|0.212271|0.207556|0.207151|0.242248|0.228799|0.189485|0.239998|0.191801|0.24308,0.338018|0.801183|0.427028|0.415176|0.799966|0.237533|0.936019|0.890059|0.438091|0.340196|0.837222|0.359402|0.757042|0.300482|0.688345|0.624607,0.869523,0.801463,0.117836,0.0993652,0.460468,0.534015,0.0732846,0.487967,0.198257,0.921169,51.6436,5.43263e-12,47756,0.887486,41.1981,1.06086e-12,38445,0.895553,0.876428,0.0878307,0.631141,0.996144,0.511517,0.22039,0.459803,0.228135,0.891603,87.9902,7.64954e-10,30733,0.967162,70.4477,9.04596e-11,52512
24,500,n1->n20->n89->n48->n50->n60->n62->n46->n47->n26->n24->n23->n21->n67->n64->n49->n51,5.37021e+09|4.0293e+11|2.68119e+11|3.98001e+12|2.36425e+09|8.79841e+13|2.37342e+11|5.53417e+12|4.74236e+11|7.09351e+09|1.59557e+13|4.63033e+10|1.56161e+12|4.7483e+09|4.21034e+09|2.45005e+09|7.46708e+11,8.19724e+08|1.89646e+11|9.23423e+10|1.69514e+12|4.07889e+08|5.95756e+13|1.13053e+11|1.63629e+12|1.54765e+11|1.31666e+09|4.06569e+12|3.30225e+10|3.02345e+11|7.5553e+08|1.60867e+09|2.44458e+09|5.06847e+11,0.000494453|5.21063e-05|3.55201e-05|4.78153e-05|1.54283e-05|0.000731749|8.24006e-05|0.000489732|0.000202873|3.77967e-05|0.000193265|0.000277161|0.00096308|3.91885e-05|1.88732e-05|1.07426e-05|0.000185382,0.000316017|0.000368678|0.000111435|0.00544009|0.00907722|0.000248463|0.00794111|0.000159088|0.000266598|0.00522178|0.0012727|0.00418014|0.00195589|0.000640186|0.000135861|0.000979027|0.00344885,0.0109342|0.0108696|0.0107812|0.0455031|0.00638914|0.0128442|0.0242596|0.029055|0.00898217|0.0101688|0.0433038|0.00314906|0.00712365|0.029632|0.0266797|0.0183567|0.0365406,0.000178506|0.0181411|0.0401575|0.0360942|0.0483596|0.0431033|0.0480911|0.0302566|0.0488958|0.0409649|0.00780618|0.0470385|0.0414669|0.0482082|0.0436548|0.0388066|0.0130093,0.973537|0.923215|0.926416|0.967439|0.910708|0.945549|0.98053|0.923372|0.9108|0.981638|0.90929|0.92176|0.971602|0.924883|0.933821|0.969899|0.98883,4.63983|4.79469|0.0868458|3.09858|5.41755|4.50487|5.59786|0.31178|6.27947|2.91399|3.9732|2.08786|3.14177|2.06342|5.77568|3.94615|4.04415,90.7492|18.2346|94.0077|23.5956|22.3088|48.3985|56.7189|71.5316|70.8805|83.4704|44.8869|88.4205|42.5138|95.5844|77.768|10.4661,0.215706|0.231355|0.234363|0.191801|0.190841|0.17162|0.167864|0.196056|0.189485|0.216464|0.161116|0.232237|0.197352|0.248978|0.165457|0.216931,0.53635|0.595303|0.948873|0.688345|0.323935|0.641887|0.624525|0.758317|0.757042|0.583168|0.528582|0.516177|0.602799|0.480161|0.348083|0.516407,0.869523,0.801463,0.117836,0.0993652,0.460468,0.534015,0.0732846,0.487967,0.198257,0.921169,51.6436,5.43263e-12,47756,0.887486,41.1981,1.06086e-12,38445,0.895553,0.876428,0.0878307,0.631141,0.996144,0.511517,0.22039,0.459803,0.228135,0.891603,87.9902,7.64954e-10,30733,0.967162,70.4477,9.04596e-11,52512
24,501,n1->n99->n97->n27->n29->n28->n69->n70->n87->n86->n76->n78->n80->n82->n63->n61->n51,5.37021e+09|1.57108e+10|2.90604e+09|4.19351e+12|3.6336e+13|1.34247e+11|8.81277e+09|6.87309e+13|7.3435e+12|3.85304e+10|4.21804e+13|3.25238e+10|2.45686e+13|1.07979e+13|6.55204e+12|6.44979e+11|7.46708e+11,8.19724e+08|4.21389e+09|5.04144e+08|8.73344e+11|1.77292e+13|1.51805e+10|7.57626e+09|9.78332e+12|2.79916e+12|4.69095e+09|1.15782e+13|2.30731e+10|2.75437e+12|1.66379e+12|2.63574e+12|1.30372e+11|5.06847e+11,0.000494453|0.00089026|8.81202e-05|1.08528e-05|0.000125062|0.00056516|0.000268039|5.13815e-05|0.000634307|6.21631e-05|1.88608e-05|0.000270955|1.13052e-05|0.000837919|0.000116235|3.71253e-05|0.000185382,0.000316017|0.000350126|0.00494291|0.00262605|0.00231296|0.0093172|0.00367819|0.00295865|0.00151267|0.00341054|0.00214239|0.00167497|0.000238286|0.00271152|0.00126856|0.00313588|0.00344885,0.0109342|0.0362414|0.0381696|0.0303206|0.0255931|0.0317261|0.022957|0.0286141|0.0186268|0.0237043|0.00156873|0.00569443|0.00592883|0.0278433|0.0100727|0.0266048|0.0365406,0.000178506|0.0472365|0.00800322|0.0230682|0.00291922|0.03841|0.0100342|0.0216638|0.00979507|0.0488574|0.0470058|0.0425349|0.0262948|0.0266174|0.0107197|0.0179693|0.0130093,0.973537|0.953794|0.90679|0.985376|0.962742|0.948072|0.975915|0.966653|0.977244|0.981332|0.989289|0.92832|0.919013|0.934435|0.903245|0.958619|0.98883,4.63983|3.07459|1.41691|4.5695|0.0327787|1.48687|2.99986|4.60778|2.33192|4.96971|0.578949|3.3614|0.100836|0.132111|4.68449|2.63855|4.04415,66.2586|94.4507|31.5608|49.6282|18.7034|97.1045|74.5377|39.9413|88.9922|37.5994|69.3348|66.5291|47.0365|48.6997|47.0482|66.5616,0.180129|0.168303|0.219936|0.180772|0.249902|0.207556|0.172691|0.180359|0.246364|0.17745|0.194827|0.222935|0.231931|0.175742|0.167884|0.171721,0.323551|0.263233|0.557853|0.511755|0.259002|0.438091|0.416585|0.129355|0.83582|0.871942|0.93416|0.109088|0.796307|0.4301|0.410418|0.235817,0.869523,0.801463,0.117836,0.0993652,0.460468,0.534015,0.0732846,0.487967,0.198257,0.921169,51.6436,5.43263e-12,47756,0.887486,41.1981,1.06086e-12,38445,0.895553,0.876428,0.0878307,0.631141,0.996144,0.511517,0.22039,0.459803,0.228135,0.891603,87.9902,7.64954e-10,30733,0.967162,70.4477,9.04596e-11,52512
24,502,n1->n20->n19->n18->n70->n72->n73->n75->n76->n86->n87->n88->n89->n90->n59->n50->n51,5.37021e+09|4.0293e+11|2.47533e+11|7.59179e+12|6.87309e+13|6.83442e+09|1.41706e+11|8.71921e+10|4.21804e+13|3.85304e+10|7.3435e+12|9.00567e+12|2.68119e+11|1.33273e+11|3.04563e+11|2.36425e+09|7.46708e+11,8.19724e+08|1.89646e+11|2.33399e+11|4.11836e+12|9.78332e+12|1.48353e+09|5.76853e+10|5.29113e+10|1.15782e+13|4.69095e+09|2.79916e+12|8.66002e+12|9.23423e+10|6.41526e+10|3.06423e+10|4.07889e+08|5.06847e+11,0.000494453|5.21063e-05|0.000261527|2.98936e-05|5.13815e-05|0.000159499|6.32916e-05|0.000766915|1.88608e-05|6.21631e-05|0.000634307|6.2721e-05|3.55201e-05|0.000319756|2.43107e-05|1.54283e-05|0.000185382,0.000316017|0.000368678|0.000768065|0.000681499|0.00295865|0.00384342|0.000807753|0.000203965|0.00214239|0.00341054|0.00151267|0.000480267|0.000111435|0.000672662|0.000202742|0.00907722|0.00344885,0.0109342|0.0108696|0.0201979|0.0192976|0.0286141|0.0479977|0.0455502|0.0243876|0.00156873|0.0237043|0.0186268|0.00850464|0.0107812|0.0285929|0.00304046|0.00638914|0.0365406,0.000178506|0.0181411|0.0291803|0.0120519|0.0216638|0.0299903|0.028193|0.0250863|0.0470058|0.0488574|0.00979507|0.0237676|0.0401575|0.0372754|0.0474075|0.0483596|0.0130093,0.973537|0.923215|0.941018|0.946711|0.966653|0.96924|0.909539|0.936129|0.989289|0.981332|0.977244|0.962132|0.926416|0.984478|0.99171|0.910708|0.98883,4.63983|4.79469|1.39448|4.38273|4.60778|3.90463|3.29092|3.39264|0.578949|4.96971|2.33192|1.9653|0.0868458|4.02061|5.60303|5.41755|4.04415,90.7492|86.2435|34.0839|55.8812|97.4405|29.1617|85.6152|63.5216|37.5994|88.9922|57.0974|92.4072|12.726|62.2588|47.7013|82.9474,0.215706|0.182991|0.248409|0.234874|0.180102|0.178937|0.185893|0.207806|0.17745|0.246364|0.227675|0.203687|0.226099|0.169222|0.170229|0.24308,0.53635|0.182796|0.983209|0.16843|0.79408|0.920295|0.624191|0.844544|0.871942|0.83582|0.396625|0.876618|0.757755|0.361153|0.776444|0.624607,0.869523,0.801463,0.117836,0.0993652,0.460468,0.534015,0.0732846,0.487967,0.198257,0.921169,51.6436,5.43263e-12,47756,0.887486,41.1981,1.06086e-12,38445,0.895553,0.876428,0.0878307,0.631141,0.996144,0.511517,0.22039,0.459803,0.228135,0.891603,87.9902,7.64954e-10,30733,0.967162,70.4477,9.04596e-11,52512
24,503,n1->n13->n14->n96->n20->n18->n70->n87->n88->n90->n59->n60->n62->n46->n48->n50->n51,5.37021e+09|6.60497e+13|3.70261e+10|2.51165e+12|4.0293e+11|7.59179e+12|6.87309e+13|7.3435e+12|9.00567e+12|1.33273e+11|3.04563e+11|8.79841e+13|2.37342e+11|5.53417e+12|3.98001e+12|2.36425e+09|7.46708e+11,8.19724e+08|8.87204e+12|1.44234e+10|5.36324e+11|1.89646e+11|4.11836e+12|9.78332e+12|2.79916e+12|8.66002e+12|6.41526e+10|3.06423e+10|5.95756e+13|1.13053e+11|1.63629e+12|1.69514e+12|4.07889e+08|5.06847e+11,0.000494453|0.000787814|3.25754e-05|1.2987e-05|5.21063e-05|2.98936e-05|5.13815e-05|0.000634307|6.2721e-05|0.000319756|2.43107e-05|0.000731749|8.24006e-05|0.000489732|4.78153e-05|1.54283e-05|0.000185382,0.000316017|0.00788063|0.000181646|0.000286765|0.000368678|0.000681499|0.00295865|0.00151267|0.000480267|0.000672662|0.000202742|0.000248463|0.00794111|0.000159088|0.00544009|0.00907722|0.00344885,0.0109342|0.0476737|0.0426128|0.0377902|0.0108696|0.0192976|0.0286141|0.0186268|0.00850464|0.0285929|0.00304046|0.0128442|0.0242596|0.029055|0.0455031|0.00638914|0.0365406,0.000178506|0.00335145|0.049061|0.0195364|0.0181411|0.0120519|0.0216638|0.00979507|0.0237676|0.0372754|0.0474075|0.0431033|0.0480911|0.0302566|0.0360942|0.0483596|0.0130093,0.973537|0.954869|0.906626|0.951762|0.923215|0.946711|0.966653|0.977244|0.962132|0.984478|0.99171|0.945549|0.98053|0.923372|0.967439|0.910708|0.98883,4.63983|5.26639|0.762282|0.85792|4.79469|4.38273|4.60778|2.33192|1.9653|4.02061|5.60303|4.50487|5.59786|0.31178|3.09858|5.41755|4.04415,79.8117|92.5451|54.7186|58.7029|89.2299|55.8812|39.9413|57.0974|14.1987|62.2588|76.8491|48.3985|56.7189|41.9872|23.5956|82.9474,0.246796|0.191459|0.208433|0.201188|0.247215|0.234874|0.180359|0.227675|0.244274|0.169222|0.204072|0.17162|0.167864|0.178665|0.191801|0.24308,0.338018|0.161307|0.448351|0.666395|0.652252|0.16843|0.129355|0.396625|0.997795|0.361153|0.509755|0.641887|0.624525|0.182289|0.688345|0.624607,0.869523,0.801463,0.117836,0.0993652,0.460468,0.534015,0.0732846,0.487967,0.198257,0.921169,51.6436,5.43263e-12,47756,0.887486,41.1981,1.06086e-12,38445,0.895553,0.876428,0.0878307,0.631141,0.996144,0.511517,0.22039,0.459803,0.228135,0.891603,87.9902,7.64954e-10,30733,0.967162,70.4477,9.04596e-11,52512
24,504,n1->n13->n14->n75->n73->n100->n2->n4->n27->n29->n11->n9->n7->n5->n65->n52->n51,5.37021e+09|6.60497e+13|3.70261e+10|8.71921e+10|1.41706e+11|4.01966e+09|5.94248e+10|7.07339e+12|4.19351e+12|3.6336e+13|1.78735e+12|1.49139e+12|3.81012e+11|2.91995e+11|1.12599e+09|1.02428e+10|7.46708e+11,8.19724e+08|8.87204e+12|1.44234e+10|5.29113e+10|5.76853e+10|2.27749e+09|3.74975e+10|2.43435e+12|8.73344e+11|1.77292e+13|3.29521e+11|3.79906e+11|6.70334e+10|4.67133e+10|3.2906e+08|2.07235e+09|5.06847e+11,0.000494453|0.000787814|3.25754e-05|0.000766915|6.32916e-05|0.000665246|1.10648e-05|0.000113681|1.08528e-05|0.000125062|5.47786e-05|1.80008e-05|0.000475679|7.03031e-05|1.96575e-05|0.00011644|0.000185382,0.000316017|0.00788063|0.000181646|0.000203965|0.000807753|0.00914892|0.00120557|0.00198341|0.00262605|0.00231296|0.00652494|0.00065196|0.00104538|0.000196916|0.000428116|0.00580301|0.00344885,0.0109342|0.0476737|0.0426128|0.0243876|0.0455502|0.0100829|0.00369149|0.0350273|0.0303206|0.0255931|0.00125292|0.0140743|0.01754|0.00731162|0.00118659|0.0398377|0.0365406,0.000178506|0.00335145|0.049061|0.0250863|0.028193|0.0460028|0.0127317|0.0273051|0.0230682|0.00291922|0.0136412|0.033904|0.0283975|0.0421608|0.00176737|0.0151024|0.0130093,0.973537|0.954869|0.906626|0.936129|0.909539|0.935175|0.968894|0.917619|0.985376|0.962742|0.988894|0.963574|0.963898|0.951514|0.967717|0.965406|0.98883,4.63983|5.26639|0.762282|3.39264|3.29092|3.89025|4.74216|1.56082|4.5695|0.0327787|0.923897|5.88966|3.51107|4.90362|4.1126|0.0104102|4.04415,79.8117|92.5451|56.2706|85.6152|20.1165|37.015|30.2686|52.1141|49.6282|13.2112|99.0064|59.8148|37.2729|35.0583|56.1703|83.3731,0.246796|0.191459|0.226178|0.185893|0.175955|0.17211|0.239023|0.184605|0.180772|0.219003|0.201409|0.18359|0.176784|0.209201|0.247907|0.197114,0.338018|0.161307|0.725021|0.624191|0.825877|0.315214|0.514427|0.200735|0.511755|0.427028|0.439638|0.339058|0.943162|0.297185|0.827328|0.942894,0.869523,0.801463,0.117836,0.0993652,0.460468,0.534015,0.0732846,0.487967,0.198257,0.921169,51.6436,5.43263e-12,47756,0.887486,41.1981,1.06086e-12,38445,0.895553,0.876428,0.0878307,0.631141,0.996144,0.511517,0.22039,0.459803,0.228135,0.891603,87.9902,7.64954e-10,30733,0.967162,70.4477,9.04596e-11,52512
24,505,n1->n20->n89->n88->n87->n70->n72->n77->n23->n24->n33->n84->n85->n58->n59->n50->n51,5.37021e+09|4.0293e+11|2.68119e+11|9.00567e+12|7.3435e+12|6.87309e+13|6.83442e+09|5.68112e+11|4.63033e+10|1.59557e+13|3.64323e+13|1.07392e+09|2.02447e+09|8.16696e+09|3.04563e+11|2.36425e+09|7.46708e+11,8.19724e+08|1.89646e+11|9.23423e+10|8.66002e+12|2.79916e+12|9.78332e+12|1.48353e+09|3.56307e+11|3.30225e+10|4.06569e+12|6.32377e+12|9.00899e+08|2.41326e+08|6.89506e+09|3.06423e+10|4.07889e+08|5.06847e+11,0.000494453|5.21063e-05|3.55201e-05|6.2721e-05|0.000634307|5.13815e-05|0.000159499|8.49487e-05|0.000277161|0.000193265|1.50316e-05|2.14473e-05|2.04325e-05|0.000266735|2.43107e-05|1.54283e-05|0.000185382,0.000316017|0.000368678|0.000111435|0.000480267|0.00151267|0.00295865|0.00384342|0.000906866|0.00418014|0.0012727|0.00213059|0.000434313|0.000338175|0.00874893|0.000202742|0.00907722|0.00344885,0.0109342|0.0108696|0.0107812|0.00850464|0.0186268|0.0286141|0.0479977|0.04851|0.00314906|0.0433038|0.00968695|0.0473575|0.0354515|0.0248478|0.00304046|0.00638914|0.0365406,0.000178506|0.0181411|0.0401575|0.0237676|0.00979507|0.0216638|0.0299903|0.0115254|0.0470385|0.00780618|0.0280967|0.0366447|0.0266209|0.0481122|0.0474075|0.0483596|0.0130093,0.973537|0.923215|0.926416|0.962132|0.977244|0.966653|0.96924|0.949999|0.92176|0.90929|0.923653|0.948551|0.940474|0.911658|0.99171|0.910708|0.98883,4.63983|4.79469|0.0868458|1.9653|2.33192|4.60778|3.90463|0.722366|2.08786|3.9732|1.04264|5.42186|4.91715|3.70937|5.60303|5.41755|4.04415,90.7492|18.2346|92.4072|57.0974|39.9413|97.4405|92.3918|39.0733|44.8869|98.0873|59.7094|82.1833|90.6886|56.397|47.7013|82.9474,0.215706|0.231355|0.203687|0.227675|0.180359|0.180102|0.167022|0.178948|0.161116|0.239791|0.183728|0.216313|0.194345|0.21902|0.170229|0.24308,0.53635|0.595303|0.876618|0.396625|0.129355|0.79408|0.776051|0.23533|0.528582|0.939209|0.218166|0.528406|0.45102|0.533324|0.776444|0.624607,0.869523,0.801463,0.117836,0.0993652,0.460468,0.534015,0.0732846,0.487967,0.198257,0.921169,51.6436,5.43263e-12,47756,0.887486,41.1981,1.06086e-12,38445,0.895553,0.876428,0.0878307,0.631141,0.996144,0.511517,0.22039,0.459803,0.228135,0.891603,87.9902,7.64954e-10,30733,0.967162,70.4477,9.04596e-11,52512
24,506,n1->n13->n14->n12->n6->n33->n35->n31->n32->n34->n36->n38->n37->n65->n64->n49->n51,5.37021e+09|6.60497e+13|3.70261e+10|9.70597e+10|1.14208e+09|3.64323e+13|5.77859e+11|4.79342e+12|1.78367e+12|4.7313e+12|7.73972e+11|1.16426e+13|2.79748e+13|1.12599e+09|4.21034e+09|2.45005e+09|7.46708e+11,8.19724e+08|8.87204e+12|1.44234e+10|2.76143e+10|2.20459e+08|6.32377e+12|4.88834e+11|4.42443e+12|1.05491e+12|1.15705e+12|7.77593e+10|1.19258e+12|4.96975e+12|3.2906e+08|1.60867e+09|2.44458e+09|5.06847e+11,0.000494453|0.000787814|3.25754e-05|0.000201974|1.08483e-05|1.50316e-05|0.000412952|0.00024651|0.000179959|0.000140889|0.000426407|1.04425e-05|1.06248e-05|1.96575e-05|1.88732e-05|1.07426e-05|0.000185382,0.000316017|0.00788063|0.000181646|0.0016732|0.00010157|0.00213059|0.00138752|0.00308746|0.00292552|0.000270551|0.00396778|0.00950649|0.000261291|0.000428116|0.000135861|0.000979027|0.00344885,0.0109342|0.0476737|0.0426128|0.0313381|0.00160082|0.00968695|0.00215298|0.0211034|0.00778345|0.0276207|0.00497013|0.0263713|0.0457563|0.00118659|0.0266797|0.0183567|0.0365406,0.000178506|0.00335145|0.049061|0.0470205|0.0260762|0.0280967|0.0375959|0.0151027|0.0161829|0.0210615|0.0341912|0.00318517|0.0105712|0.00176737|0.0436548|0.0388066|0.0130093,0.973537|0.954869|0.906626|0.937315|0.908628|0.923653|0.952159|0.943878|0.953313|0.904866|0.94998|0.902547|0.964079|0.967717|0.933821|0.969899|0.98883,4.63983|5.26639|0.762282|3.07758|5.01633|1.04264|5.24666|4.82496|0.10397|4.56594|3.70656|5.09423|4.96174|4.1126|5.77568|3.94615|4.04415,79.8117|92.5451|51.9585|32.9383|50.0569|93.5115|91.3525|86.0567|23.0914|89.5651|61.2725|46.986|13.4252|56.7563|77.768|10.4661,0.246796|0.191459|0.222459|0.230728|0.19306|0.242679|0.243038|0.16799|0.18593|0.241996|0.204351|0.170599|0.230756|0.186349|0.165457|0.216931,0.338018|0.161307|0.326911|0.628307|0.116472|0.487093|0.658826|0.799966|0.12287|0.265381|0.413834|0.662799|0.986996|0.927837|0.348083|0.516407,0.869523,0.801463,0.117836,0.0993652,0.460468,0.534015,0.0732846,0.487967,0.198257,0.921169,51.6436,5.43263e-12,47756,0.887486,41.1981,1.06086e-12,38445,0.895553,0.876428,0.0878307,0.631141,0.996144,0.511517,0.22039,0.459803,0.228135,0.891603,87.9902,7.64954e-10,30733,0.967162,70.4477,9.04596e-11,52512
24,507,n1->n20->n89->n48->n46->n62->n60->n59->n58->n68->n22->n21->n23->n77->n93->n94->n51,5.37021e+09|4.0293e+11|2.68119e+11|3.98001e+12|5.53417e+12|2.37342e+11|8.79841e+13|3.04563e+11|8.16696e+09|1.31753e+09|1.47e+10|1.56161e+12|4.63033e+10|5.68112e+11|4.22601e+13|1.36531e+10|7.46708e+11,8.19724e+08|1.89646e+11|9.23423e+10|1.69514e+12|1.63629e+12|1.13053e+11|5.95756e+13|3.06423e+10|6.89506e+09|3.10679e+08|9.51029e+09|3.02345e+11|3.30225e+10|3.56307e+11|1.3774e+13|1.67171e+09|5.06847e+11,0.000494453|5.21063e-05|3.55201e-05|4.78153e-05|0.000489732|8.24006e-05|0.000731749|2.43107e-05|0.000266735|0.000223952|1.77434e-05|0.00096308|0.000277161|8.49487e-05|8.45967e-05|2.95455e-05|0.000185382,0.000316017|0.000368678|0.000111435|0.00544009|0.000159088|0.00794111|0.000248463|0.000202742|0.00874893|0.00843573|0.0006856|0.00195589|0.00418014|0.000906866|0.000162335|0.000125263|0.00344885,0.0109342|0.0108696|0.0107812|0.0455031|0.029055|0.0242596|0.0128442|0.00304046|0.0248478|0.0370095|0.0408661|0.00712365|0.00314906|0.04851|0.0108045|0.00830448|0.0365406,0.000178506|0.0181411|0.0401575|0.0360942|0.0302566|0.0480911|0.0431033|0.0474075|0.0481122|0.00589983|0.040072|0.0414669|0.0470385|0.0115254|0.0326183|0.0293842|0.0130093,0.973537|0.923215|0.926416|0.967439|0.923372|0.98053|0.945549|0.99171|0.911658|0.984554|0.95984|0.971602|0.92176|0.949999|0.912097|0.927471|0.98883,4.63983|4.79469|0.0868458|3.09858|0.31178|5.59786|4.50487|5.60303|3.70937|5.26958|0.048646|3.14177|2.08786|0.722366|5.92115|5.03384|4.04415,90.7492|18.2346|94.0077|41.9872|56.7189|48.3985|76.8491|56.397|56.905|15.3326|55.6995|88.4205|39.0733|51.9256|63.1349|11.2844,0.215706|0.231355|0.234363|0.178665|0.167864|0.17162|0.204072|0.21902|0.185169|0.236297|0.206062|0.232237|0.178948|0.247077|0.209804|0.200895,0.53635|0.595303|0.948873|0.182289|0.624525|0.641887|0.509755|0.533324|0.476138|0.655447|0.677391|0.516177|0.23533|0.469529|0.17375|0.836539,0.869523,0.801463,0.117836,0.0993652,0.460468,0.534015,0.0732846,0.487967,0.198257,0.921169,51.6436,5.43263e-12,47756,0.887486,41.1981,1.06086e-12,38445,0.895553,0.876428,0.0878307,0.631141,0.996144,0.511517,0.22039,0.459803,0.228135,0.891603,87.9902,7.64954e-10,30733,0.967162,70.4477,9.04596e-11,52512
24,508,n1->n99->n77->n23->n83->n84->n82->n63->n79->n81->n37->n39->n38->n67->n64->n49->n51,5.37021e+09|1.57108e+10|5.68112e+11|4.63033e+10|3.76373e+13|1.07392e+09|1.07979e+13|6.55204e+12|1.47019e+10|2.58887e+10|2.79748e+13|3.34792e+13|1.16426e+13|4.7483e+09|4.21034e+09|2.45005e+09|7.46708e+11,8.19724e+08|4.21389e+09|3.56307e+11|3.30225e+10|2.34723e+13|9.00899e+08|1.66379e+12|2.63574e+12|4.87652e+09|8.36206e+09|4.96975e+12|1.12013e+13|1.19258e+12|7.5553e+08|1.60867e+09|2.44458e+09|5.06847e+11,0.000494453|0.00089026|8.49487e-05|0.000277161|1.86087e-05|2.14473e-05|0.000837919|0.000116235|0.000133131|0.000268232|1.06248e-05|5.53896e-05|1.04425e-05|3.91885e-05|1.88732e-05|1.07426e-05|0.000185382,0.000316017|0.000350126|0.000906866|0.00418014|0.000175452|0.000434313|0.00271152|0.00126856|0.000479664|0.000752991|0.000261291|0.0025393|0.00950649|0.000640186|0.000135861|0.000979027|0.00344885,0.0109342|0.0362414|0.04851|0.00314906|0.015405|0.0473575|0.0278433|0.0100727|0.0252961|0.0481357|0.0457563|0.00111942|0.0263713|0.029632|0.0266797|0.0183567|0.0365406,0.000178506|0.0472365|0.0115254|0.0470385|0.038157|0.0366447|0.0266174|0.0107197|0.0203026|0.00997263|0.0105712|0.0449458|0.00318517|0.0482082|0.0436548|0.0388066|0.0130093,0.973537|0.953794|0.949999|0.92176|0.947801|0.948551|0.934435|0.903245|0.966262|0.948836|0.964079|0.924329|0.902547|0.924883|0.933821|0.969899|0.98883,4.63983|3.07459|0.722366|2.08786|4.11052|5.42186|0.132111|4.68449|3.41737|1.5908|4.96174|1.19952|5.09423|2.06342|5.77568|3.94615|4.04415,66.2586|96.5216|39.0733|23.518|20.1884|83.37|48.6997|16.1844|26.55|88.8597|31.554|52.0957|59.2872|95.5844|77.768|10.4661,0.180129|0.241387|0.178948|0.181099|0.246081|0.203763|0.175742|0.22961|0.238834|0.211898|0.195005|0.199024|0.200548|0.248978|0.165457|0.216931,0.323551|0.664018|0.23533|0.741177|0.599197|0.808712|0.4301|0.217843|0.957633|0.430076|0.711047|0.46236|0.127053|0.480161|0.348083|0.516407,0.869523,0.801463,0.117836,0.0993652,0.460468,0.534015,0.0732846,0.487967,0.198257,0.921169,51.6436,5.43263e-12,47756,0.887486,41.1981,1.06086e-12,38445,0.895553,0.876428,0.0878307,0.631141,0.996144,0.511517,0.22039,0.459803,0.228135,0.891603,87.9902,7.64954e-10,30733,0.967162,70.4477,9.04596e-11,52512
24,509,n1->n13->n15->n29->n50->n48->n47->n26->n25->n27->n4->n2->n100->n73->n54->n53->n52->n51,5.37021e+09|6.60497e+13|8.77071e+11|3.6336e+13|2.36425e+09|3.98001e+12|4.74236e+11|7.09351e+09|1.67189e+13|4.19351e+12|7.07339e+12|5.94248e+10|4.01966e+09|1.41706e+11|2.80961e+11|4.60474e+10|1.02428e+10|7.46708e+11,8.19724e+08|8.87204e+12|1.06991e+11|1.77292e+13|4.07889e+08|1.69514e+12|1.54765e+11|1.31666e+09|1.40059e+13|8.73344e+11|2.43435e+12|3.74975e+10|2.27749e+09|5.76853e+10|2.23178e+11|3.18273e+10|2.07235e+09|5.06847e+11,0.000494453|0.000787814|0.000182949|0.000125062|1.54283e-05|4.78153e-05|0.000202873|3.77967e-05|6.30741e-05|1.08528e-05|0.000113681|1.10648e-05|0.000665246|6.32916e-05|1.47667e-05|2.00633e-05|0.00011644|0.000185382,0.000316017|0.00788063|0.00274771|0.00231296|0.00907722|0.00544009|0.000266598|0.00522178|0.00294926|0.00262605|0.00198341|0.00120557|0.00914892|0.000807753|0.00549128|0.000509085|0.00580301|0.00344885,0.0109342|0.0476737|0.0207315|0.0255931|0.00638914|0.0455031|0.00898217|0.0101688|0.0195393|0.0303206|0.0350273|0.00369149|0.0100829|0.0455502|0.0334079|5.21659e-05|0.0398377|0.0365406,0.000178506|0.00335145|0.0378122|0.00291922|0.0483596|0.0360942|0.0488958|0.0409649|0.0159438|0.0230682|0.0273051|0.0127317|0.0460028|0.028193|0.00844474|0.00115664|0.0151024|0.0130093,0.973537|0.954869|0.910795|0.962742|0.910708|0.967439|0.9108|0.981638|0.9023|0.985376|0.917619|0.968894|0.935175|0.909539|0.927525|0.913872|0.965406|0.98883,4.63983|5.26639|1.89272|0.0327787|5.41755|3.09858|6.27947|2.91399|1.57149|4.5695|1.56082|4.74216|3.89025|3.29092|1.22009|0.640024|0.0104102|4.04415,79.8117|66.6304|32.2763|37.0378|23.5956|78.8723|70.8805|63.0993|64.4551|52.1141|30.2686|37.015|20.1165|26.1465|75.3264|81.3721|83.3731,0.246796|0.179788|0.240047|0.191256|0.191801|0.239998|0.189485|0.228799|0.242248|0.184605|0.239023|0.17211|0.175955|0.196311|0.191357|0.184589|0.197114,0.338018|0.275394|0.895675|0.182586|0.688345|0.300482|0.757042|0.359402|0.837222|0.200735|0.514427|0.315214|0.825877|0.754315|0.567841|0.272111|0.942894,0.869523,0.801463,0.117836,0.0993652,0.460468,0.534015,0.0732846,0.487967,0.198257,0.921169,51.6436,5.43263e-12,47756,0.887486,41.1981,1.06086e-12,38445,0.895553,0.876428,0.0878307,0.631141,0.996144,0.511517,0.22039,0.459803,0.228135,0.891603,87.9902,7.64954e-10,30733,0.967162,70.4477,9.04596e-11,52512
24,510,n1->n99->n97->n96->n20->n18->n19->n17->n68->n22->n21->n23->n83->n57->n55->n53->n52->n51,5.37021e+09|1.57108e+10|2.90604e+09|2.51165e+12|4.0293e+11|7.59179e+12|2.47533e+11|1.51096e+11|1.31753e+09|1.47e+10|1.56161e+12|4.63033e+10|3.76373e+13|4.14288e+09|8.84081e+12|4.60474e+10|1.02428e+10|7.46708e+11,8.19724e+08|4.21389e+09|5.04144e+08|5.36324e+11|1.89646e+11|4.11836e+12|2.33399e+11|1.57582e+10|3.10679e+08|9.51029e+09|3.02345e+11|3.30225e+10|2.34723e+13|2.05006e+09|4.69454e+12|3.18273e+10|2.07235e+09|5.06847e+11,0.000494453|0.00089026|8.81202e-05|1.2987e-05|5.21063e-05|2.98936e-05|0.000261527|0.000261059|0.000223952|1.77434e-05|0.00096308|0.000277161|1.86087e-05|0.000173612|4.06274e-05|2.00633e-05|0.00011644|0.000185382,0.000316017|0.000350126|0.00494291|0.000286765|0.000368678|0.000681499|0.000768065|0.000513001|0.00843573|0.0006856|0.00195589|0.00418014|0.000175452|0.00271581|0.000128431|0.000509085|0.00580301|0.00344885,0.0109342|0.0362414|0.0381696|0.0377902|0.0108696|0.0192976|0.0201979|0.0430027|0.0370095|0.0408661|0.00712365|0.00314906|0.015405|0.0328142|0.00843704|5.21659e-05|0.0398377|0.0365406,0.000178506|0.0472365|0.00800322|0.0195364|0.0181411|0.0120519|0.0291803|0.00442808|0.00589983|0.040072|0.0414669|0.0470385|0.038157|0.0437642|0.0314938|0.00115664|0.0151024|0.0130093,0.973537|0.953794|0.90679|0.951762|0.923215|0.946711|0.941018|0.974312|0.984554|0.95984|0.971602|0.92176|0.947801|0.983348|0.908585|0.913872|0.965406|0.98883,4.63983|3.07459|1.41691|0.85792|4.79469|4.38273|1.39448|5.11322|5.26958|0.048646|3.14177|2.08786|4.11052|1.93323|3.37071|0.640024|0.0104102|4.04415,66.2586|94.4507|37.9513|58.7029|89.2299|34.0839|10.3361|23.9015|15.3326|55.6995|88.4205|23.518|50.003|61.5999|30.3781|81.3721|83.3731,0.180129|0.168303|0.246589|0.201188|0.247215|0.248409|0.172286|0.236806|0.236297|0.206062|0.232237|0.181099|0.1911|0.220389|0.207992|0.184589|0.197114,0.323551|0.263233|0.157157|0.666395|0.652252|0.983209|0.559133|0.2818|0.655447|0.677391|0.516177|0.741177|0.161388|0.549818|0.646488|0.272111|0.942894,0.869523,0.801463,0.117836,0.0993652,0.460468,0.534015,0.0732846,0.487967,0.198257,0.921169,51.6436,5.43263e-12,47756,0.887486,41.1981,1.06086e-12,38445,0.895553,0.876428,0.0878307,0.631141,0.996144,0.511517,0.22039,0.459803,0.228135,0.891603,87.9902,7.64954e-10,30733,0.967162,70.4477,9.04596e-11,52512
24,511,n1->n20->n18->n17->n19->n68->n22->n21->n23->n83->n57->n98->n99->n97->n27->n29->n50->n51,5.37021e+09|4.0293e+11|7.59179e+12|1.51096e+11|2.47533e+11|1.31753e+09|1.47e+10|1.56161e+12|4.63033e+10|3.76373e+13|4.14288e+09|1.8266e+13|1.57108e+10|2.90604e+09|4.19351e+12|3.6336e+13|2.36425e+09|7.46708e+11,8.19724e+08|1.89646e+11|4.11836e+12|1.57582e+10|2.33399e+11|3.10679e+08|9.51029e+09|3.02345e+11|3.30225e+10|2.34723e+13|2.05006e+09|5.99087e+12|4.21389e+09|5.04144e+08|8.73344e+11|1.77292e+13|4.07889e+08|5.06847e+11,0.000494453|5.21063e-05|2.98936e-05|0.000261059|0.000261527|0.000223952|1.77434e-05|0.00096308|0.000277161|1.86087e-05|0.000173612|0.000410965|0.00089026|8.81202e-05|1.08528e-05|0.000125062|1.54283e-05|0.000185382,0.000316017|0.000368678|0.000681499|0.000513001|0.000768065|0.00843573|0.0006856|0.00195589|0.00418014|0.000175452|0.00271581|0.000548485|0.000350126|0.00494291|0.00262605|0.00231296|0.00907722|0.00344885,0.0109342|0.0108696|0.0192976|0.0430027|0.0201979|0.0370095|0.0408661|0.00712365|0.00314906|0.015405|0.0328142|0.0295222|0.0362414|0.0381696|0.0303206|0.0255931|0.00638914|0.0365406,0.000178506|0.0181411|0.0120519|0.00442808|0.0291803|0.00589983|0.040072|0.0414669|0.0470385|0.038157|0.0437642|0.0297366|0.0472365|0.00800322|0.0230682|0.00291922|0.0483596|0.0130093,0.973537|0.923215|0.946711|0.974312|0.941018|0.984554|0.95984|0.971602|0.92176|0.947801|0.983348|0.959539|0.953794|0.90679|0.985376|0.962742|0.910708|0.98883,4.63983|4.79469|4.38273|5.11322|1.39448|5.26958|0.048646|3.14177|2.08786|4.11052|1.93323|2.95405|3.07459|1.41691|4.5695|0.0327787|5.41755|4.04415,90.7492|89.2299|43.2583|10.3361|67.5745|15.3326|55.6995|88.4205|23.518|50.003|98.2355|58.4557|94.4507|31.5608|49.6282|37.0378|82.9474,0.215706|0.247215|0.218822|0.172286|0.2055|0.236297|0.206062|0.232237|0.181099|0.1911|0.190047|0.227784|0.168303|0.219936|0.180772|0.191256|0.24308,0.53635|0.652252|0.981182|0.559133|0.968257|0.655447|0.677391|0.516177|0.741177|0.161388|0.757428|0.686264|0.263233|0.557853|0.511755|0.182586|0.624607,0.869523,0.801463,0.117836,0.0993652,0.460468,0.534015,0.0732846,0.487967,0.198257,0.921169,51.6436,5.43263e-12,47756,0.887486,41.1981,1.06086e-12,38445,0.895553,0.876428,0.0878307,0.631141,0.996144,0.511517,0.22039,0.459803,0.228135,0.891603,87.9902,7.64954e-10,30733,0.967162,70.4477,9.04596e-11,52512
24,512,n1->n20->n19->n17->n85->n65->n5->n7->n9->n10->n73->n75->n71->n24->n26->n47->n49->n51,5.37021e+09|4.0293e+11|2.47533e+11|1.51096e+11|2.02447e+09|1.12599e+09|2.91995e+11|3.81012e+11|1.49139e+12|2.49624e+09|1.41706e+11|8.71921e+10|7.70008e+11|1.59557e+13|7.09351e+09|4.74236e+11|2.45005e+09|7.46708e+11,8.19724e+08|1.89646e+11|2.33399e+11|1.57582e+10|2.41326e+08|3.2906e+08|4.67133e+10|6.70334e+10|3.79906e+11|7.32581e+08|5.76853e+10|5.29113e+10|1.60546e+11|4.06569e+12|1.31666e+09|1.54765e+11|2.44458e+09|5.06847e+11,0.000494453|5.21063e-05|0.000261527|0.000261059|2.04325e-05|1.96575e-05|7.03031e-05|0.000475679|1.80008e-05|6.27016e-05|6.32916e-05|0.000766915|0.00017279|0.000193265|3.77967e-05|0.000202873|1.07426e-05|0.000185382,0.000316017|0.000368678|0.000768065|0.000513001|0.000338175|0.000428116|0.000196916|0.00104538|0.00065196|0.00113469|0.000807753|0.000203965|0.00123164|0.0012727|0.00522178|0.000266598|0.000979027|0.00344885,0.0109342|0.0108696|0.0201979|0.0430027|0.0354515|0.00118659|0.00731162|0.01754|0.0140743|0.00597815|0.0455502|0.0243876|0.0398828|0.0433038|0.0101688|0.00898217|0.0183567|0.0365406,0.000178506|0.0181411|0.0291803|0.00442808|0.0266209|0.00176737|0.0421608|0.0283975|0.033904|0.0245713|0.028193|0.0250863|0.0326729|0.00780618|0.0409649|0.0488958|0.0388066|0.0130093,0.973537|0.923215|0.941018|0.974312|0.940474|0.967717|0.951514|0.963898|0.963574|0.962416|0.909539|0.936129|0.947193|0.90929|0.981638|0.9108|0.969899|0.98883,4.63983|4.79469|1.39448|5.11322|4.91715|4.1126|4.90362|3.51107|5.88966|1.97158|3.29092|3.39264|0.117525|3.9732|2.91399|6.27947|3.94615|4.04415,90.7492|86.2435|10.3361|84.7043|82.5435|35.0583|37.2729|59.8148|65.9961|29.3778|85.6152|14.5634|44.1502|83.4704|70.8805|91.8261|10.4661,0.215706|0.182991|0.172286|0.225161|0.20461|0.209201|0.176784|0.18359|0.193896|0.202302|0.185893|0.169453|0.204574|0.216464|0.189485|0.228404|0.216931,0.53635|0.182796|0.559133|0.880608|0.519435|0.297185|0.943162|0.339058|0.982181|0.747283|0.624191|0.275247|0.45026|0.583168|0.757042|0.133861|0.516407,0.869523,0.801463,0.117836,0.0993652,0.460468,0.534015,0.0732846,0.487967,0.198257,0.921169,51.6436,5.43263e-12,47756,0.887486,41.1981,1.06086e-12,38445,0.895553,0.876428,0.0878307,0.631141,0.996144,0.511517,0.22039,0.459803,0.228135,0.891603,87.9902,7.64954e-10,30733,0.967162,70.4477,9.04596e-11,52512
24,513,n1->n13->n15->n29->n27->n28->n69->n3->n5->n65->n37->n81->n83->n23->n77->n93->n94->n51,5.37021e+09|6.60497e+13|8.77071e+11|3.6336e+13|4.19351e+12|1.34247e+11|8.81277e+09|2.78751e+13|2.91995e+11|1.12599e+09|2.79748e+13|2.58887e+10|3.76373e+13|4.63033e+10|5.68112e+11|4.22601e+13|1.36531e+10|7.46708e+11,8.19724e+08|8.87204e+12|1.06991e+11|1.77292e+13|8.73344e+11|1.51805e+10|7.57626e+09|1.44762e+13|4.67133e+10|3.2906e+08|4.96975e+12|8.36206e+09|2.34723e+13|3.30225e+10|3.56307e+11|1.3774e+13|1.67171e+09|5.06847e+11,0.000494453|0.000787814|0.000182949|0.000125062|1.08528e-05|0.00056516|0.000268039|0.00022361|7.03031e-05|1.96575e-05|1.06248e-05|0.000268232|1.86087e-05|0.000277161|8.49487e-05|8.45967e-05|2.95455e-05|0.000185382,0.000316017|0.00788063|0.00274771|0.00231296|0.00262605|0.0093172|0.00367819|0.00776667|0.000196916|0.000428116|0.000261291|0.000752991|0.000175452|0.00418014|0.000906866|0.000162335|0.000125263|0.00344885,0.0109342|0.0476737|0.0207315|0.0255931|0.0303206|0.0317261|0.022957|0.0268705|0.00731162|0.00118659|0.0457563|0.0481357|0.015405|0.00314906|0.04851|0.0108045|0.00830448|0.0365406,0.000178506|0.00335145|0.0378122|0.00291922|0.0230682|0.03841|0.0100342|0.0326941|0.0421608|0.00176737|0.0105712|0.00997263|0.038157|0.0470385|0.0115254|0.0326183|0.0293842|0.0130093,0.973537|0.954869|0.910795|0.962742|0.985376|0.948072|0.975915|0.982466|0.951514|0.967717|0.964079|0.948836|0.947801|0.92176|0.949999|0.912097|0.927471|0.98883,4.63983|5.26639|1.89272|0.0327787|4.5695|1.48687|2.99986|4.79844|4.90362|4.1126|4.96174|1.5908|4.11052|2.08786|0.722366|5.92115|5.03384|4.04415,79.8117|66.6304|32.2763|49.6282|23.5709|97.1045|83.9106|10.4739|35.0583|13.4252|88.8597|78.7627|23.518|39.0733|51.9256|63.1349|11.2844,0.246796|0.179788|0.240047|0.180772|0.207151|0.207556|0.204476|0.163561|0.209201|0.230756|0.211898|0.170031|0.181099|0.178948|0.247077|0.209804|0.200895,0.338018|0.275394|0.895675|0.511755|0.340196|0.438091|0.65353|0.469027|0.297185|0.986996|0.430076|0.530775|0.741177|0.23533|0.469529|0.17375|0.836539,0.869523,0.801463,0.117836,0.0993652,0.460468,0.534015,0.0732846,0.487967,0.198257,0.921169,51.6436,5.43263e-12,47756,0.887486,41.1981,1.06086e-12,38445,0.895553,0.876428,0.0878307,0.631141,0.996144,0.511517,0.22039,0.459803,0.228135,0.891603,87.9902,7.64954e-10,30733,0.967162,70.4477,9.04596e-11,52512
24,514,n1->n99->n77->n23->n21->n67->n64->n65->n37->n81->n79->n63->n42->n44->n45->n47->n49->n51,5.37021e+09|1.57108e+10|5.68112e+11|4.63033e+10|1.56161e+12|4.7483e+09|4.21034e+09|1.12599e+09|2.79748e+13|2.58887e+10|1.47019e+10|6.55204e+12|2.42905e+09|5.26537e+13|8.38488e+13|4.74236e+11|2.45005e+09|7.46708e+11,8.19724e+08|4.21389e+09|3.56307e+11|3.30225e+10|3.02345e+11|7.5553e+08|1.60867e+09|3.2906e+08|4.96975e+12|8.36206e+09|4.87652e+09|2.63574e+12|2.47264e+08|2.86817e+13|1.01787e+13|1.54765e+11|2.44458e+09|5.06847e+11,0.000494453|0.00089026|8.49487e-05|0.000277161|0.00096308|3.91885e-05|1.88732e-05|1.96575e-05|1.06248e-05|0.000268232|0.000133131|0.000116235|8.79758e-05|0.000124649|1.67225e-05|0.000202873|1.07426e-05|0.000185382,0.000316017|0.000350126|0.000906866|0.00418014|0.00195589|0.000640186|0.000135861|0.000428116|0.000261291|0.000752991|0.000479664|0.00126856|0.000493531|0.00158999|0.000742576|0.000266598|0.000979027|0.00344885,0.0109342|0.0362414|0.04851|0.00314906|0.00712365|0.029632|0.0266797|0.00118659|0.0457563|0.0481357|0.0252961|0.0100727|0.00783732|0.0486405|0.00846218|0.00898217|0.0183567|0.0365406,0.000178506|0.0472365|0.0115254|0.0470385|0.0414669|0.0482082|0.0436548|0.00176737|0.0105712|0.00997263|0.0203026|0.0107197|0.0327962|0.00764508|0.0342415|0.0488958|0.0388066|0.0130093,0.973537|0.953794|0.949999|0.92176|0.971602|0.924883|0.933821|0.967717|0.964079|0.948836|0.966262|0.903245|0.960936|0.932977|0.934264|0.9108|0.969899|0.98883,4.63983|3.07459|0.722366|2.08786|3.14177|2.06342|5.77568|4.1126|4.96174|1.5908|3.41737|4.68449|0.765875|2.64532|5.31688|6.27947|3.94615|4.04415,66.2586|96.5216|39.0733|88.4205|42.5138|95.5844|56.7563|13.4252|88.8597|26.55|16.1844|97.0433|21.0603|57.1366|40.979|91.8261|10.4661,0.180129|0.241387|0.178948|0.232237|0.197352|0.248978|0.186349|0.230756|0.211898|0.238834|0.22961|0.211509|0.23095|0.235241|0.216949|0.228404|0.216931,0.323551|0.664018|0.23533|0.516177|0.602799|0.480161|0.927837|0.986996|0.430076|0.957633|0.217843|0.758395|0.399278|0.218954|0.317946|0.133861|0.516407,0.869523,0.801463,0.117836,0.0993652,0.460468,0.534015,0.0732846,0.487967,0.198257,0.921169,51.6436,5.43263e-12,47756,0.887486,41.1981,1.06086e-12,38445,0.895553,0.876428,0.0878307,0.631141,0.996144,0.511517,0.22039,0.459803,0.228135,0.891603,87.9902,7.64954e-10,30733,0.967162,70.4477,9.04596e-11,52512
24,515,n1->n99->n97->n27->n29->n15->n34->n35->n31->n32->n66->n68->n17->n19->n20->n96->n94->n51,5.37021e+09|1.57108e+10|2.90604e+09|4.19351e+12|3.6336e+13|8.77071e+11|4.7313e+12|5.77859e+11|4.79342e+12|1.78367e+12|1.10072e+10|1.31753e+09|1.51096e+11|2.47533e+11|4.0293e+11|2.51165e+12|1.36531e+10|7.46708e+11,8.19724e+08|4.21389e+09|5.04144e+08|8.73344e+11|1.77292e+13|1.06991e+11|1.15705e+12|4.88834e+11|4.42443e+12|1.05491e+12|8.7665e+09|3.10679e+08|1.57582e+10|2.33399e+11|1.89646e+11|5.36324e+11|1.67171e+09|5.06847e+11,0.000494453|0.00089026|8.81202e-05|1.08528e-05|0.000125062|0.000182949|0.000140889|0.000412952|0.00024651|0.000179959|0.000237659|0.000223952|0.000261059|0.000261527|5.21063e-05|1.2987e-05|2.95455e-05|0.000185382,0.000316017|0.000350126|0.00494291|0.00262605|0.00231296|0.00274771|0.000270551|0.00138752|0.00308746|0.00292552|0.000470269|0.00843573|0.000513001|0.000768065|0.000368678|0.000286765|0.000125263|0.00344885,0.0109342|0.0362414|0.0381696|0.0303206|0.0255931|0.0207315|0.0276207|0.00215298|0.0211034|0.00778345|0.0203827|0.0370095|0.0430027|0.0201979|0.0108696|0.0377902|0.00830448|0.0365406,0.000178506|0.0472365|0.00800322|0.0230682|0.00291922|0.0378122|0.0210615|0.0375959|0.0151027|0.0161829|0.0146278|0.00589983|0.00442808|0.0291803|0.0181411|0.0195364|0.0293842|0.0130093,0.973537|0.953794|0.90679|0.985376|0.962742|0.910795|0.904866|0.952159|0.943878|0.953313|0.978907|0.984554|0.974312|0.941018|0.923215|0.951762|0.927471|0.98883,4.63983|3.07459|1.41691|4.5695|0.0327787|1.89272|4.56594|5.24666|4.82496|0.10397|3.10364|5.26958|5.11322|1.39448|4.79469|0.85792|5.03384|4.04415,66.2586|94.4507|31.5608|49.6282|32.2763|27.3162|26.2497|91.3525|86.0567|27.3217|70.8824|23.9015|10.3361|86.2435|58.7029|71.0086|11.2844,0.180129|0.168303|0.219936|0.180772|0.240047|0.231681|0.244194|0.243038|0.16799|0.199785|0.16183|0.236806|0.172286|0.182991|0.201188|0.230021|0.200895,0.323551|0.263233|0.557853|0.511755|0.895675|0.750497|0.307851|0.658826|0.799966|0.769012|0.215539|0.2818|0.559133|0.182796|0.666395|0.131268|0.836539,0.869523,0.801463,0.117836,0.0993652,0.460468,0.534015,0.0732846,0.487967,0.198257,0.921169,51.6436,5.43263e-12,47756,0.887486,41.1981,1.06086e-12,38445,0.895553,0.876428,0.0878307,0.631141,0.996144,0.511517,0.22039,0.459803,0.228135,0.891603,87.9902,7.64954e-10,30733,0.967162,70.4477,9.04596e-11,52512
24,516,n1->n99->n97->n95->n89->n90->n59->n50->n60->n62->n46->n48->n47->n49->n64->n93->n94->n51,5.37021e+09|1.57108e+10|2.90604e+09|1.05601e+11|2.68119e+11|1.33273e+11|3.04563e+11|2.36425e+09|8.79841e+13|2.37342e+11|5.53417e+12|3.98001e+12|4.74236e+11|2.45005e+09|4.21034e+09|4.22601e+13|1.36531e+10|7.46708e+11,8.19724e+08|4.21389e+09|5.04144e+08|5.46554e+10|9.23423e+10|6.41526e+10|3.06423e+10|4.07889e+08|5.95756e+13|1.13053e+11|1.63629e+12|1.69514e+12|1.54765e+11|2.44458e+09|1.60867e+09|1.3774e+13|1.67171e+09|5.06847e+11,0.000494453|0.00089026|8.81202e-05|0.000260968|3.55201e-05|0.000319756|2.43107e-05|1.54283e-05|0.000731749|8.24006e-05|0.000489732|4.78153e-05|0.000202873|1.07426e-05|1.88732e-05|8.45967e-05|2.95455e-05|0.000185382,0.000316017|0.000350126|0.00494291|0.000186877|0.000111435|0.000672662|0.000202742|0.00907722|0.000248463|0.00794111|0.000159088|0.00544009|0.000266598|0.000979027|0.000135861|0.000162335|0.000125263|0.00344885,0.0109342|0.0362414|0.0381696|0.00282907|0.0107812|0.0285929|0.00304046|0.00638914|0.0128442|0.0242596|0.029055|0.0455031|0.00898217|0.0183567|0.0266797|0.0108045|0.00830448|0.0365406,0.000178506|0.0472365|0.00800322|0.0420997|0.0401575|0.0372754|0.0474075|0.0483596|0.0431033|0.0480911|0.0302566|0.0360942|0.0488958|0.0388066|0.0436548|0.0326183|0.0293842|0.0130093,0.973537|0.953794|0.90679|0.966581|0.926416|0.984478|0.99171|0.910708|0.945549|0.98053|0.923372|0.967439|0.9108|0.969899|0.933821|0.912097|0.927471|0.98883,4.63983|3.07459|1.41691|1.09944|0.0868458|4.02061|5.60303|5.41755|4.50487|5.59786|0.31178|3.09858|6.27947|3.94615|5.77568|5.92115|5.03384|4.04415,66.2586|94.4507|11.8968|11.8194|12.726|62.2588|47.7013|22.3088|48.3985|56.7189|41.9872|78.8723|91.8261|77.768|32.5899|63.1349|11.2844,0.180129|0.168303|0.228013|0.168449|0.226099|0.169222|0.170229|0.190841|0.17162|0.167864|0.178665|0.239998|0.228404|0.165457|0.178102|0.209804|0.200895,0.323551|0.263233|0.342677|0.776387|0.757755|0.361153|0.776444|0.323935|0.641887|0.624525|0.182289|0.300482|0.133861|0.348083|0.548301|0.17375|0.836539,0.869523,0.801463,0.117836,0.0993652,0.460468,0.534015,0.0732846,0.487967,0.198257,0.921169,51.6436,5.43263e-12,47756,0.887486,41.1981,1.06086e-12,38445,0.895553,0.876428,0.0878307,0.631141,0.996144,0.511517,0.22039,0.459803,0.228135,0.891603,87.9902,7.64954e-10,30733,0.967162,70.4477,9.04596e-11,52512
24,517,n1->n20->n19->n68->n66->n32->n31->n35->n33->n6->n12->n8->n7->n9->n10->n63->n61->n51,5.37021e+09|4.0293e+11|2.47533e+11|1.31753e+09|1.10072e+10|1.78367e+12|4.79342e+12|5.77859e+11|3.64323e+13|1.14208e+09|9.70597e+10|4.61239e+13|3.81012e+11|1.49139e+12|2.49624e+09|6.55204e+12|6.44979e+11|7.46708e+11,8.19724e+08|1.89646e+11|2.33399e+11|3.10679e+08|8.7665e+09|1.05491e+12|4.42443e+12|4.88834e+11|6.32377e+12|2.20459e+08|2.76143e+10|1.04208e+13|6.70334e+10|3.79906e+11|7.32581e+08|2.63574e+12|1.30372e+11|5.06847e+11,0.000494453|5.21063e-05|0.000261527|0.000223952|0.000237659|0.000179959|0.00024651|0.000412952|1.50316e-05|1.08483e-05|0.000201974|6.6054e-05|0.000475679|1.80008e-05|6.27016e-05|0.000116235|3.71253e-05|0.000185382,0.000316017|0.000368678|0.000768065|0.00843573|0.000470269|0.00292552|0.00308746|0.00138752|0.00213059|0.00010157|0.0016732|0.00522046|0.00104538|0.00065196|0.00113469|0.00126856|0.00313588|0.00344885,0.0109342|0.0108696|0.0201979|0.0370095|0.0203827|0.00778345|0.0211034|0.00215298|0.00968695|0.00160082|0.0313381|0.0318744|0.01754|0.0140743|0.00597815|0.0100727|0.0266048|0.0365406,0.000178506|0.0181411|0.0291803|0.00589983|0.0146278|0.0161829|0.0151027|0.0375959|0.0280967|0.0260762|0.0470205|0.0483133|0.0283975|0.033904|0.0245713|0.0107197|0.0179693|0.0130093,0.973537|0.923215|0.941018|0.984554|0.978907|0.953313|0.943878|0.952159|0.923653|0.908628|0.937315|0.975256|0.963898|0.963574|0.962416|0.903245|0.958619|0.98883,4.63983|4.79469|1.39448|5.26958|3.10364|0.10397|4.82496|5.24666|1.04264|5.01633|3.07758|3.22282|3.51107|5.88966|1.97158|4.68449|2.63855|4.04415,90.7492|86.2435|67.5745|70.8824|27.3217|86.0567|91.3525|93.5115|50.0569|32.9383|81.3396|55.4093|59.8148|65.9961|65.1286|47.0482|66.5616,0.215706|0.182991|0.2055|0.16183|0.199785|0.16799|0.243038|0.242679|0.19306|0.230728|0.186476|0.230451|0.18359|0.193896|0.203746|0.167884|0.171721,0.53635|0.182796|0.968257|0.215539|0.769012|0.799966|0.658826|0.487093|0.116472|0.628307|0.379326|0.745697|0.339058|0.982181|0.514129|0.410418|0.235817,0.869523,0.801463,0.117836,0.0993652,0.460468,0.534015,0.0732846,0.487967,0.198257,0.921169,51.6436,5.43263e-12,47756,0.887486,41.1981,1.06086e-12,38445,0.895553,0.876428,0.0878307,0.631141,0.996144,0.511517,0.22039,0.459803,0.228135,0.891603,87.9902,7.64954e-10,30733,0.967162,70.4477,9.04596e-11,52512
24,518,n1->n20->n21->n23->n77->n99->n98->n57->n83->n85->n65->n37->n38->n67->n64->n62->n61->n51,5.37021e+09|4.0293e+11|1.56161e+12|4.63033e+10|5.68112e+11|1.57108e+10|1.8266e+13|4.14288e+09|3.76373e+13|2.02447e+09|1.12599e+09|2.79748e+13|1.16426e+13|4.7483e+09|4.21034e+09|2.37342e+11|6.44979e+11|7.46708e+11,8.19724e+08|1.89646e+11|3.02345e+11|3.30225e+10|3.56307e+11|4.21389e+09|5.99087e+12|2.05006e+09|2.34723e+13|2.41326e+08|3.2906e+08|4.96975e+12|1.19258e+12|7.5553e+08|1.60867e+09|1.13053e+11|1.30372e+11|5.06847e+11,0.000494453|5.21063e-05|0.00096308|0.000277161|8.49487e-05|0.00089026|0.000410965|0.000173612|1.86087e-05|2.04325e-05|1.96575e-05|1.06248e-05|1.04425e-05|3.91885e-05|1.88732e-05|8.24006e-05|3.71253e-05|0.000185382,0.000316017|0.000368678|0.00195589|0.00418014|0.000906866|0.000350126|0.000548485|0.00271581|0.000175452|0.000338175|0.000428116|0.000261291|0.00950649|0.000640186|0.000135861|0.00794111|0.00313588|0.00344885,0.0109342|0.0108696|0.00712365|0.00314906|0.04851|0.0362414|0.0295222|0.0328142|0.015405|0.0354515|0.00118659|0.0457563|0.0263713|0.029632|0.0266797|0.0242596|0.0266048|0.0365406,0.000178506|0.0181411|0.0414669|0.0470385|0.0115254|0.0472365|0.0297366|0.0437642|0.038157|0.0266209|0.00176737|0.0105712|0.00318517|0.0482082|0.0436548|0.0480911|0.0179693|0.0130093,0.973537|0.923215|0.971602|0.92176|0.949999|0.953794|0.959539|0.983348|0.947801|0.940474|0.967717|0.964079|0.902547|0.924883|0.933821|0.98053|0.958619|0.98883,4.63983|4.79469|3.14177|2.08786|0.722366|3.07459|2.95405|1.93323|4.11052|4.91715|4.1126|4.96174|5.09423|2.06342|5.77568|5.59786|2.63855|4.04415,90.7492|76.7594|88.4205|39.0733|96.5216|58.4557|98.2355|50.003|92.2019|82.5435|13.4252|46.986|59.2872|95.5844|93.0484|89.0369|66.5616,0.215706|0.218425|0.232237|0.178948|0.241387|0.227784|0.190047|0.1911|0.231254|0.20461|0.230756|0.170599|0.200548|0.248978|0.176232|0.198053|0.171721,0.53635|0.515127|0.516177|0.23533|0.664018|0.686264|0.757428|0.161388|0.604504|0.519435|0.986996|0.662799|0.127053|0.480161|0.182879|0.704733|0.235817,0.869523,0.801463,0.117836,0.0993652,0.460468,0.534015,0.0732846,0.487967,0.198257,0.921169,51.6436,5.43263e-12,47756,0.887486,41.1981,1.06086e-12,38445,0.895553,0.876428,0.0878307,0.631141,0.996144,0.511517,0.22039,0.459803,0.228135,0.891603,87.9902,7.64954e-10,30733,0.967162,70.4477,9.04596e-11,52512
24,519,n1->n99->n97->n96->n94->n92->n93->n77->n72->n73->n71->n24->n33->n32->n31->n29->n50->n51,5.37021e+09|1.57108e+10|2.90604e+09|2.51165e+12|1.36531e+10|1.97334e+09|4.22601e+13|5.68112e+11|6.83442e+09|1.41706e+11|7.70008e+11|1.59557e+13|3.64323e+13|1.78367e+12|4.79342e+12|3.6336e+13|2.36425e+09|7.46708e+11,8.19724e+08|4.21389e+09|5.04144e+08|5.36324e+11|1.67171e+09|1.46451e+09|1.3774e+13|3.56307e+11|1.48353e+09|5.76853e+10|1.60546e+11|4.06569e+12|6.32377e+12|1.05491e+12|4.42443e+12|1.77292e+13|4.07889e+08|5.06847e+11,0.000494453|0.00089026|8.81202e-05|1.2987e-05|2.95455e-05|2.75832e-05|8.45967e-05|8.49487e-05|0.000159499|6.32916e-05|0.00017279|0.000193265|1.50316e-05|0.000179959|0.00024651|0.000125062|1.54283e-05|0.000185382,0.000316017|0.000350126|0.00494291|0.000286765|0.000125263|0.0052688|0.000162335|0.000906866|0.00384342|0.000807753|0.00123164|0.0012727|0.00213059|0.00292552|0.00308746|0.00231296|0.00907722|0.00344885,0.0109342|0.0362414|0.0381696|0.0377902|0.00830448|0.0444618|0.0108045|0.04851|0.0479977|0.0455502|0.0398828|0.0433038|0.00968695|0.00778345|0.0211034|0.0255931|0.00638914|0.0365406,0.000178506|0.0472365|0.00800322|0.0195364|0.0293842|0.0387741|0.0326183|0.0115254|0.0299903|0.028193|0.0326729|0.00780618|0.0280967|0.0161829|0.0151027|0.00291922|0.0483596|0.0130093,0.973537|0.953794|0.90679|0.951762|0.927471|0.987763|0.912097|0.949999|0.96924|0.909539|0.947193|0.90929|0.923653|0.953313|0.943878|0.962742|0.910708|0.98883,4.63983|3.07459|1.41691|0.85792|5.03384|6.03913|5.92115|0.722366|3.90463|3.29092|0.117525|3.9732|1.04264|0.10397|4.82496|0.0327787|5.41755|4.04415,66.2586|94.4507|37.9513|71.0086|13.5087|61.035|51.9256|92.3918|29.1617|28.2621|44.1502|98.0873|61.2747|86.0567|70.4589|37.0378|82.9474,0.180129|0.168303|0.246589|0.230021|0.230182|0.21409|0.247077|0.167022|0.178937|0.242769|0.204574|0.239791|0.208144|0.16799|0.246199|0.191256|0.24308,0.323551|0.263233|0.157157|0.131268|0.731663|0.722832|0.469529|0.776051|0.920295|0.940077|0.45026|0.939209|0.704271|0.799966|0.415176|0.182586|0.624607,0.869523,0.801463,0.117836,0.0993652,0.460468,0.534015,0.0732846,0.487967,0.198257,0.921169,51.6436,5.43263e-12,47756,0.887486,41.1981,1.06086e-12,38445,0.895553,0.876428,0.0878307,0.631141,0.996144,0.511517,0.22039,0.459803,0.228135,0.891603,87.9902,7.64954e-10,30733,0.967162,70.4477,9.04596e-11,52512
24,520,n1->n20->n19->n68->n66->n32->n34->n36->n64->n67->n21->n23->n83->n81->n79->n63->n61->n51,5.37021e+09|4.0293e+11|2.47533e+11|1.31753e+09|1.10072e+10|1.78367e+12|4.7313e+12|7.73972e+11|4.21034e+09|4.7483e+09|1.56161e+12|4.63033e+10|3.76373e+13|2.58887e+10|1.47019e+10|6.55204e+12|6.44979e+11|7.46708e+11,8.19724e+08|1.89646e+11|2.33399e+11|3.10679e+08|8.7665e+09|1.05491e+12|1.15705e+12|7.77593e+10|1.60867e+09|7.5553e+08|3.02345e+11|3.30225e+10|2.34723e+13|8.36206e+09|4.87652e+09|2.63574e+12|1.30372e+11|5.06847e+11,0.000494453|5.21063e-05|0.000261527|0.000223952|0.000237659|0.000179959|0.000140889|0.000426407|1.88732e-05|3.91885e-05|0.00096308|0.000277161|1.86087e-05|0.000268232|0.000133131|0.000116235|3.71253e-05|0.000185382,0.000316017|0.000368678|0.000768065|0.00843573|0.000470269|0.00292552|0.000270551|0.00396778|0.000135861|0.000640186|0.00195589|0.00418014|0.000175452|0.000752991|0.000479664|0.00126856|0.00313588|0.00344885,0.0109342|0.0108696|0.0201979|0.0370095|0.0203827|0.00778345|0.0276207|0.00497013|0.0266797|0.029632|0.00712365|0.00314906|0.015405|0.0481357|0.0252961|0.0100727|0.0266048|0.0365406,0.000178506|0.0181411|0.0291803|0.00589983|0.0146278|0.0161829|0.0210615|0.0341912|0.0436548|0.0482082|0.0414669|0.0470385|0.038157|0.00997263|0.0203026|0.0107197|0.0179693|0.0130093,0.973537|0.923215|0.941018|0.984554|0.978907|0.953313|0.904866|0.94998|0.933821|0.924883|0.971602|0.92176|0.947801|0.948836|0.966262|0.903245|0.958619|0.98883,4.63983|4.79469|1.39448|5.26958|3.10364|0.10397|4.56594|3.70656|5.77568|2.06342|3.14177|2.08786|4.11052|1.5908|3.41737|4.68449|2.63855|4.04415,90.7492|86.2435|67.5745|70.8824|27.3217|23.0914|89.5651|43.8659|95.5844|42.5138|88.4205|23.518|78.7627|26.55|16.1844|47.0482|66.5616,0.215706|0.182991|0.2055|0.16183|0.199785|0.18593|0.241996|0.241695|0.248978|0.197352|0.232237|0.181099|0.170031|0.238834|0.22961|0.167884|0.171721,0.53635|0.182796|0.968257|0.215539|0.769012|0.12287|0.265381|0.590576|0.480161|0.602799|0.516177|0.741177|0.530775|0.957633|0.217843|0.410418|0.235817,0.869523,0.801463,0.117836,0.0993652,0.460468,0.534015,0.0732846,0.487967,0.198257,0.921169,51.6436,5.43263e-12,47756,0.887486,41.1981,1.06086e-12,38445,0.895553,0.876428,0.0878307,0.631141,0.996144,0.511517,0.22039,0.459803,0.228135,0.891603,87.9902,7.64954e-10,30733,0.967162,70.4477,9.04596e-11,52512
24,521,n1->n99->n98->n57->n74->n22->n21->n67->n64->n93->n95->n89->n48->n50->n29->n27->n52->n51,5.37021e+09|1.57108e+10|1.8266e+13|4.14288e+09|5.8385e+13|1.47e+10|1.56161e+12|4.7483e+09|4.21034e+09|4.22601e+13|1.05601e+11|2.68119e+11|3.98001e+12|2.36425e+09|3.6336e+13|4.19351e+12|1.02428e+10|7.46708e+11,8.19724e+08|4.21389e+09|5.99087e+12|2.05006e+09|7.35096e+12|9.51029e+09|3.02345e+11|7.5553e+08|1.60867e+09|1.3774e+13|5.46554e+10|9.23423e+10|1.69514e+12|4.07889e+08|1.77292e+13|8.73344e+11|2.07235e+09|5.06847e+11,0.000494453|0.00089026|0.000410965|0.000173612|0.000875739|1.77434e-05|0.00096308|3.91885e-05|1.88732e-05|8.45967e-05|0.000260968|3.55201e-05|4.78153e-05|1.54283e-05|0.000125062|1.08528e-05|0.00011644|0.000185382,0.000316017|0.000350126|0.000548485|0.00271581|0.00944671|0.0006856|0.00195589|0.000640186|0.000135861|0.000162335|0.000186877|0.000111435|0.00544009|0.00907722|0.00231296|0.00262605|0.00580301|0.00344885,0.0109342|0.0362414|0.0295222|0.0328142|0.0280357|0.0408661|0.00712365|0.029632|0.0266797|0.0108045|0.00282907|0.0107812|0.0455031|0.00638914|0.0255931|0.0303206|0.0398377|0.0365406,0.000178506|0.0472365|0.0297366|0.0437642|0.0166219|0.040072|0.0414669|0.0482082|0.0436548|0.0326183|0.0420997|0.0401575|0.0360942|0.0483596|0.00291922|0.0230682|0.0151024|0.0130093,0.973537|0.953794|0.959539|0.983348|0.90082|0.95984|0.971602|0.924883|0.933821|0.912097|0.966581|0.926416|0.967439|0.910708|0.962742|0.985376|0.965406|0.98883,4.63983|3.07459|2.95405|1.93323|0.0974208|0.048646|3.14177|2.06342|5.77568|5.92115|1.09944|0.0868458|3.09858|5.41755|0.0327787|4.5695|0.0104102|4.04415,66.2586|58.4557|98.2355|95.6836|63.8366|55.6995|42.5138|95.5844|32.5899|24.941|11.8194|94.0077|23.5956|37.0378|49.6282|46.2248|83.3731,0.180129|0.227784|0.190047|0.169856|0.241428|0.206062|0.197352|0.248978|0.178102|0.237661|0.168449|0.234363|0.191801|0.191256|0.180772|0.183493|0.197114,0.323551|0.686264|0.757428|0.815246|0.480684|0.677391|0.602799|0.480161|0.548301|0.985064|0.776387|0.948873|0.688345|0.182586|0.511755|0.657987|0.942894,0.869523,0.801463,0.117836,0.0993652,0.460468,0.534015,0.0732846,0.487967,0.198257,0.921169,51.6436,5.43263e-12,47756,0.887486,41.1981,1.06086e-12,38445,0.895553,0.876428,0.0878307,0.631141,0.996144,0.511517,0.22039,0.459803,0.228135,0.891603,87.9902,7.64954e-10,30733,0.967162,70.4477,9.04596e-11,52512
24,522,n1->n99->n77->n93->n91->n92->n94->n96->n97->n95->n89->n20->n19->n17->n85->n65->n52->n51,5.37021e+09|1.57108e+10|5.68112e+11|4.22601e+13|2.84652e+12|1.97334e+09|1.36531e+10|2.51165e+12|2.90604e+09|1.05601e+11|2.68119e+11|4.0293e+11|2.47533e+11|1.51096e+11|2.02447e+09|1.12599e+09|1.02428e+10|7.46708e+11,8.19724e+08|4.21389e+09|3.56307e+11|1.3774e+13|3.57264e+11|1.46451e+09|1.67171e+09|5.36324e+11|5.04144e+08|5.46554e+10|9.23423e+10|1.89646e+11|2.33399e+11|1.57582e+10|2.41326e+08|3.2906e+08|2.07235e+09|5.06847e+11,0.000494453|0.00089026|8.49487e-05|8.45967e-05|6.93267e-05|2.75832e-05|2.95455e-05|1.2987e-05|8.81202e-05|0.000260968|3.55201e-05|5.21063e-05|0.000261527|0.000261059|2.04325e-05|1.96575e-05|0.00011644|0.000185382,0.000316017|0.000350126|0.000906866|0.000162335|0.00599677|0.0052688|0.000125263|0.000286765|0.00494291|0.000186877|0.000111435|0.000368678|0.000768065|0.000513001|0.000338175|0.000428116|0.00580301|0.00344885,0.0109342|0.0362414|0.04851|0.0108045|0.008036|0.0444618|0.00830448|0.0377902|0.0381696|0.00282907|0.0107812|0.0108696|0.0201979|0.0430027|0.0354515|0.00118659|0.0398377|0.0365406,0.000178506|0.0472365|0.0115254|0.0326183|0.015498|0.0387741|0.0293842|0.0195364|0.00800322|0.0420997|0.0401575|0.0181411|0.0291803|0.00442808|0.0266209|0.00176737|0.0151024|0.0130093,0.973537|0.953794|0.949999|0.912097|0.964407|0.987763|0.927471|0.951762|0.90679|0.966581|0.926416|0.923215|0.941018|0.974312|0.940474|0.967717|0.965406|0.98883,4.63983|3.07459|0.722366|5.92115|5.6679|6.03913|5.03384|0.85792|1.41691|1.09944|0.0868458|4.79469|1.39448|5.11322|4.91715|4.1126|0.0104102|4.04415,66.2586|96.5216|51.9256|26.8753|32.3713|13.5087|71.0086|37.9513|11.8968|11.8194|18.2346|86.2435|10.3361|84.7043|82.5435|56.1703|83.3731,0.180129|0.241387|0.247077|0.203549|0.161013|0.230182|0.230021|0.246589|0.228013|0.168449|0.231355|0.182991|0.172286|0.225161|0.20461|0.247907|0.197114,0.323551|0.664018|0.469529|0.21516|0.940947|0.731663|0.131268|0.157157|0.342677|0.776387|0.595303|0.182796|0.559133|0.880608|0.519435|0.827328|0.942894,0.869523,0.801463,0.117836,0.0993652,0.460468,0.534015,0.0732846,0.487967,0.198257,0.921169,51.6436,5.43263e-12,47756,0.887486,41.1981,1.06086e-12,38445,0.895553,0.876428,0.0878307,0.631141,0.996144,0.511517,0.22039,0.459803,0.228135,0.891603,87.9902,7.64954e-10,30733,0.967162,70.4477,9.04596e-11,52512
24,523,n1->n13->n12->n8->n7->n2->n4->n27->n28->n69->n70->n87->n88->n89->n20->n96->n94->n51,5.37021e+09|6.60497e+13|9.70597e+10|4.61239e+13|3.81012e+11|5.94248e+10|7.07339e+12|4.19351e+12|1.34247e+11|8.81277e+09|6.87309e+13|7.3435e+12|9.00567e+12|2.68119e+11|4.0293e+11|2.51165e+12|1.36531e+10|7.46708e+11,8.19724e+08|8.87204e+12|2.76143e+10|1.04208e+13|6.70334e+10|3.74975e+10|2.43435e+12|8.73344e+11|1.51805e+10|7.57626e+09|9.78332e+12|2.79916e+12|8.66002e+12|9.23423e+10|1.89646e+11|5.36324e+11|1.67171e+09|5.06847e+11,0.000494453|0.000787814|0.000201974|6.6054e-05|0.000475679|1.10648e-05|0.000113681|1.08528e-05|0.00056516|0.000268039|5.13815e-05|0.000634307|6.2721e-05|3.55201e-05|5.21063e-05|1.2987e-05|2.95455e-05|0.000185382,0.000316017|0.00788063|0.0016732|0.00522046|0.00104538|0.00120557|0.00198341|0.00262605|0.0093172|0.00367819|0.00295865|0.00151267|0.000480267|0.000111435|0.000368678|0.000286765|0.000125263|0.00344885,0.0109342|0.0476737|0.0313381|0.0318744|0.01754|0.00369149|0.0350273|0.0303206|0.0317261|0.022957|0.0286141|0.0186268|0.00850464|0.0107812|0.0108696|0.0377902|0.00830448|0.0365406,0.000178506|0.00335145|0.0470205|0.0483133|0.0283975|0.0127317|0.0273051|0.0230682|0.03841|0.0100342|0.0216638|0.00979507|0.0237676|0.0401575|0.0181411|0.0195364|0.0293842|0.0130093,0.973537|0.954869|0.937315|0.975256|0.963898|0.968894|0.917619|0.985376|0.948072|0.975915|0.966653|0.977244|0.962132|0.926416|0.923215|0.951762|0.927471|0.98883,4.63983|5.26639|3.07758|3.22282|3.51107|4.74216|1.56082|4.5695|1.48687|2.99986|4.60778|2.33192|1.9653|0.0868458|4.79469|0.85792|5.03384|4.04415,79.8117|56.34|81.3396|55.4093|88.6198|30.2686|52.1141|23.5709|97.1045|74.5377|39.9413|57.0974|92.4072|18.2346|58.7029|71.0086|11.2844,0.246796|0.206669|0.186476|0.230451|0.228013|0.239023|0.184605|0.207151|0.207556|0.172691|0.180359|0.227675|0.203687|0.231355|0.201188|0.230021|0.200895,0.338018|0.285239|0.379326|0.745697|0.84397|0.514427|0.200735|0.340196|0.438091|0.416585|0.129355|0.396625|0.876618|0.595303|0.666395|0.131268|0.836539,0.869523,0.801463,0.117836,0.0993652,0.460468,0.534015,0.0732846,0.487967,0.198257,0.921169,51.6436,5.43263e-12,47756,0.887486,41.1981,1.06086e-12,38445,0.895553,0.876428,0.0878307,0.631141,0.996144,0.511517,0.22039,0.459803,0.228135,0.891603,87.9902,7.64954e-10,30733,0.967162,70.4477,9.04596e-11,52512
24,524,n1->n13->n12->n8->n7->n9->n10->n73->n75->n71->n72->n77->n23->n21->n20->n96->n94->n51,5.37021e+09|6.60497e+13|9.70597e+10|4.61239e+13|3.81012e+11|1.49139e+12|2.49624e+09|1.41706e+11|8.71921e+10|7.70008e+11|6.83442e+09|5.68112e+11|4.63033e+10|1.56161e+12|4.0293e+11|2.51165e+12|1.36531e+10|7.46708e+11,8.19724e+08|8.87204e+12|2.76143e+10|1.04208e+13|6.70334e+10|3.79906e+11|7.32581e+08|5.76853e+10|5.29113e+10|1.60546e+11|1.48353e+09|3.56307e+11|3.30225e+10|3.02345e+11|1.89646e+11|5.36324e+11|1.67171e+09|5.06847e+11,0.000494453|0.000787814|0.000201974|6.6054e-05|0.000475679|1.80008e-05|6.27016e-05|6.32916e-05|0.000766915|0.00017279|0.000159499|8.49487e-05|0.000277161|0.00096308|5.21063e-05|1.2987e-05|2.95455e-05|0.000185382,0.000316017|0.00788063|0.0016732|0.00522046|0.00104538|0.00065196|0.00113469|0.000807753|0.000203965|0.00123164|0.00384342|0.000906866|0.00418014|0.00195589|0.000368678|0.000286765|0.000125263|0.00344885,0.0109342|0.0476737|0.0313381|0.0318744|0.01754|0.0140743|0.00597815|0.0455502|0.0243876|0.0398828|0.0479977|0.04851|0.00314906|0.00712365|0.0108696|0.0377902|0.00830448|0.0365406,0.000178506|0.00335145|0.0470205|0.0483133|0.0283975|0.033904|0.0245713|0.028193|0.0250863|0.0326729|0.0299903|0.0115254|0.0470385|0.0414669|0.0181411|0.0195364|0.0293842|0.0130093,0.973537|0.954869|0.937315|0.975256|0.963898|0.963574|0.962416|0.909539|0.936129|0.947193|0.96924|0.949999|0.92176|0.971602|0.923215|0.951762|0.927471|0.98883,4.63983|5.26639|3.07758|3.22282|3.51107|5.88966|1.97158|3.29092|3.39264|0.117525|3.90463|0.722366|2.08786|3.14177|4.79469|0.85792|5.03384|4.04415,79.8117|56.34|81.3396|55.4093|59.8148|65.9961|29.3778|85.6152|14.5634|45.8448|92.3918|39.0733|88.4205|76.7594|58.7029|71.0086|11.2844,0.246796|0.206669|0.186476|0.230451|0.18359|0.193896|0.202302|0.185893|0.169453|0.218487|0.167022|0.178948|0.232237|0.218425|0.201188|0.230021|0.200895,0.338018|0.285239|0.379326|0.745697|0.339058|0.982181|0.747283|0.624191|0.275247|0.29317|0.776051|0.23533|0.516177|0.515127|0.666395|0.131268|0.836539,0.869523,0.801463,0.117836,0.0993652,0.460468,0.534015,0.0732846,0.487967,0.198257,0.921169,51.6436,5.43263e-12,47756,0.887486,41.1981,1.06086e-12,38445,0.895553,0.876428,0.0878307,0.631141,0.996144,0.511517,0.22039,0.459803,0.228135,0.891603,87.9902,7.64954e-10,30733,0.967162,70.4477,9.04596e-11,52512
24,525,n1->n20->n19->n17->n85->n65->n52->n27->n28->n69->n3->n5->n7->n8->n10->n63->n61->n51,5.37021e+09|4.0293e+11|2.47533e+11|1.51096e+11|2.02447e+09|1.12599e+09|1.02428e+10|4.19351e+12|1.34247e+11|8.81277e+09|2.78751e+13|2.91995e+11|3.81012e+11|4.61239e+13|2.49624e+09|6.55204e+12|6.44979e+11|7.46708e+11,8.19724e+08|1.89646e+11|2.33399e+11|1.57582e+10|2.41326e+08|3.2906e+08|2.07235e+09|8.73344e+11|1.51805e+10|7.57626e+09|1.44762e+13|4.67133e+10|6.70334e+10|1.04208e+13|7.32581e+08|2.63574e+12|1.30372e+11|5.06847e+11,0.000494453|5.21063e-05|0.000261527|0.000261059|2.04325e-05|1.96575e-05|0.00011644|1.08528e-05|0.00056516|0.000268039|0.00022361|7.03031e-05|0.000475679|6.6054e-05|6.27016e-05|0.000116235|3.71253e-05|0.000185382,0.000316017|0.000368678|0.000768065|0.000513001|0.000338175|0.000428116|0.00580301|0.00262605|0.0093172|0.00367819|0.00776667|0.000196916|0.00104538|0.00522046|0.00113469|0.00126856|0.00313588|0.00344885,0.0109342|0.0108696|0.0201979|0.0430027|0.0354515|0.00118659|0.0398377|0.0303206|0.0317261|0.022957|0.0268705|0.00731162|0.01754|0.0318744|0.00597815|0.0100727|0.0266048|0.0365406,0.000178506|0.0181411|0.0291803|0.00442808|0.0266209|0.00176737|0.0151024|0.0230682|0.03841|0.0100342|0.0326941|0.0421608|0.0283975|0.0483133|0.0245713|0.0107197|0.0179693|0.0130093,0.973537|0.923215|0.941018|0.974312|0.940474|0.967717|0.965406|0.985376|0.948072|0.975915|0.982466|0.951514|0.963898|0.975256|0.962416|0.903245|0.958619|0.98883,4.63983|4.79469|1.39448|5.11322|4.91715|4.1126|0.0104102|4.5695|1.48687|2.99986|4.79844|4.90362|3.51107|3.22282|1.97158|4.68449|2.63855|4.04415,90.7492|86.2435|10.3361|84.7043|82.5435|56.1703|46.2248|23.5709|97.1045|83.9106|10.4739|37.2729|55.4093|99.595|65.1286|47.0482|66.5616,0.215706|0.182991|0.172286|0.225161|0.20461|0.247907|0.183493|0.207151|0.207556|0.204476|0.163561|0.176784|0.230451|0.184434|0.203746|0.167884|0.171721,0.53635|0.182796|0.559133|0.880608|0.519435|0.827328|0.657987|0.340196|0.438091|0.65353|0.469027|0.943162|0.745697|0.703378|0.514129|0.410418|0.235817,0.869523,0.801463,0.117836,0.0993652,0.460468,0.534015,0.0732846,0.487967,0.198257,0.921169,51.6436,5.43263e-12,47756,0.887486,41.1981,1.06086e-12,38445,0.895553,0.876428,0.0878307,0.631141,0.996144,0.511517,0.22039,0.459803,0.228135,0.891603,87.9902,7.64954e-10,30733,0.967162,70.4477,9.04596e-11,52512
24,526,n1->n13->n12->n8->n7->n2->n4->n27->n29->n50->n59->n90->n56->n84->n85->n65->n52->n51,5.37021e+09|6.60497e+13|9.70597e+10|4.61239e+13|3.81012e+11|5.94248e+10|7.07339e+12|4.19351e+12|3.6336e+13|2.36425e+09|3.04563e+11|1.33273e+11|1.1605e+12|1.07392e+09|2.02447e+09|1.12599e+09|1.02428e+10|7.46708e+11,8.19724e+08|8.87204e+12|2.76143e+10|1.04208e+13|6.70334e+10|3.74975e+10|2.43435e+12|8.73344e+11|1.77292e+13|4.07889e+08|3.06423e+10|6.41526e+10|5.65456e+11|9.00899e+08|2.41326e+08|3.2906e+08|2.07235e+09|5.06847e+11,0.000494453|0.000787814|0.000201974|6.6054e-05|0.000475679|1.10648e-05|0.000113681|1.08528e-05|0.000125062|1.54283e-05|2.43107e-05|0.000319756|1.7812e-05|2.14473e-05|2.04325e-05|1.96575e-05|0.00011644|0.000185382,0.000316017|0.00788063|0.0016732|0.00522046|0.00104538|0.00120557|0.00198341|0.00262605|0.00231296|0.00907722|0.000202742|0.000672662|0.000830638|0.000434313|0.000338175|0.000428116|0.00580301|0.00344885,0.0109342|0.0476737|0.0313381|0.0318744|0.01754|0.00369149|0.0350273|0.0303206|0.0255931|0.00638914|0.00304046|0.0285929|0.0231698|0.0473575|0.0354515|0.00118659|0.0398377|0.0365406,0.000178506|0.00335145|0.0470205|0.0483133|0.0283975|0.0127317|0.0273051|0.0230682|0.00291922|0.0483596|0.0474075|0.0372754|0.0417641|0.0366447|0.0266209|0.00176737|0.0151024|0.0130093,0.973537|0.954869|0.937315|0.975256|0.963898|0.968894|0.917619|0.985376|0.962742|0.910708|0.99171|0.984478|0.944528|0.948551|0.940474|0.967717|0.965406|0.98883,4.63983|5.26639|3.07758|3.22282|3.51107|4.74216|1.56082|4.5695|0.0327787|5.41755|5.60303|4.02061|2.55597|5.42186|4.91715|4.1126|0.0104102|4.04415,79.8117|56.34|81.3396|55.4093|88.6198|30.2686|52.1141|49.6282|37.0378|47.7013|62.2588|40.6061|34.4372|82.1833|82.5435|56.1703|83.3731,0.246796|0.206669|0.186476|0.230451|0.228013|0.239023|0.184605|0.180772|0.191256|0.170229|0.169222|0.166746|0.222961|0.216313|0.20461|0.247907|0.197114,0.338018|0.285239|0.379326|0.745697|0.84397|0.514427|0.200735|0.511755|0.182586|0.776444|0.361153|0.163177|0.762891|0.528406|0.519435|0.827328|0.942894,0.869523,0.801463,0.117836,0.0993652,0.460468,0.534015,0.0732846,0.487967,0.198257,0.921169,51.6436,5.43263e-12,47756,0.887486,41.1981,1.06086e-12,38445,0.895553,0.876428,0.0878307,0.631141,0.996144,0.511517,0.22039,0.459803,0.228135,0.891603,87.9902,7.64954e-10,30733,0.967162,70.4477,9.04596e-11,52512
24,527,n1->n13->n15->n63->n61->n62->n46->n48->n89->n20->n96->n97->n99->n77->n93->n92->n94->n51,5.37021e+09|6.60497e+13|8.77071e+11|6.55204e+12|6.44979e+11|2.37342e+11|5.53417e+12|3.98001e+12|2.68119e+11|4.0293e+11|2.51165e+12|2.90604e+09|1.57108e+10|5.68112e+11|4.22601e+13|1.97334e+09|1.36531e+10|7.46708e+11,8.19724e+08|8.87204e+12|1.06991e+11|2.63574e+12|1.30372e+11|1.13053e+11|1.63629e+12|1.69514e+12|9.23423e+10|1.89646e+11|5.36324e+11|5.04144e+08|4.21389e+09|3.56307e+11|1.3774e+13|1.46451e+09|1.67171e+09|5.06847e+11,0.000494453|0.000787814|0.000182949|0.000116235|3.71253e-05|8.24006e-05|0.000489732|4.78153e-05|3.55201e-05|5.21063e-05|1.2987e-05|8.81202e-05|0.00089026|8.49487e-05|8.45967e-05|2.75832e-05|2.95455e-05|0.000185382,0.000316017|0.00788063|0.00274771|0.00126856|0.00313588|0.00794111|0.000159088|0.00544009|0.000111435|0.000368678|0.000286765|0.00494291|0.000350126|0.000906866|0.000162335|0.0052688|0.000125263|0.00344885,0.0109342|0.0476737|0.0207315|0.0100727|0.0266048|0.0242596|0.029055|0.0455031|0.0107812|0.0108696|0.0377902|0.0381696|0.0362414|0.04851|0.0108045|0.0444618|0.00830448|0.0365406,0.000178506|0.00335145|0.0378122|0.0107197|0.0179693|0.0480911|0.0302566|0.0360942|0.0401575|0.0181411|0.0195364|0.00800322|0.0472365|0.0115254|0.0326183|0.0387741|0.0293842|0.0130093,0.973537|0.954869|0.910795|0.903245|0.958619|0.98053|0.923372|0.967439|0.926416|0.923215|0.951762|0.90679|0.953794|0.949999|0.912097|0.987763|0.927471|0.98883,4.63983|5.26639|1.89272|4.68449|2.63855|5.59786|0.31178|3.09858|0.0868458|4.79469|0.85792|1.41691|3.07459|0.722366|5.92115|6.03913|5.03384|4.04415,79.8117|66.6304|11.0615|47.0482|89.0369|56.7189|41.9872|94.0077|18.2346|58.7029|37.9513|94.4507|96.5216|51.9256|61.035|13.5087|11.2844,0.246796|0.179788|0.214255|0.167884|0.198053|0.167864|0.178665|0.234363|0.231355|0.201188|0.246589|0.168303|0.241387|0.247077|0.21409|0.230182|0.200895,0.338018|0.275394|0.692153|0.410418|0.704733|0.624525|0.182289|0.948873|0.595303|0.666395|0.157157|0.263233|0.664018|0.469529|0.722832|0.731663|0.836539,0.869523,0.801463,0.117836,0.0993652,0.460468,0.534015,0.0732846,0.487967,0.198257,0.921169,51.6436,5.43263e-12,47756,0.887486,41.1981,1.06086e-12,38445,0.895553,0.876428,0.0878307,0.631141,0.996144,0.511517,0.22039,0.459803,0.228135,0.891603,87.9902,7.64954e-10,30733,0.967162,70.4477,9.04596e-11,52512
24,528,n1->n99->n98->n57->n83->n85->n84->n82->n95->n89->n20->n19->n17->n68->n58->n59->n50->n51,5.37021e+09|1.57108e+10|1.8266e+13|4.14288e+09|3.76373e+13|2.02447e+09|1.07392e+09|1.07979e+13|1.05601e+11|2.68119e+11|4.0293e+11|2.47533e+11|1.51096e+11|1.31753e+09|8.16696e+09|3.04563e+11|2.36425e+09|7.46708e+11,8.19724e+08|4.21389e+09|5.99087e+12|2.05006e+09|2.34723e+13|2.41326e+08|9.00899e+08|1.66379e+12|5.46554e+10|9.23423e+10|1.89646e+11|2.33399e+11|1.57582e+10|3.10679e+08|6.89506e+09|3.06423e+10|4.07889e+08|5.06847e+11,0.000494453|0.00089026|0.000410965|0.000173612|1.86087e-05|2.04325e-05|2.14473e-05|0.000837919|0.000260968|3.55201e-05|5.21063e-05|0.000261527|0.000261059|0.000223952|0.000266735|2.43107e-05|1.54283e-05|0.000185382,0.000316017|0.000350126|0.000548485|0.00271581|0.000175452|0.000338175|0.000434313|0.00271152|0.000186877|0.000111435|0.000368678|0.000768065|0.000513001|0.00843573|0.00874893|0.000202742|0.00907722|0.00344885,0.0109342|0.0362414|0.0295222|0.0328142|0.015405|0.0354515|0.0473575|0.0278433|0.00282907|0.0107812|0.0108696|0.0201979|0.0430027|0.0370095|0.0248478|0.00304046|0.00638914|0.0365406,0.000178506|0.0472365|0.0297366|0.0437642|0.038157|0.0266209|0.0366447|0.0266174|0.0420997|0.0401575|0.0181411|0.0291803|0.00442808|0.00589983|0.0481122|0.0474075|0.0483596|0.0130093,0.973537|0.953794|0.959539|0.983348|0.947801|0.940474|0.948551|0.934435|0.966581|0.926416|0.923215|0.941018|0.974312|0.984554|0.911658|0.99171|0.910708|0.98883,4.63983|3.07459|2.95405|1.93323|4.11052|4.91715|5.42186|0.132111|1.09944|0.0868458|4.79469|1.39448|5.11322|5.26958|3.70937|5.60303|5.41755|4.04415,66.2586|58.4557|98.2355|50.003|92.2019|82.1833|83.37|75.699|11.8194|18.2346|86.2435|10.3361|23.9015|56.905|56.397|47.7013|82.9474,0.180129|0.227784|0.190047|0.1911|0.231254|0.216313|0.203763|0.21275|0.168449|0.231355|0.182991|0.172286|0.236806|0.185169|0.21902|0.170229|0.24308,0.323551|0.686264|0.757428|0.161388|0.604504|0.528406|0.808712|0.837867|0.776387|0.595303|0.182796|0.559133|0.2818|0.476138|0.533324|0.776444|0.624607,0.869523,0.801463,0.117836,0.0993652,0.460468,0.534015,0.0732846,0.487967,0.198257,0.921169,51.6436,5.43263e-12,47756,0.887486,41.1981,1.06086e-12,38445,0.895553,0.876428,0.0878307,0.631141,0.996144,0.511517,0.22039,0.459803,0.228135,0.891603,87.9902,7.64954e-10,30733,0.967162,70.4477,9.04596e-11,52512
24,529,n1->n13->n15->n63->n10->n39->n38->n67->n21->n22->n74->n75->n71->n24->n26->n27->n52->n51,5.37021e+09|6.60497e+13|8.77071e+11|6.55204e+12|2.49624e+09|3.34792e+13|1.16426e+13|4.7483e+09|1.56161e+12|1.47e+10|5.8385e+13|8.71921e+10|7.70008e+11|1.59557e+13|7.09351e+09|4.19351e+12|1.02428e+10|7.46708e+11,8.19724e+08|8.87204e+12|1.06991e+11|2.63574e+12|7.32581e+08|1.12013e+13|1.19258e+12|7.5553e+08|3.02345e+11|9.51029e+09|7.35096e+12|5.29113e+10|1.60546e+11|4.06569e+12|1.31666e+09|8.73344e+11|2.07235e+09|5.06847e+11,0.000494453|0.000787814|0.000182949|0.000116235|6.27016e-05|5.53896e-05|1.04425e-05|3.91885e-05|0.00096308|1.77434e-05|0.000875739|0.000766915|0.00017279|0.000193265|3.77967e-05|1.08528e-05|0.00011644|0.000185382,0.000316017|0.00788063|0.00274771|0.00126856|0.00113469|0.0025393|0.00950649|0.000640186|0.00195589|0.0006856|0.00944671|0.000203965|0.00123164|0.0012727|0.00522178|0.00262605|0.00580301|0.00344885,0.0109342|0.0476737|0.0207315|0.0100727|0.00597815|0.00111942|0.0263713|0.029632|0.00712365|0.0408661|0.0280357|0.0243876|0.0398828|0.0433038|0.0101688|0.0303206|0.0398377|0.0365406,0.000178506|0.00335145|0.0378122|0.0107197|0.0245713|0.0449458|0.00318517|0.0482082|0.0414669|0.040072|0.0166219|0.0250863|0.0326729|0.00780618|0.0409649|0.0230682|0.0151024|0.0130093,0.973537|0.954869|0.910795|0.903245|0.962416|0.924329|0.902547|0.924883|0.971602|0.95984|0.90082|0.936129|0.947193|0.90929|0.981638|0.985376|0.965406|0.98883,4.63983|5.26639|1.89272|4.68449|1.97158|1.19952|5.09423|2.06342|3.14177|0.048646|0.0974208|3.39264|0.117525|3.9732|2.91399|4.5695|0.0104102|4.04415,79.8117|66.6304|11.0615|65.1286|24.4191|52.0957|59.2872|42.5138|55.6995|63.8366|64.3401|14.5634|44.1502|83.4704|67.4197|46.2248|83.3731,0.246796|0.179788|0.214255|0.203746|0.239532|0.199024|0.200548|0.197352|0.206062|0.241428|0.220369|0.169453|0.204574|0.216464|0.171162|0.183493|0.197114,0.338018|0.275394|0.692153|0.514129|0.991722|0.46236|0.127053|0.602799|0.677391|0.480684|0.119032|0.275247|0.45026|0.583168|0.40751|0.657987|0.942894,0.869523,0.801463,0.117836,0.0993652,0.460468,0.534015,0.0732846,0.487967,0.198257,0.921169,51.6436,5.43263e-12,47756,0.887486,41.1981,1.06086e-12,38445,0.895553,0.876428,0.0878307,0.631141,0.996144,0.511517,0.22039,0.459803,0.228135,0.891603,87.9902,7.64954e-10,30733,0.967162,70.4477,9.04596e-11,52512
24,530,n1->n13->n12->n8->n7->n5->n3->n69->n70->n87->n88->n90->n56->n54->n82->n63->n61->n51,5.37021e+09|6.60497e+13|9.70597e+10|4.61239e+13|3.81012e+11|2.91995e+11|2.78751e+13|8.81277e+09|6.87309e+13|7.3435e+12|9.00567e+12|1.33273e+11|1.1605e+12|2.80961e+11|1.07979e+13|6.55204e+12|6.44979e+11|7.46708e+11,8.19724e+08|8.87204e+12|2.76143e+10|1.04208e+13|6.70334e+10|4.67133e+10|1.44762e+13|7.57626e+09|9.78332e+12|2.79916e+12|8.66002e+12|6.41526e+10|5.65456e+11|2.23178e+11|1.66379e+12|2.63574e+12|1.30372e+11|5.06847e+11,0.000494453|0.000787814|0.000201974|6.6054e-05|0.000475679|7.03031e-05|0.00022361|0.000268039|5.13815e-05|0.000634307|6.2721e-05|0.000319756|1.7812e-05|1.47667e-05|0.000837919|0.000116235|3.71253e-05|0.000185382,0.000316017|0.00788063|0.0016732|0.00522046|0.00104538|0.000196916|0.00776667|0.00367819|0.00295865|0.00151267|0.000480267|0.000672662|0.000830638|0.00549128|0.00271152|0.00126856|0.00313588|0.00344885,0.0109342|0.0476737|0.0313381|0.0318744|0.01754|0.00731162|0.0268705|0.022957|0.0286141|0.0186268|0.00850464|0.0285929|0.0231698|0.0334079|0.0278433|0.0100727|0.0266048|0.0365406,0.000178506|0.00335145|0.0470205|0.0483133|0.0283975|0.0421608|0.0326941|0.0100342|0.0216638|0.00979507|0.0237676|0.0372754|0.0417641|0.00844474|0.0266174|0.0107197|0.0179693|0.0130093,0.973537|0.954869|0.937315|0.975256|0.963898|0.951514|0.982466|0.975915|0.966653|0.977244|0.962132|0.984478|0.944528|0.927525|0.934435|0.903245|0.958619|0.98883,4.63983|5.26639|3.07758|3.22282|3.51107|4.90362|4.79844|2.99986|4.60778|2.33192|1.9653|4.02061|2.55597|1.22009|0.132111|4.68449|2.63855|4.04415,79.8117|56.34|81.3396|55.4093|37.2729|10.4739|83.9106|74.5377|39.9413|57.0974|14.1987|40.6061|42.6814|41.1455|48.6997|47.0482|66.5616,0.246796|0.206669|0.186476|0.230451|0.176784|0.163561|0.204476|0.172691|0.180359|0.227675|0.244274|0.166746|0.167734|0.242874|0.175742|0.167884|0.171721,0.338018|0.285239|0.379326|0.745697|0.943162|0.469027|0.65353|0.416585|0.129355|0.396625|0.997795|0.163177|0.927159|0.378494|0.4301|0.410418|0.235817,0.869523,0.801463,0.117836,0.0993652,0.460468,0.534015,0.0732846,0.487967,0.198257,0.921169,51.6436,5.43263e-12,47756,0.887486,41.1981,1.06086e-12,38445,0.895553,0.876428,0.0878307,0.631141,0.996144,0.511517,0.22039,0.459803,0.228135,0.891603,87.9902,7.64954e-10,30733,0.967162,70.4477,9.04596e-11,52512
24,531,n1->n20->n18->n17->n68->n66->n32->n33->n6->n12->n13->n14->n75->n73->n54->n53->n52->n51,5.37021e+09|4.0293e+11|7.59179e+12|1.51096e+11|1.31753e+09|1.10072e+10|1.78367e+12|3.64323e+13|1.14208e+09|9.70597e+10|6.60497e+13|3.70261e+10|8.71921e+10|1.41706e+11|2.80961e+11|4.60474e+10|1.02428e+10|7.46708e+11,8.19724e+08|1.89646e+11|4.11836e+12|1.57582e+10|3.10679e+08|8.7665e+09|1.05491e+12|6.32377e+12|2.20459e+08|2.76143e+10|8.87204e+12|1.44234e+10|5.29113e+10|5.76853e+10|2.23178e+11|3.18273e+10|2.07235e+09|5.06847e+11,0.000494453|5.21063e-05|2.98936e-05|0.000261059|0.000223952|0.000237659|0.000179959|1.50316e-05|1.08483e-05|0.000201974|0.000787814|3.25754e-05|0.000766915|6.32916e-05|1.47667e-05|2.00633e-05|0.00011644|0.000185382,0.000316017|0.000368678|0.000681499|0.000513001|0.00843573|0.000470269|0.00292552|0.00213059|0.00010157|0.0016732|0.00788063|0.000181646|0.000203965|0.000807753|0.00549128|0.000509085|0.00580301|0.00344885,0.0109342|0.0108696|0.0192976|0.0430027|0.0370095|0.0203827|0.00778345|0.00968695|0.00160082|0.0313381|0.0476737|0.0426128|0.0243876|0.0455502|0.0334079|5.21659e-05|0.0398377|0.0365406,0.000178506|0.0181411|0.0120519|0.00442808|0.00589983|0.0146278|0.0161829|0.0280967|0.0260762|0.0470205|0.00335145|0.049061|0.0250863|0.028193|0.00844474|0.00115664|0.0151024|0.0130093,0.973537|0.923215|0.946711|0.974312|0.984554|0.978907|0.953313|0.923653|0.908628|0.937315|0.954869|0.906626|0.936129|0.909539|0.927525|0.913872|0.965406|0.98883,4.63983|4.79469|4.38273|5.11322|5.26958|3.10364|0.10397|1.04264|5.01633|3.07758|5.26639|0.762282|3.39264|3.29092|1.22009|0.640024|0.0104102|4.04415,90.7492|89.2299|43.2583|23.9015|70.8824|27.3217|61.2747|50.0569|32.9383|56.34|92.5451|56.2706|85.6152|26.1465|75.3264|81.3721|83.3731,0.215706|0.247215|0.218822|0.236806|0.16183|0.199785|0.208144|0.19306|0.230728|0.206669|0.191459|0.226178|0.185893|0.196311|0.191357|0.184589|0.197114,0.53635|0.652252|0.981182|0.2818|0.215539|0.769012|0.704271|0.116472|0.628307|0.285239|0.161307|0.725021|0.624191|0.754315|0.567841|0.272111|0.942894,0.869523,0.801463,0.117836,0.0993652,0.460468,0.534015,0.0732846,0.487967,0.198257,0.921169,51.6436,5.43263e-12,47756,0.887486,41.1981,1.06086e-12,38445,0.895553,0.876428,0.0878307,0.631141,0.996144,0.511517,0.22039,0.459803,0.228135,0.891603,87.9902,7.64954e-10,30733,0.967162,70.4477,9.04596e-11,52512
24,532,n1->n20->n89->n88->n87->n86->n76->n75->n73->n72->n71->n24->n33->n31->n30->n29->n50->n51,5.37021e+09|4.0293e+11|2.68119e+11|9.00567e+12|7.3435e+12|3.85304e+10|4.21804e+13|8.71921e+10|1.41706e+11|6.83442e+09|7.70008e+11|1.59557e+13|3.64323e+13|4.79342e+12|1.26395e+10|3.6336e+13|2.36425e+09|7.46708e+11,8.19724e+08|1.89646e+11|9.23423e+10|8.66002e+12|2.79916e+12|4.69095e+09|1.15782e+13|5.29113e+10|5.76853e+10|1.48353e+09|1.60546e+11|4.06569e+12|6.32377e+12|4.42443e+12|1.81012e+09|1.77292e+13|4.07889e+08|5.06847e+11,0.000494453|5.21063e-05|3.55201e-05|6.2721e-05|0.000634307|6.21631e-05|1.88608e-05|0.000766915|6.32916e-05|0.000159499|0.00017279|0.000193265|1.50316e-05|0.00024651|4.789e-05|0.000125062|1.54283e-05|0.000185382,0.000316017|0.000368678|0.000111435|0.000480267|0.00151267|0.00341054|0.00214239|0.000203965|0.000807753|0.00384342|0.00123164|0.0012727|0.00213059|0.00308746|0.00655588|0.00231296|0.00907722|0.00344885,0.0109342|0.0108696|0.0107812|0.00850464|0.0186268|0.0237043|0.00156873|0.0243876|0.0455502|0.0479977|0.0398828|0.0433038|0.00968695|0.0211034|0.00398508|0.0255931|0.00638914|0.0365406,0.000178506|0.0181411|0.0401575|0.0237676|0.00979507|0.0488574|0.0470058|0.0250863|0.028193|0.0299903|0.0326729|0.00780618|0.0280967|0.0151027|0.0178703|0.00291922|0.0483596|0.0130093,0.973537|0.923215|0.926416|0.962132|0.977244|0.981332|0.989289|0.936129|0.909539|0.96924|0.947193|0.90929|0.923653|0.943878|0.972158|0.962742|0.910708|0.98883,4.63983|4.79469|0.0868458|1.9653|2.33192|4.96971|0.578949|3.39264|3.29092|3.90463|0.117525|3.9732|1.04264|4.82496|5.42296|0.0327787|5.41755|4.04415,90.7492|18.2346|92.4072|57.0974|88.9922|37.5994|63.5216|85.6152|29.1617|45.8448|44.1502|98.0873|95.0453|88.6669|29.3504|37.0378|82.9474,0.215706|0.231355|0.203687|0.227675|0.246364|0.17745|0.207806|0.185893|0.178937|0.218487|0.204574|0.239791|0.234751|0.215598|0.179657|0.191256|0.24308,0.53635|0.595303|0.876618|0.396625|0.83582|0.871942|0.844544|0.624191|0.920295|0.29317|0.45026|0.939209|0.258586|0.123891|0.887943|0.182586|0.624607,0.869523,0.801463,0.117836,0.0993652,0.460468,0.534015,0.0732846,0.487967,0.198257,0.921169,51.6436,5.43263e-12,47756,0.887486,41.1981,1.06086e-12,38445,0.895553,0.876428,0.0878307,0.631141,0.996144,0.511517,0.22039,0.459803,0.228135,0.891603,87.9902,7.64954e-10,30733,0.967162,70.4477,9.04596e-11,52512
24,533,n1->n20->n89->n48->n47->n49->n64->n65->n85->n17->n18->n70->n87->n88->n90->n59->n50->n51,5.37021e+09|4.0293e+11|2.68119e+11|3.98001e+12|4.74236e+11|2.45005e+09|4.21034e+09|1.12599e+09|2.02447e+09|1.51096e+11|7.59179e+12|6.87309e+13|7.3435e+12|9.00567e+12|1.33273e+11|3.04563e+11|2.36425e+09|7.46708e+11,8.19724e+08|1.89646e+11|9.23423e+10|1.69514e+12|1.54765e+11|2.44458e+09|1.60867e+09|3.2906e+08|2.41326e+08|1.57582e+10|4.11836e+12|9.78332e+12|2.79916e+12|8.66002e+12|6.41526e+10|3.06423e+10|4.07889e+08|5.06847e+11,0.000494453|5.21063e-05|3.55201e-05|4.78153e-05|0.000202873|1.07426e-05|1.88732e-05|1.96575e-05|2.04325e-05|0.000261059|2.98936e-05|5.13815e-05|0.000634307|6.2721e-05|0.000319756|2.43107e-05|1.54283e-05|0.000185382,0.000316017|0.000368678|0.000111435|0.00544009|0.000266598|0.000979027|0.000135861|0.000428116|0.000338175|0.000513001|0.000681499|0.00295865|0.00151267|0.000480267|0.000672662|0.000202742|0.00907722|0.00344885,0.0109342|0.0108696|0.0107812|0.0455031|0.00898217|0.0183567|0.0266797|0.00118659|0.0354515|0.0430027|0.0192976|0.0286141|0.0186268|0.00850464|0.0285929|0.00304046|0.00638914|0.0365406,0.000178506|0.0181411|0.0401575|0.0360942|0.0488958|0.0388066|0.0436548|0.00176737|0.0266209|0.00442808|0.0120519|0.0216638|0.00979507|0.0237676|0.0372754|0.0474075|0.0483596|0.0130093,0.973537|0.923215|0.926416|0.967439|0.9108|0.969899|0.933821|0.967717|0.940474|0.974312|0.946711|0.966653|0.977244|0.962132|0.984478|0.99171|0.910708|0.98883,4.63983|4.79469|0.0868458|3.09858|6.27947|3.94615|5.77568|4.1126|4.91715|5.11322|4.38273|4.60778|2.33192|1.9653|4.02061|5.60303|5.41755|4.04415,90.7492|18.2346|94.0077|78.8723|91.8261|77.768|56.7563|82.5435|84.7043|43.2583|55.8812|39.9413|57.0974|14.1987|62.2588|47.7013|82.9474,0.215706|0.231355|0.234363|0.239998|0.228404|0.165457|0.186349|0.20461|0.225161|0.218822|0.234874|0.180359|0.227675|0.244274|0.169222|0.170229|0.24308,0.53635|0.595303|0.948873|0.300482|0.133861|0.348083|0.927837|0.519435|0.880608|0.981182|0.16843|0.129355|0.396625|0.997795|0.361153|0.776444|0.624607,0.869523,0.801463,0.117836,0.0993652,0.460468,0.534015,0.0732846,0.487967,0.198257,0.921169,51.6436,5.43263e-12,47756,0.887486,41.1981,1.06086e-12,38445,0.895553,0.876428,0.0878307,0.631141,0.996144,0.511517,0.22039,0.459803,0.228135,0.891603,87.9902,7.64954e-10,30733,0.967162,70.4477,9.04596e-11,52512
24,534,n1->n20->n96->n14->n75->n76->n30->n31->n33->n35->n34->n32->n66->n68->n58->n59->n50->n51,5.37021e+09|4.0293e+11|2.51165e+12|3.70261e+10|8.71921e+10|4.21804e+13|1.26395e+10|4.79342e+12|3.64323e+13|5.77859e+11|4.7313e+12|1.78367e+12|1.10072e+10|1.31753e+09|8.16696e+09|3.04563e+11|2.36425e+09|7.46708e+11,8.19724e+08|1.89646e+11|5.36324e+11|1.44234e+10|5.29113e+10|1.15782e+13|1.81012e+09|4.42443e+12|6.32377e+12|4.88834e+11|1.15705e+12|1.05491e+12|8.7665e+09|3.10679e+08|6.89506e+09|3.06423e+10|4.07889e+08|5.06847e+11,0.000494453|5.21063e-05|1.2987e-05|3.25754e-05|0.000766915|1.88608e-05|4.789e-05|0.00024651|1.50316e-05|0.000412952|0.000140889|0.000179959|0.000237659|0.000223952|0.000266735|2.43107e-05|1.54283e-05|0.000185382,0.000316017|0.000368678|0.000286765|0.000181646|0.000203965|0.00214239|0.00655588|0.00308746|0.00213059|0.00138752|0.000270551|0.00292552|0.000470269|0.00843573|0.00874893|0.000202742|0.00907722|0.00344885,0.0109342|0.0108696|0.0377902|0.0426128|0.0243876|0.00156873|0.00398508|0.0211034|0.00968695|0.00215298|0.0276207|0.00778345|0.0203827|0.0370095|0.0248478|0.00304046|0.00638914|0.0365406,0.000178506|0.0181411|0.0195364|0.049061|0.0250863|0.0470058|0.0178703|0.0151027|0.0280967|0.0375959|0.0210615|0.0161829|0.0146278|0.00589983|0.0481122|0.0474075|0.0483596|0.0130093,0.973537|0.923215|0.951762|0.906626|0.936129|0.989289|0.972158|0.943878|0.923653|0.952159|0.904866|0.953313|0.978907|0.984554|0.911658|0.99171|0.910708|0.98883,4.63983|4.79469|0.85792|0.762282|3.39264|0.578949|5.42296|4.82496|1.04264|5.24666|4.56594|0.10397|3.10364|5.26958|3.70937|5.60303|5.41755|4.04415,90.7492|58.7029|54.7186|56.2706|63.5216|21.8454|88.6669|95.0453|93.5115|26.2497|23.0914|27.3217|70.8824|56.905|56.397|47.7013|82.9474,0.215706|0.201188|0.208433|0.226178|0.207806|0.220509|0.215598|0.234751|0.242679|0.244194|0.18593|0.199785|0.16183|0.185169|0.21902|0.170229|0.24308,0.53635|0.666395|0.448351|0.725021|0.844544|0.936019|0.123891|0.258586|0.487093|0.307851|0.12287|0.769012|0.215539|0.476138|0.533324|0.776444|0.624607,0.869523,0.801463,0.117836,0.0993652,0.460468,0.534015,0.0732846,0.487967,0.198257,0.921169,51.6436,5.43263e-12,47756,0.887486,41.1981,1.06086e-12,38445,0.895553,0.876428,0.0878307,0.631141,0.996144,0.511517,0.22039,0.459803,0.228135,0.891603,87.9902,7.64954e-10,30733,0.967162,70.4477,9.04596e-11,52512
24,535,n1->n99->n97->n27->n25->n26->n24->n23->n77->n72->n70->n87->n88->n90->n59->n60->n50->n51,5.37021e+09|1.57108e+10|2.90604e+09|4.19351e+12|1.67189e+13|7.09351e+09|1.59557e+13|4.63033e+10|5.68112e+11|6.83442e+09|6.87309e+13|7.3435e+12|9.00567e+12|1.33273e+11|3.04563e+11|8.79841e+13|2.36425e+09|7.46708e+11,8.19724e+08|4.21389e+09|5.04144e+08|8.73344e+11|1.40059e+13|1.31666e+09|4.06569e+12|3.30225e+10|3.56307e+11|1.48353e+09|9.78332e+12|2.79916e+12|8.66002e+12|6.41526e+10|3.06423e+10|5.95756e+13|4.07889e+08|5.06847e+11,0.000494453|0.00089026|8.81202e-05|1.08528e-05|6.30741e-05|3.77967e-05|0.000193265|0.000277161|8.49487e-05|0.000159499|5.13815e-05|0.000634307|6.2721e-05|0.000319756|2.43107e-05|0.000731749|1.54283e-05|0.000185382,0.000316017|0.000350126|0.00494291|0.00262605|0.00294926|0.00522178|0.0012727|0.00418014|0.000906866|0.00384342|0.00295865|0.00151267|0.000480267|0.000672662|0.000202742|0.000248463|0.00907722|0.00344885,0.0109342|0.0362414|0.0381696|0.0303206|0.0195393|0.0101688|0.0433038|0.00314906|0.04851|0.0479977|0.0286141|0.0186268|0.00850464|0.0285929|0.00304046|0.0128442|0.00638914|0.0365406,0.000178506|0.0472365|0.00800322|0.0230682|0.0159438|0.0409649|0.00780618|0.0470385|0.0115254|0.0299903|0.0216638|0.00979507|0.0237676|0.0372754|0.0474075|0.0431033|0.0483596|0.0130093,0.973537|0.953794|0.90679|0.985376|0.9023|0.981638|0.90929|0.92176|0.949999|0.96924|0.966653|0.977244|0.962132|0.984478|0.99171|0.945549|0.910708|0.98883,4.63983|3.07459|1.41691|4.5695|1.57149|2.91399|3.9732|2.08786|0.722366|3.90463|4.60778|2.33192|1.9653|4.02061|5.60303|4.50487|5.41755|4.04415,66.2586|94.4507|31.5608|64.4551|63.0993|83.4704|44.8869|39.0733|92.3918|97.4405|39.9413|57.0974|14.1987|62.2588|76.8491|22.3088|82.9474,0.180129|0.168303|0.219936|0.242248|0.228799|0.216464|0.161116|0.178948|0.167022|0.180102|0.180359|0.227675|0.244274|0.169222|0.204072|0.190841|0.24308,0.323551|0.263233|0.557853|0.837222|0.359402|0.583168|0.528582|0.23533|0.776051|0.79408|0.129355|0.396625|0.997795|0.361153|0.509755|0.323935|0.624607,0.869523,0.801463,0.117836,0.0993652,0.460468,0.534015,0.0732846,0.487967,0.198257,0.921169,51.6436,5.43263e-12,47756,0.887486,41.1981,1.06086e-12,38445,0.895553,0.876428,0.0878307,0.631141,0.996144,0.511517,0.22039,0.459803,0.228135,0.891603,87.9902,7.64954e-10,30733,0.967162,70.4477,9.04596e-11,52512
24,536,n1->n13->n12->n8->n10->n63->n42->n44->n43->n45->n72->n73->n54->n56->n55->n53->n52->n51,5.37021e+09|6.60497e+13|9.70597e+10|4.61239e+13|2.49624e+09|6.55204e+12|2.42905e+09|5.26537e+13|1.40931e+10|8.38488e+13|6.83442e+09|1.41706e+11|2.80961e+11|1.1605e+12|8.84081e+12|4.60474e+10|1.02428e+10|7.46708e+11,8.19724e+08|8.87204e+12|2.76143e+10|1.04208e+13|7.32581e+08|2.63574e+12|2.47264e+08|2.86817e+13|3.26577e+09|1.01787e+13|1.48353e+09|5.76853e+10|2.23178e+11|5.65456e+11|4.69454e+12|3.18273e+10|2.07235e+09|5.06847e+11,0.000494453|0.000787814|0.000201974|6.6054e-05|6.27016e-05|0.000116235|8.79758e-05|0.000124649|0.000955168|1.67225e-05|0.000159499|6.32916e-05|1.47667e-05|1.7812e-05|4.06274e-05|2.00633e-05|0.00011644|0.000185382,0.000316017|0.00788063|0.0016732|0.00522046|0.00113469|0.00126856|0.000493531|0.00158999|0.00344494|0.000742576|0.00384342|0.000807753|0.00549128|0.000830638|0.000128431|0.000509085|0.00580301|0.00344885,0.0109342|0.0476737|0.0313381|0.0318744|0.00597815|0.0100727|0.00783732|0.0486405|0.0168583|0.00846218|0.0479977|0.0455502|0.0334079|0.0231698|0.00843704|5.21659e-05|0.0398377|0.0365406,0.000178506|0.00335145|0.0470205|0.0483133|0.0245713|0.0107197|0.0327962|0.00764508|0.0482719|0.0342415|0.0299903|0.028193|0.00844474|0.0417641|0.0314938|0.00115664|0.0151024|0.0130093,0.973537|0.954869|0.937315|0.975256|0.962416|0.903245|0.960936|0.932977|0.943219|0.934264|0.96924|0.909539|0.927525|0.944528|0.908585|0.913872|0.965406|0.98883,4.63983|5.26639|3.07758|3.22282|1.97158|4.68449|0.765875|2.64532|2.3897|5.31688|3.90463|3.29092|1.22009|2.55597|3.37071|0.640024|0.0104102|4.04415,79.8117|56.34|81.3396|99.595|65.1286|97.0433|21.0603|69.1985|48.5398|63.1262|29.1617|26.1465|42.6814|95.3312|30.3781|81.3721|83.3731,0.246796|0.206669|0.186476|0.184434|0.203746|0.211509|0.23095|0.210513|0.218428|0.243732|0.178937|0.196311|0.167734|0.167906|0.207992|0.184589|0.197114,0.338018|0.285239|0.379326|0.703378|0.514129|0.758395|0.399278|0.374145|0.854577|0.65643|0.920295|0.754315|0.927159|0.402595|0.646488|0.272111|0.942894,0.869523,0.801463,0.117836,0.0993652,0.460468,0.534015,0.0732846,0.487967,0.198257,0.921169,51.6436,5.43263e-12,47756,0.887486,41.1981,1.06086e-12,38445,0.895553,0.876428,0.0878307,0.631141,0.996144,0.511517,0.22039,0.459803,0.228135,0.891603,87.9902,7.64954e-10,30733,0.967162,70.4477,9.04596e-11,52512
24,537,n1->n99->n77->n93->n64->n36->n38->n37->n65->n85->n78->n80->n82->n95->n89->n48->n50->n51,5.37021e+09|1.57108e+10|5.68112e+11|4.22601e+13|4.21034e+09|7.73972e+11|1.16426e+13|2.79748e+13|1.12599e+09|2.02447e+09|3.25238e+10|2.45686e+13|1.07979e+13|1.05601e+11|2.68119e+11|3.98001e+12|2.36425e+09|7.46708e+11,8.19724e+08|4.21389e+09|3.56307e+11|1.3774e+13|1.60867e+09|7.77593e+10|1.19258e+12|4.96975e+12|3.2906e+08|2.41326e+08|2.30731e+10|2.75437e+12|1.66379e+12|5.46554e+10|9.23423e+10|1.69514e+12|4.07889e+08|5.06847e+11,0.000494453|0.00089026|8.49487e-05|8.45967e-05|1.88732e-05|0.000426407|1.04425e-05|1.06248e-05|1.96575e-05|2.04325e-05|0.000270955|1.13052e-05|0.000837919|0.000260968|3.55201e-05|4.78153e-05|1.54283e-05|0.000185382,0.000316017|0.000350126|0.000906866|0.000162335|0.000135861|0.00396778|0.00950649|0.000261291|0.000428116|0.000338175|0.00167497|0.000238286|0.00271152|0.000186877|0.000111435|0.00544009|0.00907722|0.00344885,0.0109342|0.0362414|0.04851|0.0108045|0.0266797|0.00497013|0.0263713|0.0457563|0.00118659|0.0354515|0.00569443|0.00592883|0.0278433|0.00282907|0.0107812|0.0455031|0.00638914|0.0365406,0.000178506|0.0472365|0.0115254|0.0326183|0.0436548|0.0341912|0.00318517|0.0105712|0.00176737|0.0266209|0.0425349|0.0262948|0.0266174|0.0420997|0.0401575|0.0360942|0.0483596|0.0130093,0.973537|0.953794|0.949999|0.912097|0.933821|0.94998|0.902547|0.964079|0.967717|0.940474|0.92832|0.919013|0.934435|0.966581|0.926416|0.967439|0.910708|0.98883,4.63983|3.07459|0.722366|5.92115|5.77568|3.70656|5.09423|4.96174|4.1126|4.91715|3.3614|0.100836|0.132111|1.09944|0.0868458|3.09858|5.41755|4.04415,66.2586|96.5216|51.9256|32.5899|43.8659|61.2725|46.986|13.4252|82.5435|67.1704|66.5291|47.0365|75.699|11.8194|94.0077|23.5956|82.9474,0.180129|0.241387|0.247077|0.178102|0.241695|0.204351|0.170599|0.230756|0.20461|0.184721|0.222935|0.231931|0.21275|0.168449|0.234363|0.191801|0.24308,0.323551|0.664018|0.469529|0.548301|0.590576|0.413834|0.662799|0.986996|0.519435|0.609732|0.109088|0.796307|0.837867|0.776387|0.948873|0.688345|0.624607,0.869523,0.801463,0.117836,0.0993652,0.460468,0.534015,0.0732846,0.487967,0.198257,0.921169,51.6436,5.43263e-12,47756,0.887486,41.1981,1.06086e-12,38445,0.895553,0.876428,0.0878307,0.631141,0.996144,0.511517,0.22039,0.459803,0.228135,0.891603,87.9902,7.64954e-10,30733,0.967162,70.4477,9.04596e-11,52512
24,538,n1->n99->n77->n93->n95->n82->n54->n73->n72->n70->n18->n17->n19->n68->n58->n59->n50->n51,5.37021e+09|1.57108e+10|5.68112e+11|4.22601e+13|1.05601e+11|1.07979e+13|2.80961e+11|1.41706e+11|6.83442e+09|6.87309e+13|7.59179e+12|1.51096e+11|2.47533e+11|1.31753e+09|8.16696e+09|3.04563e+11|2.36425e+09|7.46708e+11,8.19724e+08|4.21389e+09|3.56307e+11|1.3774e+13|5.46554e+10|1.66379e+12|2.23178e+11|5.76853e+10|1.48353e+09|9.78332e+12|4.11836e+12|1.57582e+10|2.33399e+11|3.10679e+08|6.89506e+09|3.06423e+10|4.07889e+08|5.06847e+11,0.000494453|0.00089026|8.49487e-05|8.45967e-05|0.000260968|0.000837919|1.47667e-05|6.32916e-05|0.000159499|5.13815e-05|2.98936e-05|0.000261059|0.000261527|0.000223952|0.000266735|2.43107e-05|1.54283e-05|0.000185382,0.000316017|0.000350126|0.000906866|0.000162335|0.000186877|0.00271152|0.00549128|0.000807753|0.00384342|0.00295865|0.000681499|0.000513001|0.000768065|0.00843573|0.00874893|0.000202742|0.00907722|0.00344885,0.0109342|0.0362414|0.04851|0.0108045|0.00282907|0.0278433|0.0334079|0.0455502|0.0479977|0.0286141|0.0192976|0.0430027|0.0201979|0.0370095|0.0248478|0.00304046|0.00638914|0.0365406,0.000178506|0.0472365|0.0115254|0.0326183|0.0420997|0.0266174|0.00844474|0.028193|0.0299903|0.0216638|0.0120519|0.00442808|0.0291803|0.00589983|0.0481122|0.0474075|0.0483596|0.0130093,0.973537|0.953794|0.949999|0.912097|0.966581|0.934435|0.927525|0.909539|0.96924|0.966653|0.946711|0.974312|0.941018|0.984554|0.911658|0.99171|0.910708|0.98883,4.63983|3.07459|0.722366|5.92115|1.09944|0.132111|1.22009|3.29092|3.90463|4.60778|4.38273|5.11322|1.39448|5.26958|3.70937|5.60303|5.41755|4.04415,66.2586|96.5216|51.9256|24.941|75.699|41.1455|26.1465|29.1617|97.4405|55.8812|43.2583|10.3361|67.5745|56.905|56.397|47.7013|82.9474,0.180129|0.241387|0.247077|0.237661|0.21275|0.242874|0.196311|0.178937|0.180102|0.234874|0.218822|0.172286|0.2055|0.185169|0.21902|0.170229|0.24308,0.323551|0.664018|0.469529|0.985064|0.837867|0.378494|0.754315|0.920295|0.79408|0.16843|0.981182|0.559133|0.968257|0.476138|0.533324|0.776444|0.624607,0.869523,0.801463,0.117836,0.0993652,0.460468,0.534015,0.0732846,0.487967,0.198257,0.921169,51.6436,5.43263e-12,47756,0.887486,41.1981,1.06086e-12,38445,0.895553,0.876428,0.0878307,0.631141,0.996144,0.511517,0.22039,0.459803,0.228135,0.891603,87.9902,7.64954e-10,30733,0.967162,70.4477,9.04596e-11,52512
24,539,n1->n99->n77->n72->n71->n73->n100->n90->n59->n58->n85->n83->n57->n55->n54->n53->n52->n51,5.37021e+09|1.57108e+10|5.68112e+11|6.83442e+09|7.70008e+11|1.41706e+11|4.01966e+09|1.33273e+11|3.04563e+11|8.16696e+09|2.02447e+09|3.76373e+13|4.14288e+09|8.84081e+12|2.80961e+11|4.60474e+10|1.02428e+10|7.46708e+11,8.19724e+08|4.21389e+09|3.56307e+11|1.48353e+09|1.60546e+11|5.76853e+10|2.27749e+09|6.41526e+10|3.06423e+10|6.89506e+09|2.41326e+08|2.34723e+13|2.05006e+09|4.69454e+12|2.23178e+11|3.18273e+10|2.07235e+09|5.06847e+11,0.000494453|0.00089026|8.49487e-05|0.000159499|0.00017279|6.32916e-05|0.000665246|0.000319756|2.43107e-05|0.000266735|2.04325e-05|1.86087e-05|0.000173612|4.06274e-05|1.47667e-05|2.00633e-05|0.00011644|0.000185382,0.000316017|0.000350126|0.000906866|0.00384342|0.00123164|0.000807753|0.00914892|0.000672662|0.000202742|0.00874893|0.000338175|0.000175452|0.00271581|0.000128431|0.00549128|0.000509085|0.00580301|0.00344885,0.0109342|0.0362414|0.04851|0.0479977|0.0398828|0.0455502|0.0100829|0.0285929|0.00304046|0.0248478|0.0354515|0.015405|0.0328142|0.00843704|0.0334079|5.21659e-05|0.0398377|0.0365406,0.000178506|0.0472365|0.0115254|0.0299903|0.0326729|0.028193|0.0460028|0.0372754|0.0474075|0.0481122|0.0266209|0.038157|0.0437642|0.0314938|0.00844474|0.00115664|0.0151024|0.0130093,0.973537|0.953794|0.949999|0.96924|0.947193|0.909539|0.935175|0.984478|0.99171|0.911658|0.940474|0.947801|0.983348|0.908585|0.927525|0.913872|0.965406|0.98883,4.63983|3.07459|0.722366|3.90463|0.117525|3.29092|3.89025|4.02061|5.60303|3.70937|4.91715|4.11052|1.93323|3.37071|1.22009|0.640024|0.0104102|4.04415,66.2586|96.5216|92.3918|45.8448|28.2621|20.1165|32.7492|62.2588|56.397|90.6886|92.2019|50.003|61.5999|27.8669|75.3264|81.3721|83.3731,0.180129|0.241387|0.167022|0.218487|0.242769|0.175955|0.191207|0.169222|0.21902|0.194345|0.231254|0.1911|0.220389|0.169326|0.191357|0.184589|0.197114,0.323551|0.664018|0.776051|0.29317|0.940077|0.825877|0.878161|0.361153|0.533324|0.45102|0.604504|0.161388|0.549818|0.414082|0.567841|0.272111|0.942894,0.869523,0.801463,0.117836,0.0993652,0.460468,0.534015,0.0732846,0.487967,0.198257,0.921169,51.6436,5.43263e-12,47756,0.887486,41.1981,1.06086e-12,38445,0.895553,0.876428,0.0878307,0.631141,0.996144,0.511517,0.22039,0.459803,0.228135,0.891603,87.9902,7.64954e-10,30733,0.967162,70.4477,9.04596e-11,52512
24,540,n1->n99->n77->n93->n94->n96->n20->n89->n88->n87->n86->n76->n69->n28->n27->n29->n50->n51,5.37021e+09|1.57108e+10|5.68112e+11|4.22601e+13|1.36531e+10|2.51165e+12|4.0293e+11|2.68119e+11|9.00567e+12|7.3435e+12|3.85304e+10|4.21804e+13|8.81277e+09|1.34247e+11|4.19351e+12|3.6336e+13|2.36425e+09|7.46708e+11,8.19724e+08|4.21389e+09|3.56307e+11|1.3774e+13|1.67171e+09|5.36324e+11|1.89646e+11|9.23423e+10|8.66002e+12|2.79916e+12|4.69095e+09|1.15782e+13|7.57626e+09|1.51805e+10|8.73344e+11|1.77292e+13|4.07889e+08|5.06847e+11,0.000494453|0.00089026|8.49487e-05|8.45967e-05|2.95455e-05|1.2987e-05|5.21063e-05|3.55201e-05|6.2721e-05|0.000634307|6.21631e-05|1.88608e-05|0.000268039|0.00056516|1.08528e-05|0.000125062|1.54283e-05|0.000185382,0.000316017|0.000350126|0.000906866|0.000162335|0.000125263|0.000286765|0.000368678|0.000111435|0.000480267|0.00151267|0.00341054|0.00214239|0.00367819|0.0093172|0.00262605|0.00231296|0.00907722|0.00344885,0.0109342|0.0362414|0.04851|0.0108045|0.00830448|0.0377902|0.0108696|0.0107812|0.00850464|0.0186268|0.0237043|0.00156873|0.022957|0.0317261|0.0303206|0.0255931|0.00638914|0.0365406,0.000178506|0.0472365|0.0115254|0.0326183|0.0293842|0.0195364|0.0181411|0.0401575|0.0237676|0.00979507|0.0488574|0.0470058|0.0100342|0.03841|0.0230682|0.00291922|0.0483596|0.0130093,0.973537|0.953794|0.949999|0.912097|0.927471|0.951762|0.923215|0.926416|0.962132|0.977244|0.981332|0.989289|0.975915|0.948072|0.985376|0.962742|0.910708|0.98883,4.63983|3.07459|0.722366|5.92115|5.03384|0.85792|4.79469|0.0868458|1.9653|2.33192|4.96971|0.578949|2.99986|1.48687|4.5695|0.0327787|5.41755|4.04415,66.2586|96.5216|51.9256|63.1349|71.0086|58.7029|18.2346|92.4072|57.0974|88.9922|37.5994|66.666|97.1045|23.5709|49.6282|37.0378|82.9474,0.180129|0.241387|0.247077|0.209804|0.230021|0.201188|0.231355|0.203687|0.227675|0.246364|0.17745|0.212271|0.207556|0.207151|0.180772|0.191256|0.24308,0.323551|0.664018|0.469529|0.17375|0.131268|0.666395|0.595303|0.876618|0.396625|0.83582|0.871942|0.890059|0.438091|0.340196|0.511755|0.182586|0.624607,0.869523,0.801463,0.117836,0.0993652,0.460468,0.534015,0.0732846,0.487967,0.198257,0.921169,51.6436,5.43263e-12,47756,0.887486,41.1981,1.06086e-12,38445,0.895553,0.876428,0.0878307,0.631141,0.996144,0.511517,0.22039,0.459803,0.228135,0.891603,87.9902,7.64954e-10,30733,0.967162,70.4477,9.04596e-11,52512
24,541,n1->n20->n19->n18->n70->n72->n71->n73->n100->n2->n4->n75->n74->n35->n31->n29->n50->n51,5.37021e+09|4.0293e+11|2.47533e+11|7.59179e+12|6.87309e+13|6.83442e+09|7.70008e+11|1.41706e+11|4.01966e+09|5.94248e+10|7.07339e+12|8.71921e+10|5.8385e+13|5.77859e+11|4.79342e+12|3.6336e+13|2.36425e+09|7.46708e+11,8.19724e+08|1.89646e+11|2.33399e+11|4.11836e+12|9.78332e+12|1.48353e+09|1.60546e+11|5.76853e+10|2.27749e+09|3.74975e+10|2.43435e+12|5.29113e+10|7.35096e+12|4.88834e+11|4.42443e+12|1.77292e+13|4.07889e+08|5.06847e+11,0.000494453|5.21063e-05|0.000261527|2.98936e-05|5.13815e-05|0.000159499|0.00017279|6.32916e-05|0.000665246|1.10648e-05|0.000113681|0.000766915|0.000875739|0.000412952|0.00024651|0.000125062|1.54283e-05|0.000185382,0.000316017|0.000368678|0.000768065|0.000681499|0.00295865|0.00384342|0.00123164|0.000807753|0.00914892|0.00120557|0.00198341|0.000203965|0.00944671|0.00138752|0.00308746|0.00231296|0.00907722|0.00344885,0.0109342|0.0108696|0.0201979|0.0192976|0.0286141|0.0479977|0.0398828|0.0455502|0.0100829|0.00369149|0.0350273|0.0243876|0.0280357|0.00215298|0.0211034|0.0255931|0.00638914|0.0365406,0.000178506|0.0181411|0.0291803|0.0120519|0.0216638|0.0299903|0.0326729|0.028193|0.0460028|0.0127317|0.0273051|0.0250863|0.0166219|0.0375959|0.0151027|0.00291922|0.0483596|0.0130093,0.973537|0.923215|0.941018|0.946711|0.966653|0.96924|0.947193|0.909539|0.935175|0.968894|0.917619|0.936129|0.90082|0.952159|0.943878|0.962742|0.910708|0.98883,4.63983|4.79469|1.39448|4.38273|4.60778|3.90463|0.117525|3.29092|3.89025|4.74216|1.56082|3.39264|0.0974208|5.24666|4.82496|0.0327787|5.41755|4.04415,90.7492|86.2435|34.0839|55.8812|97.4405|45.8448|28.2621|20.1165|37.015|30.2686|81.7362|64.3401|67.7415|91.3525|70.4589|37.0378|82.9474,0.215706|0.182991|0.248409|0.234874|0.180102|0.218487|0.242769|0.175955|0.17211|0.239023|0.218556|0.220369|0.161632|0.243038|0.246199|0.191256|0.24308,0.53635|0.182796|0.983209|0.16843|0.79408|0.29317|0.940077|0.825877|0.315214|0.514427|0.847503|0.119032|0.301798|0.658826|0.415176|0.182586|0.624607,0.869523,0.801463,0.117836,0.0993652,0.460468,0.534015,0.0732846,0.487967,0.198257,0.921169,51.6436,5.43263e-12,47756,0.887486,41.1981,1.06086e-12,38445,0.895553,0.876428,0.0878307,0.631141,0.996144,0.511517,0.22039,0.459803,0.228135,0.891603,87.9902,7.64954e-10,30733,0.967162,70.4477,9.04596e-11,52512
24,542,n1->n13->n15->n34->n36->n64->n62->n60->n59->n90->n56->n55->n57->n83->n85->n65->n52->n51,5.37021e+09|6.60497e+13|8.77071e+11|4.7313e+12|7.73972e+11|4.21034e+09|2.37342e+11|8.79841e+13|3.04563e+11|1.33273e+11|1.1605e+12|8.84081e+12|4.14288e+09|3.76373e+13|2.02447e+09|1.12599e+09|1.02428e+10|7.46708e+11,8.19724e+08|8.87204e+12|1.06991e+11|1.15705e+12|7.77593e+10|1.60867e+09|1.13053e+11|5.95756e+13|3.06423e+10|6.41526e+10|5.65456e+11|4.69454e+12|2.05006e+09|2.34723e+13|2.41326e+08|3.2906e+08|2.07235e+09|5.06847e+11,0.000494453|0.000787814|0.000182949|0.000140889|0.000426407|1.88732e-05|8.24006e-05|0.000731749|2.43107e-05|0.000319756|1.7812e-05|4.06274e-05|0.000173612|1.86087e-05|2.04325e-05|1.96575e-05|0.00011644|0.000185382,0.000316017|0.00788063|0.00274771|0.000270551|0.00396778|0.000135861|0.00794111|0.000248463|0.000202742|0.000672662|0.000830638|0.000128431|0.00271581|0.000175452|0.000338175|0.000428116|0.00580301|0.00344885,0.0109342|0.0476737|0.0207315|0.0276207|0.00497013|0.0266797|0.0242596|0.0128442|0.00304046|0.0285929|0.0231698|0.00843704|0.0328142|0.015405|0.0354515|0.00118659|0.0398377|0.0365406,0.000178506|0.00335145|0.0378122|0.0210615|0.0341912|0.0436548|0.0480911|0.0431033|0.0474075|0.0372754|0.0417641|0.0314938|0.0437642|0.038157|0.0266209|0.00176737|0.0151024|0.0130093,0.973537|0.954869|0.910795|0.904866|0.94998|0.933821|0.98053|0.945549|0.99171|0.984478|0.944528|0.908585|0.983348|0.947801|0.940474|0.967717|0.965406|0.98883,4.63983|5.26639|1.89272|4.56594|3.70656|5.77568|5.59786|4.50487|5.60303|4.02061|2.55597|3.37071|1.93323|4.11052|4.91715|4.1126|0.0104102|4.04415,79.8117|66.6304|27.3162|89.5651|43.8659|93.0484|48.3985|76.8491|62.2588|40.6061|95.3312|61.5999|50.003|92.2019|82.5435|56.1703|83.3731,0.246796|0.179788|0.231681|0.241996|0.241695|0.176232|0.17162|0.204072|0.169222|0.166746|0.167906|0.220389|0.1911|0.231254|0.20461|0.247907|0.197114,0.338018|0.275394|0.750497|0.265381|0.590576|0.182879|0.641887|0.509755|0.361153|0.163177|0.402595|0.549818|0.161388|0.604504|0.519435|0.827328|0.942894,0.869523,0.801463,0.117836,0.0993652,0.460468,0.534015,0.0732846,0.487967,0.198257,0.921169,51.6436,5.43263e-12,47756,0.887486,41.1981,1.06086e-12,38445,0.895553,0.876428,0.0878307,0.631141,0.996144,0.511517,0.22039,0.459803,0.228135,0.891603,87.9902,7.64954e-10,30733,0.967162,70.4477,9.04596e-11,52512
24,543,n1->n99->n97->n95->n93->n77->n72->n71->n75->n14->n12->n13->n15->n34->n36->n64->n49->n51,5.37021e+09|1.57108e+10|2.90604e+09|1.05601e+11|4.22601e+13|5.68112e+11|6.83442e+09|7.70008e+11|8.71921e+10|3.70261e+10|9.70597e+10|6.60497e+13|8.77071e+11|4.7313e+12|7.73972e+11|4.21034e+09|2.45005e+09|7.46708e+11,8.19724e+08|4.21389e+09|5.04144e+08|5.46554e+10|1.3774e+13|3.56307e+11|1.48353e+09|1.60546e+11|5.29113e+10|1.44234e+10|2.76143e+10|8.87204e+12|1.06991e+11|1.15705e+12|7.77593e+10|1.60867e+09|2.44458e+09|5.06847e+11,0.000494453|0.00089026|8.81202e-05|0.000260968|8.45967e-05|8.49487e-05|0.000159499|0.00017279|0.000766915|3.25754e-05|0.000201974|0.000787814|0.000182949|0.000140889|0.000426407|1.88732e-05|1.07426e-05|0.000185382,0.000316017|0.000350126|0.00494291|0.000186877|0.000162335|0.000906866|0.00384342|0.00123164|0.000203965|0.000181646|0.0016732|0.00788063|0.00274771|0.000270551|0.00396778|0.000135861|0.000979027|0.00344885,0.0109342|0.0362414|0.0381696|0.00282907|0.0108045|0.04851|0.0479977|0.0398828|0.0243876|0.0426128|0.0313381|0.0476737|0.0207315|0.0276207|0.00497013|0.0266797|0.0183567|0.0365406,0.000178506|0.0472365|0.00800322|0.0420997|0.0326183|0.0115254|0.0299903|0.0326729|0.0250863|0.049061|0.0470205|0.00335145|0.0378122|0.0210615|0.0341912|0.0436548|0.0388066|0.0130093,0.973537|0.953794|0.90679|0.966581|0.912097|0.949999|0.96924|0.947193|0.936129|0.906626|0.937315|0.954869|0.910795|0.904866|0.94998|0.933821|0.969899|0.98883,4.63983|3.07459|1.41691|1.09944|5.92115|0.722366|3.90463|0.117525|3.39264|0.762282|3.07758|5.26639|1.89272|4.56594|3.70656|5.77568|3.94615|4.04415,66.2586|94.4507|11.8968|24.941|51.9256|92.3918|45.8448|14.5634|56.2706|51.9585|56.34|66.6304|27.3162|89.5651|43.8659|77.768|10.4661,0.180129|0.168303|0.228013|0.237661|0.247077|0.167022|0.218487|0.169453|0.226178|0.222459|0.206669|0.179788|0.231681|0.241996|0.241695|0.165457|0.216931,0.323551|0.263233|0.342677|0.985064|0.469529|0.776051|0.29317|0.275247|0.725021|0.326911|0.285239|0.275394|0.750497|0.265381|0.590576|0.348083|0.516407,0.869523,0.801463,0.117836,0.0993652,0.460468,0.534015,0.0732846,0.487967,0.198257,0.921169,51.6436,5.43263e-12,47756,0.887486,41.1981,1.06086e-12,38445,0.895553,0.876428,0.0878307,0.631141,0.996144,0.511517,0.22039,0.459803,0.228135,0.891603,87.9902,7.64954e-10,30733,0.967162,70.4477,9.04596e-11,52512
24,544,n1->n13->n15->n63->n61->n62->n60->n50->n48->n89->n95->n97->n27->n25->n26->n47->n49->n51,5.37021e+09|6.60497e+13|8.77071e+11|6.55204e+12|6.44979e+11|2.37342e+11|8.79841e+13|2.36425e+09|3.98001e+12|2.68119e+11|1.05601e+11|2.90604e+09|4.19351e+12|1.67189e+13|7.09351e+09|4.74236e+11|2.45005e+09|7.46708e+11,8.19724e+08|8.87204e+12|1.06991e+11|2.63574e+12|1.30372e+11|1.13053e+11|5.95756e+13|4.07889e+08|1.69514e+12|9.23423e+10|5.46554e+10|5.04144e+08|8.73344e+11|1.40059e+13|1.31666e+09|1.54765e+11|2.44458e+09|5.06847e+11,0.000494453|0.000787814|0.000182949|0.000116235|3.71253e-05|8.24006e-05|0.000731749|1.54283e-05|4.78153e-05|3.55201e-05|0.000260968|8.81202e-05|1.08528e-05|6.30741e-05|3.77967e-05|0.000202873|1.07426e-05|0.000185382,0.000316017|0.00788063|0.00274771|0.00126856|0.00313588|0.00794111|0.000248463|0.00907722|0.00544009|0.000111435|0.000186877|0.00494291|0.00262605|0.00294926|0.00522178|0.000266598|0.000979027|0.00344885,0.0109342|0.0476737|0.0207315|0.0100727|0.0266048|0.0242596|0.0128442|0.00638914|0.0455031|0.0107812|0.00282907|0.0381696|0.0303206|0.0195393|0.0101688|0.00898217|0.0183567|0.0365406,0.000178506|0.00335145|0.0378122|0.0107197|0.0179693|0.0480911|0.0431033|0.0483596|0.0360942|0.0401575|0.0420997|0.00800322|0.0230682|0.0159438|0.0409649|0.0488958|0.0388066|0.0130093,0.973537|0.954869|0.910795|0.903245|0.958619|0.98053|0.945549|0.910708|0.967439|0.926416|0.966581|0.90679|0.985376|0.9023|0.981638|0.9108|0.969899|0.98883,4.63983|5.26639|1.89272|4.68449|2.63855|5.59786|4.50487|5.41755|3.09858|0.0868458|1.09944|1.41691|4.5695|1.57149|2.91399|6.27947|3.94615|4.04415,79.8117|66.6304|11.0615|47.0482|89.0369|48.3985|22.3088|23.5956|94.0077|11.8194|11.8968|31.5608|64.4551|63.0993|70.8805|91.8261|10.4661,0.246796|0.179788|0.214255|0.167884|0.198053|0.17162|0.190841|0.191801|0.234363|0.168449|0.228013|0.219936|0.242248|0.228799|0.189485|0.228404|0.216931,0.338018|0.275394|0.692153|0.410418|0.704733|0.641887|0.323935|0.688345|0.948873|0.776387|0.342677|0.557853|0.837222|0.359402|0.757042|0.133861|0.516407,0.869523,0.801463,0.117836,0.0993652,0.460468,0.534015,0.0732846,0.487967,0.198257,0.921169,51.6436,5.43263e-12,47756,0.887486,41.1981,1.06086e-12,38445,0.895553,0.876428,0.0878307,0.631141,0.996144,0.511517,0.22039,0.459803,0.228135,0.891603,87.9902,7.64954e-10,30733,0.967162,70.4477,9.04596e-11,52512
24,545,n1->n13->n12->n8->n10->n63->n61->n62->n60->n59->n50->n48->n46->n47->n26->n27->n52->n51,5.37021e+09|6.60497e+13|9.70597e+10|4.61239e+13|2.49624e+09|6.55204e+12|6.44979e+11|2.37342e+11|8.79841e+13|3.04563e+11|2.36425e+09|3.98001e+12|5.53417e+12|4.74236e+11|7.09351e+09|4.19351e+12|1.02428e+10|7.46708e+11,8.19724e+08|8.87204e+12|2.76143e+10|1.04208e+13|7.32581e+08|2.63574e+12|1.30372e+11|1.13053e+11|5.95756e+13|3.06423e+10|4.07889e+08|1.69514e+12|1.63629e+12|1.54765e+11|1.31666e+09|8.73344e+11|2.07235e+09|5.06847e+11,0.000494453|0.000787814|0.000201974|6.6054e-05|6.27016e-05|0.000116235|3.71253e-05|8.24006e-05|0.000731749|2.43107e-05|1.54283e-05|4.78153e-05|0.000489732|0.000202873|3.77967e-05|1.08528e-05|0.00011644|0.000185382,0.000316017|0.00788063|0.0016732|0.00522046|0.00113469|0.00126856|0.00313588|0.00794111|0.000248463|0.000202742|0.00907722|0.00544009|0.000159088|0.000266598|0.00522178|0.00262605|0.00580301|0.00344885,0.0109342|0.0476737|0.0313381|0.0318744|0.00597815|0.0100727|0.0266048|0.0242596|0.0128442|0.00304046|0.00638914|0.0455031|0.029055|0.00898217|0.0101688|0.0303206|0.0398377|0.0365406,0.000178506|0.00335145|0.0470205|0.0483133|0.0245713|0.0107197|0.0179693|0.0480911|0.0431033|0.0474075|0.0483596|0.0360942|0.0302566|0.0488958|0.0409649|0.0230682|0.0151024|0.0130093,0.973537|0.954869|0.937315|0.975256|0.962416|0.903245|0.958619|0.98053|0.945549|0.99171|0.910708|0.967439|0.923372|0.9108|0.981638|0.985376|0.965406|0.98883,4.63983|5.26639|3.07758|3.22282|1.97158|4.68449|2.63855|5.59786|4.50487|5.60303|5.41755|3.09858|0.31178|6.27947|2.91399|4.5695|0.0104102|4.04415,79.8117|56.34|81.3396|99.595|65.1286|47.0482|89.0369|48.3985|76.8491|47.7013|23.5956|41.9872|71.5316|70.8805|67.4197|46.2248|83.3731,0.246796|0.206669|0.186476|0.184434|0.203746|0.167884|0.198053|0.17162|0.204072|0.170229|0.191801|0.178665|0.196056|0.189485|0.171162|0.183493|0.197114,0.338018|0.285239|0.379326|0.703378|0.514129|0.410418|0.704733|0.641887|0.509755|0.776444|0.688345|0.182289|0.758317|0.757042|0.40751|0.657987|0.942894,0.869523,0.801463,0.117836,0.0993652,0.460468,0.534015,0.0732846,0.487967,0.198257,0.921169,51.6436,5.43263e-12,47756,0.887486,41.1981,1.06086e-12,38445,0.895553,0.876428,0.0878307,0.631141,0.996144,0.511517,0.22039,0.459803,0.228135,0.891603,87.9902,7.64954e-10,30733,0.967162,70.4477,9.04596e-11,52512
24,546,n1->n20->n21->n67->n38->n39->n37->n65->n5->n3->n69->n70->n87->n88->n89->n48->n50->n51,5.37021e+09|4.0293e+11|1.56161e+12|4.7483e+09|1.16426e+13|3.34792e+13|2.79748e+13|1.12599e+09|2.91995e+11|2.78751e+13|8.81277e+09|6.87309e+13|7.3435e+12|9.00567e+12|2.68119e+11|3.98001e+12|2.36425e+09|7.46708e+11,8.19724e+08|1.89646e+11|3.02345e+11|7.5553e+08|1.19258e+12|1.12013e+13|4.96975e+12|3.2906e+08|4.67133e+10|1.44762e+13|7.57626e+09|9.78332e+12|2.79916e+12|8.66002e+12|9.23423e+10|1.69514e+12|4.07889e+08|5.06847e+11,0.000494453|5.21063e-05|0.00096308|3.91885e-05|1.04425e-05|5.53896e-05|1.06248e-05|1.96575e-05|7.03031e-05|0.00022361|0.000268039|5.13815e-05|0.000634307|6.2721e-05|3.55201e-05|4.78153e-05|1.54283e-05|0.000185382,0.000316017|0.000368678|0.00195589|0.000640186|0.00950649|0.0025393|0.000261291|0.000428116|0.000196916|0.00776667|0.00367819|0.00295865|0.00151267|0.000480267|0.000111435|0.00544009|0.00907722|0.00344885,0.0109342|0.0108696|0.00712365|0.029632|0.0263713|0.00111942|0.0457563|0.00118659|0.00731162|0.0268705|0.022957|0.0286141|0.0186268|0.00850464|0.0107812|0.0455031|0.00638914|0.0365406,0.000178506|0.0181411|0.0414669|0.0482082|0.00318517|0.0449458|0.0105712|0.00176737|0.0421608|0.0326941|0.0100342|0.0216638|0.00979507|0.0237676|0.0401575|0.0360942|0.0483596|0.0130093,0.973537|0.923215|0.971602|0.924883|0.902547|0.924329|0.964079|0.967717|0.951514|0.982466|0.975915|0.966653|0.977244|0.962132|0.926416|0.967439|0.910708|0.98883,4.63983|4.79469|3.14177|2.06342|5.09423|1.19952|4.96174|4.1126|4.90362|4.79844|2.99986|4.60778|2.33192|1.9653|0.0868458|3.09858|5.41755|4.04415,90.7492|76.7594|42.5138|59.2872|52.0957|31.554|13.4252|35.0583|10.4739|83.9106|74.5377|39.9413|57.0974|92.4072|94.0077|23.5956|82.9474,0.215706|0.218425|0.197352|0.200548|0.199024|0.195005|0.230756|0.209201|0.163561|0.204476|0.172691|0.180359|0.227675|0.203687|0.234363|0.191801|0.24308,0.53635|0.515127|0.602799|0.127053|0.46236|0.711047|0.986996|0.297185|0.469027|0.65353|0.416585|0.129355|0.396625|0.876618|0.948873|0.688345|0.624607,0.869523,0.801463,0.117836,0.0993652,0.460468,0.534015,0.0732846,0.487967,0.198257,0.921169,51.6436,5.43263e-12,47756,0.887486,41.1981,1.06086e-12,38445,0.895553,0.876428,0.0878307,0.631141,0.996144,0.511517,0.22039,0.459803,0.228135,0.891603,87.9902,7.64954e-10,30733,0.967162,70.4477,9.04596e-11,52512
24,547,n1->n99->n98->n57->n74->n76->n30->n32->n66->n68->n22->n21->n20->n89->n90->n59->n50->n51,5.37021e+09|1.57108e+10|1.8266e+13|4.14288e+09|5.8385e+13|4.21804e+13|1.26395e+10|1.78367e+12|1.10072e+10|1.31753e+09|1.47e+10|1.56161e+12|4.0293e+11|2.68119e+11|1.33273e+11|3.04563e+11|2.36425e+09|7.46708e+11,8.19724e+08|4.21389e+09|5.99087e+12|2.05006e+09|7.35096e+12|1.15782e+13|1.81012e+09|1.05491e+12|8.7665e+09|3.10679e+08|9.51029e+09|3.02345e+11|1.89646e+11|9.23423e+10|6.41526e+10|3.06423e+10|4.07889e+08|5.06847e+11,0.000494453|0.00089026|0.000410965|0.000173612|0.000875739|1.88608e-05|4.789e-05|0.000179959|0.000237659|0.000223952|1.77434e-05|0.00096308|5.21063e-05|3.55201e-05|0.000319756|2.43107e-05|1.54283e-05|0.000185382,0.000316017|0.000350126|0.000548485|0.00271581|0.00944671|0.00214239|0.00655588|0.00292552|0.000470269|0.00843573|0.0006856|0.00195589|0.000368678|0.000111435|0.000672662|0.000202742|0.00907722|0.00344885,0.0109342|0.0362414|0.0295222|0.0328142|0.0280357|0.00156873|0.00398508|0.00778345|0.0203827|0.0370095|0.0408661|0.00712365|0.0108696|0.0107812|0.0285929|0.00304046|0.00638914|0.0365406,0.000178506|0.0472365|0.0297366|0.0437642|0.0166219|0.0470058|0.0178703|0.0161829|0.0146278|0.00589983|0.040072|0.0414669|0.0181411|0.0401575|0.0372754|0.0474075|0.0483596|0.0130093,0.973537|0.953794|0.959539|0.983348|0.90082|0.989289|0.972158|0.953313|0.978907|0.984554|0.95984|0.971602|0.923215|0.926416|0.984478|0.99171|0.910708|0.98883,4.63983|3.07459|2.95405|1.93323|0.0974208|0.578949|5.42296|0.10397|3.10364|5.26958|0.048646|3.14177|4.79469|0.0868458|4.02061|5.60303|5.41755|4.04415,66.2586|58.4557|98.2355|95.6836|53.1277|21.8454|69.5993|27.3217|70.8824|15.3326|55.6995|76.7594|18.2346|12.726|62.2588|47.7013|82.9474,0.180129|0.227784|0.190047|0.169856|0.181342|0.220509|0.204659|0.199785|0.16183|0.236297|0.206062|0.218425|0.231355|0.226099|0.169222|0.170229|0.24308,0.323551|0.686264|0.757428|0.815246|0.519715|0.936019|0.237533|0.769012|0.215539|0.655447|0.677391|0.515127|0.595303|0.757755|0.361153|0.776444|0.624607,0.869523,0.801463,0.117836,0.0993652,0.460468,0.534015,0.0732846,0.487967,0.198257,0.921169,51.6436,5.43263e-12,47756,0.887486,41.1981,1.06086e-12,38445,0.895553,0.876428,0.0878307,0.631141,0.996144,0.511517,0.22039,0.459803,0.228135,0.891603,87.9902,7.64954e-10,30733,0.967162,70.4477,9.04596e-11,52512
24,548,n1->n20->n21->n67->n38->n37->n65->n52->n53->n54->n56->n90->n100->n73->n10->n63->n61->n51,5.37021e+09|4.0293e+11|1.56161e+12|4.7483e+09|1.16426e+13|2.79748e+13|1.12599e+09|1.02428e+10|4.60474e+10|2.80961e+11|1.1605e+12|1.33273e+11|4.01966e+09|1.41706e+11|2.49624e+09|6.55204e+12|6.44979e+11|7.46708e+11,8.19724e+08|1.89646e+11|3.02345e+11|7.5553e+08|1.19258e+12|4.96975e+12|3.2906e+08|2.07235e+09|3.18273e+10|2.23178e+11|5.65456e+11|6.41526e+10|2.27749e+09|5.76853e+10|7.32581e+08|2.63574e+12|1.30372e+11|5.06847e+11,0.000494453|5.21063e-05|0.00096308|3.91885e-05|1.04425e-05|1.06248e-05|1.96575e-05|0.00011644|2.00633e-05|1.47667e-05|1.7812e-05|0.000319756|0.000665246|6.32916e-05|6.27016e-05|0.000116235|3.71253e-05|0.000185382,0.000316017|0.000368678|0.00195589|0.000640186|0.00950649|0.000261291|0.000428116|0.00580301|0.000509085|0.00549128|0.000830638|0.000672662|0.00914892|0.000807753|0.00113469|0.00126856|0.00313588|0.00344885,0.0109342|0.0108696|0.00712365|0.029632|0.0263713|0.0457563|0.00118659|0.0398377|5.21659e-05|0.0334079|0.0231698|0.0285929|0.0100829|0.0455502|0.00597815|0.0100727|0.0266048|0.0365406,0.000178506|0.0181411|0.0414669|0.0482082|0.00318517|0.0105712|0.00176737|0.0151024|0.00115664|0.00844474|0.0417641|0.0372754|0.0460028|0.028193|0.0245713|0.0107197|0.0179693|0.0130093,0.973537|0.923215|0.971602|0.924883|0.902547|0.964079|0.967717|0.965406|0.913872|0.927525|0.944528|0.984478|0.935175|0.909539|0.962416|0.903245|0.958619|0.98883,4.63983|4.79469|3.14177|2.06342|5.09423|4.96174|4.1126|0.0104102|0.640024|1.22009|2.55597|4.02061|3.89025|3.29092|1.97158|4.68449|2.63855|4.04415,90.7492|76.7594|42.5138|59.2872|46.986|13.4252|56.1703|81.3721|75.3264|42.6814|40.6061|32.7492|20.1165|29.3778|65.1286|47.0482|66.5616,0.215706|0.218425|0.197352|0.200548|0.170599|0.230756|0.247907|0.184589|0.191357|0.167734|0.166746|0.191207|0.175955|0.202302|0.203746|0.167884|0.171721,0.53635|0.515127|0.602799|0.127053|0.662799|0.986996|0.827328|0.272111|0.567841|0.927159|0.163177|0.878161|0.825877|0.747283|0.514129|0.410418|0.235817,0.869523,0.801463,0.117836,0.0993652,0.460468,0.534015,0.0732846,0.487967,0.198257,0.921169,51.6436,5.43263e-12,47756,0.887486,41.1981,1.06086e-12,38445,0.895553,0.876428,0.0878307,0.631141,0.996144,0.511517,0.22039,0.459803,0.228135,0.891603,87.9902,7.64954e-10,30733,0.967162,70.4477,9.04596e-11,52512
24,549,n1->n13->n14->n75->n74->n57->n55->n53->n54->n73->n100->n90->n59->n58->n85->n65->n52->n51,5.37021e+09|6.60497e+13|3.70261e+10|8.71921e+10|5.8385e+13|4.14288e+09|8.84081e+12|4.60474e+10|2.80961e+11|1.41706e+11|4.01966e+09|1.33273e+11|3.04563e+11|8.16696e+09|2.02447e+09|1.12599e+09|1.02428e+10|7.46708e+11,8.19724e+08|8.87204e+12|1.44234e+10|5.29113e+10|7.35096e+12|2.05006e+09|4.69454e+12|3.18273e+10|2.23178e+11|5.76853e+10|2.27749e+09|6.41526e+10|3.06423e+10|6.89506e+09|2.41326e+08|3.2906e+08|2.07235e+09|5.06847e+11,0.000494453|0.000787814|3.25754e-05|0.000766915|0.000875739|0.000173612|4.06274e-05|2.00633e-05|1.47667e-05|6.32916e-05|0.000665246|0.000319756|2.43107e-05|0.000266735|2.04325e-05|1.96575e-05|0.00011644|0.000185382,0.000316017|0.00788063|0.000181646|0.000203965|0.00944671|0.00271581|0.000128431|0.000509085|0.00549128|0.000807753|0.00914892|0.000672662|0.000202742|0.00874893|0.000338175|0.000428116|0.00580301|0.00344885,0.0109342|0.0476737|0.0426128|0.0243876|0.0280357|0.0328142|0.00843704|5.21659e-05|0.0334079|0.0455502|0.0100829|0.0285929|0.00304046|0.0248478|0.0354515|0.00118659|0.0398377|0.0365406,0.000178506|0.00335145|0.049061|0.0250863|0.0166219|0.0437642|0.0314938|0.00115664|0.00844474|0.028193|0.0460028|0.0372754|0.0474075|0.0481122|0.0266209|0.00176737|0.0151024|0.0130093,0.973537|0.954869|0.906626|0.936129|0.90082|0.983348|0.908585|0.913872|0.927525|0.909539|0.935175|0.984478|0.99171|0.911658|0.940474|0.967717|0.965406|0.98883,4.63983|5.26639|0.762282|3.39264|0.0974208|1.93323|3.37071|0.640024|1.22009|3.29092|3.89025|4.02061|5.60303|3.70937|4.91715|4.1126|0.0104102|4.04415,79.8117|92.5451|56.2706|64.3401|95.6836|61.5999|30.3781|75.3264|26.1465|20.1165|32.7492|62.2588|56.397|90.6886|82.5435|56.1703|83.3731,0.246796|0.191459|0.226178|0.220369|0.169856|0.220389|0.207992|0.191357|0.196311|0.175955|0.191207|0.169222|0.21902|0.194345|0.20461|0.247907|0.197114,0.338018|0.161307|0.725021|0.119032|0.815246|0.549818|0.646488|0.567841|0.754315|0.825877|0.878161|0.361153|0.533324|0.45102|0.519435|0.827328|0.942894,0.869523,0.801463,0.117836,0.0993652,0.460468,0.534015,0.0732846,0.487967,0.198257,0.921169,51.6436,5.43263e-12,47756,0.887486,41.1981,1.06086e-12,38445,0.895553,0.876428,0.0878307,0.631141,0.996144,0.511517,0.22039,0.459803,0.228135,0.891603,87.9902,7.64954e-10,30733,0.967162,70.4477,9.04596e-11,52512
24,550,n1->n13->n12->n14->n96->n20->n18->n70->n87->n86->n76->n78->n44->n45->n47->n48->n50->n51,5.37021e+09|6.60497e+13|9.70597e+10|3.70261e+10|2.51165e+12|4.0293e+11|7.59179e+12|6.87309e+13|7.3435e+12|3.85304e+10|4.21804e+13|3.25238e+10|5.26537e+13|8.38488e+13|4.74236e+11|3.98001e+12|2.36425e+09|7.46708e+11,8.19724e+08|8.87204e+12|2.76143e+10|1.44234e+10|5.36324e+11|1.89646e+11|4.11836e+12|9.78332e+12|2.79916e+12|4.69095e+09|1.15782e+13|2.30731e+10|2.86817e+13|1.01787e+13|1.54765e+11|1.69514e+12|4.07889e+08|5.06847e+11,0.000494453|0.000787814|0.000201974|3.25754e-05|1.2987e-05|5.21063e-05|2.98936e-05|5.13815e-05|0.000634307|6.21631e-05|1.88608e-05|0.000270955|0.000124649|1.67225e-05|0.000202873|4.78153e-05|1.54283e-05|0.000185382,0.000316017|0.00788063|0.0016732|0.000181646|0.000286765|0.000368678|0.000681499|0.00295865|0.00151267|0.00341054|0.00214239|0.00167497|0.00158999|0.000742576|0.000266598|0.00544009|0.00907722|0.00344885,0.0109342|0.0476737|0.0313381|0.0426128|0.0377902|0.0108696|0.0192976|0.0286141|0.0186268|0.0237043|0.00156873|0.00569443|0.0486405|0.00846218|0.00898217|0.0455031|0.00638914|0.0365406,0.000178506|0.00335145|0.0470205|0.049061|0.0195364|0.0181411|0.0120519|0.0216638|0.00979507|0.0488574|0.0470058|0.0425349|0.00764508|0.0342415|0.0488958|0.0360942|0.0483596|0.0130093,0.973537|0.954869|0.937315|0.906626|0.951762|0.923215|0.946711|0.966653|0.977244|0.981332|0.989289|0.92832|0.932977|0.934264|0.9108|0.967439|0.910708|0.98883,4.63983|5.26639|3.07758|0.762282|0.85792|4.79469|4.38273|4.60778|2.33192|4.96971|0.578949|3.3614|2.64532|5.31688|6.27947|3.09858|5.41755|4.04415,79.8117|56.34|51.9585|54.7186|58.7029|89.2299|55.8812|39.9413|88.9922|37.5994|69.3348|88.5528|57.1366|40.979|78.8723|23.5956|82.9474,0.246796|0.206669|0.222459|0.208433|0.201188|0.247215|0.234874|0.180359|0.246364|0.17745|0.194827|0.200088|0.235241|0.216949|0.239998|0.191801|0.24308,0.338018|0.285239|0.326911|0.448351|0.666395|0.652252|0.16843|0.129355|0.83582|0.871942|0.93416|0.134865|0.218954|0.317946|0.300482|0.688345|0.624607,0.869523,0.801463,0.117836,0.0993652,0.460468,0.534015,0.0732846,0.487967,0.198257,0.921169,51.6436,5.43263e-12,47756,0.887486,41.1981,1.06086e-12,38445,0.895553,0.876428,0.0878307,0.631141,0.996144,0.511517,0.22039,0.459803,0.228135,0.891603,87.9902,7.64954e-10,30733,0.967162,70.4477,9.04596e-11,52512
24,551,n1->n13->n11->n9->n10->n8->n12->n6->n33->n32->n31->n35->n74->n76->n30->n29->n50->n51,5.37021e+09|6.60497e+13|1.78735e+12|1.49139e+12|2.49624e+09|4.61239e+13|9.70597e+10|1.14208e+09|3.64323e+13|1.78367e+12|4.79342e+12|5.77859e+11|5.8385e+13|4.21804e+13|1.26395e+10|3.6336e+13|2.36425e+09|7.46708e+11,8.19724e+08|8.87204e+12|3.29521e+11|3.79906e+11|7.32581e+08|1.04208e+13|2.76143e+10|2.20459e+08|6.32377e+12|1.05491e+12|4.42443e+12|4.88834e+11|7.35096e+12|1.15782e+13|1.81012e+09|1.77292e+13|4.07889e+08|5.06847e+11,0.000494453|0.000787814|5.47786e-05|1.80008e-05|6.27016e-05|6.6054e-05|0.000201974|1.08483e-05|1.50316e-05|0.000179959|0.00024651|0.000412952|0.000875739|1.88608e-05|4.789e-05|0.000125062|1.54283e-05|0.000185382,0.000316017|0.00788063|0.00652494|0.00065196|0.00113469|0.00522046|0.0016732|0.00010157|0.00213059|0.00292552|0.00308746|0.00138752|0.00944671|0.00214239|0.00655588|0.00231296|0.00907722|0.00344885,0.0109342|0.0476737|0.00125292|0.0140743|0.00597815|0.0318744|0.0313381|0.00160082|0.00968695|0.00778345|0.0211034|0.00215298|0.0280357|0.00156873|0.00398508|0.0255931|0.00638914|0.0365406,0.000178506|0.00335145|0.0136412|0.033904|0.0245713|0.0483133|0.0470205|0.0260762|0.0280967|0.0161829|0.0151027|0.0375959|0.0166219|0.0470058|0.0178703|0.00291922|0.0483596|0.0130093,0.973537|0.954869|0.988894|0.963574|0.962416|0.975256|0.937315|0.908628|0.923653|0.953313|0.943878|0.952159|0.90082|0.989289|0.972158|0.962742|0.910708|0.98883,4.63983|5.26639|0.923897|5.88966|1.97158|3.22282|3.07758|5.01633|1.04264|0.10397|4.82496|5.24666|0.0974208|0.578949|5.42296|0.0327787|5.41755|4.04415,79.8117|13.9548|99.0064|65.9961|99.595|81.3396|32.9383|50.0569|61.2747|86.0567|91.3525|67.7415|53.1277|21.8454|29.3504|37.0378|82.9474,0.246796|0.189728|0.201409|0.193896|0.184434|0.186476|0.230728|0.19306|0.208144|0.16799|0.243038|0.161632|0.181342|0.220509|0.179657|0.191256|0.24308,0.338018|0.801183|0.439638|0.982181|0.703378|0.379326|0.628307|0.116472|0.704271|0.799966|0.658826|0.301798|0.519715|0.936019|0.887943|0.182586|0.624607,0.869523,0.801463,0.117836,0.0993652,0.460468,0.534015,0.0732846,0.487967,0.198257,0.921169,51.6436,5.43263e-12,47756,0.887486,41.1981,1.06086e-12,38445,0.895553,0.876428,0.0878307,0.631141,0.996144,0.511517,0.22039,0.459803,0.228135,0.891603,87.9902,7.64954e-10,30733,0.967162,70.4477,9.04596e-11,52512
24,552,n1->n99->n97->n96->n14->n13->n11->n9->n7->n5->n65->n37->n38->n39->n10->n63->n61->n51,5.37021e+09|1.57108e+10|2.90604e+09|2.51165e+12|3.70261e+10|6.60497e+13|1.78735e+12|1.49139e+12|3.81012e+11|2.91995e+11|1.12599e+09|2.79748e+13|1.16426e+13|3.34792e+13|2.49624e+09|6.55204e+12|6.44979e+11|7.46708e+11,8.19724e+08|4.21389e+09|5.04144e+08|5.36324e+11|1.44234e+10|8.87204e+12|3.29521e+11|3.79906e+11|6.70334e+10|4.67133e+10|3.2906e+08|4.96975e+12|1.19258e+12|1.12013e+13|7.32581e+08|2.63574e+12|1.30372e+11|5.06847e+11,0.000494453|0.00089026|8.81202e-05|1.2987e-05|3.25754e-05|0.000787814|5.47786e-05|1.80008e-05|0.000475679|7.03031e-05|1.96575e-05|1.06248e-05|1.04425e-05|5.53896e-05|6.27016e-05|0.000116235|3.71253e-05|0.000185382,0.000316017|0.000350126|0.00494291|0.000286765|0.000181646|0.00788063|0.00652494|0.00065196|0.00104538|0.000196916|0.000428116|0.000261291|0.00950649|0.0025393|0.00113469|0.00126856|0.00313588|0.00344885,0.0109342|0.0362414|0.0381696|0.0377902|0.0426128|0.0476737|0.00125292|0.0140743|0.01754|0.00731162|0.00118659|0.0457563|0.0263713|0.00111942|0.00597815|0.0100727|0.0266048|0.0365406,0.000178506|0.0472365|0.00800322|0.0195364|0.049061|0.00335145|0.0136412|0.033904|0.0283975|0.0421608|0.00176737|0.0105712|0.00318517|0.0449458|0.0245713|0.0107197|0.0179693|0.0130093,0.973537|0.953794|0.90679|0.951762|0.906626|0.954869|0.988894|0.963574|0.963898|0.951514|0.967717|0.964079|0.902547|0.924329|0.962416|0.903245|0.958619|0.98883,4.63983|3.07459|1.41691|0.85792|0.762282|5.26639|0.923897|5.88966|3.51107|4.90362|4.1126|4.96174|5.09423|1.19952|1.97158|4.68449|2.63855|4.04415,66.2586|94.4507|37.9513|54.7186|92.5451|13.9548|99.0064|59.8148|37.2729|35.0583|13.4252|46.986|52.0957|24.4191|65.1286|47.0482|66.5616,0.180129|0.168303|0.246589|0.208433|0.191459|0.189728|0.201409|0.18359|0.176784|0.209201|0.230756|0.170599|0.199024|0.239532|0.203746|0.167884|0.171721,0.323551|0.263233|0.157157|0.448351|0.161307|0.801183|0.439638|0.339058|0.943162|0.297185|0.986996|0.662799|0.46236|0.991722|0.514129|0.410418|0.235817,0.869523,0.801463,0.117836,0.0993652,0.460468,0.534015,0.0732846,0.487967,0.198257,0.921169,51.6436,5.43263e-12,47756,0.887486,41.1981,1.06086e-12,38445,0.895553,0.876428,0.0878307,0.631141,0.996144,0.511517,0.22039,0.459803,0.228135,0.891603,87.9902,7.64954e-10,30733,0.967162,70.4477,9.04596e-11,52512
24,553,n1->n20->n18->n70->n87->n88->n89->n48->n47->n46->n62->n60->n59->n58->n85->n65->n52->n51,5.37021e+09|4.0293e+11|7.59179e+12|6.87309e+13|7.3435e+12|9.00567e+12|2.68119e+11|3.98001e+12|4.74236e+11|5.53417e+12|2.37342e+11|8.79841e+13|3.04563e+11|8.16696e+09|2.02447e+09|1.12599e+09|1.02428e+10|7.46708e+11,8.19724e+08|1.89646e+11|4.11836e+12|9.78332e+12|2.79916e+12|8.66002e+12|9.23423e+10|1.69514e+12|1.54765e+11|1.63629e+12|1.13053e+11|5.95756e+13|3.06423e+10|6.89506e+09|2.41326e+08|3.2906e+08|2.07235e+09|5.06847e+11,0.000494453|5.21063e-05|2.98936e-05|5.13815e-05|0.000634307|6.2721e-05|3.55201e-05|4.78153e-05|0.000202873|0.000489732|8.24006e-05|0.000731749|2.43107e-05|0.000266735|2.04325e-05|1.96575e-05|0.00011644|0.000185382,0.000316017|0.000368678|0.000681499|0.00295865|0.00151267|0.000480267|0.000111435|0.00544009|0.000266598|0.000159088|0.00794111|0.000248463|0.000202742|0.00874893|0.000338175|0.000428116|0.00580301|0.00344885,0.0109342|0.0108696|0.0192976|0.0286141|0.0186268|0.00850464|0.0107812|0.0455031|0.00898217|0.029055|0.0242596|0.0128442|0.00304046|0.0248478|0.0354515|0.00118659|0.0398377|0.0365406,0.000178506|0.0181411|0.0120519|0.0216638|0.00979507|0.0237676|0.0401575|0.0360942|0.0488958|0.0302566|0.0480911|0.0431033|0.0474075|0.0481122|0.0266209|0.00176737|0.0151024|0.0130093,0.973537|0.923215|0.946711|0.966653|0.977244|0.962132|0.926416|0.967439|0.9108|0.923372|0.98053|0.945549|0.99171|0.911658|0.940474|0.967717|0.965406|0.98883,4.63983|4.79469|4.38273|4.60778|2.33192|1.9653|0.0868458|3.09858|6.27947|0.31178|5.59786|4.50487|5.60303|3.70937|4.91715|4.1126|0.0104102|4.04415,90.7492|89.2299|55.8812|39.9413|57.0974|92.4072|94.0077|78.8723|71.5316|56.7189|48.3985|76.8491|56.397|90.6886|82.5435|56.1703|83.3731,0.215706|0.247215|0.234874|0.180359|0.227675|0.203687|0.234363|0.239998|0.196056|0.167864|0.17162|0.204072|0.21902|0.194345|0.20461|0.247907|0.197114,0.53635|0.652252|0.16843|0.129355|0.396625|0.876618|0.948873|0.300482|0.758317|0.624525|0.641887|0.509755|0.533324|0.45102|0.519435|0.827328|0.942894,0.869523,0.801463,0.117836,0.0993652,0.460468,0.534015,0.0732846,0.487967,0.198257,0.921169,51.6436,5.43263e-12,47756,0.887486,41.1981,1.06086e-12,38445,0.895553,0.876428,0.0878307,0.631141,0.996144,0.511517,0.22039,0.459803,0.228135,0.891603,87.9902,7.64954e-10,30733,0.967162,70.4477,9.04596e-11,52512
24,554,n1->n99->n77->n72->n71->n75->n4->n27->n25->n26->n47->n48->n46->n62->n64->n65->n52->n51,5.37021e+09|1.57108e+10|5.68112e+11|6.83442e+09|7.70008e+11|8.71921e+10|7.07339e+12|4.19351e+12|1.67189e+13|7.09351e+09|4.74236e+11|3.98001e+12|5.53417e+12|2.37342e+11|4.21034e+09|1.12599e+09|1.02428e+10|7.46708e+11,8.19724e+08|4.21389e+09|3.56307e+11|1.48353e+09|1.60546e+11|5.29113e+10|2.43435e+12|8.73344e+11|1.40059e+13|1.31666e+09|1.54765e+11|1.69514e+12|1.63629e+12|1.13053e+11|1.60867e+09|3.2906e+08|2.07235e+09|5.06847e+11,0.000494453|0.00089026|8.49487e-05|0.000159499|0.00017279|0.000766915|0.000113681|1.08528e-05|6.30741e-05|3.77967e-05|0.000202873|4.78153e-05|0.000489732|8.24006e-05|1.88732e-05|1.96575e-05|0.00011644|0.000185382,0.000316017|0.000350126|0.000906866|0.00384342|0.00123164|0.000203965|0.00198341|0.00262605|0.00294926|0.00522178|0.000266598|0.00544009|0.000159088|0.00794111|0.000135861|0.000428116|0.00580301|0.00344885,0.0109342|0.0362414|0.04851|0.0479977|0.0398828|0.0243876|0.0350273|0.0303206|0.0195393|0.0101688|0.00898217|0.0455031|0.029055|0.0242596|0.0266797|0.00118659|0.0398377|0.0365406,0.000178506|0.0472365|0.0115254|0.0299903|0.0326729|0.0250863|0.0273051|0.0230682|0.0159438|0.0409649|0.0488958|0.0360942|0.0302566|0.0480911|0.0436548|0.00176737|0.0151024|0.0130093,0.973537|0.953794|0.949999|0.96924|0.947193|0.936129|0.917619|0.985376|0.9023|0.981638|0.9108|0.967439|0.923372|0.98053|0.933821|0.967717|0.965406|0.98883,4.63983|3.07459|0.722366|3.90463|0.117525|3.39264|1.56082|4.5695|1.57149|2.91399|6.27947|3.09858|0.31178|5.59786|5.77568|4.1126|0.0104102|4.04415,66.2586|96.5216|92.3918|45.8448|14.5634|81.7362|52.1141|64.4551|63.0993|70.8805|78.8723|41.9872|56.7189|93.0484|56.7563|56.1703|83.3731,0.180129|0.241387|0.167022|0.218487|0.169453|0.218556|0.184605|0.242248|0.228799|0.189485|0.239998|0.178665|0.167864|0.176232|0.186349|0.247907|0.197114,0.323551|0.664018|0.776051|0.29317|0.275247|0.847503|0.200735|0.837222|0.359402|0.757042|0.300482|0.182289|0.624525|0.182879|0.927837|0.827328|0.942894,0.869523,0.801463,0.117836,0.0993652,0.460468,0.534015,0.0732846,0.487967,0.198257,0.921169,51.6436,5.43263e-12,47756,0.887486,41.1981,1.06086e-12,38445,0.895553,0.876428,0.0878307,0.631141,0.996144,0.511517,0.22039,0.459803,0.228135,0.891603,87.9902,7.64954e-10,30733,0.967162,70.4477,9.04596e-11,52512
24,555,n1->n13->n14->n12->n6->n33->n24->n23->n83->n57->n55->n54->n53->n52->n65->n64->n49->n51,5.37021e+09|6.60497e+13|3.70261e+10|9.70597e+10|1.14208e+09|3.64323e+13|1.59557e+13|4.63033e+10|3.76373e+13|4.14288e+09|8.84081e+12|2.80961e+11|4.60474e+10|1.02428e+10|1.12599e+09|4.21034e+09|2.45005e+09|7.46708e+11,8.19724e+08|8.87204e+12|1.44234e+10|2.76143e+10|2.20459e+08|6.32377e+12|4.06569e+12|3.30225e+10|2.34723e+13|2.05006e+09|4.69454e+12|2.23178e+11|3.18273e+10|2.07235e+09|3.2906e+08|1.60867e+09|2.44458e+09|5.06847e+11,0.000494453|0.000787814|3.25754e-05|0.000201974|1.08483e-05|1.50316e-05|0.000193265|0.000277161|1.86087e-05|0.000173612|4.06274e-05|1.47667e-05|2.00633e-05|0.00011644|1.96575e-05|1.88732e-05|1.07426e-05|0.000185382,0.000316017|0.00788063|0.000181646|0.0016732|0.00010157|0.00213059|0.0012727|0.00418014|0.000175452|0.00271581|0.000128431|0.00549128|0.000509085|0.00580301|0.000428116|0.000135861|0.000979027|0.00344885,0.0109342|0.0476737|0.0426128|0.0313381|0.00160082|0.00968695|0.0433038|0.00314906|0.015405|0.0328142|0.00843704|0.0334079|5.21659e-05|0.0398377|0.00118659|0.0266797|0.0183567|0.0365406,0.000178506|0.00335145|0.049061|0.0470205|0.0260762|0.0280967|0.00780618|0.0470385|0.038157|0.0437642|0.0314938|0.00844474|0.00115664|0.0151024|0.00176737|0.0436548|0.0388066|0.0130093,0.973537|0.954869|0.906626|0.937315|0.908628|0.923653|0.90929|0.92176|0.947801|0.983348|0.908585|0.927525|0.913872|0.965406|0.967717|0.933821|0.969899|0.98883,4.63983|5.26639|0.762282|3.07758|5.01633|1.04264|3.9732|2.08786|4.11052|1.93323|3.37071|1.22009|0.640024|0.0104102|4.1126|5.77568|3.94615|4.04415,79.8117|92.5451|51.9585|32.9383|50.0569|98.0873|44.8869|23.518|50.003|61.5999|27.8669|75.3264|81.3721|56.1703|56.7563|77.768|10.4661,0.246796|0.191459|0.222459|0.230728|0.19306|0.239791|0.161116|0.181099|0.1911|0.220389|0.169326|0.191357|0.184589|0.247907|0.186349|0.165457|0.216931,0.338018|0.161307|0.326911|0.628307|0.116472|0.939209|0.528582|0.741177|0.161388|0.549818|0.414082|0.567841|0.272111|0.827328|0.927837|0.348083|0.516407,0.869523,0.801463,0.117836,0.0993652,0.460468,0.534015,0.0732846,0.487967,0.198257,0.921169,51.6436,5.43263e-12,47756,0.887486,41.1981,1.06086e-12,38445,0.895553,0.876428,0.0878307,0.631141,0.996144,0.511517,0.22039,0.459803,0.228135,0.891603,87.9902,7.64954e-10,30733,0.967162,70.4477,9.04596e-11,52512
24,556,n1->n20->n21->n22->n74->n57->n55->n56->n84->n83->n23->n77->n93->n95->n89->n48->n50->n51,5.37021e+09|4.0293e+11|1.56161e+12|1.47e+10|5.8385e+13|4.14288e+09|8.84081e+12|1.1605e+12|1.07392e+09|3.76373e+13|4.63033e+10|5.68112e+11|4.22601e+13|1.05601e+11|2.68119e+11|3.98001e+12|2.36425e+09|7.46708e+11,8.19724e+08|1.89646e+11|3.02345e+11|9.51029e+09|7.35096e+12|2.05006e+09|4.69454e+12|5.65456e+11|9.00899e+08|2.34723e+13|3.30225e+10|3.56307e+11|1.3774e+13|5.46554e+10|9.23423e+10|1.69514e+12|4.07889e+08|5.06847e+11,0.000494453|5.21063e-05|0.00096308|1.77434e-05|0.000875739|0.000173612|4.06274e-05|1.7812e-05|2.14473e-05|1.86087e-05|0.000277161|8.49487e-05|8.45967e-05|0.000260968|3.55201e-05|4.78153e-05|1.54283e-05|0.000185382,0.000316017|0.000368678|0.00195589|0.0006856|0.00944671|0.00271581|0.000128431|0.000830638|0.000434313|0.000175452|0.00418014|0.000906866|0.000162335|0.000186877|0.000111435|0.00544009|0.00907722|0.00344885,0.0109342|0.0108696|0.00712365|0.0408661|0.0280357|0.0328142|0.00843704|0.0231698|0.0473575|0.015405|0.00314906|0.04851|0.0108045|0.00282907|0.0107812|0.0455031|0.00638914|0.0365406,0.000178506|0.0181411|0.0414669|0.040072|0.0166219|0.0437642|0.0314938|0.0417641|0.0366447|0.038157|0.0470385|0.0115254|0.0326183|0.0420997|0.0401575|0.0360942|0.0483596|0.0130093,0.973537|0.923215|0.971602|0.95984|0.90082|0.983348|0.908585|0.944528|0.948551|0.947801|0.92176|0.949999|0.912097|0.966581|0.926416|0.967439|0.910708|0.98883,4.63983|4.79469|3.14177|0.048646|0.0974208|1.93323|3.37071|2.55597|5.42186|4.11052|2.08786|0.722366|5.92115|1.09944|0.0868458|3.09858|5.41755|4.04415,90.7492|76.7594|55.6995|63.8366|95.6836|61.5999|95.3312|34.4372|20.1884|23.518|39.0733|51.9256|24.941|11.8194|94.0077|23.5956|82.9474,0.215706|0.218425|0.206062|0.241428|0.169856|0.220389|0.167906|0.222961|0.246081|0.181099|0.178948|0.247077|0.237661|0.168449|0.234363|0.191801|0.24308,0.53635|0.515127|0.677391|0.480684|0.815246|0.549818|0.402595|0.762891|0.599197|0.741177|0.23533|0.469529|0.985064|0.776387|0.948873|0.688345|0.624607,0.869523,0.801463,0.117836,0.0993652,0.460468,0.534015,0.0732846,0.487967,0.198257,0.921169,51.6436,5.43263e-12,47756,0.887486,41.1981,1.06086e-12,38445,0.895553,0.876428,0.0878307,0.631141,0.996144,0.511517,0.22039,0.459803,0.228135,0.891603,87.9902,7.64954e-10,30733,0.967162,70.4477,9.04596e-11,52512
24,557,n1->n20->n18->n19->n17->n68->n22->n21->n67->n38->n36->n64->n93->n95->n89->n48->n50->n51,5.37021e+09|4.0293e+11|7.59179e+12|2.47533e+11|1.51096e+11|1.31753e+09|1.47e+10|1.56161e+12|4.7483e+09|1.16426e+13|7.73972e+11|4.21034e+09|4.22601e+13|1.05601e+11|2.68119e+11|3.98001e+12|2.36425e+09|7.46708e+11,8.19724e+08|1.89646e+11|4.11836e+12|2.33399e+11|1.57582e+10|3.10679e+08|9.51029e+09|3.02345e+11|7.5553e+08|1.19258e+12|7.77593e+10|1.60867e+09|1.3774e+13|5.46554e+10|9.23423e+10|1.69514e+12|4.07889e+08|5.06847e+11,0.000494453|5.21063e-05|2.98936e-05|0.000261527|0.000261059|0.000223952|1.77434e-05|0.00096308|3.91885e-05|1.04425e-05|0.000426407|1.88732e-05|8.45967e-05|0.000260968|3.55201e-05|4.78153e-05|1.54283e-05|0.000185382,0.000316017|0.000368678|0.000681499|0.000768065|0.000513001|0.00843573|0.0006856|0.00195589|0.000640186|0.00950649|0.00396778|0.000135861|0.000162335|0.000186877|0.000111435|0.00544009|0.00907722|0.00344885,0.0109342|0.0108696|0.0192976|0.0201979|0.0430027|0.0370095|0.0408661|0.00712365|0.029632|0.0263713|0.00497013|0.0266797|0.0108045|0.00282907|0.0107812|0.0455031|0.00638914|0.0365406,0.000178506|0.0181411|0.0120519|0.0291803|0.00442808|0.00589983|0.040072|0.0414669|0.0482082|0.00318517|0.0341912|0.0436548|0.0326183|0.0420997|0.0401575|0.0360942|0.0483596|0.0130093,0.973537|0.923215|0.946711|0.941018|0.974312|0.984554|0.95984|0.971602|0.924883|0.902547|0.94998|0.933821|0.912097|0.966581|0.926416|0.967439|0.910708|0.98883,4.63983|4.79469|4.38273|1.39448|5.11322|5.26958|0.048646|3.14177|2.06342|5.09423|3.70656|5.77568|5.92115|1.09944|0.0868458|3.09858|5.41755|4.04415,90.7492|89.2299|34.0839|10.3361|23.9015|15.3326|55.6995|42.5138|59.2872|61.2725|43.8659|32.5899|24.941|11.8194|94.0077|23.5956|82.9474,0.215706|0.247215|0.248409|0.172286|0.236806|0.236297|0.206062|0.197352|0.200548|0.204351|0.241695|0.178102|0.237661|0.168449|0.234363|0.191801|0.24308,0.53635|0.652252|0.983209|0.559133|0.2818|0.655447|0.677391|0.602799|0.127053|0.413834|0.590576|0.548301|0.985064|0.776387|0.948873|0.688345|0.624607,0.869523,0.801463,0.117836,0.0993652,0.460468,0.534015,0.0732846,0.487967,0.198257,0.921169,51.6436,5.43263e-12,47756,0.887486,41.1981,1.06086e-12,38445,0.895553,0.876428,0.0878307,0.631141,0.996144,0.511517,0.22039,0.459803,0.228135,0.891603,87.9902,7.64954e-10,30733,0.967162,70.4477,9.04596e-11,52512
24,558,n1->n20->n89->n90->n59->n58->n85->n83->n81->n37->n39->n38->n36->n34->n15->n63->n61->n51,5.37021e+09|4.0293e+11|2.68119e+11|1.33273e+11|3.04563e+11|8.16696e+09|2.02447e+09|3.76373e+13|2.58887e+10|2.79748e+13|3.34792e+13|1.16426e+13|7.73972e+11|4.7313e+12|8.77071e+11|6.55204e+12|6.44979e+11|7.46708e+11,8.19724e+08|1.89646e+11|9.23423e+10|6.41526e+10|3.06423e+10|6.89506e+09|2.41326e+08|2.34723e+13|8.36206e+09|4.96975e+12|1.12013e+13|1.19258e+12|7.77593e+10|1.15705e+12|1.06991e+11|2.63574e+12|1.30372e+11|5.06847e+11,0.000494453|5.21063e-05|3.55201e-05|0.000319756|2.43107e-05|0.000266735|2.04325e-05|1.86087e-05|0.000268232|1.06248e-05|5.53896e-05|1.04425e-05|0.000426407|0.000140889|0.000182949|0.000116235|3.71253e-05|0.000185382,0.000316017|0.000368678|0.000111435|0.000672662|0.000202742|0.00874893|0.000338175|0.000175452|0.000752991|0.000261291|0.0025393|0.00950649|0.00396778|0.000270551|0.00274771|0.00126856|0.00313588|0.00344885,0.0109342|0.0108696|0.0107812|0.0285929|0.00304046|0.0248478|0.0354515|0.015405|0.0481357|0.0457563|0.00111942|0.0263713|0.00497013|0.0276207|0.0207315|0.0100727|0.0266048|0.0365406,0.000178506|0.0181411|0.0401575|0.0372754|0.0474075|0.0481122|0.0266209|0.038157|0.00997263|0.0105712|0.0449458|0.00318517|0.0341912|0.0210615|0.0378122|0.0107197|0.0179693|0.0130093,0.973537|0.923215|0.926416|0.984478|0.99171|0.911658|0.940474|0.947801|0.948836|0.964079|0.924329|0.902547|0.94998|0.904866|0.910795|0.903245|0.958619|0.98883,4.63983|4.79469|0.0868458|4.02061|5.60303|3.70937|4.91715|4.11052|1.5908|4.96174|1.19952|5.09423|3.70656|4.56594|1.89272|4.68449|2.63855|4.04415,90.7492|18.2346|12.726|62.2588|56.397|90.6886|92.2019|78.7627|88.8597|31.554|52.0957|61.2725|89.5651|27.3162|11.0615|47.0482|66.5616,0.215706|0.231355|0.226099|0.169222|0.21902|0.194345|0.231254|0.170031|0.211898|0.195005|0.199024|0.204351|0.241996|0.231681|0.214255|0.167884|0.171721,0.53635|0.595303|0.757755|0.361153|0.533324|0.45102|0.604504|0.530775|0.430076|0.711047|0.46236|0.413834|0.265381|0.750497|0.692153|0.410418|0.235817,0.869523,0.801463,0.117836,0.0993652,0.460468,0.534015,0.0732846,0.487967,0.198257,0.921169,51.6436,5.43263e-12,47756,0.887486,41.1981,1.06086e-12,38445,0.895553,0.876428,0.0878307,0.631141,0.996144,0.511517,0.22039,0.459803,0.228135,0.891603,87.9902,7.64954e-10,30733,0.967162,70.4477,9.04596e-11,52512
24,559,n1->n13->n14->n75->n4->n2->n7->n9->n10->n73->n72->n71->n24->n26->n25->n27->n52->n51,5.37021e+09|6.60497e+13|3.70261e+10|8.71921e+10|7.07339e+12|5.94248e+10|3.81012e+11|1.49139e+12|2.49624e+09|1.41706e+11|6.83442e+09|7.70008e+11|1.59557e+13|7.09351e+09|1.67189e+13|4.19351e+12|1.02428e+10|7.46708e+11,8.19724e+08|8.87204e+12|1.44234e+10|5.29113e+10|2.43435e+12|3.74975e+10|6.70334e+10|3.79906e+11|7.32581e+08|5.76853e+10|1.48353e+09|1.60546e+11|4.06569e+12|1.31666e+09|1.40059e+13|8.73344e+11|2.07235e+09|5.06847e+11,0.000494453|0.000787814|3.25754e-05|0.000766915|0.000113681|1.10648e-05|0.000475679|1.80008e-05|6.27016e-05|6.32916e-05|0.000159499|0.00017279|0.000193265|3.77967e-05|6.30741e-05|1.08528e-05|0.00011644|0.000185382,0.000316017|0.00788063|0.000181646|0.000203965|0.00198341|0.00120557|0.00104538|0.00065196|0.00113469|0.000807753|0.00384342|0.00123164|0.0012727|0.00522178|0.00294926|0.00262605|0.00580301|0.00344885,0.0109342|0.0476737|0.0426128|0.0243876|0.0350273|0.00369149|0.01754|0.0140743|0.00597815|0.0455502|0.0479977|0.0398828|0.0433038|0.0101688|0.0195393|0.0303206|0.0398377|0.0365406,0.000178506|0.00335145|0.049061|0.0250863|0.0273051|0.0127317|0.0283975|0.033904|0.0245713|0.028193|0.0299903|0.0326729|0.00780618|0.0409649|0.0159438|0.0230682|0.0151024|0.0130093,0.973537|0.954869|0.906626|0.936129|0.917619|0.968894|0.963898|0.963574|0.962416|0.909539|0.96924|0.947193|0.90929|0.981638|0.9023|0.985376|0.965406|0.98883,4.63983|5.26639|0.762282|3.39264|1.56082|4.74216|3.51107|5.88966|1.97158|3.29092|3.90463|0.117525|3.9732|2.91399|1.57149|4.5695|0.0104102|4.04415,79.8117|92.5451|56.2706|81.7362|30.2686|88.6198|59.8148|65.9961|29.3778|29.1617|45.8448|44.1502|83.4704|63.0993|64.4551|46.2248|83.3731,0.246796|0.191459|0.226178|0.218556|0.239023|0.228013|0.18359|0.193896|0.202302|0.178937|0.218487|0.204574|0.216464|0.228799|0.242248|0.183493|0.197114,0.338018|0.161307|0.725021|0.847503|0.514427|0.84397|0.339058|0.982181|0.747283|0.920295|0.29317|0.45026|0.583168|0.359402|0.837222|0.657987|0.942894,0.869523,0.801463,0.117836,0.0993652,0.460468,0.534015,0.0732846,0.487967,0.198257,0.921169,51.6436,5.43263e-12,47756,0.887486,41.1981,1.06086e-12,38445,0.895553,0.876428,0.0878307,0.631141,0.996144,0.511517,0.22039,0.459803,0.228135,0.891603,87.9902,7.64954e-10,30733,0.967162,70.4477,9.04596e-11,52512
24,560,n1->n13->n11->n9->n10->n8->n7->n2->n4->n75->n14->n12->n6->n33->n24->n26->n27->n52->n51,5.37021e+09|6.60497e+13|1.78735e+12|1.49139e+12|2.49624e+09|4.61239e+13|3.81012e+11|5.94248e+10|7.07339e+12|8.71921e+10|3.70261e+10|9.70597e+10|1.14208e+09|3.64323e+13|1.59557e+13|7.09351e+09|4.19351e+12|1.02428e+10|7.46708e+11,8.19724e+08|8.87204e+12|3.29521e+11|3.79906e+11|7.32581e+08|1.04208e+13|6.70334e+10|3.74975e+10|2.43435e+12|5.29113e+10|1.44234e+10|2.76143e+10|2.20459e+08|6.32377e+12|4.06569e+12|1.31666e+09|8.73344e+11|2.07235e+09|5.06847e+11,0.000494453|0.000787814|5.47786e-05|1.80008e-05|6.27016e-05|6.6054e-05|0.000475679|1.10648e-05|0.000113681|0.000766915|3.25754e-05|0.000201974|1.08483e-05|1.50316e-05|0.000193265|3.77967e-05|1.08528e-05|0.00011644|0.000185382,0.000316017|0.00788063|0.00652494|0.00065196|0.00113469|0.00522046|0.00104538|0.00120557|0.00198341|0.000203965|0.000181646|0.0016732|0.00010157|0.00213059|0.0012727|0.00522178|0.00262605|0.00580301|0.00344885,0.0109342|0.0476737|0.00125292|0.0140743|0.00597815|0.0318744|0.01754|0.00369149|0.0350273|0.0243876|0.0426128|0.0313381|0.00160082|0.00968695|0.0433038|0.0101688|0.0303206|0.0398377|0.0365406,0.000178506|0.00335145|0.0136412|0.033904|0.0245713|0.0483133|0.0283975|0.0127317|0.0273051|0.0250863|0.049061|0.0470205|0.0260762|0.0280967|0.00780618|0.0409649|0.0230682|0.0151024|0.0130093,0.973537|0.954869|0.988894|0.963574|0.962416|0.975256|0.963898|0.968894|0.917619|0.936129|0.906626|0.937315|0.908628|0.923653|0.90929|0.981638|0.985376|0.965406|0.98883,4.63983|5.26639|0.923897|5.88966|1.97158|3.22282|3.51107|4.74216|1.56082|3.39264|0.762282|3.07758|5.01633|1.04264|3.9732|2.91399|4.5695|0.0104102|4.04415,79.8117|13.9548|99.0064|65.9961|99.595|55.4093|88.6198|30.2686|81.7362|56.2706|51.9585|32.9383|50.0569|98.0873|83.4704|67.4197|46.2248|83.3731,0.246796|0.189728|0.201409|0.193896|0.184434|0.230451|0.228013|0.239023|0.218556|0.226178|0.222459|0.230728|0.19306|0.239791|0.216464|0.171162|0.183493|0.197114,0.338018|0.801183|0.439638|0.982181|0.703378|0.745697|0.84397|0.514427|0.847503|0.725021|0.326911|0.628307|0.116472|0.939209|0.583168|0.40751|0.657987|0.942894,0.869523,0.801463,0.117836,0.0993652,0.460468,0.534015,0.0732846,0.487967,0.198257,0.921169,51.6436,5.43263e-12,47756,0.887486,41.1981,1.06086e-12,38445,0.895553,0.876428,0.0878307,0.631141,0.996144,0.511517,0.22039,0.459803,0.228135,0.891603,87.9902,7.64954e-10,30733,0.967162,70.4477,9.04596e-11,52512
24,561,n1->n13->n11->n9->n7->n8->n10->n39->n37->n81->n79->n63->n82->n84->n85->n65->n64->n49->n51,5.37021e+09|6.60497e+13|1.78735e+12|1.49139e+12|3.81012e+11|4.61239e+13|2.49624e+09|3.34792e+13|2.79748e+13|2.58887e+10|1.47019e+10|6.55204e+12|1.07979e+13|1.07392e+09|2.02447e+09|1.12599e+09|4.21034e+09|2.45005e+09|7.46708e+11,8.19724e+08|8.87204e+12|3.29521e+11|3.79906e+11|6.70334e+10|1.04208e+13|7.32581e+08|1.12013e+13|4.96975e+12|8.36206e+09|4.87652e+09|2.63574e+12|1.66379e+12|9.00899e+08|2.41326e+08|3.2906e+08|1.60867e+09|2.44458e+09|5.06847e+11,0.000494453|0.000787814|5.47786e-05|1.80008e-05|0.000475679|6.6054e-05|6.27016e-05|5.53896e-05|1.06248e-05|0.000268232|0.000133131|0.000116235|0.000837919|2.14473e-05|2.04325e-05|1.96575e-05|1.88732e-05|1.07426e-05|0.000185382,0.000316017|0.00788063|0.00652494|0.00065196|0.00104538|0.00522046|0.00113469|0.0025393|0.000261291|0.000752991|0.000479664|0.00126856|0.00271152|0.000434313|0.000338175|0.000428116|0.000135861|0.000979027|0.00344885,0.0109342|0.0476737|0.00125292|0.0140743|0.01754|0.0318744|0.00597815|0.00111942|0.0457563|0.0481357|0.0252961|0.0100727|0.0278433|0.0473575|0.0354515|0.00118659|0.0266797|0.0183567|0.0365406,0.000178506|0.00335145|0.0136412|0.033904|0.0283975|0.0483133|0.0245713|0.0449458|0.0105712|0.00997263|0.0203026|0.0107197|0.0266174|0.0366447|0.0266209|0.00176737|0.0436548|0.0388066|0.0130093,0.973537|0.954869|0.988894|0.963574|0.963898|0.975256|0.962416|0.924329|0.964079|0.948836|0.966262|0.903245|0.934435|0.948551|0.940474|0.967717|0.933821|0.969899|0.98883,4.63983|5.26639|0.923897|5.88966|3.51107|3.22282|1.97158|1.19952|4.96174|1.5908|3.41737|4.68449|0.132111|5.42186|4.91715|4.1126|5.77568|3.94615|4.04415,79.8117|13.9548|99.0064|59.8148|55.4093|99.595|24.4191|31.554|88.8597|26.55|16.1844|48.6997|83.37|82.1833|82.5435|56.7563|77.768|10.4661,0.246796|0.189728|0.201409|0.18359|0.230451|0.184434|0.239532|0.195005|0.211898|0.238834|0.22961|0.175742|0.203763|0.216313|0.20461|0.186349|0.165457|0.216931,0.338018|0.801183|0.439638|0.339058|0.745697|0.703378|0.991722|0.711047|0.430076|0.957633|0.217843|0.4301|0.808712|0.528406|0.519435|0.927837|0.348083|0.516407,0.869523,0.801463,0.117836,0.0993652,0.460468,0.534015,0.0732846,0.487967,0.198257,0.921169,51.6436,5.43263e-12,47756,0.887486,41.1981,1.06086e-12,38445,0.895553,0.876428,0.0878307,0.631141,0.996144,0.511517,0.22039,0.459803,0.228135,0.891603,87.9902,7.64954e-10,30733,0.967162,70.4477,9.04596e-11,52512
24,562,n1->n13->n12->n14->n96->n97->n95->n93->n64->n67->n38->n37->n39->n10->n73->n54->n53->n52->n51,5.37021e+09|6.60497e+13|9.70597e+10|3.70261e+10|2.51165e+12|2.90604e+09|1.05601e+11|4.22601e+13|4.21034e+09|4.7483e+09|1.16426e+13|2.79748e+13|3.34792e+13|2.49624e+09|1.41706e+11|2.80961e+11|4.60474e+10|1.02428e+10|7.46708e+11,8.19724e+08|8.87204e+12|2.76143e+10|1.44234e+10|5.36324e+11|5.04144e+08|5.46554e+10|1.3774e+13|1.60867e+09|7.5553e+08|1.19258e+12|4.96975e+12|1.12013e+13|7.32581e+08|5.76853e+10|2.23178e+11|3.18273e+10|2.07235e+09|5.06847e+11,0.000494453|0.000787814|0.000201974|3.25754e-05|1.2987e-05|8.81202e-05|0.000260968|8.45967e-05|1.88732e-05|3.91885e-05|1.04425e-05|1.06248e-05|5.53896e-05|6.27016e-05|6.32916e-05|1.47667e-05|2.00633e-05|0.00011644|0.000185382,0.000316017|0.00788063|0.0016732|0.000181646|0.000286765|0.00494291|0.000186877|0.000162335|0.000135861|0.000640186|0.00950649|0.000261291|0.0025393|0.00113469|0.000807753|0.00549128|0.000509085|0.00580301|0.00344885,0.0109342|0.0476737|0.0313381|0.0426128|0.0377902|0.0381696|0.00282907|0.0108045|0.0266797|0.029632|0.0263713|0.0457563|0.00111942|0.00597815|0.0455502|0.0334079|5.21659e-05|0.0398377|0.0365406,0.000178506|0.00335145|0.0470205|0.049061|0.0195364|0.00800322|0.0420997|0.0326183|0.0436548|0.0482082|0.00318517|0.0105712|0.0449458|0.0245713|0.028193|0.00844474|0.00115664|0.0151024|0.0130093,0.973537|0.954869|0.937315|0.906626|0.951762|0.90679|0.966581|0.912097|0.933821|0.924883|0.902547|0.964079|0.924329|0.962416|0.909539|0.927525|0.913872|0.965406|0.98883,4.63983|5.26639|3.07758|0.762282|0.85792|1.41691|1.09944|5.92115|5.77568|2.06342|5.09423|4.96174|1.19952|1.97158|3.29092|1.22009|0.640024|0.0104102|4.04415,79.8117|56.34|51.9585|54.7186|37.9513|11.8968|24.941|32.5899|95.5844|59.2872|46.986|31.554|24.4191|29.3778|26.1465|75.3264|81.3721|83.3731,0.246796|0.206669|0.222459|0.208433|0.246589|0.228013|0.237661|0.178102|0.248978|0.200548|0.170599|0.195005|0.239532|0.202302|0.196311|0.191357|0.184589|0.197114,0.338018|0.285239|0.326911|0.448351|0.157157|0.342677|0.985064|0.548301|0.480161|0.127053|0.662799|0.711047|0.991722|0.747283|0.754315|0.567841|0.272111|0.942894,0.869523,0.801463,0.117836,0.0993652,0.460468,0.534015,0.0732846,0.487967,0.198257,0.921169,51.6436,5.43263e-12,47756,0.887486,41.1981,1.06086e-12,38445,0.895553,0.876428,0.0878307,0.631141,0.996144,0.511517,0.22039,0.459803,0.228135,0.891603,87.9902,7.64954e-10,30733,0.967162,70.4477,9.04596e-11,52512
24,563,n1->n99->n98->n57->n74->n75->n73->n54->n56->n84->n82->n80->n78->n76->n30->n31->n29->n50->n51,5.37021e+09|1.57108e+10|1.8266e+13|4.14288e+09|5.8385e+13|8.71921e+10|1.41706e+11|2.80961e+11|1.1605e+12|1.07392e+09|1.07979e+13|2.45686e+13|3.25238e+10|4.21804e+13|1.26395e+10|4.79342e+12|3.6336e+13|2.36425e+09|7.46708e+11,8.19724e+08|4.21389e+09|5.99087e+12|2.05006e+09|7.35096e+12|5.29113e+10|5.76853e+10|2.23178e+11|5.65456e+11|9.00899e+08|1.66379e+12|2.75437e+12|2.30731e+10|1.15782e+13|1.81012e+09|4.42443e+12|1.77292e+13|4.07889e+08|5.06847e+11,0.000494453|0.00089026|0.000410965|0.000173612|0.000875739|0.000766915|6.32916e-05|1.47667e-05|1.7812e-05|2.14473e-05|0.000837919|1.13052e-05|0.000270955|1.88608e-05|4.789e-05|0.00024651|0.000125062|1.54283e-05|0.000185382,0.000316017|0.000350126|0.000548485|0.00271581|0.00944671|0.000203965|0.000807753|0.00549128|0.000830638|0.000434313|0.00271152|0.000238286|0.00167497|0.00214239|0.00655588|0.00308746|0.00231296|0.00907722|0.00344885,0.0109342|0.0362414|0.0295222|0.0328142|0.0280357|0.0243876|0.0455502|0.0334079|0.0231698|0.0473575|0.0278433|0.00592883|0.00569443|0.00156873|0.00398508|0.0211034|0.0255931|0.00638914|0.0365406,0.000178506|0.0472365|0.0297366|0.0437642|0.0166219|0.0250863|0.028193|0.00844474|0.0417641|0.0366447|0.0266174|0.0262948|0.0425349|0.0470058|0.0178703|0.0151027|0.00291922|0.0483596|0.0130093,0.973537|0.953794|0.959539|0.983348|0.90082|0.936129|0.909539|0.927525|0.944528|0.948551|0.934435|0.919013|0.92832|0.989289|0.972158|0.943878|0.962742|0.910708|0.98883,4.63983|3.07459|2.95405|1.93323|0.0974208|3.39264|3.29092|1.22009|2.55597|5.42186|0.132111|0.100836|3.3614|0.578949|5.42296|4.82496|0.0327787|5.41755|4.04415,66.2586|58.4557|98.2355|95.6836|64.3401|85.6152|26.1465|42.6814|34.4372|83.37|47.0365|66.5291|69.3348|21.8454|88.6669|70.4589|37.0378|82.9474,0.180129|0.227784|0.190047|0.169856|0.220369|0.185893|0.196311|0.167734|0.222961|0.203763|0.231931|0.222935|0.194827|0.220509|0.215598|0.246199|0.191256|0.24308,0.323551|0.686264|0.757428|0.815246|0.119032|0.624191|0.754315|0.927159|0.762891|0.808712|0.796307|0.109088|0.93416|0.936019|0.123891|0.415176|0.182586|0.624607,0.869523,0.801463,0.117836,0.0993652,0.460468,0.534015,0.0732846,0.487967,0.198257,0.921169,51.6436,5.43263e-12,47756,0.887486,41.1981,1.06086e-12,38445,0.895553,0.876428,0.0878307,0.631141,0.996144,0.511517,0.22039,0.459803,0.228135,0.891603,87.9902,7.64954e-10,30733,0.967162,70.4477,9.04596e-11,52512
24,564,n1->n20->n18->n16->n38->n36->n64->n67->n21->n23->n24->n71->n75->n76->n78->n85->n65->n52->n51,5.37021e+09|4.0293e+11|7.59179e+12|1.09193e+13|1.16426e+13|7.73972e+11|4.21034e+09|4.7483e+09|1.56161e+12|4.63033e+10|1.59557e+13|7.70008e+11|8.71921e+10|4.21804e+13|3.25238e+10|2.02447e+09|1.12599e+09|1.02428e+10|7.46708e+11,8.19724e+08|1.89646e+11|4.11836e+12|1.33827e+12|1.19258e+12|7.77593e+10|1.60867e+09|7.5553e+08|3.02345e+11|3.30225e+10|4.06569e+12|1.60546e+11|5.29113e+10|1.15782e+13|2.30731e+10|2.41326e+08|3.2906e+08|2.07235e+09|5.06847e+11,0.000494453|5.21063e-05|2.98936e-05|3.71682e-05|1.04425e-05|0.000426407|1.88732e-05|3.91885e-05|0.00096308|0.000277161|0.000193265|0.00017279|0.000766915|1.88608e-05|0.000270955|2.04325e-05|1.96575e-05|0.00011644|0.000185382,0.000316017|0.000368678|0.000681499|0.00174713|0.00950649|0.00396778|0.000135861|0.000640186|0.00195589|0.00418014|0.0012727|0.00123164|0.000203965|0.00214239|0.00167497|0.000338175|0.000428116|0.00580301|0.00344885,0.0109342|0.0108696|0.0192976|0.0123696|0.0263713|0.00497013|0.0266797|0.029632|0.00712365|0.00314906|0.0433038|0.0398828|0.0243876|0.00156873|0.00569443|0.0354515|0.00118659|0.0398377|0.0365406,0.000178506|0.0181411|0.0120519|0.0240438|0.00318517|0.0341912|0.0436548|0.0482082|0.0414669|0.0470385|0.00780618|0.0326729|0.0250863|0.0470058|0.0425349|0.0266209|0.00176737|0.0151024|0.0130093,0.973537|0.923215|0.946711|0.979533|0.902547|0.94998|0.933821|0.924883|0.971602|0.92176|0.90929|0.947193|0.936129|0.989289|0.92832|0.940474|0.967717|0.965406|0.98883,4.63983|4.79469|4.38273|1.69436|5.09423|3.70656|5.77568|2.06342|3.14177|2.08786|3.9732|0.117525|3.39264|0.578949|3.3614|4.91715|4.1126|0.0104102|4.04415,90.7492|89.2299|72.2829|28.0546|61.2725|43.8659|95.5844|42.5138|88.4205|44.8869|44.1502|14.5634|63.5216|69.3348|67.1704|82.5435|56.1703|83.3731,0.215706|0.247215|0.180241|0.17367|0.204351|0.241695|0.248978|0.197352|0.232237|0.161116|0.204574|0.169453|0.207806|0.194827|0.184721|0.20461|0.247907|0.197114,0.53635|0.652252|0.553025|0.828443|0.413834|0.590576|0.480161|0.602799|0.516177|0.528582|0.45026|0.275247|0.844544|0.93416|0.609732|0.519435|0.827328|0.942894,0.869523,0.801463,0.117836,0.0993652,0.460468,0.534015,0.0732846,0.487967,0.198257,0.921169,51.6436,5.43263e-12,47756,0.887486,41.1981,1.06086e-12,38445,0.895553,0.876428,0.0878307,0.631141,0.996144,0.511517,0.22039,0.459803,0.228135,0.891603,87.9902,7.64954e-10,30733,0.967162,70.4477,9.04596e-11,52512
24,565,n1->n13->n14->n12->n6->n33->n31->n35->n34->n15->n63->n79->n81->n83->n84->n85->n65->n52->n51,5.37021e+09|6.60497e+13|3.70261e+10|9.70597e+10|1.14208e+09|3.64323e+13|4.79342e+12|5.77859e+11|4.7313e+12|8.77071e+11|6.55204e+12|1.47019e+10|2.58887e+10|3.76373e+13|1.07392e+09|2.02447e+09|1.12599e+09|1.02428e+10|7.46708e+11,8.19724e+08|8.87204e+12|1.44234e+10|2.76143e+10|2.20459e+08|6.32377e+12|4.42443e+12|4.88834e+11|1.15705e+12|1.06991e+11|2.63574e+12|4.87652e+09|8.36206e+09|2.34723e+13|9.00899e+08|2.41326e+08|3.2906e+08|2.07235e+09|5.06847e+11,0.000494453|0.000787814|3.25754e-05|0.000201974|1.08483e-05|1.50316e-05|0.00024651|0.000412952|0.000140889|0.000182949|0.000116235|0.000133131|0.000268232|1.86087e-05|2.14473e-05|2.04325e-05|1.96575e-05|0.00011644|0.000185382,0.000316017|0.00788063|0.000181646|0.0016732|0.00010157|0.00213059|0.00308746|0.00138752|0.000270551|0.00274771|0.00126856|0.000479664|0.000752991|0.000175452|0.000434313|0.000338175|0.000428116|0.00580301|0.00344885,0.0109342|0.0476737|0.0426128|0.0313381|0.00160082|0.00968695|0.0211034|0.00215298|0.0276207|0.0207315|0.0100727|0.0252961|0.0481357|0.015405|0.0473575|0.0354515|0.00118659|0.0398377|0.0365406,0.000178506|0.00335145|0.049061|0.0470205|0.0260762|0.0280967|0.0151027|0.0375959|0.0210615|0.0378122|0.0107197|0.0203026|0.00997263|0.038157|0.0366447|0.0266209|0.00176737|0.0151024|0.0130093,0.973537|0.954869|0.906626|0.937315|0.908628|0.923653|0.943878|0.952159|0.904866|0.910795|0.903245|0.966262|0.948836|0.947801|0.948551|0.940474|0.967717|0.965406|0.98883,4.63983|5.26639|0.762282|3.07758|5.01633|1.04264|4.82496|5.24666|4.56594|1.89272|4.68449|3.41737|1.5908|4.11052|5.42186|4.91715|4.1126|0.0104102|4.04415,79.8117|92.5451|51.9585|32.9383|50.0569|95.0453|91.3525|26.2497|27.3162|11.0615|16.1844|26.55|78.7627|20.1884|82.1833|82.5435|56.1703|83.3731,0.246796|0.191459|0.222459|0.230728|0.19306|0.234751|0.243038|0.244194|0.231681|0.214255|0.22961|0.238834|0.170031|0.246081|0.216313|0.20461|0.247907|0.197114,0.338018|0.161307|0.326911|0.628307|0.116472|0.258586|0.658826|0.307851|0.750497|0.692153|0.217843|0.957633|0.530775|0.599197|0.528406|0.519435|0.827328|0.942894,0.869523,0.801463,0.117836,0.0993652,0.460468,0.534015,0.0732846,0.487967,0.198257,0.921169,51.6436,5.43263e-12,47756,0.887486,41.1981,1.06086e-12,38445,0.895553,0.876428,0.0878307,0.631141,0.996144,0.511517,0.22039,0.459803,0.228135,0.891603,87.9902,7.64954e-10,30733,0.967162,70.4477,9.04596e-11,52512
24,566,n1->n20->n96->n14->n75->n74->n22->n21->n67->n38->n37->n39->n41->n44->n78->n85->n65->n52->n51,5.37021e+09|4.0293e+11|2.51165e+12|3.70261e+10|8.71921e+10|5.8385e+13|1.47e+10|1.56161e+12|4.7483e+09|1.16426e+13|2.79748e+13|3.34792e+13|3.95737e+11|5.26537e+13|3.25238e+10|2.02447e+09|1.12599e+09|1.02428e+10|7.46708e+11,8.19724e+08|1.89646e+11|5.36324e+11|1.44234e+10|5.29113e+10|7.35096e+12|9.51029e+09|3.02345e+11|7.5553e+08|1.19258e+12|4.96975e+12|1.12013e+13|1.47899e+11|2.86817e+13|2.30731e+10|2.41326e+08|3.2906e+08|2.07235e+09|5.06847e+11,0.000494453|5.21063e-05|1.2987e-05|3.25754e-05|0.000766915|0.000875739|1.77434e-05|0.00096308|3.91885e-05|1.04425e-05|1.06248e-05|5.53896e-05|2.35935e-05|0.000124649|0.000270955|2.04325e-05|1.96575e-05|0.00011644|0.000185382,0.000316017|0.000368678|0.000286765|0.000181646|0.000203965|0.00944671|0.0006856|0.00195589|0.000640186|0.00950649|0.000261291|0.0025393|0.00412419|0.00158999|0.00167497|0.000338175|0.000428116|0.00580301|0.00344885,0.0109342|0.0108696|0.0377902|0.0426128|0.0243876|0.0280357|0.0408661|0.00712365|0.029632|0.0263713|0.0457563|0.00111942|0.00451081|0.0486405|0.00569443|0.0354515|0.00118659|0.0398377|0.0365406,0.000178506|0.0181411|0.0195364|0.049061|0.0250863|0.0166219|0.040072|0.0414669|0.0482082|0.00318517|0.0105712|0.0449458|0.00491436|0.00764508|0.0425349|0.0266209|0.00176737|0.0151024|0.0130093,0.973537|0.923215|0.951762|0.906626|0.936129|0.90082|0.95984|0.971602|0.924883|0.902547|0.964079|0.924329|0.923722|0.932977|0.92832|0.940474|0.967717|0.965406|0.98883,4.63983|4.79469|0.85792|0.762282|3.39264|0.0974208|0.048646|3.14177|2.06342|5.09423|4.96174|1.19952|4.11092|2.64532|3.3614|4.91715|4.1126|0.0104102|4.04415,90.7492|58.7029|54.7186|56.2706|64.3401|63.8366|55.6995|42.5138|59.2872|46.986|31.554|38.9947|12.7315|88.5528|67.1704|82.5435|56.1703|83.3731,0.215706|0.201188|0.208433|0.226178|0.220369|0.241428|0.206062|0.197352|0.200548|0.170599|0.195005|0.18226|0.246433|0.200088|0.184721|0.20461|0.247907|0.197114,0.53635|0.666395|0.448351|0.725021|0.119032|0.480684|0.677391|0.602799|0.127053|0.662799|0.711047|0.988985|0.665882|0.134865|0.609732|0.519435|0.827328|0.942894,0.869523,0.801463,0.117836,0.0993652,0.460468,0.534015,0.0732846,0.487967,0.198257,0.921169,51.6436,5.43263e-12,47756,0.887486,41.1981,1.06086e-12,38445,0.895553,0.876428,0.0878307,0.631141,0.996144,0.511517,0.22039,0.459803,0.228135,0.891603,87.9902,7.64954e-10,30733,0.967162,70.4477,9.04596e-11,52512
24,567,n1->n20->n89->n90->n100->n73->n72->n70->n69->n28->n27->n97->n99->n98->n57->n55->n53->n52->n51,5.37021e+09|4.0293e+11|2.68119e+11|1.33273e+11|4.01966e+09|1.41706e+11|6.83442e+09|6.87309e+13|8.81277e+09|1.34247e+11|4.19351e+12|2.90604e+09|1.57108e+10|1.8266e+13|4.14288e+09|8.84081e+12|4.60474e+10|1.02428e+10|7.46708e+11,8.19724e+08|1.89646e+11|9.23423e+10|6.41526e+10|2.27749e+09|5.76853e+10|1.48353e+09|9.78332e+12|7.57626e+09|1.51805e+10|8.73344e+11|5.04144e+08|4.21389e+09|5.99087e+12|2.05006e+09|4.69454e+12|3.18273e+10|2.07235e+09|5.06847e+11,0.000494453|5.21063e-05|3.55201e-05|0.000319756|0.000665246|6.32916e-05|0.000159499|5.13815e-05|0.000268039|0.00056516|1.08528e-05|8.81202e-05|0.00089026|0.000410965|0.000173612|4.06274e-05|2.00633e-05|0.00011644|0.000185382,0.000316017|0.000368678|0.000111435|0.000672662|0.00914892|0.000807753|0.00384342|0.00295865|0.00367819|0.0093172|0.00262605|0.00494291|0.000350126|0.000548485|0.00271581|0.000128431|0.000509085|0.00580301|0.00344885,0.0109342|0.0108696|0.0107812|0.0285929|0.0100829|0.0455502|0.0479977|0.0286141|0.022957|0.0317261|0.0303206|0.0381696|0.0362414|0.0295222|0.0328142|0.00843704|5.21659e-05|0.0398377|0.0365406,0.000178506|0.0181411|0.0401575|0.0372754|0.0460028|0.028193|0.0299903|0.0216638|0.0100342|0.03841|0.0230682|0.00800322|0.0472365|0.0297366|0.0437642|0.0314938|0.00115664|0.0151024|0.0130093,0.973537|0.923215|0.926416|0.984478|0.935175|0.909539|0.96924|0.966653|0.975915|0.948072|0.985376|0.90679|0.953794|0.959539|0.983348|0.908585|0.913872|0.965406|0.98883,4.63983|4.79469|0.0868458|4.02061|3.89025|3.29092|3.90463|4.60778|2.99986|1.48687|4.5695|1.41691|3.07459|2.95405|1.93323|3.37071|0.640024|0.0104102|4.04415,90.7492|18.2346|12.726|32.7492|20.1165|29.1617|97.4405|74.5377|97.1045|23.5709|31.5608|94.4507|58.4557|98.2355|61.5999|30.3781|81.3721|83.3731,0.215706|0.231355|0.226099|0.191207|0.175955|0.178937|0.180102|0.172691|0.207556|0.207151|0.219936|0.168303|0.227784|0.190047|0.220389|0.207992|0.184589|0.197114,0.53635|0.595303|0.757755|0.878161|0.825877|0.920295|0.79408|0.416585|0.438091|0.340196|0.557853|0.263233|0.686264|0.757428|0.549818|0.646488|0.272111|0.942894,0.869523,0.801463,0.117836,0.0993652,0.460468,0.534015,0.0732846,0.487967,0.198257,0.921169,51.6436,5.43263e-12,47756,0.887486,41.1981,1.06086e-12,38445,0.895553,0.876428,0.0878307,0.631141,0.996144,0.511517,0.22039,0.459803,0.228135,0.891603,87.9902,7.64954e-10,30733,0.967162,70.4477,9.04596e-11,52512
24,568,n1->n20->n96->n97->n27->n52->n53->n54->n56->n84->n83->n85->n78->n80->n82->n95->n93->n94->n51,5.37021e+09|4.0293e+11|2.51165e+12|2.90604e+09|4.19351e+12|1.02428e+10|4.60474e+10|2.80961e+11|1.1605e+12|1.07392e+09|3.76373e+13|2.02447e+09|3.25238e+10|2.45686e+13|1.07979e+13|1.05601e+11|4.22601e+13|1.36531e+10|7.46708e+11,8.19724e+08|1.89646e+11|5.36324e+11|5.04144e+08|8.73344e+11|2.07235e+09|3.18273e+10|2.23178e+11|5.65456e+11|9.00899e+08|2.34723e+13|2.41326e+08|2.30731e+10|2.75437e+12|1.66379e+12|5.46554e+10|1.3774e+13|1.67171e+09|5.06847e+11,0.000494453|5.21063e-05|1.2987e-05|8.81202e-05|1.08528e-05|0.00011644|2.00633e-05|1.47667e-05|1.7812e-05|2.14473e-05|1.86087e-05|2.04325e-05|0.000270955|1.13052e-05|0.000837919|0.000260968|8.45967e-05|2.95455e-05|0.000185382,0.000316017|0.000368678|0.000286765|0.00494291|0.00262605|0.00580301|0.000509085|0.00549128|0.000830638|0.000434313|0.000175452|0.000338175|0.00167497|0.000238286|0.00271152|0.000186877|0.000162335|0.000125263|0.00344885,0.0109342|0.0108696|0.0377902|0.0381696|0.0303206|0.0398377|5.21659e-05|0.0334079|0.0231698|0.0473575|0.015405|0.0354515|0.00569443|0.00592883|0.0278433|0.00282907|0.0108045|0.00830448|0.0365406,0.000178506|0.0181411|0.0195364|0.00800322|0.0230682|0.0151024|0.00115664|0.00844474|0.0417641|0.0366447|0.038157|0.0266209|0.0425349|0.0262948|0.0266174|0.0420997|0.0326183|0.0293842|0.0130093,0.973537|0.923215|0.951762|0.90679|0.985376|0.965406|0.913872|0.927525|0.944528|0.948551|0.947801|0.940474|0.92832|0.919013|0.934435|0.966581|0.912097|0.927471|0.98883,4.63983|4.79469|0.85792|1.41691|4.5695|0.0104102|0.640024|1.22009|2.55597|5.42186|4.11052|4.91715|3.3614|0.100836|0.132111|1.09944|5.92115|5.03384|4.04415,90.7492|58.7029|37.9513|31.5608|46.2248|81.3721|75.3264|42.6814|34.4372|20.1884|92.2019|67.1704|66.5291|47.0365|75.699|24.941|63.1349|11.2844,0.215706|0.201188|0.246589|0.219936|0.183493|0.184589|0.191357|0.167734|0.222961|0.246081|0.231254|0.184721|0.222935|0.231931|0.21275|0.237661|0.209804|0.200895,0.53635|0.666395|0.157157|0.557853|0.657987|0.272111|0.567841|0.927159|0.762891|0.599197|0.604504|0.609732|0.109088|0.796307|0.837867|0.985064|0.17375|0.836539,0.869523,0.801463,0.117836,0.0993652,0.460468,0.534015,0.0732846,0.487967,0.198257,0.921169,51.6436,5.43263e-12,47756,0.887486,41.1981,1.06086e-12,38445,0.895553,0.876428,0.0878307,0.631141,0.996144,0.511517,0.22039,0.459803,0.228135,0.891603,87.9902,7.64954e-10,30733,0.967162,70.4477,9.04596e-11,52512
24,569,n1->n20->n18->n16->n38->n37->n81->n79->n63->n15->n13->n12->n14->n96->n97->n95->n93->n94->n51,5.37021e+09|4.0293e+11|7.59179e+12|1.09193e+13|1.16426e+13|2.79748e+13|2.58887e+10|1.47019e+10|6.55204e+12|8.77071e+11|6.60497e+13|9.70597e+10|3.70261e+10|2.51165e+12|2.90604e+09|1.05601e+11|4.22601e+13|1.36531e+10|7.46708e+11,8.19724e+08|1.89646e+11|4.11836e+12|1.33827e+12|1.19258e+12|4.96975e+12|8.36206e+09|4.87652e+09|2.63574e+12|1.06991e+11|8.87204e+12|2.76143e+10|1.44234e+10|5.36324e+11|5.04144e+08|5.46554e+10|1.3774e+13|1.67171e+09|5.06847e+11,0.000494453|5.21063e-05|2.98936e-05|3.71682e-05|1.04425e-05|1.06248e-05|0.000268232|0.000133131|0.000116235|0.000182949|0.000787814|0.000201974|3.25754e-05|1.2987e-05|8.81202e-05|0.000260968|8.45967e-05|2.95455e-05|0.000185382,0.000316017|0.000368678|0.000681499|0.00174713|0.00950649|0.000261291|0.000752991|0.000479664|0.00126856|0.00274771|0.00788063|0.0016732|0.000181646|0.000286765|0.00494291|0.000186877|0.000162335|0.000125263|0.00344885,0.0109342|0.0108696|0.0192976|0.0123696|0.0263713|0.0457563|0.0481357|0.0252961|0.0100727|0.0207315|0.0476737|0.0313381|0.0426128|0.0377902|0.0381696|0.00282907|0.0108045|0.00830448|0.0365406,0.000178506|0.0181411|0.0120519|0.0240438|0.00318517|0.0105712|0.00997263|0.0203026|0.0107197|0.0378122|0.00335145|0.0470205|0.049061|0.0195364|0.00800322|0.0420997|0.0326183|0.0293842|0.0130093,0.973537|0.923215|0.946711|0.979533|0.902547|0.964079|0.948836|0.966262|0.903245|0.910795|0.954869|0.937315|0.906626|0.951762|0.90679|0.966581|0.912097|0.927471|0.98883,4.63983|4.79469|4.38273|1.69436|5.09423|4.96174|1.5908|3.41737|4.68449|1.89272|5.26639|3.07758|0.762282|0.85792|1.41691|1.09944|5.92115|5.03384|4.04415,90.7492|89.2299|72.2829|28.0546|46.986|88.8597|26.55|16.1844|11.0615|66.6304|56.34|51.9585|54.7186|37.9513|11.8968|24.941|63.1349|11.2844,0.215706|0.247215|0.180241|0.17367|0.170599|0.211898|0.238834|0.22961|0.214255|0.179788|0.206669|0.222459|0.208433|0.246589|0.228013|0.237661|0.209804|0.200895,0.53635|0.652252|0.553025|0.828443|0.662799|0.430076|0.957633|0.217843|0.692153|0.275394|0.285239|0.326911|0.448351|0.157157|0.342677|0.985064|0.17375|0.836539,0.869523,0.801463,0.117836,0.0993652,0.460468,0.534015,0.0732846,0.487967,0.198257,0.921169,51.6436,5.43263e-12,47756,0.887486,41.1981,1.06086e-12,38445,0.895553,0.876428,0.0878307,0.631141,0.996144,0.511517,0.22039,0.459803,0.228135,0.891603,87.9902,7.64954e-10,30733,0.967162,70.4477,9.04596e-11,52512
24,570,n1->n13->n11->n29->n28->n27->n26->n24->n33->n32->n34->n15->n63->n79->n81->n37->n65->n52->n51,5.37021e+09|6.60497e+13|1.78735e+12|3.6336e+13|1.34247e+11|4.19351e+12|7.09351e+09|1.59557e+13|3.64323e+13|1.78367e+12|4.7313e+12|8.77071e+11|6.55204e+12|1.47019e+10|2.58887e+10|2.79748e+13|1.12599e+09|1.02428e+10|7.46708e+11,8.19724e+08|8.87204e+12|3.29521e+11|1.77292e+13|1.51805e+10|8.73344e+11|1.31666e+09|4.06569e+12|6.32377e+12|1.05491e+12|1.15705e+12|1.06991e+11|2.63574e+12|4.87652e+09|8.36206e+09|4.96975e+12|3.2906e+08|2.07235e+09|5.06847e+11,0.000494453|0.000787814|5.47786e-05|0.000125062|0.00056516|1.08528e-05|3.77967e-05|0.000193265|1.50316e-05|0.000179959|0.000140889|0.000182949|0.000116235|0.000133131|0.000268232|1.06248e-05|1.96575e-05|0.00011644|0.000185382,0.000316017|0.00788063|0.00652494|0.00231296|0.0093172|0.00262605|0.00522178|0.0012727|0.00213059|0.00292552|0.000270551|0.00274771|0.00126856|0.000479664|0.000752991|0.000261291|0.000428116|0.00580301|0.00344885,0.0109342|0.0476737|0.00125292|0.0255931|0.0317261|0.0303206|0.0101688|0.0433038|0.00968695|0.00778345|0.0276207|0.0207315|0.0100727|0.0252961|0.0481357|0.0457563|0.00118659|0.0398377|0.0365406,0.000178506|0.00335145|0.0136412|0.00291922|0.03841|0.0230682|0.0409649|0.00780618|0.0280967|0.0161829|0.0210615|0.0378122|0.0107197|0.0203026|0.00997263|0.0105712|0.00176737|0.0151024|0.0130093,0.973537|0.954869|0.988894|0.962742|0.948072|0.985376|0.981638|0.90929|0.923653|0.953313|0.904866|0.910795|0.903245|0.966262|0.948836|0.964079|0.967717|0.965406|0.98883,4.63983|5.26639|0.923897|0.0327787|1.48687|4.5695|2.91399|3.9732|1.04264|0.10397|4.56594|1.89272|4.68449|3.41737|1.5908|4.96174|4.1126|0.0104102|4.04415,79.8117|13.9548|13.2112|18.7034|23.5709|67.4197|83.4704|98.0873|61.2747|23.0914|27.3162|11.0615|16.1844|26.55|88.8597|13.4252|56.1703|83.3731,0.246796|0.189728|0.219003|0.249902|0.207151|0.171162|0.216464|0.239791|0.208144|0.18593|0.231681|0.214255|0.22961|0.238834|0.211898|0.230756|0.247907|0.197114,0.338018|0.801183|0.427028|0.259002|0.340196|0.40751|0.583168|0.939209|0.704271|0.12287|0.750497|0.692153|0.217843|0.957633|0.430076|0.986996|0.827328|0.942894,0.869523,0.801463,0.117836,0.0993652,0.460468,0.534015,0.0732846,0.487967,0.198257,0.921169,51.6436,5.43263e-12,47756,0.887486,41.1981,1.06086e-12,38445,0.895553,0.876428,0.0878307,0.631141,0.996144,0.511517,0.22039,0.459803,0.228135,0.891603,87.9902,7.64954e-10,30733,0.967162,70.4477,9.04596e-11,52512
24,571,n1->n99->n98->n57->n74->n76->n69->n70->n72->n71->n75->n4->n2->n100->n73->n10->n63->n61->n51,5.37021e+09|1.57108e+10|1.8266e+13|4.14288e+09|5.8385e+13|4.21804e+13|8.81277e+09|6.87309e+13|6.83442e+09|7.70008e+11|8.71921e+10|7.07339e+12|5.94248e+10|4.01966e+09|1.41706e+11|2.49624e+09|6.55204e+12|6.44979e+11|7.46708e+11,8.19724e+08|4.21389e+09|5.99087e+12|2.05006e+09|7.35096e+12|1.15782e+13|7.57626e+09|9.78332e+12|1.48353e+09|1.60546e+11|5.29113e+10|2.43435e+12|3.74975e+10|2.27749e+09|5.76853e+10|7.32581e+08|2.63574e+12|1.30372e+11|5.06847e+11,0.000494453|0.00089026|0.000410965|0.000173612|0.000875739|1.88608e-05|0.000268039|5.13815e-05|0.000159499|0.00017279|0.000766915|0.000113681|1.10648e-05|0.000665246|6.32916e-05|6.27016e-05|0.000116235|3.71253e-05|0.000185382,0.000316017|0.000350126|0.000548485|0.00271581|0.00944671|0.00214239|0.00367819|0.00295865|0.00384342|0.00123164|0.000203965|0.00198341|0.00120557|0.00914892|0.000807753|0.00113469|0.00126856|0.00313588|0.00344885,0.0109342|0.0362414|0.0295222|0.0328142|0.0280357|0.00156873|0.022957|0.0286141|0.0479977|0.0398828|0.0243876|0.0350273|0.00369149|0.0100829|0.0455502|0.00597815|0.0100727|0.0266048|0.0365406,0.000178506|0.0472365|0.0297366|0.0437642|0.0166219|0.0470058|0.0100342|0.0216638|0.0299903|0.0326729|0.0250863|0.0273051|0.0127317|0.0460028|0.028193|0.0245713|0.0107197|0.0179693|0.0130093,0.973537|0.953794|0.959539|0.983348|0.90082|0.989289|0.975915|0.966653|0.96924|0.947193|0.936129|0.917619|0.968894|0.935175|0.909539|0.962416|0.903245|0.958619|0.98883,4.63983|3.07459|2.95405|1.93323|0.0974208|0.578949|2.99986|4.60778|3.90463|0.117525|3.39264|1.56082|4.74216|3.89025|3.29092|1.97158|4.68449|2.63855|4.04415,66.2586|58.4557|98.2355|95.6836|53.1277|66.666|74.5377|97.4405|45.8448|14.5634|81.7362|30.2686|37.015|20.1165|29.3778|65.1286|47.0482|66.5616,0.180129|0.227784|0.190047|0.169856|0.181342|0.212271|0.172691|0.180102|0.218487|0.169453|0.218556|0.239023|0.17211|0.175955|0.202302|0.203746|0.167884|0.171721,0.323551|0.686264|0.757428|0.815246|0.519715|0.890059|0.416585|0.79408|0.29317|0.275247|0.847503|0.514427|0.315214|0.825877|0.747283|0.514129|0.410418|0.235817,0.869523,0.801463,0.117836,0.0993652,0.460468,0.534015,0.0732846,0.487967,0.198257,0.921169,51.6436,5.43263e-12,47756,0.887486,41.1981,1.06086e-12,38445,0.895553,0.876428,0.0878307,0.631141,0.996144,0.511517,0.22039,0.459803,0.228135,0.891603,87.9902,7.64954e-10,30733,0.967162,70.4477,9.04596e-11,52512
24,572,n1->n13->n12->n14->n75->n71->n24->n26->n25->n27->n52->n53->n54->n73->n72->n77->n93->n94->n51,5.37021e+09|6.60497e+13|9.70597e+10|3.70261e+10|8.71921e+10|7.70008e+11|1.59557e+13|7.09351e+09|1.67189e+13|4.19351e+12|1.02428e+10|4.60474e+10|2.80961e+11|1.41706e+11|6.83442e+09|5.68112e+11|4.22601e+13|1.36531e+10|7.46708e+11,8.19724e+08|8.87204e+12|2.76143e+10|1.44234e+10|5.29113e+10|1.60546e+11|4.06569e+12|1.31666e+09|1.40059e+13|8.73344e+11|2.07235e+09|3.18273e+10|2.23178e+11|5.76853e+10|1.48353e+09|3.56307e+11|1.3774e+13|1.67171e+09|5.06847e+11,0.000494453|0.000787814|0.000201974|3.25754e-05|0.000766915|0.00017279|0.000193265|3.77967e-05|6.30741e-05|1.08528e-05|0.00011644|2.00633e-05|1.47667e-05|6.32916e-05|0.000159499|8.49487e-05|8.45967e-05|2.95455e-05|0.000185382,0.000316017|0.00788063|0.0016732|0.000181646|0.000203965|0.00123164|0.0012727|0.00522178|0.00294926|0.00262605|0.00580301|0.000509085|0.00549128|0.000807753|0.00384342|0.000906866|0.000162335|0.000125263|0.00344885,0.0109342|0.0476737|0.0313381|0.0426128|0.0243876|0.0398828|0.0433038|0.0101688|0.0195393|0.0303206|0.0398377|5.21659e-05|0.0334079|0.0455502|0.0479977|0.04851|0.0108045|0.00830448|0.0365406,0.000178506|0.00335145|0.0470205|0.049061|0.0250863|0.0326729|0.00780618|0.0409649|0.0159438|0.0230682|0.0151024|0.00115664|0.00844474|0.028193|0.0299903|0.0115254|0.0326183|0.0293842|0.0130093,0.973537|0.954869|0.937315|0.906626|0.936129|0.947193|0.90929|0.981638|0.9023|0.985376|0.965406|0.913872|0.927525|0.909539|0.96924|0.949999|0.912097|0.927471|0.98883,4.63983|5.26639|3.07758|0.762282|3.39264|0.117525|3.9732|2.91399|1.57149|4.5695|0.0104102|0.640024|1.22009|3.29092|3.90463|0.722366|5.92115|5.03384|4.04415,79.8117|56.34|51.9585|56.2706|14.5634|44.1502|83.4704|63.0993|64.4551|46.2248|81.3721|75.3264|26.1465|29.1617|92.3918|51.9256|63.1349|11.2844,0.246796|0.206669|0.222459|0.226178|0.169453|0.204574|0.216464|0.228799|0.242248|0.183493|0.184589|0.191357|0.196311|0.178937|0.167022|0.247077|0.209804|0.200895,0.338018|0.285239|0.326911|0.725021|0.275247|0.45026|0.583168|0.359402|0.837222|0.657987|0.272111|0.567841|0.754315|0.920295|0.776051|0.469529|0.17375|0.836539,0.869523,0.801463,0.117836,0.0993652,0.460468,0.534015,0.0732846,0.487967,0.198257,0.921169,51.6436,5.43263e-12,47756,0.887486,41.1981,1.06086e-12,38445,0.895553,0.876428,0.0878307,0.631141,0.996144,0.511517,0.22039,0.459803,0.228135,0.891603,87.9902,7.64954e-10,30733,0.967162,70.4477,9.04596e-11,52512
24,573,n1->n20->n18->n17->n68->n58->n85->n84->n56->n90->n89->n88->n87->n70->n69->n28->n29->n50->n51,5.37021e+09|4.0293e+11|7.59179e+12|1.51096e+11|1.31753e+09|8.16696e+09|2.02447e+09|1.07392e+09|1.1605e+12|1.33273e+11|2.68119e+11|9.00567e+12|7.3435e+12|6.87309e+13|8.81277e+09|1.34247e+11|3.6336e+13|2.36425e+09|7.46708e+11,8.19724e+08|1.89646e+11|4.11836e+12|1.57582e+10|3.10679e+08|6.89506e+09|2.41326e+08|9.00899e+08|5.65456e+11|6.41526e+10|9.23423e+10|8.66002e+12|2.79916e+12|9.78332e+12|7.57626e+09|1.51805e+10|1.77292e+13|4.07889e+08|5.06847e+11,0.000494453|5.21063e-05|2.98936e-05|0.000261059|0.000223952|0.000266735|2.04325e-05|2.14473e-05|1.7812e-05|0.000319756|3.55201e-05|6.2721e-05|0.000634307|5.13815e-05|0.000268039|0.00056516|0.000125062|1.54283e-05|0.000185382,0.000316017|0.000368678|0.000681499|0.000513001|0.00843573|0.00874893|0.000338175|0.000434313|0.000830638|0.000672662|0.000111435|0.000480267|0.00151267|0.00295865|0.00367819|0.0093172|0.00231296|0.00907722|0.00344885,0.0109342|0.0108696|0.0192976|0.0430027|0.0370095|0.0248478|0.0354515|0.0473575|0.0231698|0.0285929|0.0107812|0.00850464|0.0186268|0.0286141|0.022957|0.0317261|0.0255931|0.00638914|0.0365406,0.000178506|0.0181411|0.0120519|0.00442808|0.00589983|0.0481122|0.0266209|0.0366447|0.0417641|0.0372754|0.0401575|0.0237676|0.00979507|0.0216638|0.0100342|0.03841|0.00291922|0.0483596|0.0130093,0.973537|0.923215|0.946711|0.974312|0.984554|0.911658|0.940474|0.948551|0.944528|0.984478|0.926416|0.962132|0.977244|0.966653|0.975915|0.948072|0.962742|0.910708|0.98883,4.63983|4.79469|4.38273|5.11322|5.26958|3.70937|4.91715|5.42186|2.55597|4.02061|0.0868458|1.9653|2.33192|4.60778|2.99986|1.48687|0.0327787|5.41755|4.04415,90.7492|89.2299|43.2583|23.9015|56.905|90.6886|82.1833|34.4372|40.6061|12.726|92.4072|57.0974|39.9413|74.5377|97.1045|18.7034|37.0378|82.9474,0.215706|0.247215|0.218822|0.236806|0.185169|0.194345|0.216313|0.222961|0.166746|0.226099|0.203687|0.227675|0.180359|0.172691|0.207556|0.249902|0.191256|0.24308,0.53635|0.652252|0.981182|0.2818|0.476138|0.45102|0.528406|0.762891|0.163177|0.757755|0.876618|0.396625|0.129355|0.416585|0.438091|0.259002|0.182586|0.624607,0.869523,0.801463,0.117836,0.0993652,0.460468,0.534015,0.0732846,0.487967,0.198257,0.921169,51.6436,5.43263e-12,47756,0.887486,41.1981,1.06086e-12,38445,0.895553,0.876428,0.0878307,0.631141,0.996144,0.511517,0.22039,0.459803,0.228135,0.891603,87.9902,7.64954e-10,30733,0.967162,70.4477,9.04596e-11,52512
24,574,n1->n99->n97->n96->n20->n89->n48->n46->n47->n45->n43->n44->n78->n80->n81->n37->n65->n52->n51,5.37021e+09|1.57108e+10|2.90604e+09|2.51165e+12|4.0293e+11|2.68119e+11|3.98001e+12|5.53417e+12|4.74236e+11|8.38488e+13|1.40931e+10|5.26537e+13|3.25238e+10|2.45686e+13|2.58887e+10|2.79748e+13|1.12599e+09|1.02428e+10|7.46708e+11,8.19724e+08|4.21389e+09|5.04144e+08|5.36324e+11|1.89646e+11|9.23423e+10|1.69514e+12|1.63629e+12|1.54765e+11|1.01787e+13|3.26577e+09|2.86817e+13|2.30731e+10|2.75437e+12|8.36206e+09|4.96975e+12|3.2906e+08|2.07235e+09|5.06847e+11,0.000494453|0.00089026|8.81202e-05|1.2987e-05|5.21063e-05|3.55201e-05|4.78153e-05|0.000489732|0.000202873|1.67225e-05|0.000955168|0.000124649|0.000270955|1.13052e-05|0.000268232|1.06248e-05|1.96575e-05|0.00011644|0.000185382,0.000316017|0.000350126|0.00494291|0.000286765|0.000368678|0.000111435|0.00544009|0.000159088|0.000266598|0.000742576|0.00344494|0.00158999|0.00167497|0.000238286|0.000752991|0.000261291|0.000428116|0.00580301|0.00344885,0.0109342|0.0362414|0.0381696|0.0377902|0.0108696|0.0107812|0.0455031|0.029055|0.00898217|0.00846218|0.0168583|0.0486405|0.00569443|0.00592883|0.0481357|0.0457563|0.00118659|0.0398377|0.0365406,0.000178506|0.0472365|0.00800322|0.0195364|0.0181411|0.0401575|0.0360942|0.0302566|0.0488958|0.0342415|0.0482719|0.00764508|0.0425349|0.0262948|0.00997263|0.0105712|0.00176737|0.0151024|0.0130093,0.973537|0.953794|0.90679|0.951762|0.923215|0.926416|0.967439|0.923372|0.9108|0.934264|0.943219|0.932977|0.92832|0.919013|0.948836|0.964079|0.967717|0.965406|0.98883,4.63983|3.07459|1.41691|0.85792|4.79469|0.0868458|3.09858|0.31178|6.27947|5.31688|2.3897|2.64532|3.3614|0.100836|1.5908|4.96174|4.1126|0.0104102|4.04415,66.2586|94.4507|37.9513|58.7029|18.2346|94.0077|41.9872|71.5316|40.979|48.5398|69.1985|88.5528|66.5291|15.5679|88.8597|13.4252|56.1703|83.3731,0.180129|0.168303|0.246589|0.201188|0.231355|0.234363|0.178665|0.196056|0.216949|0.218428|0.210513|0.200088|0.222935|0.212149|0.211898|0.230756|0.247907|0.197114,0.323551|0.263233|0.157157|0.666395|0.595303|0.948873|0.182289|0.758317|0.317946|0.854577|0.374145|0.134865|0.109088|0.870283|0.430076|0.986996|0.827328|0.942894,0.869523,0.801463,0.117836,0.0993652,0.460468,0.534015,0.0732846,0.487967,0.198257,0.921169,51.6436,5.43263e-12,47756,0.887486,41.1981,1.06086e-12,38445,0.895553,0.876428,0.0878307,0.631141,0.996144,0.511517,0.22039,0.459803,0.228135,0.891603,87.9902,7.64954e-10,30733,0.967162,70.4477,9.04596e-11,52512
24,575,n1->n13->n12->n8->n7->n2->n4->n75->n71->n72->n70->n18->n19->n17->n85->n58->n59->n50->n51,5.37021e+09|6.60497e+13|9.70597e+10|4.61239e+13|3.81012e+11|5.94248e+10|7.07339e+12|8.71921e+10|7.70008e+11|6.83442e+09|6.87309e+13|7.59179e+12|2.47533e+11|1.51096e+11|2.02447e+09|8.16696e+09|3.04563e+11|2.36425e+09|7.46708e+11,8.19724e+08|8.87204e+12|2.76143e+10|1.04208e+13|6.70334e+10|3.74975e+10|2.43435e+12|5.29113e+10|1.60546e+11|1.48353e+09|9.78332e+12|4.11836e+12|2.33399e+11|1.57582e+10|2.41326e+08|6.89506e+09|3.06423e+10|4.07889e+08|5.06847e+11,0.000494453|0.000787814|0.000201974|6.6054e-05|0.000475679|1.10648e-05|0.000113681|0.000766915|0.00017279|0.000159499|5.13815e-05|2.98936e-05|0.000261527|0.000261059|2.04325e-05|0.000266735|2.43107e-05|1.54283e-05|0.000185382,0.000316017|0.00788063|0.0016732|0.00522046|0.00104538|0.00120557|0.00198341|0.000203965|0.00123164|0.00384342|0.00295865|0.000681499|0.000768065|0.000513001|0.000338175|0.00874893|0.000202742|0.00907722|0.00344885,0.0109342|0.0476737|0.0313381|0.0318744|0.01754|0.00369149|0.0350273|0.0243876|0.0398828|0.0479977|0.0286141|0.0192976|0.0201979|0.0430027|0.0354515|0.0248478|0.00304046|0.00638914|0.0365406,0.000178506|0.00335145|0.0470205|0.0483133|0.0283975|0.0127317|0.0273051|0.0250863|0.0326729|0.0299903|0.0216638|0.0120519|0.0291803|0.00442808|0.0266209|0.0481122|0.0474075|0.0483596|0.0130093,0.973537|0.954869|0.937315|0.975256|0.963898|0.968894|0.917619|0.936129|0.947193|0.96924|0.966653|0.946711|0.941018|0.974312|0.940474|0.911658|0.99171|0.910708|0.98883,4.63983|5.26639|3.07758|3.22282|3.51107|4.74216|1.56082|3.39264|0.117525|3.90463|4.60778|4.38273|1.39448|5.11322|4.91715|3.70937|5.60303|5.41755|4.04415,79.8117|56.34|81.3396|55.4093|88.6198|30.2686|81.7362|14.5634|45.8448|97.4405|55.8812|34.0839|10.3361|84.7043|90.6886|56.397|47.7013|82.9474,0.246796|0.206669|0.186476|0.230451|0.228013|0.239023|0.218556|0.169453|0.218487|0.180102|0.234874|0.248409|0.172286|0.225161|0.194345|0.21902|0.170229|0.24308,0.338018|0.285239|0.379326|0.745697|0.84397|0.514427|0.847503|0.275247|0.29317|0.79408|0.16843|0.983209|0.559133|0.880608|0.45102|0.533324|0.776444|0.624607,0.869523,0.801463,0.117836,0.0993652,0.460468,0.534015,0.0732846,0.487967,0.198257,0.921169,51.6436,5.43263e-12,47756,0.887486,41.1981,1.06086e-12,38445,0.895553,0.876428,0.0878307,0.631141,0.996144,0.511517,0.22039,0.459803,0.228135,0.891603,87.9902,7.64954e-10,30733,0.967162,70.4477,9.04596e-11,52512
24,576,n1->n13->n11->n9->n10->n39->n37->n38->n16->n18->n70->n72->n71->n73->n75->n14->n96->n94->n51,5.37021e+09|6.60497e+13|1.78735e+12|1.49139e+12|2.49624e+09|3.34792e+13|2.79748e+13|1.16426e+13|1.09193e+13|7.59179e+12|6.87309e+13|6.83442e+09|7.70008e+11|1.41706e+11|8.71921e+10|3.70261e+10|2.51165e+12|1.36531e+10|7.46708e+11,8.19724e+08|8.87204e+12|3.29521e+11|3.79906e+11|7.32581e+08|1.12013e+13|4.96975e+12|1.19258e+12|1.33827e+12|4.11836e+12|9.78332e+12|1.48353e+09|1.60546e+11|5.76853e+10|5.29113e+10|1.44234e+10|5.36324e+11|1.67171e+09|5.06847e+11,0.000494453|0.000787814|5.47786e-05|1.80008e-05|6.27016e-05|5.53896e-05|1.06248e-05|1.04425e-05|3.71682e-05|2.98936e-05|5.13815e-05|0.000159499|0.00017279|6.32916e-05|0.000766915|3.25754e-05|1.2987e-05|2.95455e-05|0.000185382,0.000316017|0.00788063|0.00652494|0.00065196|0.00113469|0.0025393|0.000261291|0.00950649|0.00174713|0.000681499|0.00295865|0.00384342|0.00123164|0.000807753|0.000203965|0.000181646|0.000286765|0.000125263|0.00344885,0.0109342|0.0476737|0.00125292|0.0140743|0.00597815|0.00111942|0.0457563|0.0263713|0.0123696|0.0192976|0.0286141|0.0479977|0.0398828|0.0455502|0.0243876|0.0426128|0.0377902|0.00830448|0.0365406,0.000178506|0.00335145|0.0136412|0.033904|0.0245713|0.0449458|0.0105712|0.00318517|0.0240438|0.0120519|0.0216638|0.0299903|0.0326729|0.028193|0.0250863|0.049061|0.0195364|0.0293842|0.0130093,0.973537|0.954869|0.988894|0.963574|0.962416|0.924329|0.964079|0.902547|0.979533|0.946711|0.966653|0.96924|0.947193|0.909539|0.936129|0.906626|0.951762|0.927471|0.98883,4.63983|5.26639|0.923897|5.88966|1.97158|1.19952|4.96174|5.09423|1.69436|4.38273|4.60778|3.90463|0.117525|3.29092|3.39264|0.762282|0.85792|5.03384|4.04415,79.8117|13.9548|99.0064|65.9961|24.4191|31.554|46.986|28.0546|72.2829|55.8812|97.4405|45.8448|28.2621|85.6152|56.2706|54.7186|71.0086|11.2844,0.246796|0.189728|0.201409|0.193896|0.239532|0.195005|0.170599|0.17367|0.180241|0.234874|0.180102|0.218487|0.242769|0.185893|0.226178|0.208433|0.230021|0.200895,0.338018|0.801183|0.439638|0.982181|0.991722|0.711047|0.662799|0.828443|0.553025|0.16843|0.79408|0.29317|0.940077|0.624191|0.725021|0.448351|0.131268|0.836539,0.869523,0.801463,0.117836,0.0993652,0.460468,0.534015,0.0732846,0.487967,0.198257,0.921169,51.6436,5.43263e-12,47756,0.887486,41.1981,1.06086e-12,38445,0.895553,0.876428,0.0878307,0.631141,0.996144,0.511517,0.22039,0.459803,0.228135,0.891603,87.9902,7.64954e-10,30733,0.967162,70.4477,9.04596e-11,52512
24,577,n1->n99->n97->n27->n4->n2->n100->n90->n89->n88->n87->n70->n72->n71->n75->n14->n96->n94->n51,5.37021e+09|1.57108e+10|2.90604e+09|4.19351e+12|7.07339e+12|5.94248e+10|4.01966e+09|1.33273e+11|2.68119e+11|9.00567e+12|7.3435e+12|6.87309e+13|6.83442e+09|7.70008e+11|8.71921e+10|3.70261e+10|2.51165e+12|1.36531e+10|7.46708e+11,8.19724e+08|4.21389e+09|5.04144e+08|8.73344e+11|2.43435e+12|3.74975e+10|2.27749e+09|6.41526e+10|9.23423e+10|8.66002e+12|2.79916e+12|9.78332e+12|1.48353e+09|1.60546e+11|5.29113e+10|1.44234e+10|5.36324e+11|1.67171e+09|5.06847e+11,0.000494453|0.00089026|8.81202e-05|1.08528e-05|0.000113681|1.10648e-05|0.000665246|0.000319756|3.55201e-05|6.2721e-05|0.000634307|5.13815e-05|0.000159499|0.00017279|0.000766915|3.25754e-05|1.2987e-05|2.95455e-05|0.000185382,0.000316017|0.000350126|0.00494291|0.00262605|0.00198341|0.00120557|0.00914892|0.000672662|0.000111435|0.000480267|0.00151267|0.00295865|0.00384342|0.00123164|0.000203965|0.000181646|0.000286765|0.000125263|0.00344885,0.0109342|0.0362414|0.0381696|0.0303206|0.0350273|0.00369149|0.0100829|0.0285929|0.0107812|0.00850464|0.0186268|0.0286141|0.0479977|0.0398828|0.0243876|0.0426128|0.0377902|0.00830448|0.0365406,0.000178506|0.0472365|0.00800322|0.0230682|0.0273051|0.0127317|0.0460028|0.0372754|0.0401575|0.0237676|0.00979507|0.0216638|0.0299903|0.0326729|0.0250863|0.049061|0.0195364|0.0293842|0.0130093,0.973537|0.953794|0.90679|0.985376|0.917619|0.968894|0.935175|0.984478|0.926416|0.962132|0.977244|0.966653|0.96924|0.947193|0.936129|0.906626|0.951762|0.927471|0.98883,4.63983|3.07459|1.41691|4.5695|1.56082|4.74216|3.89025|4.02061|0.0868458|1.9653|2.33192|4.60778|3.90463|0.117525|3.39264|0.762282|0.85792|5.03384|4.04415,66.2586|94.4507|31.5608|52.1141|30.2686|37.015|32.7492|12.726|92.4072|57.0974|39.9413|97.4405|45.8448|14.5634|56.2706|54.7186|71.0086|11.2844,0.180129|0.168303|0.219936|0.184605|0.239023|0.17211|0.191207|0.226099|0.203687|0.227675|0.180359|0.180102|0.218487|0.169453|0.226178|0.208433|0.230021|0.200895,0.323551|0.263233|0.557853|0.200735|0.514427|0.315214|0.878161|0.757755|0.876618|0.396625|0.129355|0.79408|0.29317|0.275247|0.725021|0.448351|0.131268|0.836539,0.869523,0.801463,0.117836,0.0993652,0.460468,0.534015,0.0732846,0.487967,0.198257,0.921169,51.6436,5.43263e-12,47756,0.887486,41.1981,1.06086e-12,38445,0.895553,0.876428,0.0878307,0.631141,0.996144,0.511517,0.22039,0.459803,0.228135,0.891603,87.9902,7.64954e-10,30733,0.967162,70.4477,9.04596e-11,52512
24,578,n1->n20->n89->n48->n47->n26->n25->n27->n4->n2->n100->n73->n71->n75->n76->n30->n29->n50->n51,5.37021e+09|4.0293e+11|2.68119e+11|3.98001e+12|4.74236e+11|7.09351e+09|1.67189e+13|4.19351e+12|7.07339e+12|5.94248e+10|4.01966e+09|1.41706e+11|7.70008e+11|8.71921e+10|4.21804e+13|1.26395e+10|3.6336e+13|2.36425e+09|7.46708e+11,8.19724e+08|1.89646e+11|9.23423e+10|1.69514e+12|1.54765e+11|1.31666e+09|1.40059e+13|8.73344e+11|2.43435e+12|3.74975e+10|2.27749e+09|5.76853e+10|1.60546e+11|5.29113e+10|1.15782e+13|1.81012e+09|1.77292e+13|4.07889e+08|5.06847e+11,0.000494453|5.21063e-05|3.55201e-05|4.78153e-05|0.000202873|3.77967e-05|6.30741e-05|1.08528e-05|0.000113681|1.10648e-05|0.000665246|6.32916e-05|0.00017279|0.000766915|1.88608e-05|4.789e-05|0.000125062|1.54283e-05|0.000185382,0.000316017|0.000368678|0.000111435|0.00544009|0.000266598|0.00522178|0.00294926|0.00262605|0.00198341|0.00120557|0.00914892|0.000807753|0.00123164|0.000203965|0.00214239|0.00655588|0.00231296|0.00907722|0.00344885,0.0109342|0.0108696|0.0107812|0.0455031|0.00898217|0.0101688|0.0195393|0.0303206|0.0350273|0.00369149|0.0100829|0.0455502|0.0398828|0.0243876|0.00156873|0.00398508|0.0255931|0.00638914|0.0365406,0.000178506|0.0181411|0.0401575|0.0360942|0.0488958|0.0409649|0.0159438|0.0230682|0.0273051|0.0127317|0.0460028|0.028193|0.0326729|0.0250863|0.0470058|0.0178703|0.00291922|0.0483596|0.0130093,0.973537|0.923215|0.926416|0.967439|0.9108|0.981638|0.9023|0.985376|0.917619|0.968894|0.935175|0.909539|0.947193|0.936129|0.989289|0.972158|0.962742|0.910708|0.98883,4.63983|4.79469|0.0868458|3.09858|6.27947|2.91399|1.57149|4.5695|1.56082|4.74216|3.89025|3.29092|0.117525|3.39264|0.578949|5.42296|0.0327787|5.41755|4.04415,90.7492|18.2346|94.0077|78.8723|70.8805|63.0993|64.4551|52.1141|30.2686|37.015|20.1165|28.2621|14.5634|63.5216|21.8454|29.3504|37.0378|82.9474,0.215706|0.231355|0.234363|0.239998|0.189485|0.228799|0.242248|0.184605|0.239023|0.17211|0.175955|0.242769|0.169453|0.207806|0.220509|0.179657|0.191256|0.24308,0.53635|0.595303|0.948873|0.300482|0.757042|0.359402|0.837222|0.200735|0.514427|0.315214|0.825877|0.940077|0.275247|0.844544|0.936019|0.887943|0.182586|0.624607,0.869523,0.801463,0.117836,0.0993652,0.460468,0.534015,0.0732846,0.487967,0.198257,0.921169,51.6436,5.43263e-12,47756,0.887486,41.1981,1.06086e-12,38445,0.895553,0.876428,0.0878307,0.631141,0.996144,0.511517,0.22039,0.459803,0.228135,0.891603,87.9902,7.64954e-10,30733,0.967162,70.4477,9.04596e-11,52512
24,579,n1->n99->n98->n57->n55->n54->n73->n100->n90->n88->n89->n48->n50->n59->n60->n62->n64->n49->n51,5.37021e+09|1.57108e+10|1.8266e+13|4.14288e+09|8.84081e+12|2.80961e+11|1.41706e+11|4.01966e+09|1.33273e+11|9.00567e+12|2.68119e+11|3.98001e+12|2.36425e+09|3.04563e+11|8.79841e+13|2.37342e+11|4.21034e+09|2.45005e+09|7.46708e+11,8.19724e+08|4.21389e+09|5.99087e+12|2.05006e+09|4.69454e+12|2.23178e+11|5.76853e+10|2.27749e+09|6.41526e+10|8.66002e+12|9.23423e+10|1.69514e+12|4.07889e+08|3.06423e+10|5.95756e+13|1.13053e+11|1.60867e+09|2.44458e+09|5.06847e+11,0.000494453|0.00089026|0.000410965|0.000173612|4.06274e-05|1.47667e-05|6.32916e-05|0.000665246|0.000319756|6.2721e-05|3.55201e-05|4.78153e-05|1.54283e-05|2.43107e-05|0.000731749|8.24006e-05|1.88732e-05|1.07426e-05|0.000185382,0.000316017|0.000350126|0.000548485|0.00271581|0.000128431|0.00549128|0.000807753|0.00914892|0.000672662|0.000480267|0.000111435|0.00544009|0.00907722|0.000202742|0.000248463|0.00794111|0.000135861|0.000979027|0.00344885,0.0109342|0.0362414|0.0295222|0.0328142|0.00843704|0.0334079|0.0455502|0.0100829|0.0285929|0.00850464|0.0107812|0.0455031|0.00638914|0.00304046|0.0128442|0.0242596|0.0266797|0.0183567|0.0365406,0.000178506|0.0472365|0.0297366|0.0437642|0.0314938|0.00844474|0.028193|0.0460028|0.0372754|0.0237676|0.0401575|0.0360942|0.0483596|0.0474075|0.0431033|0.0480911|0.0436548|0.0388066|0.0130093,0.973537|0.953794|0.959539|0.983348|0.908585|0.927525|0.909539|0.935175|0.984478|0.962132|0.926416|0.967439|0.910708|0.99171|0.945549|0.98053|0.933821|0.969899|0.98883,4.63983|3.07459|2.95405|1.93323|3.37071|1.22009|3.29092|3.89025|4.02061|1.9653|0.0868458|3.09858|5.41755|5.60303|4.50487|5.59786|5.77568|3.94615|4.04415,66.2586|58.4557|98.2355|61.5999|27.8669|26.1465|20.1165|32.7492|14.1987|92.4072|94.0077|23.5956|47.7013|76.8491|48.3985|93.0484|77.768|10.4661,0.180129|0.227784|0.190047|0.220389|0.169326|0.196311|0.175955|0.191207|0.244274|0.203687|0.234363|0.191801|0.170229|0.204072|0.17162|0.176232|0.165457|0.216931,0.323551|0.686264|0.757428|0.549818|0.414082|0.754315|0.825877|0.878161|0.997795|0.876618|0.948873|0.688345|0.776444|0.509755|0.641887|0.182879|0.348083|0.516407,0.869523,0.801463,0.117836,0.0993652,0.460468,0.534015,0.0732846,0.487967,0.198257,0.921169,51.6436,5.43263e-12,47756,0.887486,41.1981,1.06086e-12,38445,0.895553,0.876428,0.0878307,0.631141,0.996144,0.511517,0.22039,0.459803,0.228135,0.891603,87.9902,7.64954e-10,30733,0.967162,70.4477,9.04596e-11,52512
24,580,n1->n99->n97->n96->n20->n21->n23->n77->n72->n71->n75->n14->n12->n6->n33->n31->n29->n50->n51,5.37021e+09|1.57108e+10|2.90604e+09|2.51165e+12|4.0293e+11|1.56161e+12|4.63033e+10|5.68112e+11|6.83442e+09|7.70008e+11|8.71921e+10|3.70261e+10|9.70597e+10|1.14208e+09|3.64323e+13|4.79342e+12|3.6336e+13|2.36425e+09|7.46708e+11,8.19724e+08|4.21389e+09|5.04144e+08|5.36324e+11|1.89646e+11|3.02345e+11|3.30225e+10|3.56307e+11|1.48353e+09|1.60546e+11|5.29113e+10|1.44234e+10|2.76143e+10|2.20459e+08|6.32377e+12|4.42443e+12|1.77292e+13|4.07889e+08|5.06847e+11,0.000494453|0.00089026|8.81202e-05|1.2987e-05|5.21063e-05|0.00096308|0.000277161|8.49487e-05|0.000159499|0.00017279|0.000766915|3.25754e-05|0.000201974|1.08483e-05|1.50316e-05|0.00024651|0.000125062|1.54283e-05|0.000185382,0.000316017|0.000350126|0.00494291|0.000286765|0.000368678|0.00195589|0.00418014|0.000906866|0.00384342|0.00123164|0.000203965|0.000181646|0.0016732|0.00010157|0.00213059|0.00308746|0.00231296|0.00907722|0.00344885,0.0109342|0.0362414|0.0381696|0.0377902|0.0108696|0.00712365|0.00314906|0.04851|0.0479977|0.0398828|0.0243876|0.0426128|0.0313381|0.00160082|0.00968695|0.0211034|0.0255931|0.00638914|0.0365406,0.000178506|0.0472365|0.00800322|0.0195364|0.0181411|0.0414669|0.0470385|0.0115254|0.0299903|0.0326729|0.0250863|0.049061|0.0470205|0.0260762|0.0280967|0.0151027|0.00291922|0.0483596|0.0130093,0.973537|0.953794|0.90679|0.951762|0.923215|0.971602|0.92176|0.949999|0.96924|0.947193|0.936129|0.906626|0.937315|0.908628|0.923653|0.943878|0.962742|0.910708|0.98883,4.63983|3.07459|1.41691|0.85792|4.79469|3.14177|2.08786|0.722366|3.90463|0.117525|3.39264|0.762282|3.07758|5.01633|1.04264|4.82496|0.0327787|5.41755|4.04415,66.2586|94.4507|37.9513|58.7029|76.7594|88.4205|39.0733|92.3918|45.8448|14.5634|56.2706|51.9585|32.9383|50.0569|95.0453|70.4589|37.0378|82.9474,0.180129|0.168303|0.246589|0.201188|0.218425|0.232237|0.178948|0.167022|0.218487|0.169453|0.226178|0.222459|0.230728|0.19306|0.234751|0.246199|0.191256|0.24308,0.323551|0.263233|0.157157|0.666395|0.515127|0.516177|0.23533|0.776051|0.29317|0.275247|0.725021|0.326911|0.628307|0.116472|0.258586|0.415176|0.182586|0.624607,0.869523,0.801463,0.117836,0.0993652,0.460468,0.534015,0.0732846,0.487967,0.198257,0.921169,51.6436,5.43263e-12,47756,0.887486,41.1981,1.06086e-12,38445,0.895553,0.876428,0.0878307,0.631141,0.996144,0.511517,0.22039,0.459803,0.228135,0.891603,87.9902,7.64954e-10,30733,0.967162,70.4477,9.04596e-11,52512
24,581,n1->n20->n21->n23->n77->n99->n98->n57->n55->n53->n54->n73->n75->n71->n72->n45->n47->n49->n51,5.37021e+09|4.0293e+11|1.56161e+12|4.63033e+10|5.68112e+11|1.57108e+10|1.8266e+13|4.14288e+09|8.84081e+12|4.60474e+10|2.80961e+11|1.41706e+11|8.71921e+10|7.70008e+11|6.83442e+09|8.38488e+13|4.74236e+11|2.45005e+09|7.46708e+11,8.19724e+08|1.89646e+11|3.02345e+11|3.30225e+10|3.56307e+11|4.21389e+09|5.99087e+12|2.05006e+09|4.69454e+12|3.18273e+10|2.23178e+11|5.76853e+10|5.29113e+10|1.60546e+11|1.48353e+09|1.01787e+13|1.54765e+11|2.44458e+09|5.06847e+11,0.000494453|5.21063e-05|0.00096308|0.000277161|8.49487e-05|0.00089026|0.000410965|0.000173612|4.06274e-05|2.00633e-05|1.47667e-05|6.32916e-05|0.000766915|0.00017279|0.000159499|1.67225e-05|0.000202873|1.07426e-05|0.000185382,0.000316017|0.000368678|0.00195589|0.00418014|0.000906866|0.000350126|0.000548485|0.00271581|0.000128431|0.000509085|0.00549128|0.000807753|0.000203965|0.00123164|0.00384342|0.000742576|0.000266598|0.000979027|0.00344885,0.0109342|0.0108696|0.00712365|0.00314906|0.04851|0.0362414|0.0295222|0.0328142|0.00843704|5.21659e-05|0.0334079|0.0455502|0.0243876|0.0398828|0.0479977|0.00846218|0.00898217|0.0183567|0.0365406,0.000178506|0.0181411|0.0414669|0.0470385|0.0115254|0.0472365|0.0297366|0.0437642|0.0314938|0.00115664|0.00844474|0.028193|0.0250863|0.0326729|0.0299903|0.0342415|0.0488958|0.0388066|0.0130093,0.973537|0.923215|0.971602|0.92176|0.949999|0.953794|0.959539|0.983348|0.908585|0.913872|0.927525|0.909539|0.936129|0.947193|0.96924|0.934264|0.9108|0.969899|0.98883,4.63983|4.79469|3.14177|2.08786|0.722366|3.07459|2.95405|1.93323|3.37071|0.640024|1.22009|3.29092|3.39264|0.117525|3.90463|5.31688|6.27947|3.94615|4.04415,90.7492|76.7594|88.4205|39.0733|96.5216|58.4557|98.2355|61.5999|30.3781|75.3264|26.1465|85.6152|14.5634|45.8448|63.1262|40.979|91.8261|10.4661,0.215706|0.218425|0.232237|0.178948|0.241387|0.227784|0.190047|0.220389|0.207992|0.191357|0.196311|0.185893|0.169453|0.218487|0.243732|0.216949|0.228404|0.216931,0.53635|0.515127|0.516177|0.23533|0.664018|0.686264|0.757428|0.549818|0.646488|0.567841|0.754315|0.624191|0.275247|0.29317|0.65643|0.317946|0.133861|0.516407,0.869523,0.801463,0.117836,0.0993652,0.460468,0.534015,0.0732846,0.487967,0.198257,0.921169,51.6436,5.43263e-12,47756,0.887486,41.1981,1.06086e-12,38445,0.895553,0.876428,0.0878307,0.631141,0.996144,0.511517,0.22039,0.459803,0.228135,0.891603,87.9902,7.64954e-10,30733,0.967162,70.4477,9.04596e-11,52512
24,582,n1->n99->n98->n57->n83->n23->n21->n20->n96->n14->n12->n13->n15->n63->n61->n62->n64->n49->n51,5.37021e+09|1.57108e+10|1.8266e+13|4.14288e+09|3.76373e+13|4.63033e+10|1.56161e+12|4.0293e+11|2.51165e+12|3.70261e+10|9.70597e+10|6.60497e+13|8.77071e+11|6.55204e+12|6.44979e+11|2.37342e+11|4.21034e+09|2.45005e+09|7.46708e+11,8.19724e+08|4.21389e+09|5.99087e+12|2.05006e+09|2.34723e+13|3.30225e+10|3.02345e+11|1.89646e+11|5.36324e+11|1.44234e+10|2.76143e+10|8.87204e+12|1.06991e+11|2.63574e+12|1.30372e+11|1.13053e+11|1.60867e+09|2.44458e+09|5.06847e+11,0.000494453|0.00089026|0.000410965|0.000173612|1.86087e-05|0.000277161|0.00096308|5.21063e-05|1.2987e-05|3.25754e-05|0.000201974|0.000787814|0.000182949|0.000116235|3.71253e-05|8.24006e-05|1.88732e-05|1.07426e-05|0.000185382,0.000316017|0.000350126|0.000548485|0.00271581|0.000175452|0.00418014|0.00195589|0.000368678|0.000286765|0.000181646|0.0016732|0.00788063|0.00274771|0.00126856|0.00313588|0.00794111|0.000135861|0.000979027|0.00344885,0.0109342|0.0362414|0.0295222|0.0328142|0.015405|0.00314906|0.00712365|0.0108696|0.0377902|0.0426128|0.0313381|0.0476737|0.0207315|0.0100727|0.0266048|0.0242596|0.0266797|0.0183567|0.0365406,0.000178506|0.0472365|0.0297366|0.0437642|0.038157|0.0470385|0.0414669|0.0181411|0.0195364|0.049061|0.0470205|0.00335145|0.0378122|0.0107197|0.0179693|0.0480911|0.0436548|0.0388066|0.0130093,0.973537|0.953794|0.959539|0.983348|0.947801|0.92176|0.971602|0.923215|0.951762|0.906626|0.937315|0.954869|0.910795|0.903245|0.958619|0.98053|0.933821|0.969899|0.98883,4.63983|3.07459|2.95405|1.93323|4.11052|2.08786|3.14177|4.79469|0.85792|0.762282|3.07758|5.26639|1.89272|4.68449|2.63855|5.59786|5.77568|3.94615|4.04415,66.2586|58.4557|98.2355|50.003|23.518|88.4205|76.7594|58.7029|54.7186|51.9585|56.34|66.6304|11.0615|47.0482|89.0369|93.0484|77.768|10.4661,0.180129|0.227784|0.190047|0.1911|0.181099|0.232237|0.218425|0.201188|0.208433|0.222459|0.206669|0.179788|0.214255|0.167884|0.198053|0.176232|0.165457|0.216931,0.323551|0.686264|0.757428|0.161388|0.741177|0.516177|0.515127|0.666395|0.448351|0.326911|0.285239|0.275394|0.692153|0.410418|0.704733|0.182879|0.348083|0.516407,0.869523,0.801463,0.117836,0.0993652,0.460468,0.534015,0.0732846,0.487967,0.198257,0.921169,51.6436,5.43263e-12,47756,0.887486,41.1981,1.06086e-12,38445,0.895553,0.876428,0.0878307,0.631141,0.996144,0.511517,0.22039,0.459803,0.228135,0.891603,87.9902,7.64954e-10,30733,0.967162,70.4477,9.04596e-11,52512
24,583,n1->n20->n89->n48->n46->n62->n61->n63->n15->n13->n11->n29->n31->n33->n24->n26->n47->n49->n51,5.37021e+09|4.0293e+11|2.68119e+11|3.98001e+12|5.53417e+12|2.37342e+11|6.44979e+11|6.55204e+12|8.77071e+11|6.60497e+13|1.78735e+12|3.6336e+13|4.79342e+12|3.64323e+13|1.59557e+13|7.09351e+09|4.74236e+11|2.45005e+09|7.46708e+11,8.19724e+08|1.89646e+11|9.23423e+10|1.69514e+12|1.63629e+12|1.13053e+11|1.30372e+11|2.63574e+12|1.06991e+11|8.87204e+12|3.29521e+11|1.77292e+13|4.42443e+12|6.32377e+12|4.06569e+12|1.31666e+09|1.54765e+11|2.44458e+09|5.06847e+11,0.000494453|5.21063e-05|3.55201e-05|4.78153e-05|0.000489732|8.24006e-05|3.71253e-05|0.000116235|0.000182949|0.000787814|5.47786e-05|0.000125062|0.00024651|1.50316e-05|0.000193265|3.77967e-05|0.000202873|1.07426e-05|0.000185382,0.000316017|0.000368678|0.000111435|0.00544009|0.000159088|0.00794111|0.00313588|0.00126856|0.00274771|0.00788063|0.00652494|0.00231296|0.00308746|0.00213059|0.0012727|0.00522178|0.000266598|0.000979027|0.00344885,0.0109342|0.0108696|0.0107812|0.0455031|0.029055|0.0242596|0.0266048|0.0100727|0.0207315|0.0476737|0.00125292|0.0255931|0.0211034|0.00968695|0.0433038|0.0101688|0.00898217|0.0183567|0.0365406,0.000178506|0.0181411|0.0401575|0.0360942|0.0302566|0.0480911|0.0179693|0.0107197|0.0378122|0.00335145|0.0136412|0.00291922|0.0151027|0.0280967|0.00780618|0.0409649|0.0488958|0.0388066|0.0130093,0.973537|0.923215|0.926416|0.967439|0.923372|0.98053|0.958619|0.903245|0.910795|0.954869|0.988894|0.962742|0.943878|0.923653|0.90929|0.981638|0.9108|0.969899|0.98883,4.63983|4.79469|0.0868458|3.09858|0.31178|5.59786|2.63855|4.68449|1.89272|5.26639|0.923897|0.0327787|4.82496|1.04264|3.9732|2.91399|6.27947|3.94615|4.04415,90.7492|18.2346|94.0077|41.9872|56.7189|89.0369|47.0482|11.0615|66.6304|13.9548|13.2112|70.4589|95.0453|98.0873|83.4704|70.8805|91.8261|10.4661,0.215706|0.231355|0.234363|0.178665|0.167864|0.198053|0.167884|0.214255|0.179788|0.189728|0.219003|0.246199|0.234751|0.239791|0.216464|0.189485|0.228404|0.216931,0.53635|0.595303|0.948873|0.182289|0.624525|0.704733|0.410418|0.692153|0.275394|0.801183|0.427028|0.415176|0.258586|0.939209|0.583168|0.757042|0.133861|0.516407,0.869523,0.801463,0.117836,0.0993652,0.460468,0.534015,0.0732846,0.487967,0.198257,0.921169,51.6436,5.43263e-12,47756,0.887486,41.1981,1.06086e-12,38445,0.895553,0.876428,0.0878307,0.631141,0.996144,0.511517,0.22039,0.459803,0.228135,0.891603,87.9902,7.64954e-10,30733,0.967162,70.4477,9.04596e-11,52512
24,584,n1->n99->n98->n57->n83->n84->n56->n90->n100->n2->n4->n75->n76->n69->n28->n27->n29->n50->n51,5.37021e+09|1.57108e+10|1.8266e+13|4.14288e+09|3.76373e+13|1.07392e+09|1.1605e+12|1.33273e+11|4.01966e+09|5.94248e+10|7.07339e+12|8.71921e+10|4.21804e+13|8.81277e+09|1.34247e+11|4.19351e+12|3.6336e+13|2.36425e+09|7.46708e+11,8.19724e+08|4.21389e+09|5.99087e+12|2.05006e+09|2.34723e+13|9.00899e+08|5.65456e+11|6.41526e+10|2.27749e+09|3.74975e+10|2.43435e+12|5.29113e+10|1.15782e+13|7.57626e+09|1.51805e+10|8.73344e+11|1.77292e+13|4.07889e+08|5.06847e+11,0.000494453|0.00089026|0.000410965|0.000173612|1.86087e-05|2.14473e-05|1.7812e-05|0.000319756|0.000665246|1.10648e-05|0.000113681|0.000766915|1.88608e-05|0.000268039|0.00056516|1.08528e-05|0.000125062|1.54283e-05|0.000185382,0.000316017|0.000350126|0.000548485|0.00271581|0.000175452|0.000434313|0.000830638|0.000672662|0.00914892|0.00120557|0.00198341|0.000203965|0.00214239|0.00367819|0.0093172|0.00262605|0.00231296|0.00907722|0.00344885,0.0109342|0.0362414|0.0295222|0.0328142|0.015405|0.0473575|0.0231698|0.0285929|0.0100829|0.00369149|0.0350273|0.0243876|0.00156873|0.022957|0.0317261|0.0303206|0.0255931|0.00638914|0.0365406,0.000178506|0.0472365|0.0297366|0.0437642|0.038157|0.0366447|0.0417641|0.0372754|0.0460028|0.0127317|0.0273051|0.0250863|0.0470058|0.0100342|0.03841|0.0230682|0.00291922|0.0483596|0.0130093,0.973537|0.953794|0.959539|0.983348|0.947801|0.948551|0.944528|0.984478|0.935175|0.968894|0.917619|0.936129|0.989289|0.975915|0.948072|0.985376|0.962742|0.910708|0.98883,4.63983|3.07459|2.95405|1.93323|4.11052|5.42186|2.55597|4.02061|3.89025|4.74216|1.56082|3.39264|0.578949|2.99986|1.48687|4.5695|0.0327787|5.41755|4.04415,66.2586|58.4557|98.2355|50.003|20.1884|34.4372|40.6061|32.7492|37.015|30.2686|81.7362|63.5216|66.666|97.1045|23.5709|49.6282|37.0378|82.9474,0.180129|0.227784|0.190047|0.1911|0.246081|0.222961|0.166746|0.191207|0.17211|0.239023|0.218556|0.207806|0.212271|0.207556|0.207151|0.180772|0.191256|0.24308,0.323551|0.686264|0.757428|0.161388|0.599197|0.762891|0.163177|0.878161|0.315214|0.514427|0.847503|0.844544|0.890059|0.438091|0.340196|0.511755|0.182586|0.624607,0.869523,0.801463,0.117836,0.0993652,0.460468,0.534015,0.0732846,0.487967,0.198257,0.921169,51.6436,5.43263e-12,47756,0.887486,41.1981,1.06086e-12,38445,0.895553,0.876428,0.0878307,0.631141,0.996144,0.511517,0.22039,0.459803,0.228135,0.891603,87.9902,7.64954e-10,30733,0.967162,70.4477,9.04596e-11,52512
24,585,n1->n20->n18->n16->n38->n67->n21->n22->n74->n75->n4->n2->n100->n73->n54->n55->n53->n52->n51,5.37021e+09|4.0293e+11|7.59179e+12|1.09193e+13|1.16426e+13|4.7483e+09|1.56161e+12|1.47e+10|5.8385e+13|8.71921e+10|7.07339e+12|5.94248e+10|4.01966e+09|1.41706e+11|2.80961e+11|8.84081e+12|4.60474e+10|1.02428e+10|7.46708e+11,8.19724e+08|1.89646e+11|4.11836e+12|1.33827e+12|1.19258e+12|7.5553e+08|3.02345e+11|9.51029e+09|7.35096e+12|5.29113e+10|2.43435e+12|3.74975e+10|2.27749e+09|5.76853e+10|2.23178e+11|4.69454e+12|3.18273e+10|2.07235e+09|5.06847e+11,0.000494453|5.21063e-05|2.98936e-05|3.71682e-05|1.04425e-05|3.91885e-05|0.00096308|1.77434e-05|0.000875739|0.000766915|0.000113681|1.10648e-05|0.000665246|6.32916e-05|1.47667e-05|4.06274e-05|2.00633e-05|0.00011644|0.000185382,0.000316017|0.000368678|0.000681499|0.00174713|0.00950649|0.000640186|0.00195589|0.0006856|0.00944671|0.000203965|0.00198341|0.00120557|0.00914892|0.000807753|0.00549128|0.000128431|0.000509085|0.00580301|0.00344885,0.0109342|0.0108696|0.0192976|0.0123696|0.0263713|0.029632|0.00712365|0.0408661|0.0280357|0.0243876|0.0350273|0.00369149|0.0100829|0.0455502|0.0334079|0.00843704|5.21659e-05|0.0398377|0.0365406,0.000178506|0.0181411|0.0120519|0.0240438|0.00318517|0.0482082|0.0414669|0.040072|0.0166219|0.0250863|0.0273051|0.0127317|0.0460028|0.028193|0.00844474|0.0314938|0.00115664|0.0151024|0.0130093,0.973537|0.923215|0.946711|0.979533|0.902547|0.924883|0.971602|0.95984|0.90082|0.936129|0.917619|0.968894|0.935175|0.909539|0.927525|0.908585|0.913872|0.965406|0.98883,4.63983|4.79469|4.38273|1.69436|5.09423|2.06342|3.14177|0.048646|0.0974208|3.39264|1.56082|4.74216|3.89025|3.29092|1.22009|3.37071|0.640024|0.0104102|4.04415,90.7492|89.2299|72.2829|28.0546|59.2872|42.5138|55.6995|63.8366|64.3401|81.7362|30.2686|37.015|20.1165|26.1465|27.8669|30.3781|81.3721|83.3731,0.215706|0.247215|0.180241|0.17367|0.200548|0.197352|0.206062|0.241428|0.220369|0.218556|0.239023|0.17211|0.175955|0.196311|0.169326|0.207992|0.184589|0.197114,0.53635|0.652252|0.553025|0.828443|0.127053|0.602799|0.677391|0.480684|0.119032|0.847503|0.514427|0.315214|0.825877|0.754315|0.414082|0.646488|0.272111|0.942894,0.869523,0.801463,0.117836,0.0993652,0.460468,0.534015,0.0732846,0.487967,0.198257,0.921169,51.6436,5.43263e-12,47756,0.887486,41.1981,1.06086e-12,38445,0.895553,0.876428,0.0878307,0.631141,0.996144,0.511517,0.22039,0.459803,0.228135,0.891603,87.9902,7.64954e-10,30733,0.967162,70.4477,9.04596e-11,52512
24,586,n1->n99->n77->n23->n83->n84->n85->n78->n80->n81->n37->n65->n5->n3->n69->n28->n27->n52->n51,5.37021e+09|1.57108e+10|5.68112e+11|4.63033e+10|3.76373e+13|1.07392e+09|2.02447e+09|3.25238e+10|2.45686e+13|2.58887e+10|2.79748e+13|1.12599e+09|2.91995e+11|2.78751e+13|8.81277e+09|1.34247e+11|4.19351e+12|1.02428e+10|7.46708e+11,8.19724e+08|4.21389e+09|3.56307e+11|3.30225e+10|2.34723e+13|9.00899e+08|2.41326e+08|2.30731e+10|2.75437e+12|8.36206e+09|4.96975e+12|3.2906e+08|4.67133e+10|1.44762e+13|7.57626e+09|1.51805e+10|8.73344e+11|2.07235e+09|5.06847e+11,0.000494453|0.00089026|8.49487e-05|0.000277161|1.86087e-05|2.14473e-05|2.04325e-05|0.000270955|1.13052e-05|0.000268232|1.06248e-05|1.96575e-05|7.03031e-05|0.00022361|0.000268039|0.00056516|1.08528e-05|0.00011644|0.000185382,0.000316017|0.000350126|0.000906866|0.00418014|0.000175452|0.000434313|0.000338175|0.00167497|0.000238286|0.000752991|0.000261291|0.000428116|0.000196916|0.00776667|0.00367819|0.0093172|0.00262605|0.00580301|0.00344885,0.0109342|0.0362414|0.04851|0.00314906|0.015405|0.0473575|0.0354515|0.00569443|0.00592883|0.0481357|0.0457563|0.00118659|0.00731162|0.0268705|0.022957|0.0317261|0.0303206|0.0398377|0.0365406,0.000178506|0.0472365|0.0115254|0.0470385|0.038157|0.0366447|0.0266209|0.0425349|0.0262948|0.00997263|0.0105712|0.00176737|0.0421608|0.0326941|0.0100342|0.03841|0.0230682|0.0151024|0.0130093,0.973537|0.953794|0.949999|0.92176|0.947801|0.948551|0.940474|0.92832|0.919013|0.948836|0.964079|0.967717|0.951514|0.982466|0.975915|0.948072|0.985376|0.965406|0.98883,4.63983|3.07459|0.722366|2.08786|4.11052|5.42186|4.91715|3.3614|0.100836|1.5908|4.96174|4.1126|4.90362|4.79844|2.99986|1.48687|4.5695|0.0104102|4.04415,66.2586|96.5216|39.0733|23.518|20.1884|82.1833|67.1704|66.5291|15.5679|88.8597|13.4252|35.0583|10.4739|83.9106|97.1045|23.5709|46.2248|83.3731,0.180129|0.241387|0.178948|0.181099|0.246081|0.216313|0.184721|0.222935|0.212149|0.211898|0.230756|0.209201|0.163561|0.204476|0.207556|0.207151|0.183493|0.197114,0.323551|0.664018|0.23533|0.741177|0.599197|0.528406|0.609732|0.109088|0.870283|0.430076|0.986996|0.297185|0.469027|0.65353|0.438091|0.340196|0.657987|0.942894,0.869523,0.801463,0.117836,0.0993652,0.460468,0.534015,0.0732846,0.487967,0.198257,0.921169,51.6436,5.43263e-12,47756,0.887486,41.1981,1.06086e-12,38445,0.895553,0.876428,0.0878307,0.631141,0.996144,0.511517,0.22039,0.459803,0.228135,0.891603,87.9902,7.64954e-10,30733,0.967162,70.4477,9.04596e-11,52512
24,587,n1->n20->n19->n68->n58->n85->n83->n57->n74->n75->n73->n10->n8->n7->n5->n65->n64->n49->n51,5.37021e+09|4.0293e+11|2.47533e+11|1.31753e+09|8.16696e+09|2.02447e+09|3.76373e+13|4.14288e+09|5.8385e+13|8.71921e+10|1.41706e+11|2.49624e+09|4.61239e+13|3.81012e+11|2.91995e+11|1.12599e+09|4.21034e+09|2.45005e+09|7.46708e+11,8.19724e+08|1.89646e+11|2.33399e+11|3.10679e+08|6.89506e+09|2.41326e+08|2.34723e+13|2.05006e+09|7.35096e+12|5.29113e+10|5.76853e+10|7.32581e+08|1.04208e+13|6.70334e+10|4.67133e+10|3.2906e+08|1.60867e+09|2.44458e+09|5.06847e+11,0.000494453|5.21063e-05|0.000261527|0.000223952|0.000266735|2.04325e-05|1.86087e-05|0.000173612|0.000875739|0.000766915|6.32916e-05|6.27016e-05|6.6054e-05|0.000475679|7.03031e-05|1.96575e-05|1.88732e-05|1.07426e-05|0.000185382,0.000316017|0.000368678|0.000768065|0.00843573|0.00874893|0.000338175|0.000175452|0.00271581|0.00944671|0.000203965|0.000807753|0.00113469|0.00522046|0.00104538|0.000196916|0.000428116|0.000135861|0.000979027|0.00344885,0.0109342|0.0108696|0.0201979|0.0370095|0.0248478|0.0354515|0.015405|0.0328142|0.0280357|0.0243876|0.0455502|0.00597815|0.0318744|0.01754|0.00731162|0.00118659|0.0266797|0.0183567|0.0365406,0.000178506|0.0181411|0.0291803|0.00589983|0.0481122|0.0266209|0.038157|0.0437642|0.0166219|0.0250863|0.028193|0.0245713|0.0483133|0.0283975|0.0421608|0.00176737|0.0436548|0.0388066|0.0130093,0.973537|0.923215|0.941018|0.984554|0.911658|0.940474|0.947801|0.983348|0.90082|0.936129|0.909539|0.962416|0.975256|0.963898|0.951514|0.967717|0.933821|0.969899|0.98883,4.63983|4.79469|1.39448|5.26958|3.70937|4.91715|4.11052|1.93323|0.0974208|3.39264|3.29092|1.97158|3.22282|3.51107|4.90362|4.1126|5.77568|3.94615|4.04415,90.7492|86.2435|67.5745|56.905|90.6886|92.2019|50.003|95.6836|64.3401|85.6152|29.3778|99.595|55.4093|37.2729|35.0583|56.7563|77.768|10.4661,0.215706|0.182991|0.2055|0.185169|0.194345|0.231254|0.1911|0.169856|0.220369|0.185893|0.202302|0.184434|0.230451|0.176784|0.209201|0.186349|0.165457|0.216931,0.53635|0.182796|0.968257|0.476138|0.45102|0.604504|0.161388|0.815246|0.119032|0.624191|0.747283|0.703378|0.745697|0.943162|0.297185|0.927837|0.348083|0.516407,0.869523,0.801463,0.117836,0.0993652,0.460468,0.534015,0.0732846,0.487967,0.198257,0.921169,51.6436,5.43263e-12,47756,0.887486,41.1981,1.06086e-12,38445,0.895553,0.876428,0.0878307,0.631141,0.996144,0.511517,0.22039,0.459803,0.228135,0.891603,87.9902,7.64954e-10,30733,0.967162,70.4477,9.04596e-11,52512
24,588,n1->n99->n98->n57->n74->n76->n86->n87->n70->n18->n19->n68->n58->n59->n60->n62->n64->n49->n51,5.37021e+09|1.57108e+10|1.8266e+13|4.14288e+09|5.8385e+13|4.21804e+13|3.85304e+10|7.3435e+12|6.87309e+13|7.59179e+12|2.47533e+11|1.31753e+09|8.16696e+09|3.04563e+11|8.79841e+13|2.37342e+11|4.21034e+09|2.45005e+09|7.46708e+11,8.19724e+08|4.21389e+09|5.99087e+12|2.05006e+09|7.35096e+12|1.15782e+13|4.69095e+09|2.79916e+12|9.78332e+12|4.11836e+12|2.33399e+11|3.10679e+08|6.89506e+09|3.06423e+10|5.95756e+13|1.13053e+11|1.60867e+09|2.44458e+09|5.06847e+11,0.000494453|0.00089026|0.000410965|0.000173612|0.000875739|1.88608e-05|6.21631e-05|0.000634307|5.13815e-05|2.98936e-05|0.000261527|0.000223952|0.000266735|2.43107e-05|0.000731749|8.24006e-05|1.88732e-05|1.07426e-05|0.000185382,0.000316017|0.000350126|0.000548485|0.00271581|0.00944671|0.00214239|0.00341054|0.00151267|0.00295865|0.000681499|0.000768065|0.00843573|0.00874893|0.000202742|0.000248463|0.00794111|0.000135861|0.000979027|0.00344885,0.0109342|0.0362414|0.0295222|0.0328142|0.0280357|0.00156873|0.0237043|0.0186268|0.0286141|0.0192976|0.0201979|0.0370095|0.0248478|0.00304046|0.0128442|0.0242596|0.0266797|0.0183567|0.0365406,0.000178506|0.0472365|0.0297366|0.0437642|0.0166219|0.0470058|0.0488574|0.00979507|0.0216638|0.0120519|0.0291803|0.00589983|0.0481122|0.0474075|0.0431033|0.0480911|0.0436548|0.0388066|0.0130093,0.973537|0.953794|0.959539|0.983348|0.90082|0.989289|0.981332|0.977244|0.966653|0.946711|0.941018|0.984554|0.911658|0.99171|0.945549|0.98053|0.933821|0.969899|0.98883,4.63983|3.07459|2.95405|1.93323|0.0974208|0.578949|4.96971|2.33192|4.60778|4.38273|1.39448|5.26958|3.70937|5.60303|4.50487|5.59786|5.77568|3.94615|4.04415,66.2586|58.4557|98.2355|95.6836|53.1277|37.5994|88.9922|39.9413|55.8812|34.0839|67.5745|56.905|56.397|76.8491|48.3985|93.0484|77.768|10.4661,0.180129|0.227784|0.190047|0.169856|0.181342|0.17745|0.246364|0.180359|0.234874|0.248409|0.2055|0.185169|0.21902|0.204072|0.17162|0.176232|0.165457|0.216931,0.323551|0.686264|0.757428|0.815246|0.519715|0.871942|0.83582|0.129355|0.16843|0.983209|0.968257|0.476138|0.533324|0.509755|0.641887|0.182879|0.348083|0.516407,0.869523,0.801463,0.117836,0.0993652,0.460468,0.534015,0.0732846,0.487967,0.198257,0.921169,51.6436,5.43263e-12,47756,0.887486,41.1981,1.06086e-12,38445,0.895553,0.876428,0.0878307,0.631141,0.996144,0.511517,0.22039,0.459803,0.228135,0.891603,87.9902,7.64954e-10,30733,0.967162,70.4477,9.04596e-11,52512
24,589,n1->n20->n96->n94->n92->n93->n95->n89->n88->n90->n100->n73->n75->n71->n24->n26->n47->n49->n51,5.37021e+09|4.0293e+11|2.51165e+12|1.36531e+10|1.97334e+09|4.22601e+13|1.05601e+11|2.68119e+11|9.00567e+12|1.33273e+11|4.01966e+09|1.41706e+11|8.71921e+10|7.70008e+11|1.59557e+13|7.09351e+09|4.74236e+11|2.45005e+09|7.46708e+11,8.19724e+08|1.89646e+11|5.36324e+11|1.67171e+09|1.46451e+09|1.3774e+13|5.46554e+10|9.23423e+10|8.66002e+12|6.41526e+10|2.27749e+09|5.76853e+10|5.29113e+10|1.60546e+11|4.06569e+12|1.31666e+09|1.54765e+11|2.44458e+09|5.06847e+11,0.000494453|5.21063e-05|1.2987e-05|2.95455e-05|2.75832e-05|8.45967e-05|0.000260968|3.55201e-05|6.2721e-05|0.000319756|0.000665246|6.32916e-05|0.000766915|0.00017279|0.000193265|3.77967e-05|0.000202873|1.07426e-05|0.000185382,0.000316017|0.000368678|0.000286765|0.000125263|0.0052688|0.000162335|0.000186877|0.000111435|0.000480267|0.000672662|0.00914892|0.000807753|0.000203965|0.00123164|0.0012727|0.00522178|0.000266598|0.000979027|0.00344885,0.0109342|0.0108696|0.0377902|0.00830448|0.0444618|0.0108045|0.00282907|0.0107812|0.00850464|0.0285929|0.0100829|0.0455502|0.0243876|0.0398828|0.0433038|0.0101688|0.00898217|0.0183567|0.0365406,0.000178506|0.0181411|0.0195364|0.0293842|0.0387741|0.0326183|0.0420997|0.0401575|0.0237676|0.0372754|0.0460028|0.028193|0.0250863|0.0326729|0.00780618|0.0409649|0.0488958|0.0388066|0.0130093,0.973537|0.923215|0.951762|0.927471|0.987763|0.912097|0.966581|0.926416|0.962132|0.984478|0.935175|0.909539|0.936129|0.947193|0.90929|0.981638|0.9108|0.969899|0.98883,4.63983|4.79469|0.85792|5.03384|6.03913|5.92115|1.09944|0.0868458|1.9653|4.02061|3.89025|3.29092|3.39264|0.117525|3.9732|2.91399|6.27947|3.94615|4.04415,90.7492|58.7029|71.0086|13.5087|61.035|24.941|11.8194|92.4072|14.1987|32.7492|20.1165|85.6152|14.5634|44.1502|83.4704|70.8805|91.8261|10.4661,0.215706|0.201188|0.230021|0.230182|0.21409|0.237661|0.168449|0.203687|0.244274|0.191207|0.175955|0.185893|0.169453|0.204574|0.216464|0.189485|0.228404|0.216931,0.53635|0.666395|0.131268|0.731663|0.722832|0.985064|0.776387|0.876618|0.997795|0.878161|0.825877|0.624191|0.275247|0.45026|0.583168|0.757042|0.133861|0.516407,0.869523,0.801463,0.117836,0.0993652,0.460468,0.534015,0.0732846,0.487967,0.198257,0.921169,51.6436,5.43263e-12,47756,0.887486,41.1981,1.06086e-12,38445,0.895553,0.876428,0.0878307,0.631141,0.996144,0.511517,0.22039,0.459803,0.228135,0.891603,87.9902,7.64954e-10,30733,0.967162,70.4477,9.04596e-11,52512
24,590,n1->n20->n19->n68->n17->n18->n70->n69->n3->n5->n65->n85->n84->n82->n95->n93->n64->n49->n51,5.37021e+09|4.0293e+11|2.47533e+11|1.31753e+09|1.51096e+11|7.59179e+12|6.87309e+13|8.81277e+09|2.78751e+13|2.91995e+11|1.12599e+09|2.02447e+09|1.07392e+09|1.07979e+13|1.05601e+11|4.22601e+13|4.21034e+09|2.45005e+09|7.46708e+11,8.19724e+08|1.89646e+11|2.33399e+11|3.10679e+08|1.57582e+10|4.11836e+12|9.78332e+12|7.57626e+09|1.44762e+13|4.67133e+10|3.2906e+08|2.41326e+08|9.00899e+08|1.66379e+12|5.46554e+10|1.3774e+13|1.60867e+09|2.44458e+09|5.06847e+11,0.000494453|5.21063e-05|0.000261527|0.000223952|0.000261059|2.98936e-05|5.13815e-05|0.000268039|0.00022361|7.03031e-05|1.96575e-05|2.04325e-05|2.14473e-05|0.000837919|0.000260968|8.45967e-05|1.88732e-05|1.07426e-05|0.000185382,0.000316017|0.000368678|0.000768065|0.00843573|0.000513001|0.000681499|0.00295865|0.00367819|0.00776667|0.000196916|0.000428116|0.000338175|0.000434313|0.00271152|0.000186877|0.000162335|0.000135861|0.000979027|0.00344885,0.0109342|0.0108696|0.0201979|0.0370095|0.0430027|0.0192976|0.0286141|0.022957|0.0268705|0.00731162|0.00118659|0.0354515|0.0473575|0.0278433|0.00282907|0.0108045|0.0266797|0.0183567|0.0365406,0.000178506|0.0181411|0.0291803|0.00589983|0.00442808|0.0120519|0.0216638|0.0100342|0.0326941|0.0421608|0.00176737|0.0266209|0.0366447|0.0266174|0.0420997|0.0326183|0.0436548|0.0388066|0.0130093,0.973537|0.923215|0.941018|0.984554|0.974312|0.946711|0.966653|0.975915|0.982466|0.951514|0.967717|0.940474|0.948551|0.934435|0.966581|0.912097|0.933821|0.969899|0.98883,4.63983|4.79469|1.39448|5.26958|5.11322|4.38273|4.60778|2.99986|4.79844|4.90362|4.1126|4.91715|5.42186|0.132111|1.09944|5.92115|5.77568|3.94615|4.04415,90.7492|86.2435|67.5745|23.9015|43.2583|55.8812|74.5377|83.9106|10.4739|35.0583|82.5435|82.1833|83.37|75.699|24.941|32.5899|77.768|10.4661,0.215706|0.182991|0.2055|0.236806|0.218822|0.234874|0.172691|0.204476|0.163561|0.209201|0.20461|0.216313|0.203763|0.21275|0.237661|0.178102|0.165457|0.216931,0.53635|0.182796|0.968257|0.2818|0.981182|0.16843|0.416585|0.65353|0.469027|0.297185|0.519435|0.528406|0.808712|0.837867|0.985064|0.548301|0.348083|0.516407,0.869523,0.801463,0.117836,0.0993652,0.460468,0.534015,0.0732846,0.487967,0.198257,0.921169,51.6436,5.43263e-12,47756,0.887486,41.1981,1.06086e-12,38445,0.895553,0.876428,0.0878307,0.631141,0.996144,0.511517,0.22039,0.459803,0.228135,0.891603,87.9902,7.64954e-10,30733,0.967162,70.4477,9.04596e-11,52512
24,591,n1->n20->n21->n23->n77->n99->n97->n96->n14->n13->n11->n9->n10->n39->n38->n67->n64->n49->n51,5.37021e+09|4.0293e+11|1.56161e+12|4.63033e+10|5.68112e+11|1.57108e+10|2.90604e+09|2.51165e+12|3.70261e+10|6.60497e+13|1.78735e+12|1.49139e+12|2.49624e+09|3.34792e+13|1.16426e+13|4.7483e+09|4.21034e+09|2.45005e+09|7.46708e+11,8.19724e+08|1.89646e+11|3.02345e+11|3.30225e+10|3.56307e+11|4.21389e+09|5.04144e+08|5.36324e+11|1.44234e+10|8.87204e+12|3.29521e+11|3.79906e+11|7.32581e+08|1.12013e+13|1.19258e+12|7.5553e+08|1.60867e+09|2.44458e+09|5.06847e+11,0.000494453|5.21063e-05|0.00096308|0.000277161|8.49487e-05|0.00089026|8.81202e-05|1.2987e-05|3.25754e-05|0.000787814|5.47786e-05|1.80008e-05|6.27016e-05|5.53896e-05|1.04425e-05|3.91885e-05|1.88732e-05|1.07426e-05|0.000185382,0.000316017|0.000368678|0.00195589|0.00418014|0.000906866|0.000350126|0.00494291|0.000286765|0.000181646|0.00788063|0.00652494|0.00065196|0.00113469|0.0025393|0.00950649|0.000640186|0.000135861|0.000979027|0.00344885,0.0109342|0.0108696|0.00712365|0.00314906|0.04851|0.0362414|0.0381696|0.0377902|0.0426128|0.0476737|0.00125292|0.0140743|0.00597815|0.00111942|0.0263713|0.029632|0.0266797|0.0183567|0.0365406,0.000178506|0.0181411|0.0414669|0.0470385|0.0115254|0.0472365|0.00800322|0.0195364|0.049061|0.00335145|0.0136412|0.033904|0.0245713|0.0449458|0.00318517|0.0482082|0.0436548|0.0388066|0.0130093,0.973537|0.923215|0.971602|0.92176|0.949999|0.953794|0.90679|0.951762|0.906626|0.954869|0.988894|0.963574|0.962416|0.924329|0.902547|0.924883|0.933821|0.969899|0.98883,4.63983|4.79469|3.14177|2.08786|0.722366|3.07459|1.41691|0.85792|0.762282|5.26639|0.923897|5.88966|1.97158|1.19952|5.09423|2.06342|5.77568|3.94615|4.04415,90.7492|76.7594|88.4205|39.0733|96.5216|94.4507|37.9513|54.7186|92.5451|13.9548|99.0064|65.9961|24.4191|52.0957|59.2872|95.5844|77.768|10.4661,0.215706|0.218425|0.232237|0.178948|0.241387|0.168303|0.246589|0.208433|0.191459|0.189728|0.201409|0.193896|0.239532|0.199024|0.200548|0.248978|0.165457|0.216931,0.53635|0.515127|0.516177|0.23533|0.664018|0.263233|0.157157|0.448351|0.161307|0.801183|0.439638|0.982181|0.991722|0.46236|0.127053|0.480161|0.348083|0.516407,0.869523,0.801463,0.117836,0.0993652,0.460468,0.534015,0.0732846,0.487967,0.198257,0.921169,51.6436,5.43263e-12,47756,0.887486,41.1981,1.06086e-12,38445,0.895553,0.876428,0.0878307,0.631141,0.996144,0.511517,0.22039,0.459803,0.228135,0.891603,87.9902,7.64954e-10,30733,0.967162,70.4477,9.04596e-11,52512
24,592,n1->n20->n19->n68->n58->n59->n90->n56->n54->n55->n57->n83->n84->n82->n95->n97->n27->n52->n51,5.37021e+09|4.0293e+11|2.47533e+11|1.31753e+09|8.16696e+09|3.04563e+11|1.33273e+11|1.1605e+12|2.80961e+11|8.84081e+12|4.14288e+09|3.76373e+13|1.07392e+09|1.07979e+13|1.05601e+11|2.90604e+09|4.19351e+12|1.02428e+10|7.46708e+11,8.19724e+08|1.89646e+11|2.33399e+11|3.10679e+08|6.89506e+09|3.06423e+10|6.41526e+10|5.65456e+11|2.23178e+11|4.69454e+12|2.05006e+09|2.34723e+13|9.00899e+08|1.66379e+12|5.46554e+10|5.04144e+08|8.73344e+11|2.07235e+09|5.06847e+11,0.000494453|5.21063e-05|0.000261527|0.000223952|0.000266735|2.43107e-05|0.000319756|1.7812e-05|1.47667e-05|4.06274e-05|0.000173612|1.86087e-05|2.14473e-05|0.000837919|0.000260968|8.81202e-05|1.08528e-05|0.00011644|0.000185382,0.000316017|0.000368678|0.000768065|0.00843573|0.00874893|0.000202742|0.000672662|0.000830638|0.00549128|0.000128431|0.00271581|0.000175452|0.000434313|0.00271152|0.000186877|0.00494291|0.00262605|0.00580301|0.00344885,0.0109342|0.0108696|0.0201979|0.0370095|0.0248478|0.00304046|0.0285929|0.0231698|0.0334079|0.00843704|0.0328142|0.015405|0.0473575|0.0278433|0.00282907|0.0381696|0.0303206|0.0398377|0.0365406,0.000178506|0.0181411|0.0291803|0.00589983|0.0481122|0.0474075|0.0372754|0.0417641|0.00844474|0.0314938|0.0437642|0.038157|0.0366447|0.0266174|0.0420997|0.00800322|0.0230682|0.0151024|0.0130093,0.973537|0.923215|0.941018|0.984554|0.911658|0.99171|0.984478|0.944528|0.927525|0.908585|0.983348|0.947801|0.948551|0.934435|0.966581|0.90679|0.985376|0.965406|0.98883,4.63983|4.79469|1.39448|5.26958|3.70937|5.60303|4.02061|2.55597|1.22009|3.37071|1.93323|4.11052|5.42186|0.132111|1.09944|1.41691|4.5695|0.0104102|4.04415,90.7492|86.2435|67.5745|56.905|56.397|62.2588|40.6061|42.6814|27.8669|61.5999|50.003|20.1884|83.37|75.699|11.8968|31.5608|46.2248|83.3731,0.215706|0.182991|0.2055|0.185169|0.21902|0.169222|0.166746|0.167734|0.169326|0.220389|0.1911|0.246081|0.203763|0.21275|0.228013|0.219936|0.183493|0.197114,0.53635|0.182796|0.968257|0.476138|0.533324|0.361153|0.163177|0.927159|0.414082|0.549818|0.161388|0.599197|0.808712|0.837867|0.342677|0.557853|0.657987|0.942894,0.869523,0.801463,0.117836,0.0993652,0.460468,0.534015,0.0732846,0.487967,0.198257,0.921169,51.6436,5.43263e-12,47756,0.887486,41.1981,1.06086e-12,38445,0.895553,0.876428,0.0878307,0.631141,0.996144,0.511517,0.22039,0.459803,0.228135,0.891603,87.9902,7.64954e-10,30733,0.967162,70.4477,9.04596e-11,52512
24,593,n1->n99->n77->n23->n83->n85->n65->n52->n53->n54->n56->n84->n33->n35->n34->n36->n64->n49->n51,5.37021e+09|1.57108e+10|5.68112e+11|4.63033e+10|3.76373e+13|2.02447e+09|1.12599e+09|1.02428e+10|4.60474e+10|2.80961e+11|1.1605e+12|1.07392e+09|3.64323e+13|5.77859e+11|4.7313e+12|7.73972e+11|4.21034e+09|2.45005e+09|7.46708e+11,8.19724e+08|4.21389e+09|3.56307e+11|3.30225e+10|2.34723e+13|2.41326e+08|3.2906e+08|2.07235e+09|3.18273e+10|2.23178e+11|5.65456e+11|9.00899e+08|6.32377e+12|4.88834e+11|1.15705e+12|7.77593e+10|1.60867e+09|2.44458e+09|5.06847e+11,0.000494453|0.00089026|8.49487e-05|0.000277161|1.86087e-05|2.04325e-05|1.96575e-05|0.00011644|2.00633e-05|1.47667e-05|1.7812e-05|2.14473e-05|1.50316e-05|0.000412952|0.000140889|0.000426407|1.88732e-05|1.07426e-05|0.000185382,0.000316017|0.000350126|0.000906866|0.00418014|0.000175452|0.000338175|0.000428116|0.00580301|0.000509085|0.00549128|0.000830638|0.000434313|0.00213059|0.00138752|0.000270551|0.00396778|0.000135861|0.000979027|0.00344885,0.0109342|0.0362414|0.04851|0.00314906|0.015405|0.0354515|0.00118659|0.0398377|5.21659e-05|0.0334079|0.0231698|0.0473575|0.00968695|0.00215298|0.0276207|0.00497013|0.0266797|0.0183567|0.0365406,0.000178506|0.0472365|0.0115254|0.0470385|0.038157|0.0266209|0.00176737|0.0151024|0.00115664|0.00844474|0.0417641|0.0366447|0.0280967|0.0375959|0.0210615|0.0341912|0.0436548|0.0388066|0.0130093,0.973537|0.953794|0.949999|0.92176|0.947801|0.940474|0.967717|0.965406|0.913872|0.927525|0.944528|0.948551|0.923653|0.952159|0.904866|0.94998|0.933821|0.969899|0.98883,4.63983|3.07459|0.722366|2.08786|4.11052|4.91715|4.1126|0.0104102|0.640024|1.22009|2.55597|5.42186|1.04264|5.24666|4.56594|3.70656|5.77568|3.94615|4.04415,66.2586|96.5216|39.0733|23.518|92.2019|82.5435|56.1703|81.3721|75.3264|42.6814|34.4372|59.7094|93.5115|26.2497|89.5651|43.8659|77.768|10.4661,0.180129|0.241387|0.178948|0.181099|0.231254|0.20461|0.247907|0.184589|0.191357|0.167734|0.222961|0.183728|0.242679|0.244194|0.241996|0.241695|0.165457|0.216931,0.323551|0.664018|0.23533|0.741177|0.604504|0.519435|0.827328|0.272111|0.567841|0.927159|0.762891|0.218166|0.487093|0.307851|0.265381|0.590576|0.348083|0.516407,0.869523,0.801463,0.117836,0.0993652,0.460468,0.534015,0.0732846,0.487967,0.198257,0.921169,51.6436,5.43263e-12,47756,0.887486,41.1981,1.06086e-12,38445,0.895553,0.876428,0.0878307,0.631141,0.996144,0.511517,0.22039,0.459803,0.228135,0.891603,87.9902,7.64954e-10,30733,0.967162,70.4477,9.04596e-11,52512
24,594,n1->n99->n98->n57->n55->n53->n52->n65->n5->n3->n69->n76->n30->n29->n27->n26->n47->n49->n51,5.37021e+09|1.57108e+10|1.8266e+13|4.14288e+09|8.84081e+12|4.60474e+10|1.02428e+10|1.12599e+09|2.91995e+11|2.78751e+13|8.81277e+09|4.21804e+13|1.26395e+10|3.6336e+13|4.19351e+12|7.09351e+09|4.74236e+11|2.45005e+09|7.46708e+11,8.19724e+08|4.21389e+09|5.99087e+12|2.05006e+09|4.69454e+12|3.18273e+10|2.07235e+09|3.2906e+08|4.67133e+10|1.44762e+13|7.57626e+09|1.15782e+13|1.81012e+09|1.77292e+13|8.73344e+11|1.31666e+09|1.54765e+11|2.44458e+09|5.06847e+11,0.000494453|0.00089026|0.000410965|0.000173612|4.06274e-05|2.00633e-05|0.00011644|1.96575e-05|7.03031e-05|0.00022361|0.000268039|1.88608e-05|4.789e-05|0.000125062|1.08528e-05|3.77967e-05|0.000202873|1.07426e-05|0.000185382,0.000316017|0.000350126|0.000548485|0.00271581|0.000128431|0.000509085|0.00580301|0.000428116|0.000196916|0.00776667|0.00367819|0.00214239|0.00655588|0.00231296|0.00262605|0.00522178|0.000266598|0.000979027|0.00344885,0.0109342|0.0362414|0.0295222|0.0328142|0.00843704|5.21659e-05|0.0398377|0.00118659|0.00731162|0.0268705|0.022957|0.00156873|0.00398508|0.0255931|0.0303206|0.0101688|0.00898217|0.0183567|0.0365406,0.000178506|0.0472365|0.0297366|0.0437642|0.0314938|0.00115664|0.0151024|0.00176737|0.0421608|0.0326941|0.0100342|0.0470058|0.0178703|0.00291922|0.0230682|0.0409649|0.0488958|0.0388066|0.0130093,0.973537|0.953794|0.959539|0.983348|0.908585|0.913872|0.965406|0.967717|0.951514|0.982466|0.975915|0.989289|0.972158|0.962742|0.985376|0.981638|0.9108|0.969899|0.98883,4.63983|3.07459|2.95405|1.93323|3.37071|0.640024|0.0104102|4.1126|4.90362|4.79844|2.99986|0.578949|5.42296|0.0327787|4.5695|2.91399|6.27947|3.94615|4.04415,66.2586|58.4557|98.2355|61.5999|30.3781|81.3721|56.1703|35.0583|10.4739|83.9106|66.666|21.8454|29.3504|49.6282|67.4197|70.8805|91.8261|10.4661,0.180129|0.227784|0.190047|0.220389|0.207992|0.184589|0.247907|0.209201|0.163561|0.204476|0.212271|0.220509|0.179657|0.180772|0.171162|0.189485|0.228404|0.216931,0.323551|0.686264|0.757428|0.549818|0.646488|0.272111|0.827328|0.297185|0.469027|0.65353|0.890059|0.936019|0.887943|0.511755|0.40751|0.757042|0.133861|0.516407,0.869523,0.801463,0.117836,0.0993652,0.460468,0.534015,0.0732846,0.487967,0.198257,0.921169,51.6436,5.43263e-12,47756,0.887486,41.1981,1.06086e-12,38445,0.895553,0.876428,0.0878307,0.631141,0.996144,0.511517,0.22039,0.459803,0.228135,0.891603,87.9902,7.64954e-10,30733,0.967162,70.4477,9.04596e-11,52512
24,595,n1->n13->n11->n29->n27->n4->n75->n74->n35->n34->n15->n63->n10->n9->n7->n5->n65->n52->n51,5.37021e+09|6.60497e+13|1.78735e+12|3.6336e+13|4.19351e+12|7.07339e+12|8.71921e+10|5.8385e+13|5.77859e+11|4.7313e+12|8.77071e+11|6.55204e+12|2.49624e+09|1.49139e+12|3.81012e+11|2.91995e+11|1.12599e+09|1.02428e+10|7.46708e+11,8.19724e+08|8.87204e+12|3.29521e+11|1.77292e+13|8.73344e+11|2.43435e+12|5.29113e+10|7.35096e+12|4.88834e+11|1.15705e+12|1.06991e+11|2.63574e+12|7.32581e+08|3.79906e+11|6.70334e+10|4.67133e+10|3.2906e+08|2.07235e+09|5.06847e+11,0.000494453|0.000787814|5.47786e-05|0.000125062|1.08528e-05|0.000113681|0.000766915|0.000875739|0.000412952|0.000140889|0.000182949|0.000116235|6.27016e-05|1.80008e-05|0.000475679|7.03031e-05|1.96575e-05|0.00011644|0.000185382,0.000316017|0.00788063|0.00652494|0.00231296|0.00262605|0.00198341|0.000203965|0.00944671|0.00138752|0.000270551|0.00274771|0.00126856|0.00113469|0.00065196|0.00104538|0.000196916|0.000428116|0.00580301|0.00344885,0.0109342|0.0476737|0.00125292|0.0255931|0.0303206|0.0350273|0.0243876|0.0280357|0.00215298|0.0276207|0.0207315|0.0100727|0.00597815|0.0140743|0.01754|0.00731162|0.00118659|0.0398377|0.0365406,0.000178506|0.00335145|0.0136412|0.00291922|0.0230682|0.0273051|0.0250863|0.0166219|0.0375959|0.0210615|0.0378122|0.0107197|0.0245713|0.033904|0.0283975|0.0421608|0.00176737|0.0151024|0.0130093,0.973537|0.954869|0.988894|0.962742|0.985376|0.917619|0.936129|0.90082|0.952159|0.904866|0.910795|0.903245|0.962416|0.963574|0.963898|0.951514|0.967717|0.965406|0.98883,4.63983|5.26639|0.923897|0.0327787|4.5695|1.56082|3.39264|0.0974208|5.24666|4.56594|1.89272|4.68449|1.97158|5.88966|3.51107|4.90362|4.1126|0.0104102|4.04415,79.8117|13.9548|13.2112|49.6282|52.1141|81.7362|64.3401|67.7415|26.2497|27.3162|11.0615|65.1286|65.9961|59.8148|37.2729|35.0583|56.1703|83.3731,0.246796|0.189728|0.219003|0.180772|0.184605|0.218556|0.220369|0.161632|0.244194|0.231681|0.214255|0.203746|0.193896|0.18359|0.176784|0.209201|0.247907|0.197114,0.338018|0.801183|0.427028|0.511755|0.200735|0.847503|0.119032|0.301798|0.307851|0.750497|0.692153|0.514129|0.982181|0.339058|0.943162|0.297185|0.827328|0.942894,0.869523,0.801463,0.117836,0.0993652,0.460468,0.534015,0.0732846,0.487967,0.198257,0.921169,51.6436,5.43263e-12,47756,0.887486,41.1981,1.06086e-12,38445,0.895553,0.876428,0.0878307,0.631141,0.996144,0.511517,0.22039,0.459803,0.228135,0.891603,87.9902,7.64954e-10,30733,0.967162,70.4477,9.04596e-11,52512
24,596,n1->n13->n15->n29->n11->n9->n7->n2->n100->n73->n54->n82->n80->n78->n85->n58->n59->n50->n51,5.37021e+09|6.60497e+13|8.77071e+11|3.6336e+13|1.78735e+12|1.49139e+12|3.81012e+11|5.94248e+10|4.01966e+09|1.41706e+11|2.80961e+11|1.07979e+13|2.45686e+13|3.25238e+10|2.02447e+09|8.16696e+09|3.04563e+11|2.36425e+09|7.46708e+11,8.19724e+08|8.87204e+12|1.06991e+11|1.77292e+13|3.29521e+11|3.79906e+11|6.70334e+10|3.74975e+10|2.27749e+09|5.76853e+10|2.23178e+11|1.66379e+12|2.75437e+12|2.30731e+10|2.41326e+08|6.89506e+09|3.06423e+10|4.07889e+08|5.06847e+11,0.000494453|0.000787814|0.000182949|0.000125062|5.47786e-05|1.80008e-05|0.000475679|1.10648e-05|0.000665246|6.32916e-05|1.47667e-05|0.000837919|1.13052e-05|0.000270955|2.04325e-05|0.000266735|2.43107e-05|1.54283e-05|0.000185382,0.000316017|0.00788063|0.00274771|0.00231296|0.00652494|0.00065196|0.00104538|0.00120557|0.00914892|0.000807753|0.00549128|0.00271152|0.000238286|0.00167497|0.000338175|0.00874893|0.000202742|0.00907722|0.00344885,0.0109342|0.0476737|0.0207315|0.0255931|0.00125292|0.0140743|0.01754|0.00369149|0.0100829|0.0455502|0.0334079|0.0278433|0.00592883|0.00569443|0.0354515|0.0248478|0.00304046|0.00638914|0.0365406,0.000178506|0.00335145|0.0378122|0.00291922|0.0136412|0.033904|0.0283975|0.0127317|0.0460028|0.028193|0.00844474|0.0266174|0.0262948|0.0425349|0.0266209|0.0481122|0.0474075|0.0483596|0.0130093,0.973537|0.954869|0.910795|0.962742|0.988894|0.963574|0.963898|0.968894|0.935175|0.909539|0.927525|0.934435|0.919013|0.92832|0.940474|0.911658|0.99171|0.910708|0.98883,4.63983|5.26639|1.89272|0.0327787|0.923897|5.88966|3.51107|4.74216|3.89025|3.29092|1.22009|0.132111|0.100836|3.3614|4.91715|3.70937|5.60303|5.41755|4.04415,79.8117|66.6304|32.2763|13.2112|99.0064|59.8148|88.6198|37.015|20.1165|26.1465|41.1455|47.0365|66.5291|67.1704|90.6886|56.397|47.7013|82.9474,0.246796|0.179788|0.240047|0.219003|0.201409|0.18359|0.228013|0.17211|0.175955|0.196311|0.242874|0.231931|0.222935|0.184721|0.194345|0.21902|0.170229|0.24308,0.338018|0.275394|0.895675|0.427028|0.439638|0.339058|0.84397|0.315214|0.825877|0.754315|0.378494|0.796307|0.109088|0.609732|0.45102|0.533324|0.776444|0.624607,0.869523,0.801463,0.117836,0.0993652,0.460468,0.534015,0.0732846,0.487967,0.198257,0.921169,51.6436,5.43263e-12,47756,0.887486,41.1981,1.06086e-12,38445,0.895553,0.876428,0.0878307,0.631141,0.996144,0.511517,0.22039,0.459803,0.228135,0.891603,87.9902,7.64954e-10,30733,0.967162,70.4477,9.04596e-11,52512
24,597,n1->n99->n77->n93->n91->n92->n94->n96->n14->n12->n8->n7->n5->n3->n69->n28->n29->n50->n51,5.37021e+09|1.57108e+10|5.68112e+11|4.22601e+13|2.84652e+12|1.97334e+09|1.36531e+10|2.51165e+12|3.70261e+10|9.70597e+10|4.61239e+13|3.81012e+11|2.91995e+11|2.78751e+13|8.81277e+09|1.34247e+11|3.6336e+13|2.36425e+09|7.46708e+11,8.19724e+08|4.21389e+09|3.56307e+11|1.3774e+13|3.57264e+11|1.46451e+09|1.67171e+09|5.36324e+11|1.44234e+10|2.76143e+10|1.04208e+13|6.70334e+10|4.67133e+10|1.44762e+13|7.57626e+09|1.51805e+10|1.77292e+13|4.07889e+08|5.06847e+11,0.000494453|0.00089026|8.49487e-05|8.45967e-05|6.93267e-05|2.75832e-05|2.95455e-05|1.2987e-05|3.25754e-05|0.000201974|6.6054e-05|0.000475679|7.03031e-05|0.00022361|0.000268039|0.00056516|0.000125062|1.54283e-05|0.000185382,0.000316017|0.000350126|0.000906866|0.000162335|0.00599677|0.0052688|0.000125263|0.000286765|0.000181646|0.0016732|0.00522046|0.00104538|0.000196916|0.00776667|0.00367819|0.0093172|0.00231296|0.00907722|0.00344885,0.0109342|0.0362414|0.04851|0.0108045|0.008036|0.0444618|0.00830448|0.0377902|0.0426128|0.0313381|0.0318744|0.01754|0.00731162|0.0268705|0.022957|0.0317261|0.0255931|0.00638914|0.0365406,0.000178506|0.0472365|0.0115254|0.0326183|0.015498|0.0387741|0.0293842|0.0195364|0.049061|0.0470205|0.0483133|0.0283975|0.0421608|0.0326941|0.0100342|0.03841|0.00291922|0.0483596|0.0130093,0.973537|0.953794|0.949999|0.912097|0.964407|0.987763|0.927471|0.951762|0.906626|0.937315|0.975256|0.963898|0.951514|0.982466|0.975915|0.948072|0.962742|0.910708|0.98883,4.63983|3.07459|0.722366|5.92115|5.6679|6.03913|5.03384|0.85792|0.762282|3.07758|3.22282|3.51107|4.90362|4.79844|2.99986|1.48687|0.0327787|5.41755|4.04415,66.2586|96.5216|51.9256|26.8753|32.3713|13.5087|71.0086|54.7186|51.9585|81.3396|55.4093|37.2729|10.4739|83.9106|97.1045|18.7034|37.0378|82.9474,0.180129|0.241387|0.247077|0.203549|0.161013|0.230182|0.230021|0.208433|0.222459|0.186476|0.230451|0.176784|0.163561|0.204476|0.207556|0.249902|0.191256|0.24308,0.323551|0.664018|0.469529|0.21516|0.940947|0.731663|0.131268|0.448351|0.326911|0.379326|0.745697|0.943162|0.469027|0.65353|0.438091|0.259002|0.182586|0.624607,0.869523,0.801463,0.117836,0.0993652,0.460468,0.534015,0.0732846,0.487967,0.198257,0.921169,51.6436,5.43263e-12,47756,0.887486,41.1981,1.06086e-12,38445,0.895553,0.876428,0.0878307,0.631141,0.996144,0.511517,0.22039,0.459803,0.228135,0.891603,87.9902,7.64954e-10,30733,0.967162,70.4477,9.04596e-11,52512
24,598,n1->n13->n11->n29->n28->n69->n76->n75->n71->n72->n70->n18->n19->n20->n96->n97->n27->n52->n51,5.37021e+09|6.60497e+13|1.78735e+12|3.6336e+13|1.34247e+11|8.81277e+09|4.21804e+13|8.71921e+10|7.70008e+11|6.83442e+09|6.87309e+13|7.59179e+12|2.47533e+11|4.0293e+11|2.51165e+12|2.90604e+09|4.19351e+12|1.02428e+10|7.46708e+11,8.19724e+08|8.87204e+12|3.29521e+11|1.77292e+13|1.51805e+10|7.57626e+09|1.15782e+13|5.29113e+10|1.60546e+11|1.48353e+09|9.78332e+12|4.11836e+12|2.33399e+11|1.89646e+11|5.36324e+11|5.04144e+08|8.73344e+11|2.07235e+09|5.06847e+11,0.000494453|0.000787814|5.47786e-05|0.000125062|0.00056516|0.000268039|1.88608e-05|0.000766915|0.00017279|0.000159499|5.13815e-05|2.98936e-05|0.000261527|5.21063e-05|1.2987e-05|8.81202e-05|1.08528e-05|0.00011644|0.000185382,0.000316017|0.00788063|0.00652494|0.00231296|0.0093172|0.00367819|0.00214239|0.000203965|0.00123164|0.00384342|0.00295865|0.000681499|0.000768065|0.000368678|0.000286765|0.00494291|0.00262605|0.00580301|0.00344885,0.0109342|0.0476737|0.00125292|0.0255931|0.0317261|0.022957|0.00156873|0.0243876|0.0398828|0.0479977|0.0286141|0.0192976|0.0201979|0.0108696|0.0377902|0.0381696|0.0303206|0.0398377|0.0365406,0.000178506|0.00335145|0.0136412|0.00291922|0.03841|0.0100342|0.0470058|0.0250863|0.0326729|0.0299903|0.0216638|0.0120519|0.0291803|0.0181411|0.0195364|0.00800322|0.0230682|0.0151024|0.0130093,0.973537|0.954869|0.988894|0.962742|0.948072|0.975915|0.989289|0.936129|0.947193|0.96924|0.966653|0.946711|0.941018|0.923215|0.951762|0.90679|0.985376|0.965406|0.98883,4.63983|5.26639|0.923897|0.0327787|1.48687|2.99986|0.578949|3.39264|0.117525|3.90463|4.60778|4.38273|1.39448|4.79469|0.85792|1.41691|4.5695|0.0104102|4.04415,79.8117|13.9548|13.2112|18.7034|97.1045|66.666|63.5216|14.5634|45.8448|97.4405|55.8812|34.0839|86.2435|58.7029|37.9513|31.5608|46.2248|83.3731,0.246796|0.189728|0.219003|0.249902|0.207556|0.212271|0.207806|0.169453|0.218487|0.180102|0.234874|0.248409|0.182991|0.201188|0.246589|0.219936|0.183493|0.197114,0.338018|0.801183|0.427028|0.259002|0.438091|0.890059|0.844544|0.275247|0.29317|0.79408|0.16843|0.983209|0.182796|0.666395|0.157157|0.557853|0.657987|0.942894,0.869523,0.801463,0.117836,0.0993652,0.460468,0.534015,0.0732846,0.487967,0.198257,0.921169,51.6436,5.43263e-12,47756,0.887486,41.1981,1.06086e-12,38445,0.895553,0.876428,0.0878307,0.631141,0.996144,0.511517,0.22039,0.459803,0.228135,0.891603,87.9902,7.64954e-10,30733,0.967162,70.4477,9.04596e-11,52512
24,599,n1->n20->n19->n17->n85->n58->n59->n60->n50->n29->n15->n13->n14->n12->n8->n10->n63->n61->n51,5.37021e+09|4.0293e+11|2.47533e+11|1.51096e+11|2.02447e+09|8.16696e+09|3.04563e+11|8.79841e+13|2.36425e+09|3.6336e+13|8.77071e+11|6.60497e+13|3.70261e+10|9.70597e+10|4.61239e+13|2.49624e+09|6.55204e+12|6.44979e+11|7.46708e+11,8.19724e+08|1.89646e+11|2.33399e+11|1.57582e+10|2.41326e+08|6.89506e+09|3.06423e+10|5.95756e+13|4.07889e+08|1.77292e+13|1.06991e+11|8.87204e+12|1.44234e+10|2.76143e+10|1.04208e+13|7.32581e+08|2.63574e+12|1.30372e+11|5.06847e+11,0.000494453|5.21063e-05|0.000261527|0.000261059|2.04325e-05|0.000266735|2.43107e-05|0.000731749|1.54283e-05|0.000125062|0.000182949|0.000787814|3.25754e-05|0.000201974|6.6054e-05|6.27016e-05|0.000116235|3.71253e-05|0.000185382,0.000316017|0.000368678|0.000768065|0.000513001|0.000338175|0.00874893|0.000202742|0.000248463|0.00907722|0.00231296|0.00274771|0.00788063|0.000181646|0.0016732|0.00522046|0.00113469|0.00126856|0.00313588|0.00344885,0.0109342|0.0108696|0.0201979|0.0430027|0.0354515|0.0248478|0.00304046|0.0128442|0.00638914|0.0255931|0.0207315|0.0476737|0.0426128|0.0313381|0.0318744|0.00597815|0.0100727|0.0266048|0.0365406,0.000178506|0.0181411|0.0291803|0.00442808|0.0266209|0.0481122|0.0474075|0.0431033|0.0483596|0.00291922|0.0378122|0.00335145|0.049061|0.0470205|0.0483133|0.0245713|0.0107197|0.0179693|0.0130093,0.973537|0.923215|0.941018|0.974312|0.940474|0.911658|0.99171|0.945549|0.910708|0.962742|0.910795|0.954869|0.906626|0.937315|0.975256|0.962416|0.903245|0.958619|0.98883,4.63983|4.79469|1.39448|5.11322|4.91715|3.70937|5.60303|4.50487|5.41755|0.0327787|1.89272|5.26639|0.762282|3.07758|3.22282|1.97158|4.68449|2.63855|4.04415,90.7492|86.2435|10.3361|84.7043|90.6886|56.397|76.8491|22.3088|37.0378|32.2763|66.6304|92.5451|51.9585|81.3396|99.595|65.1286|47.0482|66.5616,0.215706|0.182991|0.172286|0.225161|0.194345|0.21902|0.204072|0.190841|0.191256|0.240047|0.179788|0.191459|0.222459|0.186476|0.184434|0.203746|0.167884|0.171721,0.53635|0.182796|0.559133|0.880608|0.45102|0.533324|0.509755|0.323935|0.182586|0.895675|0.275394|0.161307|0.326911|0.379326|0.703378|0.514129|0.410418|0.235817,0.869523,0.801463,0.117836,0.0993652,0.460468,0.534015,0.0732846,0.487967,0.198257,0.921169,51.6436,5.43263e-12,47756,0.887486,41.1981,1.06086e-12,38445,0.895553,0.876428,0.0878307,0.631141,0.996144,0.511517,0.22039,0.459803,0.228135,0.891603,87.9902,7.64954e-10,30733,0.967162,70.4477,9.04596e-11,52512
24,600,n1->n99->n97->n95->n93->n92->n94->n96->n14->n13->n12->n6->n33->n84->n56->n54->n53->n52->n51,5.37021e+09|1.57108e+10|2.90604e+09|1.05601e+11|4.22601e+13|1.97334e+09|1.36531e+10|2.51165e+12|3.70261e+10|6.60497e+13|9.70597e+10|1.14208e+09|3.64323e+13|1.07392e+09|1.1605e+12|2.80961e+11|4.60474e+10|1.02428e+10|7.46708e+11,8.19724e+08|4.21389e+09|5.04144e+08|5.46554e+10|1.3774e+13|1.46451e+09|1.67171e+09|5.36324e+11|1.44234e+10|8.87204e+12|2.76143e+10|2.20459e+08|6.32377e+12|9.00899e+08|5.65456e+11|2.23178e+11|3.18273e+10|2.07235e+09|5.06847e+11,0.000494453|0.00089026|8.81202e-05|0.000260968|8.45967e-05|2.75832e-05|2.95455e-05|1.2987e-05|3.25754e-05|0.000787814|0.000201974|1.08483e-05|1.50316e-05|2.14473e-05|1.7812e-05|1.47667e-05|2.00633e-05|0.00011644|0.000185382,0.000316017|0.000350126|0.00494291|0.000186877|0.000162335|0.0052688|0.000125263|0.000286765|0.000181646|0.00788063|0.0016732|0.00010157|0.00213059|0.000434313|0.000830638|0.00549128|0.000509085|0.00580301|0.00344885,0.0109342|0.0362414|0.0381696|0.00282907|0.0108045|0.0444618|0.00830448|0.0377902|0.0426128|0.0476737|0.0313381|0.00160082|0.00968695|0.0473575|0.0231698|0.0334079|5.21659e-05|0.0398377|0.0365406,0.000178506|0.0472365|0.00800322|0.0420997|0.0326183|0.0387741|0.0293842|0.0195364|0.049061|0.00335145|0.0470205|0.0260762|0.0280967|0.0366447|0.0417641|0.00844474|0.00115664|0.0151024|0.0130093,0.973537|0.953794|0.90679|0.966581|0.912097|0.987763|0.927471|0.951762|0.906626|0.954869|0.937315|0.908628|0.923653|0.948551|0.944528|0.927525|0.913872|0.965406|0.98883,4.63983|3.07459|1.41691|1.09944|5.92115|6.03913|5.03384|0.85792|0.762282|5.26639|3.07758|5.01633|1.04264|5.42186|2.55597|1.22009|0.640024|0.0104102|4.04415,66.2586|94.4507|11.8968|24.941|61.035|13.5087|71.0086|54.7186|92.5451|56.34|32.9383|50.0569|59.7094|34.4372|42.6814|75.3264|81.3721|83.3731,0.180129|0.168303|0.228013|0.237661|0.21409|0.230182|0.230021|0.208433|0.191459|0.206669|0.230728|0.19306|0.183728|0.222961|0.167734|0.191357|0.184589|0.197114,0.323551|0.263233|0.342677|0.985064|0.722832|0.731663|0.131268|0.448351|0.161307|0.285239|0.628307|0.116472|0.218166|0.762891|0.927159|0.567841|0.272111|0.942894,0.869523,0.801463,0.117836,0.0993652,0.460468,0.534015,0.0732846,0.487967,0.198257,0.921169,51.6436,5.43263e-12,47756,0.887486,41.1981,1.06086e-12,38445,0.895553,0.876428,0.0878307,0.631141,0.996144,0.511517,0.22039,0.459803,0.228135,0.891603,87.9902,7.64954e-10,30733,0.967162,70.4477,9.04596e-11,52512
24,601,n1->n20->n96->n14->n75->n76->n30->n32->n34->n15->n29->n27->n4->n2->n7->n5->n65->n52->n51,5.37021e+09|4.0293e+11|2.51165e+12|3.70261e+10|8.71921e+10|4.21804e+13|1.26395e+10|1.78367e+12|4.7313e+12|8.77071e+11|3.6336e+13|4.19351e+12|7.07339e+12|5.94248e+10|3.81012e+11|2.91995e+11|1.12599e+09|1.02428e+10|7.46708e+11,8.19724e+08|1.89646e+11|5.36324e+11|1.44234e+10|5.29113e+10|1.15782e+13|1.81012e+09|1.05491e+12|1.15705e+12|1.06991e+11|1.77292e+13|8.73344e+11|2.43435e+12|3.74975e+10|6.70334e+10|4.67133e+10|3.2906e+08|2.07235e+09|5.06847e+11,0.000494453|5.21063e-05|1.2987e-05|3.25754e-05|0.000766915|1.88608e-05|4.789e-05|0.000179959|0.000140889|0.000182949|0.000125062|1.08528e-05|0.000113681|1.10648e-05|0.000475679|7.03031e-05|1.96575e-05|0.00011644|0.000185382,0.000316017|0.000368678|0.000286765|0.000181646|0.000203965|0.00214239|0.00655588|0.00292552|0.000270551|0.00274771|0.00231296|0.00262605|0.00198341|0.00120557|0.00104538|0.000196916|0.000428116|0.00580301|0.00344885,0.0109342|0.0108696|0.0377902|0.0426128|0.0243876|0.00156873|0.00398508|0.00778345|0.0276207|0.0207315|0.0255931|0.0303206|0.0350273|0.00369149|0.01754|0.00731162|0.00118659|0.0398377|0.0365406,0.000178506|0.0181411|0.0195364|0.049061|0.0250863|0.0470058|0.0178703|0.0161829|0.0210615|0.0378122|0.00291922|0.0230682|0.0273051|0.0127317|0.0283975|0.0421608|0.00176737|0.0151024|0.0130093,0.973537|0.923215|0.951762|0.906626|0.936129|0.989289|0.972158|0.953313|0.904866|0.910795|0.962742|0.985376|0.917619|0.968894|0.963898|0.951514|0.967717|0.965406|0.98883,4.63983|4.79469|0.85792|0.762282|3.39264|0.578949|5.42296|0.10397|4.56594|1.89272|0.0327787|4.5695|1.56082|4.74216|3.51107|4.90362|4.1126|0.0104102|4.04415,90.7492|58.7029|54.7186|56.2706|63.5216|21.8454|69.5993|23.0914|27.3162|32.2763|49.6282|52.1141|30.2686|88.6198|37.2729|35.0583|56.1703|83.3731,0.215706|0.201188|0.208433|0.226178|0.207806|0.220509|0.204659|0.18593|0.231681|0.240047|0.180772|0.184605|0.239023|0.228013|0.176784|0.209201|0.247907|0.197114,0.53635|0.666395|0.448351|0.725021|0.844544|0.936019|0.237533|0.12287|0.750497|0.895675|0.511755|0.200735|0.514427|0.84397|0.943162|0.297185|0.827328|0.942894,0.869523,0.801463,0.117836,0.0993652,0.460468,0.534015,0.0732846,0.487967,0.198257,0.921169,51.6436,5.43263e-12,47756,0.887486,41.1981,1.06086e-12,38445,0.895553,0.876428,0.0878307,0.631141,0.996144,0.511517,0.22039,0.459803,0.228135,0.891603,87.9902,7.64954e-10,30733,0.967162,70.4477,9.04596e-11,52512
24,602,n1->n99->n98->n57->n74->n22->n21->n20->n19->n18->n70->n87->n86->n76->n69->n28->n27->n52->n51,5.37021e+09|1.57108e+10|1.8266e+13|4.14288e+09|5.8385e+13|1.47e+10|1.56161e+12|4.0293e+11|2.47533e+11|7.59179e+12|6.87309e+13|7.3435e+12|3.85304e+10|4.21804e+13|8.81277e+09|1.34247e+11|4.19351e+12|1.02428e+10|7.46708e+11,8.19724e+08|4.21389e+09|5.99087e+12|2.05006e+09|7.35096e+12|9.51029e+09|3.02345e+11|1.89646e+11|2.33399e+11|4.11836e+12|9.78332e+12|2.79916e+12|4.69095e+09|1.15782e+13|7.57626e+09|1.51805e+10|8.73344e+11|2.07235e+09|5.06847e+11,0.000494453|0.00089026|0.000410965|0.000173612|0.000875739|1.77434e-05|0.00096308|5.21063e-05|0.000261527|2.98936e-05|5.13815e-05|0.000634307|6.21631e-05|1.88608e-05|0.000268039|0.00056516|1.08528e-05|0.00011644|0.000185382,0.000316017|0.000350126|0.000548485|0.00271581|0.00944671|0.0006856|0.00195589|0.000368678|0.000768065|0.000681499|0.00295865|0.00151267|0.00341054|0.00214239|0.00367819|0.0093172|0.00262605|0.00580301|0.00344885,0.0109342|0.0362414|0.0295222|0.0328142|0.0280357|0.0408661|0.00712365|0.0108696|0.0201979|0.0192976|0.0286141|0.0186268|0.0237043|0.00156873|0.022957|0.0317261|0.0303206|0.0398377|0.0365406,0.000178506|0.0472365|0.0297366|0.0437642|0.0166219|0.040072|0.0414669|0.0181411|0.0291803|0.0120519|0.0216638|0.00979507|0.0488574|0.0470058|0.0100342|0.03841|0.0230682|0.0151024|0.0130093,0.973537|0.953794|0.959539|0.983348|0.90082|0.95984|0.971602|0.923215|0.941018|0.946711|0.966653|0.977244|0.981332|0.989289|0.975915|0.948072|0.985376|0.965406|0.98883,4.63983|3.07459|2.95405|1.93323|0.0974208|0.048646|3.14177|4.79469|1.39448|4.38273|4.60778|2.33192|4.96971|0.578949|2.99986|1.48687|4.5695|0.0104102|4.04415,66.2586|58.4557|98.2355|95.6836|63.8366|55.6995|76.7594|86.2435|34.0839|55.8812|39.9413|88.9922|37.5994|66.666|97.1045|23.5709|46.2248|83.3731,0.180129|0.227784|0.190047|0.169856|0.241428|0.206062|0.218425|0.182991|0.248409|0.234874|0.180359|0.246364|0.17745|0.212271|0.207556|0.207151|0.183493|0.197114,0.323551|0.686264|0.757428|0.815246|0.480684|0.677391|0.515127|0.182796|0.983209|0.16843|0.129355|0.83582|0.871942|0.890059|0.438091|0.340196|0.657987|0.942894,0.869523,0.801463,0.117836,0.0993652,0.460468,0.534015,0.0732846,0.487967,0.198257,0.921169,51.6436,5.43263e-12,47756,0.887486,41.1981,1.06086e-12,38445,0.895553,0.876428,0.0878307,0.631141,0.996144,0.511517,0.22039,0.459803,0.228135,0.891603,87.9902,7.64954e-10,30733,0.967162,70.4477,9.04596e-11,52512
24,603,n1->n99->n77->n93->n64->n49->n47->n45->n43->n41->n39->n38->n67->n21->n20->n89->n48->n50->n51,5.37021e+09|1.57108e+10|5.68112e+11|4.22601e+13|4.21034e+09|2.45005e+09|4.74236e+11|8.38488e+13|1.40931e+10|3.95737e+11|3.34792e+13|1.16426e+13|4.7483e+09|1.56161e+12|4.0293e+11|2.68119e+11|3.98001e+12|2.36425e+09|7.46708e+11,8.19724e+08|4.21389e+09|3.56307e+11|1.3774e+13|1.60867e+09|2.44458e+09|1.54765e+11|1.01787e+13|3.26577e+09|1.47899e+11|1.12013e+13|1.19258e+12|7.5553e+08|3.02345e+11|1.89646e+11|9.23423e+10|1.69514e+12|4.07889e+08|5.06847e+11,0.000494453|0.00089026|8.49487e-05|8.45967e-05|1.88732e-05|1.07426e-05|0.000202873|1.67225e-05|0.000955168|2.35935e-05|5.53896e-05|1.04425e-05|3.91885e-05|0.00096308|5.21063e-05|3.55201e-05|4.78153e-05|1.54283e-05|0.000185382,0.000316017|0.000350126|0.000906866|0.000162335|0.000135861|0.000979027|0.000266598|0.000742576|0.00344494|0.00412419|0.0025393|0.00950649|0.000640186|0.00195589|0.000368678|0.000111435|0.00544009|0.00907722|0.00344885,0.0109342|0.0362414|0.04851|0.0108045|0.0266797|0.0183567|0.00898217|0.00846218|0.0168583|0.00451081|0.00111942|0.0263713|0.029632|0.00712365|0.0108696|0.0107812|0.0455031|0.00638914|0.0365406,0.000178506|0.0472365|0.0115254|0.0326183|0.0436548|0.0388066|0.0488958|0.0342415|0.0482719|0.00491436|0.0449458|0.00318517|0.0482082|0.0414669|0.0181411|0.0401575|0.0360942|0.0483596|0.0130093,0.973537|0.953794|0.949999|0.912097|0.933821|0.969899|0.9108|0.934264|0.943219|0.923722|0.924329|0.902547|0.924883|0.971602|0.923215|0.926416|0.967439|0.910708|0.98883,4.63983|3.07459|0.722366|5.92115|5.77568|3.94615|6.27947|5.31688|2.3897|4.11092|1.19952|5.09423|2.06342|3.14177|4.79469|0.0868458|3.09858|5.41755|4.04415,66.2586|96.5216|51.9256|32.5899|77.768|91.8261|40.979|48.5398|43.4967|38.9947|52.0957|59.2872|42.5138|76.7594|18.2346|94.0077|23.5956|82.9474,0.180129|0.241387|0.247077|0.178102|0.165457|0.228404|0.216949|0.218428|0.160247|0.18226|0.199024|0.200548|0.197352|0.218425|0.231355|0.234363|0.191801|0.24308,0.323551|0.664018|0.469529|0.548301|0.348083|0.133861|0.317946|0.854577|0.922117|0.988985|0.46236|0.127053|0.602799|0.515127|0.595303|0.948873|0.688345|0.624607,0.869523,0.801463,0.117836,0.0993652,0.460468,0.534015,0.0732846,0.487967,0.198257,0.921169,51.6436,5.43263e-12,47756,0.887486,41.1981,1.06086e-12,38445,0.895553,0.876428,0.0878307,0.631141,0.996144,0.511517,0.22039,0.459803,0.228135,0.891603,87.9902,7.64954e-10,30733,0.967162,70.4477,9.04596e-11,52512
24,604,n1->n99->n97->n96->n20->n18->n17->n68->n22->n21->n23->n24->n33->n32->n34->n36->n64->n49->n51,5.37021e+09|1.57108e+10|2.90604e+09|2.51165e+12|4.0293e+11|7.59179e+12|1.51096e+11|1.31753e+09|1.47e+10|1.56161e+12|4.63033e+10|1.59557e+13|3.64323e+13|1.78367e+12|4.7313e+12|7.73972e+11|4.21034e+09|2.45005e+09|7.46708e+11,8.19724e+08|4.21389e+09|5.04144e+08|5.36324e+11|1.89646e+11|4.11836e+12|1.57582e+10|3.10679e+08|9.51029e+09|3.02345e+11|3.30225e+10|4.06569e+12|6.32377e+12|1.05491e+12|1.15705e+12|7.77593e+10|1.60867e+09|2.44458e+09|5.06847e+11,0.000494453|0.00089026|8.81202e-05|1.2987e-05|5.21063e-05|2.98936e-05|0.000261059|0.000223952|1.77434e-05|0.00096308|0.000277161|0.000193265|1.50316e-05|0.000179959|0.000140889|0.000426407|1.88732e-05|1.07426e-05|0.000185382,0.000316017|0.000350126|0.00494291|0.000286765|0.000368678|0.000681499|0.000513001|0.00843573|0.0006856|0.00195589|0.00418014|0.0012727|0.00213059|0.00292552|0.000270551|0.00396778|0.000135861|0.000979027|0.00344885,0.0109342|0.0362414|0.0381696|0.0377902|0.0108696|0.0192976|0.0430027|0.0370095|0.0408661|0.00712365|0.00314906|0.0433038|0.00968695|0.00778345|0.0276207|0.00497013|0.0266797|0.0183567|0.0365406,0.000178506|0.0472365|0.00800322|0.0195364|0.0181411|0.0120519|0.00442808|0.00589983|0.040072|0.0414669|0.0470385|0.00780618|0.0280967|0.0161829|0.0210615|0.0341912|0.0436548|0.0388066|0.0130093,0.973537|0.953794|0.90679|0.951762|0.923215|0.946711|0.974312|0.984554|0.95984|0.971602|0.92176|0.90929|0.923653|0.953313|0.904866|0.94998|0.933821|0.969899|0.98883,4.63983|3.07459|1.41691|0.85792|4.79469|4.38273|5.11322|5.26958|0.048646|3.14177|2.08786|3.9732|1.04264|0.10397|4.56594|3.70656|5.77568|3.94615|4.04415,66.2586|94.4507|37.9513|58.7029|89.2299|43.2583|23.9015|15.3326|55.6995|88.4205|44.8869|98.0873|61.2747|23.0914|89.5651|43.8659|77.768|10.4661,0.180129|0.168303|0.246589|0.201188|0.247215|0.218822|0.236806|0.236297|0.206062|0.232237|0.161116|0.239791|0.208144|0.18593|0.241996|0.241695|0.165457|0.216931,0.323551|0.263233|0.157157|0.666395|0.652252|0.981182|0.2818|0.655447|0.677391|0.516177|0.528582|0.939209|0.704271|0.12287|0.265381|0.590576|0.348083|0.516407,0.869523,0.801463,0.117836,0.0993652,0.460468,0.534015,0.0732846,0.487967,0.198257,0.921169,51.6436,5.43263e-12,47756,0.887486,41.1981,1.06086e-12,38445,0.895553,0.876428,0.0878307,0.631141,0.996144,0.511517,0.22039,0.459803,0.228135,0.891603,87.9902,7.64954e-10,30733,0.967162,70.4477,9.04596e-11,52512
24,605,n1->n20->n21->n22->n68->n19->n18->n16->n38->n67->n64->n65->n85->n78->n80->n82->n63->n61->n51,5.37021e+09|4.0293e+11|1.56161e+12|1.47e+10|1.31753e+09|2.47533e+11|7.59179e+12|1.09193e+13|1.16426e+13|4.7483e+09|4.21034e+09|1.12599e+09|2.02447e+09|3.25238e+10|2.45686e+13|1.07979e+13|6.55204e+12|6.44979e+11|7.46708e+11,8.19724e+08|1.89646e+11|3.02345e+11|9.51029e+09|3.10679e+08|2.33399e+11|4.11836e+12|1.33827e+12|1.19258e+12|7.5553e+08|1.60867e+09|3.2906e+08|2.41326e+08|2.30731e+10|2.75437e+12|1.66379e+12|2.63574e+12|1.30372e+11|5.06847e+11,0.000494453|5.21063e-05|0.00096308|1.77434e-05|0.000223952|0.000261527|2.98936e-05|3.71682e-05|1.04425e-05|3.91885e-05|1.88732e-05|1.96575e-05|2.04325e-05|0.000270955|1.13052e-05|0.000837919|0.000116235|3.71253e-05|0.000185382,0.000316017|0.000368678|0.00195589|0.0006856|0.00843573|0.000768065|0.000681499|0.00174713|0.00950649|0.000640186|0.000135861|0.000428116|0.000338175|0.00167497|0.000238286|0.00271152|0.00126856|0.00313588|0.00344885,0.0109342|0.0108696|0.00712365|0.0408661|0.0370095|0.0201979|0.0192976|0.0123696|0.0263713|0.029632|0.0266797|0.00118659|0.0354515|0.00569443|0.00592883|0.0278433|0.0100727|0.0266048|0.0365406,0.000178506|0.0181411|0.0414669|0.040072|0.00589983|0.0291803|0.0120519|0.0240438|0.00318517|0.0482082|0.0436548|0.00176737|0.0266209|0.0425349|0.0262948|0.0266174|0.0107197|0.0179693|0.0130093,0.973537|0.923215|0.971602|0.95984|0.984554|0.941018|0.946711|0.979533|0.902547|0.924883|0.933821|0.967717|0.940474|0.92832|0.919013|0.934435|0.903245|0.958619|0.98883,4.63983|4.79469|3.14177|0.048646|5.26958|1.39448|4.38273|1.69436|5.09423|2.06342|5.77568|4.1126|4.91715|3.3614|0.100836|0.132111|4.68449|2.63855|4.04415,90.7492|76.7594|55.6995|15.3326|67.5745|34.0839|72.2829|28.0546|59.2872|95.5844|56.7563|82.5435|67.1704|66.5291|47.0365|48.6997|47.0482|66.5616,0.215706|0.218425|0.206062|0.236297|0.2055|0.248409|0.180241|0.17367|0.200548|0.248978|0.186349|0.20461|0.184721|0.222935|0.231931|0.175742|0.167884|0.171721,0.53635|0.515127|0.677391|0.655447|0.968257|0.983209|0.553025|0.828443|0.127053|0.480161|0.927837|0.519435|0.609732|0.109088|0.796307|0.4301|0.410418|0.235817,0.869523,0.801463,0.117836,0.0993652,0.460468,0.534015,0.0732846,0.487967,0.198257,0.921169,51.6436,5.43263e-12,47756,0.887486,41.1981,1.06086e-12,38445,0.895553,0.876428,0.0878307,0.631141,0.996144,0.511517,0.22039,0.459803,0.228135,0.891603,87.9902,7.64954e-10,30733,0.967162,70.4477,9.04596e-11,52512
24,606,n1->n99->n98->n57->n55->n56->n84->n33->n31->n32->n30->n76->n86->n87->n88->n89->n48->n50->n51,5.37021e+09|1.57108e+10|1.8266e+13|4.14288e+09|8.84081e+12|1.1605e+12|1.07392e+09|3.64323e+13|4.79342e+12|1.78367e+12|1.26395e+10|4.21804e+13|3.85304e+10|7.3435e+12|9.00567e+12|2.68119e+11|3.98001e+12|2.36425e+09|7.46708e+11,8.19724e+08|4.21389e+09|5.99087e+12|2.05006e+09|4.69454e+12|5.65456e+11|9.00899e+08|6.32377e+12|4.42443e+12|1.05491e+12|1.81012e+09|1.15782e+13|4.69095e+09|2.79916e+12|8.66002e+12|9.23423e+10|1.69514e+12|4.07889e+08|5.06847e+11,0.000494453|0.00089026|0.000410965|0.000173612|4.06274e-05|1.7812e-05|2.14473e-05|1.50316e-05|0.00024651|0.000179959|4.789e-05|1.88608e-05|6.21631e-05|0.000634307|6.2721e-05|3.55201e-05|4.78153e-05|1.54283e-05|0.000185382,0.000316017|0.000350126|0.000548485|0.00271581|0.000128431|0.000830638|0.000434313|0.00213059|0.00308746|0.00292552|0.00655588|0.00214239|0.00341054|0.00151267|0.000480267|0.000111435|0.00544009|0.00907722|0.00344885,0.0109342|0.0362414|0.0295222|0.0328142|0.00843704|0.0231698|0.0473575|0.00968695|0.0211034|0.00778345|0.00398508|0.00156873|0.0237043|0.0186268|0.00850464|0.0107812|0.0455031|0.00638914|0.0365406,0.000178506|0.0472365|0.0297366|0.0437642|0.0314938|0.0417641|0.0366447|0.0280967|0.0151027|0.0161829|0.0178703|0.0470058|0.0488574|0.00979507|0.0237676|0.0401575|0.0360942|0.0483596|0.0130093,0.973537|0.953794|0.959539|0.983348|0.908585|0.944528|0.948551|0.923653|0.943878|0.953313|0.972158|0.989289|0.981332|0.977244|0.962132|0.926416|0.967439|0.910708|0.98883,4.63983|3.07459|2.95405|1.93323|3.37071|2.55597|5.42186|1.04264|4.82496|0.10397|5.42296|0.578949|4.96971|2.33192|1.9653|0.0868458|3.09858|5.41755|4.04415,66.2586|58.4557|98.2355|61.5999|95.3312|34.4372|59.7094|95.0453|86.0567|69.5993|21.8454|37.5994|88.9922|57.0974|92.4072|94.0077|23.5956|82.9474,0.180129|0.227784|0.190047|0.220389|0.167906|0.222961|0.183728|0.234751|0.16799|0.204659|0.220509|0.17745|0.246364|0.227675|0.203687|0.234363|0.191801|0.24308,0.323551|0.686264|0.757428|0.549818|0.402595|0.762891|0.218166|0.258586|0.799966|0.237533|0.936019|0.871942|0.83582|0.396625|0.876618|0.948873|0.688345|0.624607,0.869523,0.801463,0.117836,0.0993652,0.460468,0.534015,0.0732846,0.487967,0.198257,0.921169,51.6436,5.43263e-12,47756,0.887486,41.1981,1.06086e-12,38445,0.895553,0.876428,0.0878307,0.631141,0.996144,0.511517,0.22039,0.459803,0.228135,0.891603,87.9902,7.64954e-10,30733,0.967162,70.4477,9.04596e-11,52512
24,607,n1->n99->n97->n96->n20->n18->n19->n17->n68->n58->n85->n78->n76->n30->n32->n31->n29->n50->n51,5.37021e+09|1.57108e+10|2.90604e+09|2.51165e+12|4.0293e+11|7.59179e+12|2.47533e+11|1.51096e+11|1.31753e+09|8.16696e+09|2.02447e+09|3.25238e+10|4.21804e+13|1.26395e+10|1.78367e+12|4.79342e+12|3.6336e+13|2.36425e+09|7.46708e+11,8.19724e+08|4.21389e+09|5.04144e+08|5.36324e+11|1.89646e+11|4.11836e+12|2.33399e+11|1.57582e+10|3.10679e+08|6.89506e+09|2.41326e+08|2.30731e+10|1.15782e+13|1.81012e+09|1.05491e+12|4.42443e+12|1.77292e+13|4.07889e+08|5.06847e+11,0.000494453|0.00089026|8.81202e-05|1.2987e-05|5.21063e-05|2.98936e-05|0.000261527|0.000261059|0.000223952|0.000266735|2.04325e-05|0.000270955|1.88608e-05|4.789e-05|0.000179959|0.00024651|0.000125062|1.54283e-05|0.000185382,0.000316017|0.000350126|0.00494291|0.000286765|0.000368678|0.000681499|0.000768065|0.000513001|0.00843573|0.00874893|0.000338175|0.00167497|0.00214239|0.00655588|0.00292552|0.00308746|0.00231296|0.00907722|0.00344885,0.0109342|0.0362414|0.0381696|0.0377902|0.0108696|0.0192976|0.0201979|0.0430027|0.0370095|0.0248478|0.0354515|0.00569443|0.00156873|0.00398508|0.00778345|0.0211034|0.0255931|0.00638914|0.0365406,0.000178506|0.0472365|0.00800322|0.0195364|0.0181411|0.0120519|0.0291803|0.00442808|0.00589983|0.0481122|0.0266209|0.0425349|0.0470058|0.0178703|0.0161829|0.0151027|0.00291922|0.0483596|0.0130093,0.973537|0.953794|0.90679|0.951762|0.923215|0.946711|0.941018|0.974312|0.984554|0.911658|0.940474|0.92832|0.989289|0.972158|0.953313|0.943878|0.962742|0.910708|0.98883,4.63983|3.07459|1.41691|0.85792|4.79469|4.38273|1.39448|5.11322|5.26958|3.70937|4.91715|3.3614|0.578949|5.42296|0.10397|4.82496|0.0327787|5.41755|4.04415,66.2586|94.4507|37.9513|58.7029|89.2299|34.0839|10.3361|23.9015|56.905|90.6886|67.1704|69.3348|21.8454|69.5993|86.0567|70.4589|37.0378|82.9474,0.180129|0.168303|0.246589|0.201188|0.247215|0.248409|0.172286|0.236806|0.185169|0.194345|0.184721|0.194827|0.220509|0.204659|0.16799|0.246199|0.191256|0.24308,0.323551|0.263233|0.157157|0.666395|0.652252|0.983209|0.559133|0.2818|0.476138|0.45102|0.609732|0.93416|0.936019|0.237533|0.799966|0.415176|0.182586|0.624607,0.869523,0.801463,0.117836,0.0993652,0.460468,0.534015,0.0732846,0.487967,0.198257,0.921169,51.6436,5.43263e-12,47756,0.887486,41.1981,1.06086e-12,38445,0.895553,0.876428,0.0878307,0.631141,0.996144,0.511517,0.22039,0.459803,0.228135,0.891603,87.9902,7.64954e-10,30733,0.967162,70.4477,9.04596e-11,52512
24,608,n1->n13->n14->n12->n8->n10->n73->n72->n45->n43->n44->n41->n39->n37->n81->n79->n63->n61->n51,5.37021e+09|6.60497e+13|3.70261e+10|9.70597e+10|4.61239e+13|2.49624e+09|1.41706e+11|6.83442e+09|8.38488e+13|1.40931e+10|5.26537e+13|3.95737e+11|3.34792e+13|2.79748e+13|2.58887e+10|1.47019e+10|6.55204e+12|6.44979e+11|7.46708e+11,8.19724e+08|8.87204e+12|1.44234e+10|2.76143e+10|1.04208e+13|7.32581e+08|5.76853e+10|1.48353e+09|1.01787e+13|3.26577e+09|2.86817e+13|1.47899e+11|1.12013e+13|4.96975e+12|8.36206e+09|4.87652e+09|2.63574e+12|1.30372e+11|5.06847e+11,0.000494453|0.000787814|3.25754e-05|0.000201974|6.6054e-05|6.27016e-05|6.32916e-05|0.000159499|1.67225e-05|0.000955168|0.000124649|2.35935e-05|5.53896e-05|1.06248e-05|0.000268232|0.000133131|0.000116235|3.71253e-05|0.000185382,0.000316017|0.00788063|0.000181646|0.0016732|0.00522046|0.00113469|0.000807753|0.00384342|0.000742576|0.00344494|0.00158999|0.00412419|0.0025393|0.000261291|0.000752991|0.000479664|0.00126856|0.00313588|0.00344885,0.0109342|0.0476737|0.0426128|0.0313381|0.0318744|0.00597815|0.0455502|0.0479977|0.00846218|0.0168583|0.0486405|0.00451081|0.00111942|0.0457563|0.0481357|0.0252961|0.0100727|0.0266048|0.0365406,0.000178506|0.00335145|0.049061|0.0470205|0.0483133|0.0245713|0.028193|0.0299903|0.0342415|0.0482719|0.00764508|0.00491436|0.0449458|0.0105712|0.00997263|0.0203026|0.0107197|0.0179693|0.0130093,0.973537|0.954869|0.906626|0.937315|0.975256|0.962416|0.909539|0.96924|0.934264|0.943219|0.932977|0.923722|0.924329|0.964079|0.948836|0.966262|0.903245|0.958619|0.98883,4.63983|5.26639|0.762282|3.07758|3.22282|1.97158|3.29092|3.90463|5.31688|2.3897|2.64532|4.11092|1.19952|4.96174|1.5908|3.41737|4.68449|2.63855|4.04415,79.8117|92.5451|51.9585|81.3396|99.595|29.3778|29.1617|63.1262|48.5398|69.1985|12.7315|38.9947|31.554|88.8597|26.55|16.1844|47.0482|66.5616,0.246796|0.191459|0.222459|0.186476|0.184434|0.202302|0.178937|0.243732|0.218428|0.210513|0.246433|0.18226|0.195005|0.211898|0.238834|0.22961|0.167884|0.171721,0.338018|0.161307|0.326911|0.379326|0.703378|0.747283|0.920295|0.65643|0.854577|0.374145|0.665882|0.988985|0.711047|0.430076|0.957633|0.217843|0.410418|0.235817,0.869523,0.801463,0.117836,0.0993652,0.460468,0.534015,0.0732846,0.487967,0.198257,0.921169,51.6436,5.43263e-12,47756,0.887486,41.1981,1.06086e-12,38445,0.895553,0.876428,0.0878307,0.631141,0.996144,0.511517,0.22039,0.459803,0.228135,0.891603,87.9902,7.64954e-10,30733,0.967162,70.4477,9.04596e-11,52512
24,609,n1->n99->n77->n72->n73->n75->n74->n35->n33->n84->n56->n54->n55->n57->n83->n85->n65->n52->n51,5.37021e+09|1.57108e+10|5.68112e+11|6.83442e+09|1.41706e+11|8.71921e+10|5.8385e+13|5.77859e+11|3.64323e+13|1.07392e+09|1.1605e+12|2.80961e+11|8.84081e+12|4.14288e+09|3.76373e+13|2.02447e+09|1.12599e+09|1.02428e+10|7.46708e+11,8.19724e+08|4.21389e+09|3.56307e+11|1.48353e+09|5.76853e+10|5.29113e+10|7.35096e+12|4.88834e+11|6.32377e+12|9.00899e+08|5.65456e+11|2.23178e+11|4.69454e+12|2.05006e+09|2.34723e+13|2.41326e+08|3.2906e+08|2.07235e+09|5.06847e+11,0.000494453|0.00089026|8.49487e-05|0.000159499|6.32916e-05|0.000766915|0.000875739|0.000412952|1.50316e-05|2.14473e-05|1.7812e-05|1.47667e-05|4.06274e-05|0.000173612|1.86087e-05|2.04325e-05|1.96575e-05|0.00011644|0.000185382,0.000316017|0.000350126|0.000906866|0.00384342|0.000807753|0.000203965|0.00944671|0.00138752|0.00213059|0.000434313|0.000830638|0.00549128|0.000128431|0.00271581|0.000175452|0.000338175|0.000428116|0.00580301|0.00344885,0.0109342|0.0362414|0.04851|0.0479977|0.0455502|0.0243876|0.0280357|0.00215298|0.00968695|0.0473575|0.0231698|0.0334079|0.00843704|0.0328142|0.015405|0.0354515|0.00118659|0.0398377|0.0365406,0.000178506|0.0472365|0.0115254|0.0299903|0.028193|0.0250863|0.0166219|0.0375959|0.0280967|0.0366447|0.0417641|0.00844474|0.0314938|0.0437642|0.038157|0.0266209|0.00176737|0.0151024|0.0130093,0.973537|0.953794|0.949999|0.96924|0.909539|0.936129|0.90082|0.952159|0.923653|0.948551|0.944528|0.927525|0.908585|0.983348|0.947801|0.940474|0.967717|0.965406|0.98883,4.63983|3.07459|0.722366|3.90463|3.29092|3.39264|0.0974208|5.24666|1.04264|5.42186|2.55597|1.22009|3.37071|1.93323|4.11052|4.91715|4.1126|0.0104102|4.04415,66.2586|96.5216|92.3918|29.1617|85.6152|64.3401|67.7415|93.5115|59.7094|34.4372|42.6814|27.8669|61.5999|50.003|92.2019|82.5435|56.1703|83.3731,0.180129|0.241387|0.167022|0.178937|0.185893|0.220369|0.161632|0.242679|0.183728|0.222961|0.167734|0.169326|0.220389|0.1911|0.231254|0.20461|0.247907|0.197114,0.323551|0.664018|0.776051|0.920295|0.624191|0.119032|0.301798|0.487093|0.218166|0.762891|0.927159|0.414082|0.549818|0.161388|0.604504|0.519435|0.827328|0.942894,0.869523,0.801463,0.117836,0.0993652,0.460468,0.534015,0.0732846,0.487967,0.198257,0.921169,51.6436,5.43263e-12,47756,0.887486,41.1981,1.06086e-12,38445,0.895553,0.876428,0.0878307,0.631141,0.996144,0.511517,0.22039,0.459803,0.228135,0.891603,87.9902,7.64954e-10,30733,0.967162,70.4477,9.04596e-11,52512
24,610,n1->n99->n97->n95->n93->n91->n92->n94->n96->n20->n89->n48->n50->n59->n60->n62->n64->n49->n51,5.37021e+09|1.57108e+10|2.90604e+09|1.05601e+11|4.22601e+13|2.84652e+12|1.97334e+09|1.36531e+10|2.51165e+12|4.0293e+11|2.68119e+11|3.98001e+12|2.36425e+09|3.04563e+11|8.79841e+13|2.37342e+11|4.21034e+09|2.45005e+09|7.46708e+11,8.19724e+08|4.21389e+09|5.04144e+08|5.46554e+10|1.3774e+13|3.57264e+11|1.46451e+09|1.67171e+09|5.36324e+11|1.89646e+11|9.23423e+10|1.69514e+12|4.07889e+08|3.06423e+10|5.95756e+13|1.13053e+11|1.60867e+09|2.44458e+09|5.06847e+11,0.000494453|0.00089026|8.81202e-05|0.000260968|8.45967e-05|6.93267e-05|2.75832e-05|2.95455e-05|1.2987e-05|5.21063e-05|3.55201e-05|4.78153e-05|1.54283e-05|2.43107e-05|0.000731749|8.24006e-05|1.88732e-05|1.07426e-05|0.000185382,0.000316017|0.000350126|0.00494291|0.000186877|0.000162335|0.00599677|0.0052688|0.000125263|0.000286765|0.000368678|0.000111435|0.00544009|0.00907722|0.000202742|0.000248463|0.00794111|0.000135861|0.000979027|0.00344885,0.0109342|0.0362414|0.0381696|0.00282907|0.0108045|0.008036|0.0444618|0.00830448|0.0377902|0.0108696|0.0107812|0.0455031|0.00638914|0.00304046|0.0128442|0.0242596|0.0266797|0.0183567|0.0365406,0.000178506|0.0472365|0.00800322|0.0420997|0.0326183|0.015498|0.0387741|0.0293842|0.0195364|0.0181411|0.0401575|0.0360942|0.0483596|0.0474075|0.0431033|0.0480911|0.0436548|0.0388066|0.0130093,0.973537|0.953794|0.90679|0.966581|0.912097|0.964407|0.987763|0.927471|0.951762|0.923215|0.926416|0.967439|0.910708|0.99171|0.945549|0.98053|0.933821|0.969899|0.98883,4.63983|3.07459|1.41691|1.09944|5.92115|5.6679|6.03913|5.03384|0.85792|4.79469|0.0868458|3.09858|5.41755|5.60303|4.50487|5.59786|5.77568|3.94615|4.04415,66.2586|94.4507|11.8968|24.941|26.8753|32.3713|13.5087|71.0086|58.7029|18.2346|94.0077|23.5956|47.7013|76.8491|48.3985|93.0484|77.768|10.4661,0.180129|0.168303|0.228013|0.237661|0.203549|0.161013|0.230182|0.230021|0.201188|0.231355|0.234363|0.191801|0.170229|0.204072|0.17162|0.176232|0.165457|0.216931,0.323551|0.263233|0.342677|0.985064|0.21516|0.940947|0.731663|0.131268|0.666395|0.595303|0.948873|0.688345|0.776444|0.509755|0.641887|0.182879|0.348083|0.516407,0.869523,0.801463,0.117836,0.0993652,0.460468,0.534015,0.0732846,0.487967,0.198257,0.921169,51.6436,5.43263e-12,47756,0.887486,41.1981,1.06086e-12,38445,0.895553,0.876428,0.0878307,0.631141,0.996144,0.511517,0.22039,0.459803,0.228135,0.891603,87.9902,7.64954e-10,30733,0.967162,70.4477,9.04596e-11,52512
24,611,n1->n13->n12->n6->n33->n84->n56->n55->n54->n82->n63->n42->n44->n78->n76->n75->n14->n96->n94->n51,5.37021e+09|6.60497e+13|9.70597e+10|1.14208e+09|3.64323e+13|1.07392e+09|1.1605e+12|8.84081e+12|2.80961e+11|1.07979e+13|6.55204e+12|2.42905e+09|5.26537e+13|3.25238e+10|4.21804e+13|8.71921e+10|3.70261e+10|2.51165e+12|1.36531e+10|7.46708e+11,8.19724e+08|8.87204e+12|2.76143e+10|2.20459e+08|6.32377e+12|9.00899e+08|5.65456e+11|4.69454e+12|2.23178e+11|1.66379e+12|2.63574e+12|2.47264e+08|2.86817e+13|2.30731e+10|1.15782e+13|5.29113e+10|1.44234e+10|5.36324e+11|1.67171e+09|5.06847e+11,0.000494453|0.000787814|0.000201974|1.08483e-05|1.50316e-05|2.14473e-05|1.7812e-05|4.06274e-05|1.47667e-05|0.000837919|0.000116235|8.79758e-05|0.000124649|0.000270955|1.88608e-05|0.000766915|3.25754e-05|1.2987e-05|2.95455e-05|0.000185382,0.000316017|0.00788063|0.0016732|0.00010157|0.00213059|0.000434313|0.000830638|0.000128431|0.00549128|0.00271152|0.00126856|0.000493531|0.00158999|0.00167497|0.00214239|0.000203965|0.000181646|0.000286765|0.000125263|0.00344885,0.0109342|0.0476737|0.0313381|0.00160082|0.00968695|0.0473575|0.0231698|0.00843704|0.0334079|0.0278433|0.0100727|0.00783732|0.0486405|0.00569443|0.00156873|0.0243876|0.0426128|0.0377902|0.00830448|0.0365406,0.000178506|0.00335145|0.0470205|0.0260762|0.0280967|0.0366447|0.0417641|0.0314938|0.00844474|0.0266174|0.0107197|0.0327962|0.00764508|0.0425349|0.0470058|0.0250863|0.049061|0.0195364|0.0293842|0.0130093,0.973537|0.954869|0.937315|0.908628|0.923653|0.948551|0.944528|0.908585|0.927525|0.934435|0.903245|0.960936|0.932977|0.92832|0.989289|0.936129|0.906626|0.951762|0.927471|0.98883,4.63983|5.26639|3.07758|5.01633|1.04264|5.42186|2.55597|3.37071|1.22009|0.132111|4.68449|0.765875|2.64532|3.3614|0.578949|3.39264|0.762282|0.85792|5.03384|4.04415,79.8117|56.34|32.9383|50.0569|59.7094|34.4372|95.3312|27.8669|41.1455|48.6997|97.0433|21.0603|88.5528|69.3348|63.5216|56.2706|54.7186|71.0086|11.2844,0.246796|0.206669|0.230728|0.19306|0.183728|0.222961|0.167906|0.169326|0.242874|0.175742|0.211509|0.23095|0.200088|0.194827|0.207806|0.226178|0.208433|0.230021|0.200895,0.338018|0.285239|0.628307|0.116472|0.218166|0.762891|0.402595|0.414082|0.378494|0.4301|0.758395|0.399278|0.134865|0.93416|0.844544|0.725021|0.448351|0.131268|0.836539,0.869523,0.801463,0.117836,0.0993652,0.460468,0.534015,0.0732846,0.487967,0.198257,0.921169,51.6436,5.43263e-12,47756,0.887486,41.1981,1.06086e-12,38445,0.895553,0.876428,0.0878307,0.631141,0.996144,0.511517,0.22039,0.459803,0.228135,0.891603,87.9902,7.64954e-10,30733,0.967162,70.4477,9.04596e-11,52512
24,612,n1->n99->n77->n72->n73->n54->n53->n52->n27->n97->n95->n82->n80->n78->n76->n69->n28->n29->n50->n51,5.37021e+09|1.57108e+10|5.68112e+11|6.83442e+09|1.41706e+11|2.80961e+11|4.60474e+10|1.02428e+10|4.19351e+12|2.90604e+09|1.05601e+11|1.07979e+13|2.45686e+13|3.25238e+10|4.21804e+13|8.81277e+09|1.34247e+11|3.6336e+13|2.36425e+09|7.46708e+11,8.19724e+08|4.21389e+09|3.56307e+11|1.48353e+09|5.76853e+10|2.23178e+11|3.18273e+10|2.07235e+09|8.73344e+11|5.04144e+08|5.46554e+10|1.66379e+12|2.75437e+12|2.30731e+10|1.15782e+13|7.57626e+09|1.51805e+10|1.77292e+13|4.07889e+08|5.06847e+11,0.000494453|0.00089026|8.49487e-05|0.000159499|6.32916e-05|1.47667e-05|2.00633e-05|0.00011644|1.08528e-05|8.81202e-05|0.000260968|0.000837919|1.13052e-05|0.000270955|1.88608e-05|0.000268039|0.00056516|0.000125062|1.54283e-05|0.000185382,0.000316017|0.000350126|0.000906866|0.00384342|0.000807753|0.00549128|0.000509085|0.00580301|0.00262605|0.00494291|0.000186877|0.00271152|0.000238286|0.00167497|0.00214239|0.00367819|0.0093172|0.00231296|0.00907722|0.00344885,0.0109342|0.0362414|0.04851|0.0479977|0.0455502|0.0334079|5.21659e-05|0.0398377|0.0303206|0.0381696|0.00282907|0.0278433|0.00592883|0.00569443|0.00156873|0.022957|0.0317261|0.0255931|0.00638914|0.0365406,0.000178506|0.0472365|0.0115254|0.0299903|0.028193|0.00844474|0.00115664|0.0151024|0.0230682|0.00800322|0.0420997|0.0266174|0.0262948|0.0425349|0.0470058|0.0100342|0.03841|0.00291922|0.0483596|0.0130093,0.973537|0.953794|0.949999|0.96924|0.909539|0.927525|0.913872|0.965406|0.985376|0.90679|0.966581|0.934435|0.919013|0.92832|0.989289|0.975915|0.948072|0.962742|0.910708|0.98883,4.63983|3.07459|0.722366|3.90463|3.29092|1.22009|0.640024|0.0104102|4.5695|1.41691|1.09944|0.132111|0.100836|3.3614|0.578949|2.99986|1.48687|0.0327787|5.41755|4.04415,66.2586|96.5216|92.3918|29.1617|26.1465|75.3264|81.3721|46.2248|31.5608|11.8968|75.699|47.0365|66.5291|69.3348|66.666|97.1045|18.7034|37.0378|82.9474,0.180129|0.241387|0.167022|0.178937|0.196311|0.191357|0.184589|0.183493|0.219936|0.228013|0.21275|0.231931|0.222935|0.194827|0.212271|0.207556|0.249902|0.191256|0.24308,0.323551|0.664018|0.776051|0.920295|0.754315|0.567841|0.272111|0.657987|0.557853|0.342677|0.837867|0.796307|0.109088|0.93416|0.890059|0.438091|0.259002|0.182586|0.624607,0.869523,0.801463,0.117836,0.0993652,0.460468,0.534015,0.0732846,0.487967,0.198257,0.921169,51.6436,5.43263e-12,47756,0.887486,41.1981,1.06086e-12,38445,0.895553,0.876428,0.0878307,0.631141,0.996144,0.511517,0.22039,0.459803,0.228135,0.891603,87.9902,7.64954e-10,30733,0.967162,70.4477,9.04596e-11,52512
24,613,n1->n13->n11->n29->n50->n60->n59->n90->n89->n48->n46->n62->n61->n63->n42->n40->n54->n53->n52->n51,5.37021e+09|6.60497e+13|1.78735e+12|3.6336e+13|2.36425e+09|8.79841e+13|3.04563e+11|1.33273e+11|2.68119e+11|3.98001e+12|5.53417e+12|2.37342e+11|6.44979e+11|6.55204e+12|2.42905e+09|3.58065e+10|2.80961e+11|4.60474e+10|1.02428e+10|7.46708e+11,8.19724e+08|8.87204e+12|3.29521e+11|1.77292e+13|4.07889e+08|5.95756e+13|3.06423e+10|6.41526e+10|9.23423e+10|1.69514e+12|1.63629e+12|1.13053e+11|1.30372e+11|2.63574e+12|2.47264e+08|4.14657e+09|2.23178e+11|3.18273e+10|2.07235e+09|5.06847e+11,0.000494453|0.000787814|5.47786e-05|0.000125062|1.54283e-05|0.000731749|2.43107e-05|0.000319756|3.55201e-05|4.78153e-05|0.000489732|8.24006e-05|3.71253e-05|0.000116235|8.79758e-05|6.01341e-05|1.47667e-05|2.00633e-05|0.00011644|0.000185382,0.000316017|0.00788063|0.00652494|0.00231296|0.00907722|0.000248463|0.000202742|0.000672662|0.000111435|0.00544009|0.000159088|0.00794111|0.00313588|0.00126856|0.000493531|0.00268841|0.00549128|0.000509085|0.00580301|0.00344885,0.0109342|0.0476737|0.00125292|0.0255931|0.00638914|0.0128442|0.00304046|0.0285929|0.0107812|0.0455031|0.029055|0.0242596|0.0266048|0.0100727|0.00783732|0.0249103|0.0334079|5.21659e-05|0.0398377|0.0365406,0.000178506|0.00335145|0.0136412|0.00291922|0.0483596|0.0431033|0.0474075|0.0372754|0.0401575|0.0360942|0.0302566|0.0480911|0.0179693|0.0107197|0.0327962|0.033399|0.00844474|0.00115664|0.0151024|0.0130093,0.973537|0.954869|0.988894|0.962742|0.910708|0.945549|0.99171|0.984478|0.926416|0.967439|0.923372|0.98053|0.958619|0.903245|0.960936|0.920308|0.927525|0.913872|0.965406|0.98883,4.63983|5.26639|0.923897|0.0327787|5.41755|4.50487|5.60303|4.02061|0.0868458|3.09858|0.31178|5.59786|2.63855|4.68449|0.765875|2.50002|1.22009|0.640024|0.0104102|4.04415,79.8117|13.9548|13.2112|37.0378|22.3088|76.8491|62.2588|12.726|94.0077|41.9872|56.7189|89.0369|47.0482|97.0433|77.6192|12.2677|75.3264|81.3721|83.3731,0.246796|0.189728|0.219003|0.191256|0.190841|0.204072|0.169222|0.226099|0.234363|0.178665|0.167864|0.198053|0.167884|0.211509|0.243521|0.248162|0.191357|0.184589|0.197114,0.338018|0.801183|0.427028|0.182586|0.323935|0.509755|0.361153|0.757755|0.948873|0.182289|0.624525|0.704733|0.410418|0.758395|0.14346|0.812759|0.567841|0.272111|0.942894,0.869523,0.801463,0.117836,0.0993652,0.460468,0.534015,0.0732846,0.487967,0.198257,0.921169,51.6436,5.43263e-12,47756,0.887486,41.1981,1.06086e-12,38445,0.895553,0.876428,0.0878307,0.631141,0.996144,0.511517,0.22039,0.459803,0.228135,0.891603,87.9902,7.64954e-10,30733,0.967162,70.4477,9.04596e-11,52512
24,614,n1->n20->n18->n17->n85->n65->n5->n7->n9->n10->n39->n38->n36->n34->n32->n33->n31->n29->n50->n51,5.37021e+09|4.0293e+11|7.59179e+12|1.51096e+11|2.02447e+09|1.12599e+09|2.91995e+11|3.81012e+11|1.49139e+12|2.49624e+09|3.34792e+13|1.16426e+13|7.73972e+11|4.7313e+12|1.78367e+12|3.64323e+13|4.79342e+12|3.6336e+13|2.36425e+09|7.46708e+11,8.19724e+08|1.89646e+11|4.11836e+12|1.57582e+10|2.41326e+08|3.2906e+08|4.67133e+10|6.70334e+10|3.79906e+11|7.32581e+08|1.12013e+13|1.19258e+12|7.77593e+10|1.15705e+12|1.05491e+12|6.32377e+12|4.42443e+12|1.77292e+13|4.07889e+08|5.06847e+11,0.000494453|5.21063e-05|2.98936e-05|0.000261059|2.04325e-05|1.96575e-05|7.03031e-05|0.000475679|1.80008e-05|6.27016e-05|5.53896e-05|1.04425e-05|0.000426407|0.000140889|0.000179959|1.50316e-05|0.00024651|0.000125062|1.54283e-05|0.000185382,0.000316017|0.000368678|0.000681499|0.000513001|0.000338175|0.000428116|0.000196916|0.00104538|0.00065196|0.00113469|0.0025393|0.00950649|0.00396778|0.000270551|0.00292552|0.00213059|0.00308746|0.00231296|0.00907722|0.00344885,0.0109342|0.0108696|0.0192976|0.0430027|0.0354515|0.00118659|0.00731162|0.01754|0.0140743|0.00597815|0.00111942|0.0263713|0.00497013|0.0276207|0.00778345|0.00968695|0.0211034|0.0255931|0.00638914|0.0365406,0.000178506|0.0181411|0.0120519|0.00442808|0.0266209|0.00176737|0.0421608|0.0283975|0.033904|0.0245713|0.0449458|0.00318517|0.0341912|0.0210615|0.0161829|0.0280967|0.0151027|0.00291922|0.0483596|0.0130093,0.973537|0.923215|0.946711|0.974312|0.940474|0.967717|0.951514|0.963898|0.963574|0.962416|0.924329|0.902547|0.94998|0.904866|0.953313|0.923653|0.943878|0.962742|0.910708|0.98883,4.63983|4.79469|4.38273|5.11322|4.91715|4.1126|4.90362|3.51107|5.88966|1.97158|1.19952|5.09423|3.70656|4.56594|0.10397|1.04264|4.82496|0.0327787|5.41755|4.04415,90.7492|89.2299|43.2583|84.7043|82.5435|35.0583|37.2729|59.8148|65.9961|24.4191|52.0957|61.2725|89.5651|23.0914|61.2747|95.0453|70.4589|37.0378|82.9474,0.215706|0.247215|0.218822|0.225161|0.20461|0.209201|0.176784|0.18359|0.193896|0.239532|0.199024|0.204351|0.241996|0.18593|0.208144|0.234751|0.246199|0.191256|0.24308,0.53635|0.652252|0.981182|0.880608|0.519435|0.297185|0.943162|0.339058|0.982181|0.991722|0.46236|0.413834|0.265381|0.12287|0.704271|0.258586|0.415176|0.182586|0.624607,0.869523,0.801463,0.117836,0.0993652,0.460468,0.534015,0.0732846,0.487967,0.198257,0.921169,51.6436,5.43263e-12,47756,0.887486,41.1981,1.06086e-12,38445,0.895553,0.876428,0.0878307,0.631141,0.996144,0.511517,0.22039,0.459803,0.228135,0.891603,87.9902,7.64954e-10,30733,0.967162,70.4477,9.04596e-11,52512
24,615,n1->n99->n98->n57->n55->n53->n52->n65->n85->n83->n81->n79->n63->n61->n62->n46->n47->n48->n50->n51,5.37021e+09|1.57108e+10|1.8266e+13|4.14288e+09|8.84081e+12|4.60474e+10|1.02428e+10|1.12599e+09|2.02447e+09|3.76373e+13|2.58887e+10|1.47019e+10|6.55204e+12|6.44979e+11|2.37342e+11|5.53417e+12|4.74236e+11|3.98001e+12|2.36425e+09|7.46708e+11,8.19724e+08|4.21389e+09|5.99087e+12|2.05006e+09|4.69454e+12|3.18273e+10|2.07235e+09|3.2906e+08|2.41326e+08|2.34723e+13|8.36206e+09|4.87652e+09|2.63574e+12|1.30372e+11|1.13053e+11|1.63629e+12|1.54765e+11|1.69514e+12|4.07889e+08|5.06847e+11,0.000494453|0.00089026|0.000410965|0.000173612|4.06274e-05|2.00633e-05|0.00011644|1.96575e-05|2.04325e-05|1.86087e-05|0.000268232|0.000133131|0.000116235|3.71253e-05|8.24006e-05|0.000489732|0.000202873|4.78153e-05|1.54283e-05|0.000185382,0.000316017|0.000350126|0.000548485|0.00271581|0.000128431|0.000509085|0.00580301|0.000428116|0.000338175|0.000175452|0.000752991|0.000479664|0.00126856|0.00313588|0.00794111|0.000159088|0.000266598|0.00544009|0.00907722|0.00344885,0.0109342|0.0362414|0.0295222|0.0328142|0.00843704|5.21659e-05|0.0398377|0.00118659|0.0354515|0.015405|0.0481357|0.0252961|0.0100727|0.0266048|0.0242596|0.029055|0.00898217|0.0455031|0.00638914|0.0365406,0.000178506|0.0472365|0.0297366|0.0437642|0.0314938|0.00115664|0.0151024|0.00176737|0.0266209|0.038157|0.00997263|0.0203026|0.0107197|0.0179693|0.0480911|0.0302566|0.0488958|0.0360942|0.0483596|0.0130093,0.973537|0.953794|0.959539|0.983348|0.908585|0.913872|0.965406|0.967717|0.940474|0.947801|0.948836|0.966262|0.903245|0.958619|0.98053|0.923372|0.9108|0.967439|0.910708|0.98883,4.63983|3.07459|2.95405|1.93323|3.37071|0.640024|0.0104102|4.1126|4.91715|4.11052|1.5908|3.41737|4.68449|2.63855|5.59786|0.31178|6.27947|3.09858|5.41755|4.04415,66.2586|58.4557|98.2355|61.5999|30.3781|81.3721|56.1703|82.5435|92.2019|78.7627|26.55|16.1844|47.0482|89.0369|56.7189|71.5316|78.8723|23.5956|82.9474,0.180129|0.227784|0.190047|0.220389|0.207992|0.184589|0.247907|0.20461|0.231254|0.170031|0.238834|0.22961|0.167884|0.198053|0.167864|0.196056|0.239998|0.191801|0.24308,0.323551|0.686264|0.757428|0.549818|0.646488|0.272111|0.827328|0.519435|0.604504|0.530775|0.957633|0.217843|0.410418|0.704733|0.624525|0.758317|0.300482|0.688345|0.624607,0.869523,0.801463,0.117836,0.0993652,0.460468,0.534015,0.0732846,0.487967,0.198257,0.921169,51.6436,5.43263e-12,47756,0.887486,41.1981,1.06086e-12,38445,0.895553,0.876428,0.0878307,0.631141,0.996144,0.511517,0.22039,0.459803,0.228135,0.891603,87.9902,7.64954e-10,30733,0.967162,70.4477,9.04596e-11,52512
24,616,n1->n20->n21->n23->n24->n71->n72->n70->n69->n76->n86->n87->n88->n90->n59->n58->n85->n65->n52->n51,5.37021e+09|4.0293e+11|1.56161e+12|4.63033e+10|1.59557e+13|7.70008e+11|6.83442e+09|6.87309e+13|8.81277e+09|4.21804e+13|3.85304e+10|7.3435e+12|9.00567e+12|1.33273e+11|3.04563e+11|8.16696e+09|2.02447e+09|1.12599e+09|1.02428e+10|7.46708e+11,8.19724e+08|1.89646e+11|3.02345e+11|3.30225e+10|4.06569e+12|1.60546e+11|1.48353e+09|9.78332e+12|7.57626e+09|1.15782e+13|4.69095e+09|2.79916e+12|8.66002e+12|6.41526e+10|3.06423e+10|6.89506e+09|2.41326e+08|3.2906e+08|2.07235e+09|5.06847e+11,0.000494453|5.21063e-05|0.00096308|0.000277161|0.000193265|0.00017279|0.000159499|5.13815e-05|0.000268039|1.88608e-05|6.21631e-05|0.000634307|6.2721e-05|0.000319756|2.43107e-05|0.000266735|2.04325e-05|1.96575e-05|0.00011644|0.000185382,0.000316017|0.000368678|0.00195589|0.00418014|0.0012727|0.00123164|0.00384342|0.00295865|0.00367819|0.00214239|0.00341054|0.00151267|0.000480267|0.000672662|0.000202742|0.00874893|0.000338175|0.000428116|0.00580301|0.00344885,0.0109342|0.0108696|0.00712365|0.00314906|0.0433038|0.0398828|0.0479977|0.0286141|0.022957|0.00156873|0.0237043|0.0186268|0.00850464|0.0285929|0.00304046|0.0248478|0.0354515|0.00118659|0.0398377|0.0365406,0.000178506|0.0181411|0.0414669|0.0470385|0.00780618|0.0326729|0.0299903|0.0216638|0.0100342|0.0470058|0.0488574|0.00979507|0.0237676|0.0372754|0.0474075|0.0481122|0.0266209|0.00176737|0.0151024|0.0130093,0.973537|0.923215|0.971602|0.92176|0.90929|0.947193|0.96924|0.966653|0.975915|0.989289|0.981332|0.977244|0.962132|0.984478|0.99171|0.911658|0.940474|0.967717|0.965406|0.98883,4.63983|4.79469|3.14177|2.08786|3.9732|0.117525|3.90463|4.60778|2.99986|0.578949|4.96971|2.33192|1.9653|4.02061|5.60303|3.70937|4.91715|4.1126|0.0104102|4.04415,90.7492|76.7594|88.4205|44.8869|44.1502|45.8448|97.4405|74.5377|66.666|37.5994|88.9922|57.0974|14.1987|62.2588|56.397|90.6886|82.5435|56.1703|83.3731,0.215706|0.218425|0.232237|0.161116|0.204574|0.218487|0.180102|0.172691|0.212271|0.17745|0.246364|0.227675|0.244274|0.169222|0.21902|0.194345|0.20461|0.247907|0.197114,0.53635|0.515127|0.516177|0.528582|0.45026|0.29317|0.79408|0.416585|0.890059|0.871942|0.83582|0.396625|0.997795|0.361153|0.533324|0.45102|0.519435|0.827328|0.942894,0.869523,0.801463,0.117836,0.0993652,0.460468,0.534015,0.0732846,0.487967,0.198257,0.921169,51.6436,5.43263e-12,47756,0.887486,41.1981,1.06086e-12,38445,0.895553,0.876428,0.0878307,0.631141,0.996144,0.511517,0.22039,0.459803,0.228135,0.891603,87.9902,7.64954e-10,30733,0.967162,70.4477,9.04596e-11,52512
24,617,n1->n13->n15->n63->n79->n81->n80->n78->n76->n30->n32->n31->n35->n34->n36->n38->n37->n65->n52->n51,5.37021e+09|6.60497e+13|8.77071e+11|6.55204e+12|1.47019e+10|2.58887e+10|2.45686e+13|3.25238e+10|4.21804e+13|1.26395e+10|1.78367e+12|4.79342e+12|5.77859e+11|4.7313e+12|7.73972e+11|1.16426e+13|2.79748e+13|1.12599e+09|1.02428e+10|7.46708e+11,8.19724e+08|8.87204e+12|1.06991e+11|2.63574e+12|4.87652e+09|8.36206e+09|2.75437e+12|2.30731e+10|1.15782e+13|1.81012e+09|1.05491e+12|4.42443e+12|4.88834e+11|1.15705e+12|7.77593e+10|1.19258e+12|4.96975e+12|3.2906e+08|2.07235e+09|5.06847e+11,0.000494453|0.000787814|0.000182949|0.000116235|0.000133131|0.000268232|1.13052e-05|0.000270955|1.88608e-05|4.789e-05|0.000179959|0.00024651|0.000412952|0.000140889|0.000426407|1.04425e-05|1.06248e-05|1.96575e-05|0.00011644|0.000185382,0.000316017|0.00788063|0.00274771|0.00126856|0.000479664|0.000752991|0.000238286|0.00167497|0.00214239|0.00655588|0.00292552|0.00308746|0.00138752|0.000270551|0.00396778|0.00950649|0.000261291|0.000428116|0.00580301|0.00344885,0.0109342|0.0476737|0.0207315|0.0100727|0.0252961|0.0481357|0.00592883|0.00569443|0.00156873|0.00398508|0.00778345|0.0211034|0.00215298|0.0276207|0.00497013|0.0263713|0.0457563|0.00118659|0.0398377|0.0365406,0.000178506|0.00335145|0.0378122|0.0107197|0.0203026|0.00997263|0.0262948|0.0425349|0.0470058|0.0178703|0.0161829|0.0151027|0.0375959|0.0210615|0.0341912|0.00318517|0.0105712|0.00176737|0.0151024|0.0130093,0.973537|0.954869|0.910795|0.903245|0.966262|0.948836|0.919013|0.92832|0.989289|0.972158|0.953313|0.943878|0.952159|0.904866|0.94998|0.902547|0.964079|0.967717|0.965406|0.98883,4.63983|5.26639|1.89272|4.68449|3.41737|1.5908|0.100836|3.3614|0.578949|5.42296|0.10397|4.82496|5.24666|4.56594|3.70656|5.09423|4.96174|4.1126|0.0104102|4.04415,79.8117|66.6304|11.0615|16.1844|26.55|15.5679|66.5291|69.3348|21.8454|69.5993|86.0567|91.3525|26.2497|89.5651|61.2725|46.986|13.4252|56.1703|83.3731,0.246796|0.179788|0.214255|0.22961|0.238834|0.212149|0.222935|0.194827|0.220509|0.204659|0.16799|0.243038|0.244194|0.241996|0.204351|0.170599|0.230756|0.247907|0.197114,0.338018|0.275394|0.692153|0.217843|0.957633|0.870283|0.109088|0.93416|0.936019|0.237533|0.799966|0.658826|0.307851|0.265381|0.413834|0.662799|0.986996|0.827328|0.942894,0.869523,0.801463,0.117836,0.0993652,0.460468,0.534015,0.0732846,0.487967,0.198257,0.921169,51.6436,5.43263e-12,47756,0.887486,41.1981,1.06086e-12,38445,0.895553,0.876428,0.0878307,0.631141,0.996144,0.511517,0.22039,0.459803,0.228135,0.891603,87.9902,7.64954e-10,30733,0.967162,70.4477,9.04596e-11,52512
24,618,n1->n13->n14->n75->n76->n74->n35->n31->n30->n29->n50->n59->n58->n68->n22->n21->n20->n96->n94->n51,5.37021e+09|6.60497e+13|3.70261e+10|8.71921e+10|4.21804e+13|5.8385e+13|5.77859e+11|4.79342e+12|1.26395e+10|3.6336e+13|2.36425e+09|3.04563e+11|8.16696e+09|1.31753e+09|1.47e+10|1.56161e+12|4.0293e+11|2.51165e+12|1.36531e+10|7.46708e+11,8.19724e+08|8.87204e+12|1.44234e+10|5.29113e+10|1.15782e+13|7.35096e+12|4.88834e+11|4.42443e+12|1.81012e+09|1.77292e+13|4.07889e+08|3.06423e+10|6.89506e+09|3.10679e+08|9.51029e+09|3.02345e+11|1.89646e+11|5.36324e+11|1.67171e+09|5.06847e+11,0.000494453|0.000787814|3.25754e-05|0.000766915|1.88608e-05|0.000875739|0.000412952|0.00024651|4.789e-05|0.000125062|1.54283e-05|2.43107e-05|0.000266735|0.000223952|1.77434e-05|0.00096308|5.21063e-05|1.2987e-05|2.95455e-05|0.000185382,0.000316017|0.00788063|0.000181646|0.000203965|0.00214239|0.00944671|0.00138752|0.00308746|0.00655588|0.00231296|0.00907722|0.000202742|0.00874893|0.00843573|0.0006856|0.00195589|0.000368678|0.000286765|0.000125263|0.00344885,0.0109342|0.0476737|0.0426128|0.0243876|0.00156873|0.0280357|0.00215298|0.0211034|0.00398508|0.0255931|0.00638914|0.00304046|0.0248478|0.0370095|0.0408661|0.00712365|0.0108696|0.0377902|0.00830448|0.0365406,0.000178506|0.00335145|0.049061|0.0250863|0.0470058|0.0166219|0.0375959|0.0151027|0.0178703|0.00291922|0.0483596|0.0474075|0.0481122|0.00589983|0.040072|0.0414669|0.0181411|0.0195364|0.0293842|0.0130093,0.973537|0.954869|0.906626|0.936129|0.989289|0.90082|0.952159|0.943878|0.972158|0.962742|0.910708|0.99171|0.911658|0.984554|0.95984|0.971602|0.923215|0.951762|0.927471|0.98883,4.63983|5.26639|0.762282|3.39264|0.578949|0.0974208|5.24666|4.82496|5.42296|0.0327787|5.41755|5.60303|3.70937|5.26958|0.048646|3.14177|4.79469|0.85792|5.03384|4.04415,79.8117|92.5451|56.2706|63.5216|53.1277|67.7415|91.3525|88.6669|29.3504|37.0378|47.7013|56.397|56.905|15.3326|55.6995|76.7594|58.7029|71.0086|11.2844,0.246796|0.191459|0.226178|0.207806|0.181342|0.161632|0.243038|0.215598|0.179657|0.191256|0.170229|0.21902|0.185169|0.236297|0.206062|0.218425|0.201188|0.230021|0.200895,0.338018|0.161307|0.725021|0.844544|0.519715|0.301798|0.658826|0.123891|0.887943|0.182586|0.776444|0.533324|0.476138|0.655447|0.677391|0.515127|0.666395|0.131268|0.836539,0.869523,0.801463,0.117836,0.0993652,0.460468,0.534015,0.0732846,0.487967,0.198257,0.921169,51.6436,5.43263e-12,47756,0.887486,41.1981,1.06086e-12,38445,0.895553,0.876428,0.0878307,0.631141,0.996144,0.511517,0.22039,0.459803,0.228135,0.891603,87.9902,7.64954e-10,30733,0.967162,70.4477,9.04596e-11,52512
24,619,n1->n20->n21->n23->n24->n71->n73->n10->n9->n7->n5->n3->n69->n76->n74->n75->n14->n96->n94->n51,5.37021e+09|4.0293e+11|1.56161e+12|4.63033e+10|1.59557e+13|7.70008e+11|1.41706e+11|2.49624e+09|1.49139e+12|3.81012e+11|2.91995e+11|2.78751e+13|8.81277e+09|4.21804e+13|5.8385e+13|8.71921e+10|3.70261e+10|2.51165e+12|1.36531e+10|7.46708e+11,8.19724e+08|1.89646e+11|3.02345e+11|3.30225e+10|4.06569e+12|1.60546e+11|5.76853e+10|7.32581e+08|3.79906e+11|6.70334e+10|4.67133e+10|1.44762e+13|7.57626e+09|1.15782e+13|7.35096e+12|5.29113e+10|1.44234e+10|5.36324e+11|1.67171e+09|5.06847e+11,0.000494453|5.21063e-05|0.00096308|0.000277161|0.000193265|0.00017279|6.32916e-05|6.27016e-05|1.80008e-05|0.000475679|7.03031e-05|0.00022361|0.000268039|1.88608e-05|0.000875739|0.000766915|3.25754e-05|1.2987e-05|2.95455e-05|0.000185382,0.000316017|0.000368678|0.00195589|0.00418014|0.0012727|0.00123164|0.000807753|0.00113469|0.00065196|0.00104538|0.000196916|0.00776667|0.00367819|0.00214239|0.00944671|0.000203965|0.000181646|0.000286765|0.000125263|0.00344885,0.0109342|0.0108696|0.00712365|0.00314906|0.0433038|0.0398828|0.0455502|0.00597815|0.0140743|0.01754|0.00731162|0.0268705|0.022957|0.00156873|0.0280357|0.0243876|0.0426128|0.0377902|0.00830448|0.0365406,0.000178506|0.0181411|0.0414669|0.0470385|0.00780618|0.0326729|0.028193|0.0245713|0.033904|0.0283975|0.0421608|0.0326941|0.0100342|0.0470058|0.0166219|0.0250863|0.049061|0.0195364|0.0293842|0.0130093,0.973537|0.923215|0.971602|0.92176|0.90929|0.947193|0.909539|0.962416|0.963574|0.963898|0.951514|0.982466|0.975915|0.989289|0.90082|0.936129|0.906626|0.951762|0.927471|0.98883,4.63983|4.79469|3.14177|2.08786|3.9732|0.117525|3.29092|1.97158|5.88966|3.51107|4.90362|4.79844|2.99986|0.578949|0.0974208|3.39264|0.762282|0.85792|5.03384|4.04415,90.7492|76.7594|88.4205|44.8869|44.1502|28.2621|29.3778|65.9961|59.8148|37.2729|10.4739|83.9106|66.666|53.1277|64.3401|56.2706|54.7186|71.0086|11.2844,0.215706|0.218425|0.232237|0.161116|0.204574|0.242769|0.202302|0.193896|0.18359|0.176784|0.163561|0.204476|0.212271|0.181342|0.220369|0.226178|0.208433|0.230021|0.200895,0.53635|0.515127|0.516177|0.528582|0.45026|0.940077|0.747283|0.982181|0.339058|0.943162|0.469027|0.65353|0.890059|0.519715|0.119032|0.725021|0.448351|0.131268|0.836539,0.869523,0.801463,0.117836,0.0993652,0.460468,0.534015,0.0732846,0.487967,0.198257,0.921169,51.6436,5.43263e-12,47756,0.887486,41.1981,1.06086e-12,38445,0.895553,0.876428,0.0878307,0.631141,0.996144,0.511517,0.22039,0.459803,0.228135,0.891603,87.9902,7.64954e-10,30733,0.967162,70.4477,9.04596e-11,52512
24,620,n1->n20->n18->n16->n38->n36->n34->n35->n74->n57->n55->n53->n52->n65->n64->n62->n46->n48->n50->n51,5.37021e+09|4.0293e+11|7.59179e+12|1.09193e+13|1.16426e+13|7.73972e+11|4.7313e+12|5.77859e+11|5.8385e+13|4.14288e+09|8.84081e+12|4.60474e+10|1.02428e+10|1.12599e+09|4.21034e+09|2.37342e+11|5.53417e+12|3.98001e+12|2.36425e+09|7.46708e+11,8.19724e+08|1.89646e+11|4.11836e+12|1.33827e+12|1.19258e+12|7.77593e+10|1.15705e+12|4.88834e+11|7.35096e+12|2.05006e+09|4.69454e+12|3.18273e+10|2.07235e+09|3.2906e+08|1.60867e+09|1.13053e+11|1.63629e+12|1.69514e+12|4.07889e+08|5.06847e+11,0.000494453|5.21063e-05|2.98936e-05|3.71682e-05|1.04425e-05|0.000426407|0.000140889|0.000412952|0.000875739|0.000173612|4.06274e-05|2.00633e-05|0.00011644|1.96575e-05|1.88732e-05|8.24006e-05|0.000489732|4.78153e-05|1.54283e-05|0.000185382,0.000316017|0.000368678|0.000681499|0.00174713|0.00950649|0.00396778|0.000270551|0.00138752|0.00944671|0.00271581|0.000128431|0.000509085|0.00580301|0.000428116|0.000135861|0.00794111|0.000159088|0.00544009|0.00907722|0.00344885,0.0109342|0.0108696|0.0192976|0.0123696|0.0263713|0.00497013|0.0276207|0.00215298|0.0280357|0.0328142|0.00843704|5.21659e-05|0.0398377|0.00118659|0.0266797|0.0242596|0.029055|0.0455031|0.00638914|0.0365406,0.000178506|0.0181411|0.0120519|0.0240438|0.00318517|0.0341912|0.0210615|0.0375959|0.0166219|0.0437642|0.0314938|0.00115664|0.0151024|0.00176737|0.0436548|0.0480911|0.0302566|0.0360942|0.0483596|0.0130093,0.973537|0.923215|0.946711|0.979533|0.902547|0.94998|0.904866|0.952159|0.90082|0.983348|0.908585|0.913872|0.965406|0.967717|0.933821|0.98053|0.923372|0.967439|0.910708|0.98883,4.63983|4.79469|4.38273|1.69436|5.09423|3.70656|4.56594|5.24666|0.0974208|1.93323|3.37071|0.640024|0.0104102|4.1126|5.77568|5.59786|0.31178|3.09858|5.41755|4.04415,90.7492|89.2299|72.2829|28.0546|61.2725|89.5651|26.2497|67.7415|95.6836|61.5999|30.3781|81.3721|56.1703|56.7563|93.0484|56.7189|41.9872|23.5956|82.9474,0.215706|0.247215|0.180241|0.17367|0.204351|0.241996|0.244194|0.161632|0.169856|0.220389|0.207992|0.184589|0.247907|0.186349|0.176232|0.167864|0.178665|0.191801|0.24308,0.53635|0.652252|0.553025|0.828443|0.413834|0.265381|0.307851|0.301798|0.815246|0.549818|0.646488|0.272111|0.827328|0.927837|0.182879|0.624525|0.182289|0.688345|0.624607,0.869523,0.801463,0.117836,0.0993652,0.460468,0.534015,0.0732846,0.487967,0.198257,0.921169,51.6436,5.43263e-12,47756,0.887486,41.1981,1.06086e-12,38445,0.895553,0.876428,0.0878307,0.631141,0.996144,0.511517,0.22039,0.459803,0.228135,0.891603,87.9902,7.64954e-10,30733,0.967162,70.4477,9.04596e-11,52512
24,621,n1->n99->n98->n57->n83->n85->n84->n56->n90->n59->n60->n62->n64->n36->n34->n35->n31->n29->n50->n51,5.37021e+09|1.57108e+10|1.8266e+13|4.14288e+09|3.76373e+13|2.02447e+09|1.07392e+09|1.1605e+12|1.33273e+11|3.04563e+11|8.79841e+13|2.37342e+11|4.21034e+09|7.73972e+11|4.7313e+12|5.77859e+11|4.79342e+12|3.6336e+13|2.36425e+09|7.46708e+11,8.19724e+08|4.21389e+09|5.99087e+12|2.05006e+09|2.34723e+13|2.41326e+08|9.00899e+08|5.65456e+11|6.41526e+10|3.06423e+10|5.95756e+13|1.13053e+11|1.60867e+09|7.77593e+10|1.15705e+12|4.88834e+11|4.42443e+12|1.77292e+13|4.07889e+08|5.06847e+11,0.000494453|0.00089026|0.000410965|0.000173612|1.86087e-05|2.04325e-05|2.14473e-05|1.7812e-05|0.000319756|2.43107e-05|0.000731749|8.24006e-05|1.88732e-05|0.000426407|0.000140889|0.000412952|0.00024651|0.000125062|1.54283e-05|0.000185382,0.000316017|0.000350126|0.000548485|0.00271581|0.000175452|0.000338175|0.000434313|0.000830638|0.000672662|0.000202742|0.000248463|0.00794111|0.000135861|0.00396778|0.000270551|0.00138752|0.00308746|0.00231296|0.00907722|0.00344885,0.0109342|0.0362414|0.0295222|0.0328142|0.015405|0.0354515|0.0473575|0.0231698|0.0285929|0.00304046|0.0128442|0.0242596|0.0266797|0.00497013|0.0276207|0.00215298|0.0211034|0.0255931|0.00638914|0.0365406,0.000178506|0.0472365|0.0297366|0.0437642|0.038157|0.0266209|0.0366447|0.0417641|0.0372754|0.0474075|0.0431033|0.0480911|0.0436548|0.0341912|0.0210615|0.0375959|0.0151027|0.00291922|0.0483596|0.0130093,0.973537|0.953794|0.959539|0.983348|0.947801|0.940474|0.948551|0.944528|0.984478|0.99171|0.945549|0.98053|0.933821|0.94998|0.904866|0.952159|0.943878|0.962742|0.910708|0.98883,4.63983|3.07459|2.95405|1.93323|4.11052|4.91715|5.42186|2.55597|4.02061|5.60303|4.50487|5.59786|5.77568|3.70656|4.56594|5.24666|4.82496|0.0327787|5.41755|4.04415,66.2586|58.4557|98.2355|50.003|92.2019|82.1833|34.4372|40.6061|62.2588|76.8491|48.3985|93.0484|43.8659|89.5651|26.2497|91.3525|70.4589|37.0378|82.9474,0.180129|0.227784|0.190047|0.1911|0.231254|0.216313|0.222961|0.166746|0.169222|0.204072|0.17162|0.176232|0.241695|0.241996|0.244194|0.243038|0.246199|0.191256|0.24308,0.323551|0.686264|0.757428|0.161388|0.604504|0.528406|0.762891|0.163177|0.361153|0.509755|0.641887|0.182879|0.590576|0.265381|0.307851|0.658826|0.415176|0.182586|0.624607,0.869523,0.801463,0.117836,0.0993652,0.460468,0.534015,0.0732846,0.487967,0.198257,0.921169,51.6436,5.43263e-12,47756,0.887486,41.1981,1.06086e-12,38445,0.895553,0.876428,0.0878307,0.631141,0.996144,0.511517,0.22039,0.459803,0.228135,0.891603,87.9902,7.64954e-10,30733,0.967162,70.4477,9.04596e-11,52512
24,622,n1->n13->n11->n9->n7->n2->n4->n27->n52->n53->n55->n56->n90->n100->n73->n54->n82->n63->n61->n51,5.37021e+09|6.60497e+13|1.78735e+12|1.49139e+12|3.81012e+11|5.94248e+10|7.07339e+12|4.19351e+12|1.02428e+10|4.60474e+10|8.84081e+12|1.1605e+12|1.33273e+11|4.01966e+09|1.41706e+11|2.80961e+11|1.07979e+13|6.55204e+12|6.44979e+11|7.46708e+11,8.19724e+08|8.87204e+12|3.29521e+11|3.79906e+11|6.70334e+10|3.74975e+10|2.43435e+12|8.73344e+11|2.07235e+09|3.18273e+10|4.69454e+12|5.65456e+11|6.41526e+10|2.27749e+09|5.76853e+10|2.23178e+11|1.66379e+12|2.63574e+12|1.30372e+11|5.06847e+11,0.000494453|0.000787814|5.47786e-05|1.80008e-05|0.000475679|1.10648e-05|0.000113681|1.08528e-05|0.00011644|2.00633e-05|4.06274e-05|1.7812e-05|0.000319756|0.000665246|6.32916e-05|1.47667e-05|0.000837919|0.000116235|3.71253e-05|0.000185382,0.000316017|0.00788063|0.00652494|0.00065196|0.00104538|0.00120557|0.00198341|0.00262605|0.00580301|0.000509085|0.000128431|0.000830638|0.000672662|0.00914892|0.000807753|0.00549128|0.00271152|0.00126856|0.00313588|0.00344885,0.0109342|0.0476737|0.00125292|0.0140743|0.01754|0.00369149|0.0350273|0.0303206|0.0398377|5.21659e-05|0.00843704|0.0231698|0.0285929|0.0100829|0.0455502|0.0334079|0.0278433|0.0100727|0.0266048|0.0365406,0.000178506|0.00335145|0.0136412|0.033904|0.0283975|0.0127317|0.0273051|0.0230682|0.0151024|0.00115664|0.0314938|0.0417641|0.0372754|0.0460028|0.028193|0.00844474|0.0266174|0.0107197|0.0179693|0.0130093,0.973537|0.954869|0.988894|0.963574|0.963898|0.968894|0.917619|0.985376|0.965406|0.913872|0.908585|0.944528|0.984478|0.935175|0.909539|0.927525|0.934435|0.903245|0.958619|0.98883,4.63983|5.26639|0.923897|5.88966|3.51107|4.74216|1.56082|4.5695|0.0104102|0.640024|3.37071|2.55597|4.02061|3.89025|3.29092|1.22009|0.132111|4.68449|2.63855|4.04415,79.8117|13.9548|99.0064|59.8148|88.6198|30.2686|52.1141|46.2248|81.3721|30.3781|95.3312|40.6061|32.7492|20.1165|26.1465|41.1455|48.6997|47.0482|66.5616,0.246796|0.189728|0.201409|0.18359|0.228013|0.239023|0.184605|0.183493|0.184589|0.207992|0.167906|0.166746|0.191207|0.175955|0.196311|0.242874|0.175742|0.167884|0.171721,0.338018|0.801183|0.439638|0.339058|0.84397|0.514427|0.200735|0.657987|0.272111|0.646488|0.402595|0.163177|0.878161|0.825877|0.754315|0.378494|0.4301|0.410418|0.235817,0.869523,0.801463,0.117836,0.0993652,0.460468,0.534015,0.0732846,0.487967,0.198257,0.921169,51.6436,5.43263e-12,47756,0.887486,41.1981,1.06086e-12,38445,0.895553,0.876428,0.0878307,0.631141,0.996144,0.511517,0.22039,0.459803,0.228135,0.891603,87.9902,7.64954e-10,30733,0.967162,70.4477,9.04596e-11,52512
24,623,n1->n99->n77->n93->n64->n36->n34->n32->n31->n29->n27->n26->n24->n71->n72->n45->n47->n48->n50->n51,5.37021e+09|1.57108e+10|5.68112e+11|4.22601e+13|4.21034e+09|7.73972e+11|4.7313e+12|1.78367e+12|4.79342e+12|3.6336e+13|4.19351e+12|7.09351e+09|1.59557e+13|7.70008e+11|6.83442e+09|8.38488e+13|4.74236e+11|3.98001e+12|2.36425e+09|7.46708e+11,8.19724e+08|4.21389e+09|3.56307e+11|1.3774e+13|1.60867e+09|7.77593e+10|1.15705e+12|1.05491e+12|4.42443e+12|1.77292e+13|8.73344e+11|1.31666e+09|4.06569e+12|1.60546e+11|1.48353e+09|1.01787e+13|1.54765e+11|1.69514e+12|4.07889e+08|5.06847e+11,0.000494453|0.00089026|8.49487e-05|8.45967e-05|1.88732e-05|0.000426407|0.000140889|0.000179959|0.00024651|0.000125062|1.08528e-05|3.77967e-05|0.000193265|0.00017279|0.000159499|1.67225e-05|0.000202873|4.78153e-05|1.54283e-05|0.000185382,0.000316017|0.000350126|0.000906866|0.000162335|0.000135861|0.00396778|0.000270551|0.00292552|0.00308746|0.00231296|0.00262605|0.00522178|0.0012727|0.00123164|0.00384342|0.000742576|0.000266598|0.00544009|0.00907722|0.00344885,0.0109342|0.0362414|0.04851|0.0108045|0.0266797|0.00497013|0.0276207|0.00778345|0.0211034|0.0255931|0.0303206|0.0101688|0.0433038|0.0398828|0.0479977|0.00846218|0.00898217|0.0455031|0.00638914|0.0365406,0.000178506|0.0472365|0.0115254|0.0326183|0.0436548|0.0341912|0.0210615|0.0161829|0.0151027|0.00291922|0.0230682|0.0409649|0.00780618|0.0326729|0.0299903|0.0342415|0.0488958|0.0360942|0.0483596|0.0130093,0.973537|0.953794|0.949999|0.912097|0.933821|0.94998|0.904866|0.953313|0.943878|0.962742|0.985376|0.981638|0.90929|0.947193|0.96924|0.934264|0.9108|0.967439|0.910708|0.98883,4.63983|3.07459|0.722366|5.92115|5.77568|3.70656|4.56594|0.10397|4.82496|0.0327787|4.5695|2.91399|3.9732|0.117525|3.90463|5.31688|6.27947|3.09858|5.41755|4.04415,66.2586|96.5216|51.9256|32.5899|43.8659|89.5651|23.0914|86.0567|70.4589|49.6282|67.4197|83.4704|44.1502|45.8448|63.1262|40.979|78.8723|23.5956|82.9474,0.180129|0.241387|0.247077|0.178102|0.241695|0.241996|0.18593|0.16799|0.246199|0.180772|0.171162|0.216464|0.204574|0.218487|0.243732|0.216949|0.239998|0.191801|0.24308,0.323551|0.664018|0.469529|0.548301|0.590576|0.265381|0.12287|0.799966|0.415176|0.511755|0.40751|0.583168|0.45026|0.29317|0.65643|0.317946|0.300482|0.688345|0.624607,0.869523,0.801463,0.117836,0.0993652,0.460468,0.534015,0.0732846,0.487967,0.198257,0.921169,51.6436,5.43263e-12,47756,0.887486,41.1981,1.06086e-12,38445,0.895553,0.876428,0.0878307,0.631141,0.996144,0.511517,0.22039,0.459803,0.228135,0.891603,87.9902,7.64954e-10,30733,0.967162,70.4477,9.04596e-11,52512
24,624,n1->n20->n21->n67->n64->n65->n5->n7->n9->n10->n63->n42->n40->n54->n53->n52->n27->n29->n50->n51,5.37021e+09|4.0293e+11|1.56161e+12|4.7483e+09|4.21034e+09|1.12599e+09|2.91995e+11|3.81012e+11|1.49139e+12|2.49624e+09|6.55204e+12|2.42905e+09|3.58065e+10|2.80961e+11|4.60474e+10|1.02428e+10|4.19351e+12|3.6336e+13|2.36425e+09|7.46708e+11,8.19724e+08|1.89646e+11|3.02345e+11|7.5553e+08|1.60867e+09|3.2906e+08|4.67133e+10|6.70334e+10|3.79906e+11|7.32581e+08|2.63574e+12|2.47264e+08|4.14657e+09|2.23178e+11|3.18273e+10|2.07235e+09|8.73344e+11|1.77292e+13|4.07889e+08|5.06847e+11,0.000494453|5.21063e-05|0.00096308|3.91885e-05|1.88732e-05|1.96575e-05|7.03031e-05|0.000475679|1.80008e-05|6.27016e-05|0.000116235|8.79758e-05|6.01341e-05|1.47667e-05|2.00633e-05|0.00011644|1.08528e-05|0.000125062|1.54283e-05|0.000185382,0.000316017|0.000368678|0.00195589|0.000640186|0.000135861|0.000428116|0.000196916|0.00104538|0.00065196|0.00113469|0.00126856|0.000493531|0.00268841|0.00549128|0.000509085|0.00580301|0.00262605|0.00231296|0.00907722|0.00344885,0.0109342|0.0108696|0.00712365|0.029632|0.0266797|0.00118659|0.00731162|0.01754|0.0140743|0.00597815|0.0100727|0.00783732|0.0249103|0.0334079|5.21659e-05|0.0398377|0.0303206|0.0255931|0.00638914|0.0365406,0.000178506|0.0181411|0.0414669|0.0482082|0.0436548|0.00176737|0.0421608|0.0283975|0.033904|0.0245713|0.0107197|0.0327962|0.033399|0.00844474|0.00115664|0.0151024|0.0230682|0.00291922|0.0483596|0.0130093,0.973537|0.923215|0.971602|0.924883|0.933821|0.967717|0.951514|0.963898|0.963574|0.962416|0.903245|0.960936|0.920308|0.927525|0.913872|0.965406|0.985376|0.962742|0.910708|0.98883,4.63983|4.79469|3.14177|2.06342|5.77568|4.1126|4.90362|3.51107|5.88966|1.97158|4.68449|0.765875|2.50002|1.22009|0.640024|0.0104102|4.5695|0.0327787|5.41755|4.04415,90.7492|76.7594|42.5138|95.5844|56.7563|35.0583|37.2729|59.8148|65.9961|65.1286|97.0433|77.6192|12.2677|75.3264|81.3721|46.2248|49.6282|37.0378|82.9474,0.215706|0.218425|0.197352|0.248978|0.186349|0.209201|0.176784|0.18359|0.193896|0.203746|0.211509|0.243521|0.248162|0.191357|0.184589|0.183493|0.180772|0.191256|0.24308,0.53635|0.515127|0.602799|0.480161|0.927837|0.297185|0.943162|0.339058|0.982181|0.514129|0.758395|0.14346|0.812759|0.567841|0.272111|0.657987|0.511755|0.182586|0.624607,0.869523,0.801463,0.117836,0.0993652,0.460468,0.534015,0.0732846,0.487967,0.198257,0.921169,51.6436,5.43263e-12,47756,0.887486,41.1981,1.06086e-12,38445,0.895553,0.876428,0.0878307,0.631141,0.996144,0.511517,0.22039,0.459803,0.228135,0.891603,87.9902,7.64954e-10,30733,0.967162,70.4477,9.04596e-11,52512
24,625,n1->n20->n19->n18->n16->n38->n36->n34->n35->n74->n76->n78->n44->n42->n40->n54->n55->n53->n52->n51,5.37021e+09|4.0293e+11|2.47533e+11|7.59179e+12|1.09193e+13|1.16426e+13|7.73972e+11|4.7313e+12|5.77859e+11|5.8385e+13|4.21804e+13|3.25238e+10|5.26537e+13|2.42905e+09|3.58065e+10|2.80961e+11|8.84081e+12|4.60474e+10|1.02428e+10|7.46708e+11,8.19724e+08|1.89646e+11|2.33399e+11|4.11836e+12|1.33827e+12|1.19258e+12|7.77593e+10|1.15705e+12|4.88834e+11|7.35096e+12|1.15782e+13|2.30731e+10|2.86817e+13|2.47264e+08|4.14657e+09|2.23178e+11|4.69454e+12|3.18273e+10|2.07235e+09|5.06847e+11,0.000494453|5.21063e-05|0.000261527|2.98936e-05|3.71682e-05|1.04425e-05|0.000426407|0.000140889|0.000412952|0.000875739|1.88608e-05|0.000270955|0.000124649|8.79758e-05|6.01341e-05|1.47667e-05|4.06274e-05|2.00633e-05|0.00011644|0.000185382,0.000316017|0.000368678|0.000768065|0.000681499|0.00174713|0.00950649|0.00396778|0.000270551|0.00138752|0.00944671|0.00214239|0.00167497|0.00158999|0.000493531|0.00268841|0.00549128|0.000128431|0.000509085|0.00580301|0.00344885,0.0109342|0.0108696|0.0201979|0.0192976|0.0123696|0.0263713|0.00497013|0.0276207|0.00215298|0.0280357|0.00156873|0.00569443|0.0486405|0.00783732|0.0249103|0.0334079|0.00843704|5.21659e-05|0.0398377|0.0365406,0.000178506|0.0181411|0.0291803|0.0120519|0.0240438|0.00318517|0.0341912|0.0210615|0.0375959|0.0166219|0.0470058|0.0425349|0.00764508|0.0327962|0.033399|0.00844474|0.0314938|0.00115664|0.0151024|0.0130093,0.973537|0.923215|0.941018|0.946711|0.979533|0.902547|0.94998|0.904866|0.952159|0.90082|0.989289|0.92832|0.932977|0.960936|0.920308|0.927525|0.908585|0.913872|0.965406|0.98883,4.63983|4.79469|1.39448|4.38273|1.69436|5.09423|3.70656|4.56594|5.24666|0.0974208|0.578949|3.3614|2.64532|0.765875|2.50002|1.22009|3.37071|0.640024|0.0104102|4.04415,90.7492|86.2435|34.0839|72.2829|28.0546|61.2725|89.5651|26.2497|67.7415|53.1277|69.3348|88.5528|21.0603|77.6192|12.2677|27.8669|30.3781|81.3721|83.3731,0.215706|0.182991|0.248409|0.180241|0.17367|0.204351|0.241996|0.244194|0.161632|0.181342|0.194827|0.200088|0.23095|0.243521|0.248162|0.169326|0.207992|0.184589|0.197114,0.53635|0.182796|0.983209|0.553025|0.828443|0.413834|0.265381|0.307851|0.301798|0.519715|0.93416|0.134865|0.399278|0.14346|0.812759|0.414082|0.646488|0.272111|0.942894,0.869523,0.801463,0.117836,0.0993652,0.460468,0.534015,0.0732846,0.487967,0.198257,0.921169,51.6436,5.43263e-12,47756,0.887486,41.1981,1.06086e-12,38445,0.895553,0.876428,0.0878307,0.631141,0.996144,0.511517,0.22039,0.459803,0.228135,0.891603,87.9902,7.64954e-10,30733,0.967162,70.4477,9.04596e-11,52512
24,626,n1->n99->n77->n72->n73->n100->n90->n59->n58->n68->n19->n18->n16->n38->n37->n81->n79->n63->n61->n51,5.37021e+09|1.57108e+10|5.68112e+11|6.83442e+09|1.41706e+11|4.01966e+09|1.33273e+11|3.04563e+11|8.16696e+09|1.31753e+09|2.47533e+11|7.59179e+12|1.09193e+13|1.16426e+13|2.79748e+13|2.58887e+10|1.47019e+10|6.55204e+12|6.44979e+11|7.46708e+11,8.19724e+08|4.21389e+09|3.56307e+11|1.48353e+09|5.76853e+10|2.27749e+09|6.41526e+10|3.06423e+10|6.89506e+09|3.10679e+08|2.33399e+11|4.11836e+12|1.33827e+12|1.19258e+12|4.96975e+12|8.36206e+09|4.87652e+09|2.63574e+12|1.30372e+11|5.06847e+11,0.000494453|0.00089026|8.49487e-05|0.000159499|6.32916e-05|0.000665246|0.000319756|2.43107e-05|0.000266735|0.000223952|0.000261527|2.98936e-05|3.71682e-05|1.04425e-05|1.06248e-05|0.000268232|0.000133131|0.000116235|3.71253e-05|0.000185382,0.000316017|0.000350126|0.000906866|0.00384342|0.000807753|0.00914892|0.000672662|0.000202742|0.00874893|0.00843573|0.000768065|0.000681499|0.00174713|0.00950649|0.000261291|0.000752991|0.000479664|0.00126856|0.00313588|0.00344885,0.0109342|0.0362414|0.04851|0.0479977|0.0455502|0.0100829|0.0285929|0.00304046|0.0248478|0.0370095|0.0201979|0.0192976|0.0123696|0.0263713|0.0457563|0.0481357|0.0252961|0.0100727|0.0266048|0.0365406,0.000178506|0.0472365|0.0115254|0.0299903|0.028193|0.0460028|0.0372754|0.0474075|0.0481122|0.00589983|0.0291803|0.0120519|0.0240438|0.00318517|0.0105712|0.00997263|0.0203026|0.0107197|0.0179693|0.0130093,0.973537|0.953794|0.949999|0.96924|0.909539|0.935175|0.984478|0.99171|0.911658|0.984554|0.941018|0.946711|0.979533|0.902547|0.964079|0.948836|0.966262|0.903245|0.958619|0.98883,4.63983|3.07459|0.722366|3.90463|3.29092|3.89025|4.02061|5.60303|3.70937|5.26958|1.39448|4.38273|1.69436|5.09423|4.96174|1.5908|3.41737|4.68449|2.63855|4.04415,66.2586|96.5216|92.3918|29.1617|20.1165|32.7492|62.2588|56.397|56.905|67.5745|34.0839|72.2829|28.0546|46.986|88.8597|26.55|16.1844|47.0482|66.5616,0.180129|0.241387|0.167022|0.178937|0.175955|0.191207|0.169222|0.21902|0.185169|0.2055|0.248409|0.180241|0.17367|0.170599|0.211898|0.238834|0.22961|0.167884|0.171721,0.323551|0.664018|0.776051|0.920295|0.825877|0.878161|0.361153|0.533324|0.476138|0.968257|0.983209|0.553025|0.828443|0.662799|0.430076|0.957633|0.217843|0.410418|0.235817,0.869523,0.801463,0.117836,0.0993652,0.460468,0.534015,0.0732846,0.487967,0.198257,0.921169,51.6436,5.43263e-12,47756,0.887486,41.1981,1.06086e-12,38445,0.895553,0.876428,0.0878307,0.631141,0.996144,0.511517,0.22039,0.459803,0.228135,0.891603,87.9902,7.64954e-10,30733,0.967162,70.4477,9.04596e-11,52512
24,627,n1->n13->n12->n6->n33->n35->n31->n29->n15->n34->n36->n64->n65->n5->n3->n69->n28->n27->n52->n51,5.37021e+09|6.60497e+13|9.70597e+10|1.14208e+09|3.64323e+13|5.77859e+11|4.79342e+12|3.6336e+13|8.77071e+11|4.7313e+12|7.73972e+11|4.21034e+09|1.12599e+09|2.91995e+11|2.78751e+13|8.81277e+09|1.34247e+11|4.19351e+12|1.02428e+10|7.46708e+11,8.19724e+08|8.87204e+12|2.76143e+10|2.20459e+08|6.32377e+12|4.88834e+11|4.42443e+12|1.77292e+13|1.06991e+11|1.15705e+12|7.77593e+10|1.60867e+09|3.2906e+08|4.67133e+10|1.44762e+13|7.57626e+09|1.51805e+10|8.73344e+11|2.07235e+09|5.06847e+11,0.000494453|0.000787814|0.000201974|1.08483e-05|1.50316e-05|0.000412952|0.00024651|0.000125062|0.000182949|0.000140889|0.000426407|1.88732e-05|1.96575e-05|7.03031e-05|0.00022361|0.000268039|0.00056516|1.08528e-05|0.00011644|0.000185382,0.000316017|0.00788063|0.0016732|0.00010157|0.00213059|0.00138752|0.00308746|0.00231296|0.00274771|0.000270551|0.00396778|0.000135861|0.000428116|0.000196916|0.00776667|0.00367819|0.0093172|0.00262605|0.00580301|0.00344885,0.0109342|0.0476737|0.0313381|0.00160082|0.00968695|0.00215298|0.0211034|0.0255931|0.0207315|0.0276207|0.00497013|0.0266797|0.00118659|0.00731162|0.0268705|0.022957|0.0317261|0.0303206|0.0398377|0.0365406,0.000178506|0.00335145|0.0470205|0.0260762|0.0280967|0.0375959|0.0151027|0.00291922|0.0378122|0.0210615|0.0341912|0.0436548|0.00176737|0.0421608|0.0326941|0.0100342|0.03841|0.0230682|0.0151024|0.0130093,0.973537|0.954869|0.937315|0.908628|0.923653|0.952159|0.943878|0.962742|0.910795|0.904866|0.94998|0.933821|0.967717|0.951514|0.982466|0.975915|0.948072|0.985376|0.965406|0.98883,4.63983|5.26639|3.07758|5.01633|1.04264|5.24666|4.82496|0.0327787|1.89272|4.56594|3.70656|5.77568|4.1126|4.90362|4.79844|2.99986|1.48687|4.5695|0.0104102|4.04415,79.8117|56.34|32.9383|50.0569|93.5115|91.3525|70.4589|32.2763|27.3162|89.5651|43.8659|56.7563|35.0583|10.4739|83.9106|97.1045|23.5709|46.2248|83.3731,0.246796|0.206669|0.230728|0.19306|0.242679|0.243038|0.246199|0.240047|0.231681|0.241996|0.241695|0.186349|0.209201|0.163561|0.204476|0.207556|0.207151|0.183493|0.197114,0.338018|0.285239|0.628307|0.116472|0.487093|0.658826|0.415176|0.895675|0.750497|0.265381|0.590576|0.927837|0.297185|0.469027|0.65353|0.438091|0.340196|0.657987|0.942894,0.869523,0.801463,0.117836,0.0993652,0.460468,0.534015,0.0732846,0.487967,0.198257,0.921169,51.6436,5.43263e-12,47756,0.887486,41.1981,1.06086e-12,38445,0.895553,0.876428,0.0878307,0.631141,0.996144,0.511517,0.22039,0.459803,0.228135,0.891603,87.9902,7.64954e-10,30733,0.967162,70.4477,9.04596e-11,52512
24,628,n1->n13->n12->n6->n33->n84->n56->n55->n53->n54->n40->n42->n44->n78->n80->n81->n37->n65->n52->n51,5.37021e+09|6.60497e+13|9.70597e+10|1.14208e+09|3.64323e+13|1.07392e+09|1.1605e+12|8.84081e+12|4.60474e+10|2.80961e+11|3.58065e+10|2.42905e+09|5.26537e+13|3.25238e+10|2.45686e+13|2.58887e+10|2.79748e+13|1.12599e+09|1.02428e+10|7.46708e+11,8.19724e+08|8.87204e+12|2.76143e+10|2.20459e+08|6.32377e+12|9.00899e+08|5.65456e+11|4.69454e+12|3.18273e+10|2.23178e+11|4.14657e+09|2.47264e+08|2.86817e+13|2.30731e+10|2.75437e+12|8.36206e+09|4.96975e+12|3.2906e+08|2.07235e+09|5.06847e+11,0.000494453|0.000787814|0.000201974|1.08483e-05|1.50316e-05|2.14473e-05|1.7812e-05|4.06274e-05|2.00633e-05|1.47667e-05|6.01341e-05|8.79758e-05|0.000124649|0.000270955|1.13052e-05|0.000268232|1.06248e-05|1.96575e-05|0.00011644|0.000185382,0.000316017|0.00788063|0.0016732|0.00010157|0.00213059|0.000434313|0.000830638|0.000128431|0.000509085|0.00549128|0.00268841|0.000493531|0.00158999|0.00167497|0.000238286|0.000752991|0.000261291|0.000428116|0.00580301|0.00344885,0.0109342|0.0476737|0.0313381|0.00160082|0.00968695|0.0473575|0.0231698|0.00843704|5.21659e-05|0.0334079|0.0249103|0.00783732|0.0486405|0.00569443|0.00592883|0.0481357|0.0457563|0.00118659|0.0398377|0.0365406,0.000178506|0.00335145|0.0470205|0.0260762|0.0280967|0.0366447|0.0417641|0.0314938|0.00115664|0.00844474|0.033399|0.0327962|0.00764508|0.0425349|0.0262948|0.00997263|0.0105712|0.00176737|0.0151024|0.0130093,0.973537|0.954869|0.937315|0.908628|0.923653|0.948551|0.944528|0.908585|0.913872|0.927525|0.920308|0.960936|0.932977|0.92832|0.919013|0.948836|0.964079|0.967717|0.965406|0.98883,4.63983|5.26639|3.07758|5.01633|1.04264|5.42186|2.55597|3.37071|0.640024|1.22009|2.50002|0.765875|2.64532|3.3614|0.100836|1.5908|4.96174|4.1126|0.0104102|4.04415,79.8117|56.34|32.9383|50.0569|59.7094|34.4372|95.3312|30.3781|75.3264|12.2677|77.6192|21.0603|88.5528|66.5291|15.5679|88.8597|13.4252|56.1703|83.3731,0.246796|0.206669|0.230728|0.19306|0.183728|0.222961|0.167906|0.207992|0.191357|0.248162|0.243521|0.23095|0.200088|0.222935|0.212149|0.211898|0.230756|0.247907|0.197114,0.338018|0.285239|0.628307|0.116472|0.218166|0.762891|0.402595|0.646488|0.567841|0.812759|0.14346|0.399278|0.134865|0.109088|0.870283|0.430076|0.986996|0.827328|0.942894,0.869523,0.801463,0.117836,0.0993652,0.460468,0.534015,0.0732846,0.487967,0.198257,0.921169,51.6436,5.43263e-12,47756,0.887486,41.1981,1.06086e-12,38445,0.895553,0.876428,0.0878307,0.631141,0.996144,0.511517,0.22039,0.459803,0.228135,0.891603,87.9902,7.64954e-10,30733,0.967162,70.4477,9.04596e-11,52512
24,629,n1->n20->n18->n16->n38->n37->n65->n64->n93->n92->n94->n96->n97->n95->n89->n88->n90->n59->n50->n51,5.37021e+09|4.0293e+11|7.59179e+12|1.09193e+13|1.16426e+13|2.79748e+13|1.12599e+09|4.21034e+09|4.22601e+13|1.97334e+09|1.36531e+10|2.51165e+12|2.90604e+09|1.05601e+11|2.68119e+11|9.00567e+12|1.33273e+11|3.04563e+11|2.36425e+09|7.46708e+11,8.19724e+08|1.89646e+11|4.11836e+12|1.33827e+12|1.19258e+12|4.96975e+12|3.2906e+08|1.60867e+09|1.3774e+13|1.46451e+09|1.67171e+09|5.36324e+11|5.04144e+08|5.46554e+10|9.23423e+10|8.66002e+12|6.41526e+10|3.06423e+10|4.07889e+08|5.06847e+11,0.000494453|5.21063e-05|2.98936e-05|3.71682e-05|1.04425e-05|1.06248e-05|1.96575e-05|1.88732e-05|8.45967e-05|2.75832e-05|2.95455e-05|1.2987e-05|8.81202e-05|0.000260968|3.55201e-05|6.2721e-05|0.000319756|2.43107e-05|1.54283e-05|0.000185382,0.000316017|0.000368678|0.000681499|0.00174713|0.00950649|0.000261291|0.000428116|0.000135861|0.000162335|0.0052688|0.000125263|0.000286765|0.00494291|0.000186877|0.000111435|0.000480267|0.000672662|0.000202742|0.00907722|0.00344885,0.0109342|0.0108696|0.0192976|0.0123696|0.0263713|0.0457563|0.00118659|0.0266797|0.0108045|0.0444618|0.00830448|0.0377902|0.0381696|0.00282907|0.0107812|0.00850464|0.0285929|0.00304046|0.00638914|0.0365406,0.000178506|0.0181411|0.0120519|0.0240438|0.00318517|0.0105712|0.00176737|0.0436548|0.0326183|0.0387741|0.0293842|0.0195364|0.00800322|0.0420997|0.0401575|0.0237676|0.0372754|0.0474075|0.0483596|0.0130093,0.973537|0.923215|0.946711|0.979533|0.902547|0.964079|0.967717|0.933821|0.912097|0.987763|0.927471|0.951762|0.90679|0.966581|0.926416|0.962132|0.984478|0.99171|0.910708|0.98883,4.63983|4.79469|4.38273|1.69436|5.09423|4.96174|4.1126|5.77568|5.92115|6.03913|5.03384|0.85792|1.41691|1.09944|0.0868458|1.9653|4.02061|5.60303|5.41755|4.04415,90.7492|89.2299|72.2829|28.0546|46.986|13.4252|56.7563|32.5899|61.035|13.5087|71.0086|37.9513|11.8968|11.8194|92.4072|14.1987|62.2588|47.7013|82.9474,0.215706|0.247215|0.180241|0.17367|0.170599|0.230756|0.186349|0.178102|0.21409|0.230182|0.230021|0.246589|0.228013|0.168449|0.203687|0.244274|0.169222|0.170229|0.24308,0.53635|0.652252|0.553025|0.828443|0.662799|0.986996|0.927837|0.548301|0.722832|0.731663|0.131268|0.157157|0.342677|0.776387|0.876618|0.997795|0.361153|0.776444|0.624607,0.869523,0.801463,0.117836,0.0993652,0.460468,0.534015,0.0732846,0.487967,0.198257,0.921169,51.6436,5.43263e-12,47756,0.887486,41.1981,1.06086e-12,38445,0.895553,0.876428,0.0878307,0.631141,0.996144,0.511517,0.22039,0.459803,0.228135,0.891603,87.9902,7.64954e-10,30733,0.967162,70.4477,9.04596e-11,52512
24,630,n1->n13->n11->n29->n27->n25->n26->n24->n33->n6->n12->n14->n96->n20->n19->n17->n85->n65->n52->n51,5.37021e+09|6.60497e+13|1.78735e+12|3.6336e+13|4.19351e+12|1.67189e+13|7.09351e+09|1.59557e+13|3.64323e+13|1.14208e+09|9.70597e+10|3.70261e+10|2.51165e+12|4.0293e+11|2.47533e+11|1.51096e+11|2.02447e+09|1.12599e+09|1.02428e+10|7.46708e+11,8.19724e+08|8.87204e+12|3.29521e+11|1.77292e+13|8.73344e+11|1.40059e+13|1.31666e+09|4.06569e+12|6.32377e+12|2.20459e+08|2.76143e+10|1.44234e+10|5.36324e+11|1.89646e+11|2.33399e+11|1.57582e+10|2.41326e+08|3.2906e+08|2.07235e+09|5.06847e+11,0.000494453|0.000787814|5.47786e-05|0.000125062|1.08528e-05|6.30741e-05|3.77967e-05|0.000193265|1.50316e-05|1.08483e-05|0.000201974|3.25754e-05|1.2987e-05|5.21063e-05|0.000261527|0.000261059|2.04325e-05|1.96575e-05|0.00011644|0.000185382,0.000316017|0.00788063|0.00652494|0.00231296|0.00262605|0.00294926|0.00522178|0.0012727|0.00213059|0.00010157|0.0016732|0.000181646|0.000286765|0.000368678|0.000768065|0.000513001|0.000338175|0.000428116|0.00580301|0.00344885,0.0109342|0.0476737|0.00125292|0.0255931|0.0303206|0.0195393|0.0101688|0.0433038|0.00968695|0.00160082|0.0313381|0.0426128|0.0377902|0.0108696|0.0201979|0.0430027|0.0354515|0.00118659|0.0398377|0.0365406,0.000178506|0.00335145|0.0136412|0.00291922|0.0230682|0.0159438|0.0409649|0.00780618|0.0280967|0.0260762|0.0470205|0.049061|0.0195364|0.0181411|0.0291803|0.00442808|0.0266209|0.00176737|0.0151024|0.0130093,0.973537|0.954869|0.988894|0.962742|0.985376|0.9023|0.981638|0.90929|0.923653|0.908628|0.937315|0.906626|0.951762|0.923215|0.941018|0.974312|0.940474|0.967717|0.965406|0.98883,4.63983|5.26639|0.923897|0.0327787|4.5695|1.57149|2.91399|3.9732|1.04264|5.01633|3.07758|0.762282|0.85792|4.79469|1.39448|5.11322|4.91715|4.1126|0.0104102|4.04415,79.8117|13.9548|13.2112|49.6282|64.4551|63.0993|83.4704|98.0873|50.0569|32.9383|51.9585|54.7186|58.7029|86.2435|10.3361|84.7043|82.5435|56.1703|83.3731,0.246796|0.189728|0.219003|0.180772|0.242248|0.228799|0.216464|0.239791|0.19306|0.230728|0.222459|0.208433|0.201188|0.182991|0.172286|0.225161|0.20461|0.247907|0.197114,0.338018|0.801183|0.427028|0.511755|0.837222|0.359402|0.583168|0.939209|0.116472|0.628307|0.326911|0.448351|0.666395|0.182796|0.559133|0.880608|0.519435|0.827328|0.942894,0.869523,0.801463,0.117836,0.0993652,0.460468,0.534015,0.0732846,0.487967,0.198257,0.921169,51.6436,5.43263e-12,47756,0.887486,41.1981,1.06086e-12,38445,0.895553,0.876428,0.0878307,0.631141,0.996144,0.511517,0.22039,0.459803,0.228135,0.891603,87.9902,7.64954e-10,30733,0.967162,70.4477,9.04596e-11,52512
24,631,n1->n13->n12->n14->n96->n94->n92->n93->n64->n36->n34->n35->n31->n32->n66->n68->n58->n59->n50->n51,5.37021e+09|6.60497e+13|9.70597e+10|3.70261e+10|2.51165e+12|1.36531e+10|1.97334e+09|4.22601e+13|4.21034e+09|7.73972e+11|4.7313e+12|5.77859e+11|4.79342e+12|1.78367e+12|1.10072e+10|1.31753e+09|8.16696e+09|3.04563e+11|2.36425e+09|7.46708e+11,8.19724e+08|8.87204e+12|2.76143e+10|1.44234e+10|5.36324e+11|1.67171e+09|1.46451e+09|1.3774e+13|1.60867e+09|7.77593e+10|1.15705e+12|4.88834e+11|4.42443e+12|1.05491e+12|8.7665e+09|3.10679e+08|6.89506e+09|3.06423e+10|4.07889e+08|5.06847e+11,0.000494453|0.000787814|0.000201974|3.25754e-05|1.2987e-05|2.95455e-05|2.75832e-05|8.45967e-05|1.88732e-05|0.000426407|0.000140889|0.000412952|0.00024651|0.000179959|0.000237659|0.000223952|0.000266735|2.43107e-05|1.54283e-05|0.000185382,0.000316017|0.00788063|0.0016732|0.000181646|0.000286765|0.000125263|0.0052688|0.000162335|0.000135861|0.00396778|0.000270551|0.00138752|0.00308746|0.00292552|0.000470269|0.00843573|0.00874893|0.000202742|0.00907722|0.00344885,0.0109342|0.0476737|0.0313381|0.0426128|0.0377902|0.00830448|0.0444618|0.0108045|0.0266797|0.00497013|0.0276207|0.00215298|0.0211034|0.00778345|0.0203827|0.0370095|0.0248478|0.00304046|0.00638914|0.0365406,0.000178506|0.00335145|0.0470205|0.049061|0.0195364|0.0293842|0.0387741|0.0326183|0.0436548|0.0341912|0.0210615|0.0375959|0.0151027|0.0161829|0.0146278|0.00589983|0.0481122|0.0474075|0.0483596|0.0130093,0.973537|0.954869|0.937315|0.906626|0.951762|0.927471|0.987763|0.912097|0.933821|0.94998|0.904866|0.952159|0.943878|0.953313|0.978907|0.984554|0.911658|0.99171|0.910708|0.98883,4.63983|5.26639|3.07758|0.762282|0.85792|5.03384|6.03913|5.92115|5.77568|3.70656|4.56594|5.24666|4.82496|0.10397|3.10364|5.26958|3.70937|5.60303|5.41755|4.04415,79.8117|56.34|51.9585|54.7186|71.0086|13.5087|61.035|32.5899|43.8659|89.5651|26.2497|91.3525|86.0567|27.3217|70.8824|56.905|56.397|47.7013|82.9474,0.246796|0.206669|0.222459|0.208433|0.230021|0.230182|0.21409|0.178102|0.241695|0.241996|0.244194|0.243038|0.16799|0.199785|0.16183|0.185169|0.21902|0.170229|0.24308,0.338018|0.285239|0.326911|0.448351|0.131268|0.731663|0.722832|0.548301|0.590576|0.265381|0.307851|0.658826|0.799966|0.769012|0.215539|0.476138|0.533324|0.776444|0.624607,0.869523,0.801463,0.117836,0.0993652,0.460468,0.534015,0.0732846,0.487967,0.198257,0.921169,51.6436,5.43263e-12,47756,0.887486,41.1981,1.06086e-12,38445,0.895553,0.876428,0.0878307,0.631141,0.996144,0.511517,0.22039,0.459803,0.228135,0.891603,87.9902,7.64954e-10,30733,0.967162,70.4477,9.04596e-11,52512
24,632,n1->n13->n12->n6->n33->n84->n82->n95->n89->n20->n96->n97->n99->n77->n72->n45->n47->n48->n50->n51,5.37021e+09|6.60497e+13|9.70597e+10|1.14208e+09|3.64323e+13|1.07392e+09|1.07979e+13|1.05601e+11|2.68119e+11|4.0293e+11|2.51165e+12|2.90604e+09|1.57108e+10|5.68112e+11|6.83442e+09|8.38488e+13|4.74236e+11|3.98001e+12|2.36425e+09|7.46708e+11,8.19724e+08|8.87204e+12|2.76143e+10|2.20459e+08|6.32377e+12|9.00899e+08|1.66379e+12|5.46554e+10|9.23423e+10|1.89646e+11|5.36324e+11|5.04144e+08|4.21389e+09|3.56307e+11|1.48353e+09|1.01787e+13|1.54765e+11|1.69514e+12|4.07889e+08|5.06847e+11,0.000494453|0.000787814|0.000201974|1.08483e-05|1.50316e-05|2.14473e-05|0.000837919|0.000260968|3.55201e-05|5.21063e-05|1.2987e-05|8.81202e-05|0.00089026|8.49487e-05|0.000159499|1.67225e-05|0.000202873|4.78153e-05|1.54283e-05|0.000185382,0.000316017|0.00788063|0.0016732|0.00010157|0.00213059|0.000434313|0.00271152|0.000186877|0.000111435|0.000368678|0.000286765|0.00494291|0.000350126|0.000906866|0.00384342|0.000742576|0.000266598|0.00544009|0.00907722|0.00344885,0.0109342|0.0476737|0.0313381|0.00160082|0.00968695|0.0473575|0.0278433|0.00282907|0.0107812|0.0108696|0.0377902|0.0381696|0.0362414|0.04851|0.0479977|0.00846218|0.00898217|0.0455031|0.00638914|0.0365406,0.000178506|0.00335145|0.0470205|0.0260762|0.0280967|0.0366447|0.0266174|0.0420997|0.0401575|0.0181411|0.0195364|0.00800322|0.0472365|0.0115254|0.0299903|0.0342415|0.0488958|0.0360942|0.0483596|0.0130093,0.973537|0.954869|0.937315|0.908628|0.923653|0.948551|0.934435|0.966581|0.926416|0.923215|0.951762|0.90679|0.953794|0.949999|0.96924|0.934264|0.9108|0.967439|0.910708|0.98883,4.63983|5.26639|3.07758|5.01633|1.04264|5.42186|0.132111|1.09944|0.0868458|4.79469|0.85792|1.41691|3.07459|0.722366|3.90463|5.31688|6.27947|3.09858|5.41755|4.04415,79.8117|56.34|32.9383|50.0569|59.7094|83.37|75.699|11.8194|18.2346|58.7029|37.9513|94.4507|96.5216|92.3918|63.1262|40.979|78.8723|23.5956|82.9474,0.246796|0.206669|0.230728|0.19306|0.183728|0.203763|0.21275|0.168449|0.231355|0.201188|0.246589|0.168303|0.241387|0.167022|0.243732|0.216949|0.239998|0.191801|0.24308,0.338018|0.285239|0.628307|0.116472|0.218166|0.808712|0.837867|0.776387|0.595303|0.666395|0.157157|0.263233|0.664018|0.776051|0.65643|0.317946|0.300482|0.688345|0.624607,0.869523,0.801463,0.117836,0.0993652,0.460468,0.534015,0.0732846,0.487967,0.198257,0.921169,51.6436,5.43263e-12,47756,0.887486,41.1981,1.06086e-12,38445,0.895553,0.876428,0.0878307,0.631141,0.996144,0.511517,0.22039,0.459803,0.228135,0.891603,87.9902,7.64954e-10,30733,0.967162,70.4477,9.04596e-11,52512
24,633,n1->n99->n77->n72->n70->n69->n28->n29->n11->n9->n10->n63->n82->n54->n53->n52->n65->n64->n49->n51,5.37021e+09|1.57108e+10|5.68112e+11|6.83442e+09|6.87309e+13|8.81277e+09|1.34247e+11|3.6336e+13|1.78735e+12|1.49139e+12|2.49624e+09|6.55204e+12|1.07979e+13|2.80961e+11|4.60474e+10|1.02428e+10|1.12599e+09|4.21034e+09|2.45005e+09|7.46708e+11,8.19724e+08|4.21389e+09|3.56307e+11|1.48353e+09|9.78332e+12|7.57626e+09|1.51805e+10|1.77292e+13|3.29521e+11|3.79906e+11|7.32581e+08|2.63574e+12|1.66379e+12|2.23178e+11|3.18273e+10|2.07235e+09|3.2906e+08|1.60867e+09|2.44458e+09|5.06847e+11,0.000494453|0.00089026|8.49487e-05|0.000159499|5.13815e-05|0.000268039|0.00056516|0.000125062|5.47786e-05|1.80008e-05|6.27016e-05|0.000116235|0.000837919|1.47667e-05|2.00633e-05|0.00011644|1.96575e-05|1.88732e-05|1.07426e-05|0.000185382,0.000316017|0.000350126|0.000906866|0.00384342|0.00295865|0.00367819|0.0093172|0.00231296|0.00652494|0.00065196|0.00113469|0.00126856|0.00271152|0.00549128|0.000509085|0.00580301|0.000428116|0.000135861|0.000979027|0.00344885,0.0109342|0.0362414|0.04851|0.0479977|0.0286141|0.022957|0.0317261|0.0255931|0.00125292|0.0140743|0.00597815|0.0100727|0.0278433|0.0334079|5.21659e-05|0.0398377|0.00118659|0.0266797|0.0183567|0.0365406,0.000178506|0.0472365|0.0115254|0.0299903|0.0216638|0.0100342|0.03841|0.00291922|0.0136412|0.033904|0.0245713|0.0107197|0.0266174|0.00844474|0.00115664|0.0151024|0.00176737|0.0436548|0.0388066|0.0130093,0.973537|0.953794|0.949999|0.96924|0.966653|0.975915|0.948072|0.962742|0.988894|0.963574|0.962416|0.903245|0.934435|0.927525|0.913872|0.965406|0.967717|0.933821|0.969899|0.98883,4.63983|3.07459|0.722366|3.90463|4.60778|2.99986|1.48687|0.0327787|0.923897|5.88966|1.97158|4.68449|0.132111|1.22009|0.640024|0.0104102|4.1126|5.77568|3.94615|4.04415,66.2586|96.5216|92.3918|97.4405|74.5377|97.1045|18.7034|13.2112|99.0064|65.9961|65.1286|48.6997|41.1455|75.3264|81.3721|56.1703|56.7563|77.768|10.4661,0.180129|0.241387|0.167022|0.180102|0.172691|0.207556|0.249902|0.219003|0.201409|0.193896|0.203746|0.175742|0.242874|0.191357|0.184589|0.247907|0.186349|0.165457|0.216931,0.323551|0.664018|0.776051|0.79408|0.416585|0.438091|0.259002|0.427028|0.439638|0.982181|0.514129|0.4301|0.378494|0.567841|0.272111|0.827328|0.927837|0.348083|0.516407,0.869523,0.801463,0.117836,0.0993652,0.460468,0.534015,0.0732846,0.487967,0.198257,0.921169,51.6436,5.43263e-12,47756,0.887486,41.1981,1.06086e-12,38445,0.895553,0.876428,0.0878307,0.631141,0.996144,0.511517,0.22039,0.459803,0.228135,0.891603,87.9902,7.64954e-10,30733,0.967162,70.4477,9.04596e-11,52512
24,634,n1->n20->n89->n90->n56->n54->n40->n42->n63->n79->n81->n83->n85->n84->n33->n35->n31->n29->n50->n51,5.37021e+09|4.0293e+11|2.68119e+11|1.33273e+11|1.1605e+12|2.80961e+11|3.58065e+10|2.42905e+09|6.55204e+12|1.47019e+10|2.58887e+10|3.76373e+13|2.02447e+09|1.07392e+09|3.64323e+13|5.77859e+11|4.79342e+12|3.6336e+13|2.36425e+09|7.46708e+11,8.19724e+08|1.89646e+11|9.23423e+10|6.41526e+10|5.65456e+11|2.23178e+11|4.14657e+09|2.47264e+08|2.63574e+12|4.87652e+09|8.36206e+09|2.34723e+13|2.41326e+08|9.00899e+08|6.32377e+12|4.88834e+11|4.42443e+12|1.77292e+13|4.07889e+08|5.06847e+11,0.000494453|5.21063e-05|3.55201e-05|0.000319756|1.7812e-05|1.47667e-05|6.01341e-05|8.79758e-05|0.000116235|0.000133131|0.000268232|1.86087e-05|2.04325e-05|2.14473e-05|1.50316e-05|0.000412952|0.00024651|0.000125062|1.54283e-05|0.000185382,0.000316017|0.000368678|0.000111435|0.000672662|0.000830638|0.00549128|0.00268841|0.000493531|0.00126856|0.000479664|0.000752991|0.000175452|0.000338175|0.000434313|0.00213059|0.00138752|0.00308746|0.00231296|0.00907722|0.00344885,0.0109342|0.0108696|0.0107812|0.0285929|0.0231698|0.0334079|0.0249103|0.00783732|0.0100727|0.0252961|0.0481357|0.015405|0.0354515|0.0473575|0.00968695|0.00215298|0.0211034|0.0255931|0.00638914|0.0365406,0.000178506|0.0181411|0.0401575|0.0372754|0.0417641|0.00844474|0.033399|0.0327962|0.0107197|0.0203026|0.00997263|0.038157|0.0266209|0.0366447|0.0280967|0.0375959|0.0151027|0.00291922|0.0483596|0.0130093,0.973537|0.923215|0.926416|0.984478|0.944528|0.927525|0.920308|0.960936|0.903245|0.966262|0.948836|0.947801|0.940474|0.948551|0.923653|0.952159|0.943878|0.962742|0.910708|0.98883,4.63983|4.79469|0.0868458|4.02061|2.55597|1.22009|2.50002|0.765875|4.68449|3.41737|1.5908|4.11052|4.91715|5.42186|1.04264|5.24666|4.82496|0.0327787|5.41755|4.04415,90.7492|18.2346|12.726|40.6061|42.6814|12.2677|77.6192|97.0433|16.1844|26.55|78.7627|92.2019|82.1833|59.7094|93.5115|91.3525|70.4589|37.0378|82.9474,0.215706|0.231355|0.226099|0.166746|0.167734|0.248162|0.243521|0.211509|0.22961|0.238834|0.170031|0.231254|0.216313|0.183728|0.242679|0.243038|0.246199|0.191256|0.24308,0.53635|0.595303|0.757755|0.163177|0.927159|0.812759|0.14346|0.758395|0.217843|0.957633|0.530775|0.604504|0.528406|0.218166|0.487093|0.658826|0.415176|0.182586|0.624607,0.869523,0.801463,0.117836,0.0993652,0.460468,0.534015,0.0732846,0.487967,0.198257,0.921169,51.6436,5.43263e-12,47756,0.887486,41.1981,1.06086e-12,38445,0.895553,0.876428,0.0878307,0.631141,0.996144,0.511517,0.22039,0.459803,0.228135,0.891603,87.9902,7.64954e-10,30733,0.967162,70.4477,9.04596e-11,52512
24,635,n1->n99->n97->n27->n4->n2->n7->n9->n10->n63->n61->n62->n60->n59->n90->n89->n95->n93->n94->n51,5.37021e+09|1.57108e+10|2.90604e+09|4.19351e+12|7.07339e+12|5.94248e+10|3.81012e+11|1.49139e+12|2.49624e+09|6.55204e+12|6.44979e+11|2.37342e+11|8.79841e+13|3.04563e+11|1.33273e+11|2.68119e+11|1.05601e+11|4.22601e+13|1.36531e+10|7.46708e+11,8.19724e+08|4.21389e+09|5.04144e+08|8.73344e+11|2.43435e+12|3.74975e+10|6.70334e+10|3.79906e+11|7.32581e+08|2.63574e+12|1.30372e+11|1.13053e+11|5.95756e+13|3.06423e+10|6.41526e+10|9.23423e+10|5.46554e+10|1.3774e+13|1.67171e+09|5.06847e+11,0.000494453|0.00089026|8.81202e-05|1.08528e-05|0.000113681|1.10648e-05|0.000475679|1.80008e-05|6.27016e-05|0.000116235|3.71253e-05|8.24006e-05|0.000731749|2.43107e-05|0.000319756|3.55201e-05|0.000260968|8.45967e-05|2.95455e-05|0.000185382,0.000316017|0.000350126|0.00494291|0.00262605|0.00198341|0.00120557|0.00104538|0.00065196|0.00113469|0.00126856|0.00313588|0.00794111|0.000248463|0.000202742|0.000672662|0.000111435|0.000186877|0.000162335|0.000125263|0.00344885,0.0109342|0.0362414|0.0381696|0.0303206|0.0350273|0.00369149|0.01754|0.0140743|0.00597815|0.0100727|0.0266048|0.0242596|0.0128442|0.00304046|0.0285929|0.0107812|0.00282907|0.0108045|0.00830448|0.0365406,0.000178506|0.0472365|0.00800322|0.0230682|0.0273051|0.0127317|0.0283975|0.033904|0.0245713|0.0107197|0.0179693|0.0480911|0.0431033|0.0474075|0.0372754|0.0401575|0.0420997|0.0326183|0.0293842|0.0130093,0.973537|0.953794|0.90679|0.985376|0.917619|0.968894|0.963898|0.963574|0.962416|0.903245|0.958619|0.98053|0.945549|0.99171|0.984478|0.926416|0.966581|0.912097|0.927471|0.98883,4.63983|3.07459|1.41691|4.5695|1.56082|4.74216|3.51107|5.88966|1.97158|4.68449|2.63855|5.59786|4.50487|5.60303|4.02061|0.0868458|1.09944|5.92115|5.03384|4.04415,66.2586|94.4507|31.5608|52.1141|30.2686|88.6198|59.8148|65.9961|65.1286|47.0482|89.0369|48.3985|76.8491|62.2588|12.726|11.8194|24.941|63.1349|11.2844,0.180129|0.168303|0.219936|0.184605|0.239023|0.228013|0.18359|0.193896|0.203746|0.167884|0.198053|0.17162|0.204072|0.169222|0.226099|0.168449|0.237661|0.209804|0.200895,0.323551|0.263233|0.557853|0.200735|0.514427|0.84397|0.339058|0.982181|0.514129|0.410418|0.704733|0.641887|0.509755|0.361153|0.757755|0.776387|0.985064|0.17375|0.836539,0.869523,0.801463,0.117836,0.0993652,0.460468,0.534015,0.0732846,0.487967,0.198257,0.921169,51.6436,5.43263e-12,47756,0.887486,41.1981,1.06086e-12,38445,0.895553,0.876428,0.0878307,0.631141,0.996144,0.511517,0.22039,0.459803,0.228135,0.891603,87.9902,7.64954e-10,30733,0.967162,70.4477,9.04596e-11,52512
24,636,n1->n20->n18->n19->n17->n85->n83->n84->n56->n55->n54->n82->n95->n97->n99->n77->n93->n92->n94->n51,5.37021e+09|4.0293e+11|7.59179e+12|2.47533e+11|1.51096e+11|2.02447e+09|3.76373e+13|1.07392e+09|1.1605e+12|8.84081e+12|2.80961e+11|1.07979e+13|1.05601e+11|2.90604e+09|1.57108e+10|5.68112e+11|4.22601e+13|1.97334e+09|1.36531e+10|7.46708e+11,8.19724e+08|1.89646e+11|4.11836e+12|2.33399e+11|1.57582e+10|2.41326e+08|2.34723e+13|9.00899e+08|5.65456e+11|4.69454e+12|2.23178e+11|1.66379e+12|5.46554e+10|5.04144e+08|4.21389e+09|3.56307e+11|1.3774e+13|1.46451e+09|1.67171e+09|5.06847e+11,0.000494453|5.21063e-05|2.98936e-05|0.000261527|0.000261059|2.04325e-05|1.86087e-05|2.14473e-05|1.7812e-05|4.06274e-05|1.47667e-05|0.000837919|0.000260968|8.81202e-05|0.00089026|8.49487e-05|8.45967e-05|2.75832e-05|2.95455e-05|0.000185382,0.000316017|0.000368678|0.000681499|0.000768065|0.000513001|0.000338175|0.000175452|0.000434313|0.000830638|0.000128431|0.00549128|0.00271152|0.000186877|0.00494291|0.000350126|0.000906866|0.000162335|0.0052688|0.000125263|0.00344885,0.0109342|0.0108696|0.0192976|0.0201979|0.0430027|0.0354515|0.015405|0.0473575|0.0231698|0.00843704|0.0334079|0.0278433|0.00282907|0.0381696|0.0362414|0.04851|0.0108045|0.0444618|0.00830448|0.0365406,0.000178506|0.0181411|0.0120519|0.0291803|0.00442808|0.0266209|0.038157|0.0366447|0.0417641|0.0314938|0.00844474|0.0266174|0.0420997|0.00800322|0.0472365|0.0115254|0.0326183|0.0387741|0.0293842|0.0130093,0.973537|0.923215|0.946711|0.941018|0.974312|0.940474|0.947801|0.948551|0.944528|0.908585|0.927525|0.934435|0.966581|0.90679|0.953794|0.949999|0.912097|0.987763|0.927471|0.98883,4.63983|4.79469|4.38273|1.39448|5.11322|4.91715|4.11052|5.42186|2.55597|3.37071|1.22009|0.132111|1.09944|1.41691|3.07459|0.722366|5.92115|6.03913|5.03384|4.04415,90.7492|89.2299|34.0839|10.3361|84.7043|92.2019|20.1884|34.4372|95.3312|27.8669|41.1455|75.699|11.8968|94.4507|96.5216|51.9256|61.035|13.5087|11.2844,0.215706|0.247215|0.248409|0.172286|0.225161|0.231254|0.246081|0.222961|0.167906|0.169326|0.242874|0.21275|0.228013|0.168303|0.241387|0.247077|0.21409|0.230182|0.200895,0.53635|0.652252|0.983209|0.559133|0.880608|0.604504|0.599197|0.762891|0.402595|0.414082|0.378494|0.837867|0.342677|0.263233|0.664018|0.469529|0.722832|0.731663|0.836539,0.869523,0.801463,0.117836,0.0993652,0.460468,0.534015,0.0732846,0.487967,0.198257,0.921169,51.6436,5.43263e-12,47756,0.887486,41.1981,1.06086e-12,38445,0.895553,0.876428,0.0878307,0.631141,0.996144,0.511517,0.22039,0.459803,0.228135,0.891603,87.9902,7.64954e-10,30733,0.967162,70.4477,9.04596e-11,52512
24,637,n1->n20->n18->n19->n17->n68->n58->n59->n90->n56->n84->n83->n57->n74->n35->n31->n30->n29->n50->n51,5.37021e+09|4.0293e+11|7.59179e+12|2.47533e+11|1.51096e+11|1.31753e+09|8.16696e+09|3.04563e+11|1.33273e+11|1.1605e+12|1.07392e+09|3.76373e+13|4.14288e+09|5.8385e+13|5.77859e+11|4.79342e+12|1.26395e+10|3.6336e+13|2.36425e+09|7.46708e+11,8.19724e+08|1.89646e+11|4.11836e+12|2.33399e+11|1.57582e+10|3.10679e+08|6.89506e+09|3.06423e+10|6.41526e+10|5.65456e+11|9.00899e+08|2.34723e+13|2.05006e+09|7.35096e+12|4.88834e+11|4.42443e+12|1.81012e+09|1.77292e+13|4.07889e+08|5.06847e+11,0.000494453|5.21063e-05|2.98936e-05|0.000261527|0.000261059|0.000223952|0.000266735|2.43107e-05|0.000319756|1.7812e-05|2.14473e-05|1.86087e-05|0.000173612|0.000875739|0.000412952|0.00024651|4.789e-05|0.000125062|1.54283e-05|0.000185382,0.000316017|0.000368678|0.000681499|0.000768065|0.000513001|0.00843573|0.00874893|0.000202742|0.000672662|0.000830638|0.000434313|0.000175452|0.00271581|0.00944671|0.00138752|0.00308746|0.00655588|0.00231296|0.00907722|0.00344885,0.0109342|0.0108696|0.0192976|0.0201979|0.0430027|0.0370095|0.0248478|0.00304046|0.0285929|0.0231698|0.0473575|0.015405|0.0328142|0.0280357|0.00215298|0.0211034|0.00398508|0.0255931|0.00638914|0.0365406,0.000178506|0.0181411|0.0120519|0.0291803|0.00442808|0.00589983|0.0481122|0.0474075|0.0372754|0.0417641|0.0366447|0.038157|0.0437642|0.0166219|0.0375959|0.0151027|0.0178703|0.00291922|0.0483596|0.0130093,0.973537|0.923215|0.946711|0.941018|0.974312|0.984554|0.911658|0.99171|0.984478|0.944528|0.948551|0.947801|0.983348|0.90082|0.952159|0.943878|0.972158|0.962742|0.910708|0.98883,4.63983|4.79469|4.38273|1.39448|5.11322|5.26958|3.70937|5.60303|4.02061|2.55597|5.42186|4.11052|1.93323|0.0974208|5.24666|4.82496|5.42296|0.0327787|5.41755|4.04415,90.7492|89.2299|34.0839|10.3361|23.9015|56.905|56.397|62.2588|40.6061|34.4372|20.1884|50.003|95.6836|67.7415|91.3525|88.6669|29.3504|37.0378|82.9474,0.215706|0.247215|0.248409|0.172286|0.236806|0.185169|0.21902|0.169222|0.166746|0.222961|0.246081|0.1911|0.169856|0.161632|0.243038|0.215598|0.179657|0.191256|0.24308,0.53635|0.652252|0.983209|0.559133|0.2818|0.476138|0.533324|0.361153|0.163177|0.762891|0.599197|0.161388|0.815246|0.301798|0.658826|0.123891|0.887943|0.182586|0.624607,0.869523,0.801463,0.117836,0.0993652,0.460468,0.534015,0.0732846,0.487967,0.198257,0.921169,51.6436,5.43263e-12,47756,0.887486,41.1981,1.06086e-12,38445,0.895553,0.876428,0.0878307,0.631141,0.996144,0.511517,0.22039,0.459803,0.228135,0.891603,87.9902,7.64954e-10,30733,0.967162,70.4477,9.04596e-11,52512
24,638,n1->n20->n96->n97->n27->n25->n26->n24->n33->n31->n35->n34->n32->n30->n76->n78->n85->n65->n52->n51,5.37021e+09|4.0293e+11|2.51165e+12|2.90604e+09|4.19351e+12|1.67189e+13|7.09351e+09|1.59557e+13|3.64323e+13|4.79342e+12|5.77859e+11|4.7313e+12|1.78367e+12|1.26395e+10|4.21804e+13|3.25238e+10|2.02447e+09|1.12599e+09|1.02428e+10|7.46708e+11,8.19724e+08|1.89646e+11|5.36324e+11|5.04144e+08|8.73344e+11|1.40059e+13|1.31666e+09|4.06569e+12|6.32377e+12|4.42443e+12|4.88834e+11|1.15705e+12|1.05491e+12|1.81012e+09|1.15782e+13|2.30731e+10|2.41326e+08|3.2906e+08|2.07235e+09|5.06847e+11,0.000494453|5.21063e-05|1.2987e-05|8.81202e-05|1.08528e-05|6.30741e-05|3.77967e-05|0.000193265|1.50316e-05|0.00024651|0.000412952|0.000140889|0.000179959|4.789e-05|1.88608e-05|0.000270955|2.04325e-05|1.96575e-05|0.00011644|0.000185382,0.000316017|0.000368678|0.000286765|0.00494291|0.00262605|0.00294926|0.00522178|0.0012727|0.00213059|0.00308746|0.00138752|0.000270551|0.00292552|0.00655588|0.00214239|0.00167497|0.000338175|0.000428116|0.00580301|0.00344885,0.0109342|0.0108696|0.0377902|0.0381696|0.0303206|0.0195393|0.0101688|0.0433038|0.00968695|0.0211034|0.00215298|0.0276207|0.00778345|0.00398508|0.00156873|0.00569443|0.0354515|0.00118659|0.0398377|0.0365406,0.000178506|0.0181411|0.0195364|0.00800322|0.0230682|0.0159438|0.0409649|0.00780618|0.0280967|0.0151027|0.0375959|0.0210615|0.0161829|0.0178703|0.0470058|0.0425349|0.0266209|0.00176737|0.0151024|0.0130093,0.973537|0.923215|0.951762|0.90679|0.985376|0.9023|0.981638|0.90929|0.923653|0.943878|0.952159|0.904866|0.953313|0.972158|0.989289|0.92832|0.940474|0.967717|0.965406|0.98883,4.63983|4.79469|0.85792|1.41691|4.5695|1.57149|2.91399|3.9732|1.04264|4.82496|5.24666|4.56594|0.10397|5.42296|0.578949|3.3614|4.91715|4.1126|0.0104102|4.04415,90.7492|58.7029|37.9513|31.5608|64.4551|63.0993|83.4704|98.0873|95.0453|91.3525|26.2497|23.0914|69.5993|21.8454|69.3348|67.1704|82.5435|56.1703|83.3731,0.215706|0.201188|0.246589|0.219936|0.242248|0.228799|0.216464|0.239791|0.234751|0.243038|0.244194|0.18593|0.204659|0.220509|0.194827|0.184721|0.20461|0.247907|0.197114,0.53635|0.666395|0.157157|0.557853|0.837222|0.359402|0.583168|0.939209|0.258586|0.658826|0.307851|0.12287|0.237533|0.936019|0.93416|0.609732|0.519435|0.827328|0.942894,0.869523,0.801463,0.117836,0.0993652,0.460468,0.534015,0.0732846,0.487967,0.198257,0.921169,51.6436,5.43263e-12,47756,0.887486,41.1981,1.06086e-12,38445,0.895553,0.876428,0.0878307,0.631141,0.996144,0.511517,0.22039,0.459803,0.228135,0.891603,87.9902,7.64954e-10,30733,0.967162,70.4477,9.04596e-11,52512
24,639,n1->n99->n97->n96->n14->n13->n15->n34->n35->n31->n29->n27->n4->n2->n100->n90->n89->n48->n50->n51,5.37021e+09|1.57108e+10|2.90604e+09|2.51165e+12|3.70261e+10|6.60497e+13|8.77071e+11|4.7313e+12|5.77859e+11|4.79342e+12|3.6336e+13|4.19351e+12|7.07339e+12|5.94248e+10|4.01966e+09|1.33273e+11|2.68119e+11|3.98001e+12|2.36425e+09|7.46708e+11,8.19724e+08|4.21389e+09|5.04144e+08|5.36324e+11|1.44234e+10|8.87204e+12|1.06991e+11|1.15705e+12|4.88834e+11|4.42443e+12|1.77292e+13|8.73344e+11|2.43435e+12|3.74975e+10|2.27749e+09|6.41526e+10|9.23423e+10|1.69514e+12|4.07889e+08|5.06847e+11,0.000494453|0.00089026|8.81202e-05|1.2987e-05|3.25754e-05|0.000787814|0.000182949|0.000140889|0.000412952|0.00024651|0.000125062|1.08528e-05|0.000113681|1.10648e-05|0.000665246|0.000319756|3.55201e-05|4.78153e-05|1.54283e-05|0.000185382,0.000316017|0.000350126|0.00494291|0.000286765|0.000181646|0.00788063|0.00274771|0.000270551|0.00138752|0.00308746|0.00231296|0.00262605|0.00198341|0.00120557|0.00914892|0.000672662|0.000111435|0.00544009|0.00907722|0.00344885,0.0109342|0.0362414|0.0381696|0.0377902|0.0426128|0.0476737|0.0207315|0.0276207|0.00215298|0.0211034|0.0255931|0.0303206|0.0350273|0.00369149|0.0100829|0.0285929|0.0107812|0.0455031|0.00638914|0.0365406,0.000178506|0.0472365|0.00800322|0.0195364|0.049061|0.00335145|0.0378122|0.0210615|0.0375959|0.0151027|0.00291922|0.0230682|0.0273051|0.0127317|0.0460028|0.0372754|0.0401575|0.0360942|0.0483596|0.0130093,0.973537|0.953794|0.90679|0.951762|0.906626|0.954869|0.910795|0.904866|0.952159|0.943878|0.962742|0.985376|0.917619|0.968894|0.935175|0.984478|0.926416|0.967439|0.910708|0.98883,4.63983|3.07459|1.41691|0.85792|0.762282|5.26639|1.89272|4.56594|5.24666|4.82496|0.0327787|4.5695|1.56082|4.74216|3.89025|4.02061|0.0868458|3.09858|5.41755|4.04415,66.2586|94.4507|37.9513|54.7186|92.5451|66.6304|27.3162|26.2497|91.3525|70.4589|49.6282|52.1141|30.2686|37.015|32.7492|12.726|94.0077|23.5956|82.9474,0.180129|0.168303|0.246589|0.208433|0.191459|0.179788|0.231681|0.244194|0.243038|0.246199|0.180772|0.184605|0.239023|0.17211|0.191207|0.226099|0.234363|0.191801|0.24308,0.323551|0.263233|0.157157|0.448351|0.161307|0.275394|0.750497|0.307851|0.658826|0.415176|0.511755|0.200735|0.514427|0.315214|0.878161|0.757755|0.948873|0.688345|0.624607,0.869523,0.801463,0.117836,0.0993652,0.460468,0.534015,0.0732846,0.487967,0.198257,0.921169,51.6436,5.43263e-12,47756,0.887486,41.1981,1.06086e-12,38445,0.895553,0.876428,0.0878307,0.631141,0.996144,0.511517,0.22039,0.459803,0.228135,0.891603,87.9902,7.64954e-10,30733,0.967162,70.4477,9.04596e-11,52512
24,640,n1->n13->n15->n63->n42->n44->n45->n43->n41->n39->n10->n9->n7->n2->n100->n73->n54->n53->n52->n51,5.37021e+09|6.60497e+13|8.77071e+11|6.55204e+12|2.42905e+09|5.26537e+13|8.38488e+13|1.40931e+10|3.95737e+11|3.34792e+13|2.49624e+09|1.49139e+12|3.81012e+11|5.94248e+10|4.01966e+09|1.41706e+11|2.80961e+11|4.60474e+10|1.02428e+10|7.46708e+11,8.19724e+08|8.87204e+12|1.06991e+11|2.63574e+12|2.47264e+08|2.86817e+13|1.01787e+13|3.26577e+09|1.47899e+11|1.12013e+13|7.32581e+08|3.79906e+11|6.70334e+10|3.74975e+10|2.27749e+09|5.76853e+10|2.23178e+11|3.18273e+10|2.07235e+09|5.06847e+11,0.000494453|0.000787814|0.000182949|0.000116235|8.79758e-05|0.000124649|1.67225e-05|0.000955168|2.35935e-05|5.53896e-05|6.27016e-05|1.80008e-05|0.000475679|1.10648e-05|0.000665246|6.32916e-05|1.47667e-05|2.00633e-05|0.00011644|0.000185382,0.000316017|0.00788063|0.00274771|0.00126856|0.000493531|0.00158999|0.000742576|0.00344494|0.00412419|0.0025393|0.00113469|0.00065196|0.00104538|0.00120557|0.00914892|0.000807753|0.00549128|0.000509085|0.00580301|0.00344885,0.0109342|0.0476737|0.0207315|0.0100727|0.00783732|0.0486405|0.00846218|0.0168583|0.00451081|0.00111942|0.00597815|0.0140743|0.01754|0.00369149|0.0100829|0.0455502|0.0334079|5.21659e-05|0.0398377|0.0365406,0.000178506|0.00335145|0.0378122|0.0107197|0.0327962|0.00764508|0.0342415|0.0482719|0.00491436|0.0449458|0.0245713|0.033904|0.0283975|0.0127317|0.0460028|0.028193|0.00844474|0.00115664|0.0151024|0.0130093,0.973537|0.954869|0.910795|0.903245|0.960936|0.932977|0.934264|0.943219|0.923722|0.924329|0.962416|0.963574|0.963898|0.968894|0.935175|0.909539|0.927525|0.913872|0.965406|0.98883,4.63983|5.26639|1.89272|4.68449|0.765875|2.64532|5.31688|2.3897|4.11092|1.19952|1.97158|5.88966|3.51107|4.74216|3.89025|3.29092|1.22009|0.640024|0.0104102|4.04415,79.8117|66.6304|11.0615|97.0433|21.0603|57.1366|48.5398|43.4967|38.9947|24.4191|65.9961|59.8148|88.6198|37.015|20.1165|26.1465|75.3264|81.3721|83.3731,0.246796|0.179788|0.214255|0.211509|0.23095|0.235241|0.218428|0.160247|0.18226|0.239532|0.193896|0.18359|0.228013|0.17211|0.175955|0.196311|0.191357|0.184589|0.197114,0.338018|0.275394|0.692153|0.758395|0.399278|0.218954|0.854577|0.922117|0.988985|0.991722|0.982181|0.339058|0.84397|0.315214|0.825877|0.754315|0.567841|0.272111|0.942894,0.869523,0.801463,0.117836,0.0993652,0.460468,0.534015,0.0732846,0.487967,0.198257,0.921169,51.6436,5.43263e-12,47756,0.887486,41.1981,1.06086e-12,38445,0.895553,0.876428,0.0878307,0.631141,0.996144,0.511517,0.22039,0.459803,0.228135,0.891603,87.9902,7.64954e-10,30733,0.967162,70.4477,9.04596e-11,52512
24,641,n1->n13->n14->n12->n6->n33->n84->n85->n58->n68->n17->n18->n19->n20->n89->n88->n90->n59->n50->n51,5.37021e+09|6.60497e+13|3.70261e+10|9.70597e+10|1.14208e+09|3.64323e+13|1.07392e+09|2.02447e+09|8.16696e+09|1.31753e+09|1.51096e+11|7.59179e+12|2.47533e+11|4.0293e+11|2.68119e+11|9.00567e+12|1.33273e+11|3.04563e+11|2.36425e+09|7.46708e+11,8.19724e+08|8.87204e+12|1.44234e+10|2.76143e+10|2.20459e+08|6.32377e+12|9.00899e+08|2.41326e+08|6.89506e+09|3.10679e+08|1.57582e+10|4.11836e+12|2.33399e+11|1.89646e+11|9.23423e+10|8.66002e+12|6.41526e+10|3.06423e+10|4.07889e+08|5.06847e+11,0.000494453|0.000787814|3.25754e-05|0.000201974|1.08483e-05|1.50316e-05|2.14473e-05|2.04325e-05|0.000266735|0.000223952|0.000261059|2.98936e-05|0.000261527|5.21063e-05|3.55201e-05|6.2721e-05|0.000319756|2.43107e-05|1.54283e-05|0.000185382,0.000316017|0.00788063|0.000181646|0.0016732|0.00010157|0.00213059|0.000434313|0.000338175|0.00874893|0.00843573|0.000513001|0.000681499|0.000768065|0.000368678|0.000111435|0.000480267|0.000672662|0.000202742|0.00907722|0.00344885,0.0109342|0.0476737|0.0426128|0.0313381|0.00160082|0.00968695|0.0473575|0.0354515|0.0248478|0.0370095|0.0430027|0.0192976|0.0201979|0.0108696|0.0107812|0.00850464|0.0285929|0.00304046|0.00638914|0.0365406,0.000178506|0.00335145|0.049061|0.0470205|0.0260762|0.0280967|0.0366447|0.0266209|0.0481122|0.00589983|0.00442808|0.0120519|0.0291803|0.0181411|0.0401575|0.0237676|0.0372754|0.0474075|0.0483596|0.0130093,0.973537|0.954869|0.906626|0.937315|0.908628|0.923653|0.948551|0.940474|0.911658|0.984554|0.974312|0.946711|0.941018|0.923215|0.926416|0.962132|0.984478|0.99171|0.910708|0.98883,4.63983|5.26639|0.762282|3.07758|5.01633|1.04264|5.42186|4.91715|3.70937|5.26958|5.11322|4.38273|1.39448|4.79469|0.0868458|1.9653|4.02061|5.60303|5.41755|4.04415,79.8117|92.5451|51.9585|32.9383|50.0569|59.7094|82.1833|90.6886|56.905|23.9015|43.2583|34.0839|86.2435|18.2346|92.4072|14.1987|62.2588|47.7013|82.9474,0.246796|0.191459|0.222459|0.230728|0.19306|0.183728|0.216313|0.194345|0.185169|0.236806|0.218822|0.248409|0.182991|0.231355|0.203687|0.244274|0.169222|0.170229|0.24308,0.338018|0.161307|0.326911|0.628307|0.116472|0.218166|0.528406|0.45102|0.476138|0.2818|0.981182|0.983209|0.182796|0.595303|0.876618|0.997795|0.361153|0.776444|0.624607,0.869523,0.801463,0.117836,0.0993652,0.460468,0.534015,0.0732846,0.487967,0.198257,0.921169,51.6436,5.43263e-12,47756,0.887486,41.1981,1.06086e-12,38445,0.895553,0.876428,0.0878307,0.631141,0.996144,0.511517,0.22039,0.459803,0.228135,0.891603,87.9902,7.64954e-10,30733,0.967162,70.4477,9.04596e-11,52512
24,642,n1->n20->n89->n88->n90->n56->n55->n54->n73->n75->n14->n12->n8->n10->n9->n7->n5->n65->n52->n51,5.37021e+09|4.0293e+11|2.68119e+11|9.00567e+12|1.33273e+11|1.1605e+12|8.84081e+12|2.80961e+11|1.41706e+11|8.71921e+10|3.70261e+10|9.70597e+10|4.61239e+13|2.49624e+09|1.49139e+12|3.81012e+11|2.91995e+11|1.12599e+09|1.02428e+10|7.46708e+11,8.19724e+08|1.89646e+11|9.23423e+10|8.66002e+12|6.41526e+10|5.65456e+11|4.69454e+12|2.23178e+11|5.76853e+10|5.29113e+10|1.44234e+10|2.76143e+10|1.04208e+13|7.32581e+08|3.79906e+11|6.70334e+10|4.67133e+10|3.2906e+08|2.07235e+09|5.06847e+11,0.000494453|5.21063e-05|3.55201e-05|6.2721e-05|0.000319756|1.7812e-05|4.06274e-05|1.47667e-05|6.32916e-05|0.000766915|3.25754e-05|0.000201974|6.6054e-05|6.27016e-05|1.80008e-05|0.000475679|7.03031e-05|1.96575e-05|0.00011644|0.000185382,0.000316017|0.000368678|0.000111435|0.000480267|0.000672662|0.000830638|0.000128431|0.00549128|0.000807753|0.000203965|0.000181646|0.0016732|0.00522046|0.00113469|0.00065196|0.00104538|0.000196916|0.000428116|0.00580301|0.00344885,0.0109342|0.0108696|0.0107812|0.00850464|0.0285929|0.0231698|0.00843704|0.0334079|0.0455502|0.0243876|0.0426128|0.0313381|0.0318744|0.00597815|0.0140743|0.01754|0.00731162|0.00118659|0.0398377|0.0365406,0.000178506|0.0181411|0.0401575|0.0237676|0.0372754|0.0417641|0.0314938|0.00844474|0.028193|0.0250863|0.049061|0.0470205|0.0483133|0.0245713|0.033904|0.0283975|0.0421608|0.00176737|0.0151024|0.0130093,0.973537|0.923215|0.926416|0.962132|0.984478|0.944528|0.908585|0.927525|0.909539|0.936129|0.906626|0.937315|0.975256|0.962416|0.963574|0.963898|0.951514|0.967717|0.965406|0.98883,4.63983|4.79469|0.0868458|1.9653|4.02061|2.55597|3.37071|1.22009|3.29092|3.39264|0.762282|3.07758|3.22282|1.97158|5.88966|3.51107|4.90362|4.1126|0.0104102|4.04415,90.7492|18.2346|92.4072|14.1987|40.6061|95.3312|27.8669|26.1465|85.6152|56.2706|51.9585|81.3396|99.595|65.9961|59.8148|37.2729|35.0583|56.1703|83.3731,0.215706|0.231355|0.203687|0.244274|0.166746|0.167906|0.169326|0.196311|0.185893|0.226178|0.222459|0.186476|0.184434|0.193896|0.18359|0.176784|0.209201|0.247907|0.197114,0.53635|0.595303|0.876618|0.997795|0.163177|0.402595|0.414082|0.754315|0.624191|0.725021|0.326911|0.379326|0.703378|0.982181|0.339058|0.943162|0.297185|0.827328|0.942894,0.869523,0.801463,0.117836,0.0993652,0.460468,0.534015,0.0732846,0.487967,0.198257,0.921169,51.6436,5.43263e-12,47756,0.887486,41.1981,1.06086e-12,38445,0.895553,0.876428,0.0878307,0.631141,0.996144,0.511517,0.22039,0.459803,0.228135,0.891603,87.9902,7.64954e-10,30733,0.967162,70.4477,9.04596e-11,52512
24,643,n1->n99->n98->n57->n74->n35->n33->n31->n32->n66->n68->n19->n18->n16->n38->n67->n64->n65->n52->n51,5.37021e+09|1.57108e+10|1.8266e+13|4.14288e+09|5.8385e+13|5.77859e+11|3.64323e+13|4.79342e+12|1.78367e+12|1.10072e+10|1.31753e+09|2.47533e+11|7.59179e+12|1.09193e+13|1.16426e+13|4.7483e+09|4.21034e+09|1.12599e+09|1.02428e+10|7.46708e+11,8.19724e+08|4.21389e+09|5.99087e+12|2.05006e+09|7.35096e+12|4.88834e+11|6.32377e+12|4.42443e+12|1.05491e+12|8.7665e+09|3.10679e+08|2.33399e+11|4.11836e+12|1.33827e+12|1.19258e+12|7.5553e+08|1.60867e+09|3.2906e+08|2.07235e+09|5.06847e+11,0.000494453|0.00089026|0.000410965|0.000173612|0.000875739|0.000412952|1.50316e-05|0.00024651|0.000179959|0.000237659|0.000223952|0.000261527|2.98936e-05|3.71682e-05|1.04425e-05|3.91885e-05|1.88732e-05|1.96575e-05|0.00011644|0.000185382,0.000316017|0.000350126|0.000548485|0.00271581|0.00944671|0.00138752|0.00213059|0.00308746|0.00292552|0.000470269|0.00843573|0.000768065|0.000681499|0.00174713|0.00950649|0.000640186|0.000135861|0.000428116|0.00580301|0.00344885,0.0109342|0.0362414|0.0295222|0.0328142|0.0280357|0.00215298|0.00968695|0.0211034|0.00778345|0.0203827|0.0370095|0.0201979|0.0192976|0.0123696|0.0263713|0.029632|0.0266797|0.00118659|0.0398377|0.0365406,0.000178506|0.0472365|0.0297366|0.0437642|0.0166219|0.0375959|0.0280967|0.0151027|0.0161829|0.0146278|0.00589983|0.0291803|0.0120519|0.0240438|0.00318517|0.0482082|0.0436548|0.00176737|0.0151024|0.0130093,0.973537|0.953794|0.959539|0.983348|0.90082|0.952159|0.923653|0.943878|0.953313|0.978907|0.984554|0.941018|0.946711|0.979533|0.902547|0.924883|0.933821|0.967717|0.965406|0.98883,4.63983|3.07459|2.95405|1.93323|0.0974208|5.24666|1.04264|4.82496|0.10397|3.10364|5.26958|1.39448|4.38273|1.69436|5.09423|2.06342|5.77568|4.1126|0.0104102|4.04415,66.2586|58.4557|98.2355|95.6836|67.7415|93.5115|95.0453|86.0567|27.3217|70.8824|67.5745|34.0839|72.2829|28.0546|59.2872|95.5844|56.7563|56.1703|83.3731,0.180129|0.227784|0.190047|0.169856|0.161632|0.242679|0.234751|0.16799|0.199785|0.16183|0.2055|0.248409|0.180241|0.17367|0.200548|0.248978|0.186349|0.247907|0.197114,0.323551|0.686264|0.757428|0.815246|0.301798|0.487093|0.258586|0.799966|0.769012|0.215539|0.968257|0.983209|0.553025|0.828443|0.127053|0.480161|0.927837|0.827328|0.942894,0.869523,0.801463,0.117836,0.0993652,0.460468,0.534015,0.0732846,0.487967,0.198257,0.921169,51.6436,5.43263e-12,47756,0.887486,41.1981,1.06086e-12,38445,0.895553,0.876428,0.0878307,0.631141,0.996144,0.511517,0.22039,0.459803,0.228135,0.891603,87.9902,7.64954e-10,30733,0.967162,70.4477,9.04596e-11,52512
24,644,n1->n99->n98->n57->n55->n54->n40->n42->n63->n15->n34->n32->n66->n68->n22->n21->n67->n64->n49->n51,5.37021e+09|1.57108e+10|1.8266e+13|4.14288e+09|8.84081e+12|2.80961e+11|3.58065e+10|2.42905e+09|6.55204e+12|8.77071e+11|4.7313e+12|1.78367e+12|1.10072e+10|1.31753e+09|1.47e+10|1.56161e+12|4.7483e+09|4.21034e+09|2.45005e+09|7.46708e+11,8.19724e+08|4.21389e+09|5.99087e+12|2.05006e+09|4.69454e+12|2.23178e+11|4.14657e+09|2.47264e+08|2.63574e+12|1.06991e+11|1.15705e+12|1.05491e+12|8.7665e+09|3.10679e+08|9.51029e+09|3.02345e+11|7.5553e+08|1.60867e+09|2.44458e+09|5.06847e+11,0.000494453|0.00089026|0.000410965|0.000173612|4.06274e-05|1.47667e-05|6.01341e-05|8.79758e-05|0.000116235|0.000182949|0.000140889|0.000179959|0.000237659|0.000223952|1.77434e-05|0.00096308|3.91885e-05|1.88732e-05|1.07426e-05|0.000185382,0.000316017|0.000350126|0.000548485|0.00271581|0.000128431|0.00549128|0.00268841|0.000493531|0.00126856|0.00274771|0.000270551|0.00292552|0.000470269|0.00843573|0.0006856|0.00195589|0.000640186|0.000135861|0.000979027|0.00344885,0.0109342|0.0362414|0.0295222|0.0328142|0.00843704|0.0334079|0.0249103|0.00783732|0.0100727|0.0207315|0.0276207|0.00778345|0.0203827|0.0370095|0.0408661|0.00712365|0.029632|0.0266797|0.0183567|0.0365406,0.000178506|0.0472365|0.0297366|0.0437642|0.0314938|0.00844474|0.033399|0.0327962|0.0107197|0.0378122|0.0210615|0.0161829|0.0146278|0.00589983|0.040072|0.0414669|0.0482082|0.0436548|0.0388066|0.0130093,0.973537|0.953794|0.959539|0.983348|0.908585|0.927525|0.920308|0.960936|0.903245|0.910795|0.904866|0.953313|0.978907|0.984554|0.95984|0.971602|0.924883|0.933821|0.969899|0.98883,4.63983|3.07459|2.95405|1.93323|3.37071|1.22009|2.50002|0.765875|4.68449|1.89272|4.56594|0.10397|3.10364|5.26958|0.048646|3.14177|2.06342|5.77568|3.94615|4.04415,66.2586|58.4557|98.2355|61.5999|27.8669|12.2677|77.6192|97.0433|11.0615|27.3162|23.0914|27.3217|70.8824|15.3326|55.6995|42.5138|95.5844|77.768|10.4661,0.180129|0.227784|0.190047|0.220389|0.169326|0.248162|0.243521|0.211509|0.214255|0.231681|0.18593|0.199785|0.16183|0.236297|0.206062|0.197352|0.248978|0.165457|0.216931,0.323551|0.686264|0.757428|0.549818|0.414082|0.812759|0.14346|0.758395|0.692153|0.750497|0.12287|0.769012|0.215539|0.655447|0.677391|0.602799|0.480161|0.348083|0.516407,0.869523,0.801463,0.117836,0.0993652,0.460468,0.534015,0.0732846,0.487967,0.198257,0.921169,51.6436,5.43263e-12,47756,0.887486,41.1981,1.06086e-12,38445,0.895553,0.876428,0.0878307,0.631141,0.996144,0.511517,0.22039,0.459803,0.228135,0.891603,87.9902,7.64954e-10,30733,0.967162,70.4477,9.04596e-11,52512
24,645,n1->n13->n14->n75->n4->n27->n25->n26->n24->n33->n32->n66->n68->n58->n59->n60->n62->n64->n49->n51,5.37021e+09|6.60497e+13|3.70261e+10|8.71921e+10|7.07339e+12|4.19351e+12|1.67189e+13|7.09351e+09|1.59557e+13|3.64323e+13|1.78367e+12|1.10072e+10|1.31753e+09|8.16696e+09|3.04563e+11|8.79841e+13|2.37342e+11|4.21034e+09|2.45005e+09|7.46708e+11,8.19724e+08|8.87204e+12|1.44234e+10|5.29113e+10|2.43435e+12|8.73344e+11|1.40059e+13|1.31666e+09|4.06569e+12|6.32377e+12|1.05491e+12|8.7665e+09|3.10679e+08|6.89506e+09|3.06423e+10|5.95756e+13|1.13053e+11|1.60867e+09|2.44458e+09|5.06847e+11,0.000494453|0.000787814|3.25754e-05|0.000766915|0.000113681|1.08528e-05|6.30741e-05|3.77967e-05|0.000193265|1.50316e-05|0.000179959|0.000237659|0.000223952|0.000266735|2.43107e-05|0.000731749|8.24006e-05|1.88732e-05|1.07426e-05|0.000185382,0.000316017|0.00788063|0.000181646|0.000203965|0.00198341|0.00262605|0.00294926|0.00522178|0.0012727|0.00213059|0.00292552|0.000470269|0.00843573|0.00874893|0.000202742|0.000248463|0.00794111|0.000135861|0.000979027|0.00344885,0.0109342|0.0476737|0.0426128|0.0243876|0.0350273|0.0303206|0.0195393|0.0101688|0.0433038|0.00968695|0.00778345|0.0203827|0.0370095|0.0248478|0.00304046|0.0128442|0.0242596|0.0266797|0.0183567|0.0365406,0.000178506|0.00335145|0.049061|0.0250863|0.0273051|0.0230682|0.0159438|0.0409649|0.00780618|0.0280967|0.0161829|0.0146278|0.00589983|0.0481122|0.0474075|0.0431033|0.0480911|0.0436548|0.0388066|0.0130093,0.973537|0.954869|0.906626|0.936129|0.917619|0.985376|0.9023|0.981638|0.90929|0.923653|0.953313|0.978907|0.984554|0.911658|0.99171|0.945549|0.98053|0.933821|0.969899|0.98883,4.63983|5.26639|0.762282|3.39264|1.56082|4.5695|1.57149|2.91399|3.9732|1.04264|0.10397|3.10364|5.26958|3.70937|5.60303|4.50487|5.59786|5.77568|3.94615|4.04415,79.8117|92.5451|56.2706|81.7362|52.1141|64.4551|63.0993|83.4704|98.0873|61.2747|27.3217|70.8824|56.905|56.397|76.8491|48.3985|93.0484|77.768|10.4661,0.246796|0.191459|0.226178|0.218556|0.184605|0.242248|0.228799|0.216464|0.239791|0.208144|0.199785|0.16183|0.185169|0.21902|0.204072|0.17162|0.176232|0.165457|0.216931,0.338018|0.161307|0.725021|0.847503|0.200735|0.837222|0.359402|0.583168|0.939209|0.704271|0.769012|0.215539|0.476138|0.533324|0.509755|0.641887|0.182879|0.348083|0.516407,0.869523,0.801463,0.117836,0.0993652,0.460468,0.534015,0.0732846,0.487967,0.198257,0.921169,51.6436,5.43263e-12,47756,0.887486,41.1981,1.06086e-12,38445,0.895553,0.876428,0.0878307,0.631141,0.996144,0.511517,0.22039,0.459803,0.228135,0.891603,87.9902,7.64954e-10,30733,0.967162,70.4477,9.04596e-11,52512
24,646,n1->n13->n15->n63->n61->n62->n46->n48->n89->n20->n21->n23->n83->n57->n74->n76->n30->n29->n50->n51,5.37021e+09|6.60497e+13|8.77071e+11|6.55204e+12|6.44979e+11|2.37342e+11|5.53417e+12|3.98001e+12|2.68119e+11|4.0293e+11|1.56161e+12|4.63033e+10|3.76373e+13|4.14288e+09|5.8385e+13|4.21804e+13|1.26395e+10|3.6336e+13|2.36425e+09|7.46708e+11,8.19724e+08|8.87204e+12|1.06991e+11|2.63574e+12|1.30372e+11|1.13053e+11|1.63629e+12|1.69514e+12|9.23423e+10|1.89646e+11|3.02345e+11|3.30225e+10|2.34723e+13|2.05006e+09|7.35096e+12|1.15782e+13|1.81012e+09|1.77292e+13|4.07889e+08|5.06847e+11,0.000494453|0.000787814|0.000182949|0.000116235|3.71253e-05|8.24006e-05|0.000489732|4.78153e-05|3.55201e-05|5.21063e-05|0.00096308|0.000277161|1.86087e-05|0.000173612|0.000875739|1.88608e-05|4.789e-05|0.000125062|1.54283e-05|0.000185382,0.000316017|0.00788063|0.00274771|0.00126856|0.00313588|0.00794111|0.000159088|0.00544009|0.000111435|0.000368678|0.00195589|0.00418014|0.000175452|0.00271581|0.00944671|0.00214239|0.00655588|0.00231296|0.00907722|0.00344885,0.0109342|0.0476737|0.0207315|0.0100727|0.0266048|0.0242596|0.029055|0.0455031|0.0107812|0.0108696|0.00712365|0.00314906|0.015405|0.0328142|0.0280357|0.00156873|0.00398508|0.0255931|0.00638914|0.0365406,0.000178506|0.00335145|0.0378122|0.0107197|0.0179693|0.0480911|0.0302566|0.0360942|0.0401575|0.0181411|0.0414669|0.0470385|0.038157|0.0437642|0.0166219|0.0470058|0.0178703|0.00291922|0.0483596|0.0130093,0.973537|0.954869|0.910795|0.903245|0.958619|0.98053|0.923372|0.967439|0.926416|0.923215|0.971602|0.92176|0.947801|0.983348|0.90082|0.989289|0.972158|0.962742|0.910708|0.98883,4.63983|5.26639|1.89272|4.68449|2.63855|5.59786|0.31178|3.09858|0.0868458|4.79469|3.14177|2.08786|4.11052|1.93323|0.0974208|0.578949|5.42296|0.0327787|5.41755|4.04415,79.8117|66.6304|11.0615|47.0482|89.0369|56.7189|41.9872|94.0077|18.2346|76.7594|88.4205|23.518|50.003|95.6836|53.1277|21.8454|29.3504|37.0378|82.9474,0.246796|0.179788|0.214255|0.167884|0.198053|0.167864|0.178665|0.234363|0.231355|0.218425|0.232237|0.181099|0.1911|0.169856|0.181342|0.220509|0.179657|0.191256|0.24308,0.338018|0.275394|0.692153|0.410418|0.704733|0.624525|0.182289|0.948873|0.595303|0.515127|0.516177|0.741177|0.161388|0.815246|0.519715|0.936019|0.887943|0.182586|0.624607,0.869523,0.801463,0.117836,0.0993652,0.460468,0.534015,0.0732846,0.487967,0.198257,0.921169,51.6436,5.43263e-12,47756,0.887486,41.1981,1.06086e-12,38445,0.895553,0.876428,0.0878307,0.631141,0.996144,0.511517,0.22039,0.459803,0.228135,0.891603,87.9902,7.64954e-10,30733,0.967162,70.4477,9.04596e-11,52512
24,647,n1->n20->n18->n17->n19->n68->n58->n85->n84->n83->n23->n21->n22->n74->n76->n69->n28->n27->n52->n51,5.37021e+09|4.0293e+11|7.59179e+12|1.51096e+11|2.47533e+11|1.31753e+09|8.16696e+09|2.02447e+09|1.07392e+09|3.76373e+13|4.63033e+10|1.56161e+12|1.47e+10|5.8385e+13|4.21804e+13|8.81277e+09|1.34247e+11|4.19351e+12|1.02428e+10|7.46708e+11,8.19724e+08|1.89646e+11|4.11836e+12|1.57582e+10|2.33399e+11|3.10679e+08|6.89506e+09|2.41326e+08|9.00899e+08|2.34723e+13|3.30225e+10|3.02345e+11|9.51029e+09|7.35096e+12|1.15782e+13|7.57626e+09|1.51805e+10|8.73344e+11|2.07235e+09|5.06847e+11,0.000494453|5.21063e-05|2.98936e-05|0.000261059|0.000261527|0.000223952|0.000266735|2.04325e-05|2.14473e-05|1.86087e-05|0.000277161|0.00096308|1.77434e-05|0.000875739|1.88608e-05|0.000268039|0.00056516|1.08528e-05|0.00011644|0.000185382,0.000316017|0.000368678|0.000681499|0.000513001|0.000768065|0.00843573|0.00874893|0.000338175|0.000434313|0.000175452|0.00418014|0.00195589|0.0006856|0.00944671|0.00214239|0.00367819|0.0093172|0.00262605|0.00580301|0.00344885,0.0109342|0.0108696|0.0192976|0.0430027|0.0201979|0.0370095|0.0248478|0.0354515|0.0473575|0.015405|0.00314906|0.00712365|0.0408661|0.0280357|0.00156873|0.022957|0.0317261|0.0303206|0.0398377|0.0365406,0.000178506|0.0181411|0.0120519|0.00442808|0.0291803|0.00589983|0.0481122|0.0266209|0.0366447|0.038157|0.0470385|0.0414669|0.040072|0.0166219|0.0470058|0.0100342|0.03841|0.0230682|0.0151024|0.0130093,0.973537|0.923215|0.946711|0.974312|0.941018|0.984554|0.911658|0.940474|0.948551|0.947801|0.92176|0.971602|0.95984|0.90082|0.989289|0.975915|0.948072|0.985376|0.965406|0.98883,4.63983|4.79469|4.38273|5.11322|1.39448|5.26958|3.70937|4.91715|5.42186|4.11052|2.08786|3.14177|0.048646|0.0974208|0.578949|2.99986|1.48687|4.5695|0.0104102|4.04415,90.7492|89.2299|43.2583|10.3361|67.5745|56.905|90.6886|82.1833|20.1884|23.518|88.4205|55.6995|63.8366|53.1277|66.666|97.1045|23.5709|46.2248|83.3731,0.215706|0.247215|0.218822|0.172286|0.2055|0.185169|0.194345|0.216313|0.246081|0.181099|0.232237|0.206062|0.241428|0.181342|0.212271|0.207556|0.207151|0.183493|0.197114,0.53635|0.652252|0.981182|0.559133|0.968257|0.476138|0.45102|0.528406|0.599197|0.741177|0.516177|0.677391|0.480684|0.519715|0.890059|0.438091|0.340196|0.657987|0.942894,0.869523,0.801463,0.117836,0.0993652,0.460468,0.534015,0.0732846,0.487967,0.198257,0.921169,51.6436,5.43263e-12,47756,0.887486,41.1981,1.06086e-12,38445,0.895553,0.876428,0.0878307,0.631141,0.996144,0.511517,0.22039,0.459803,0.228135,0.891603,87.9902,7.64954e-10,30733,0.967162,70.4477,9.04596e-11,52512
24,648,n1->n13->n14->n75->n76->n78->n85->n65->n37->n38->n39->n10->n73->n54->n56->n84->n82->n63->n61->n51,5.37021e+09|6.60497e+13|3.70261e+10|8.71921e+10|4.21804e+13|3.25238e+10|2.02447e+09|1.12599e+09|2.79748e+13|1.16426e+13|3.34792e+13|2.49624e+09|1.41706e+11|2.80961e+11|1.1605e+12|1.07392e+09|1.07979e+13|6.55204e+12|6.44979e+11|7.46708e+11,8.19724e+08|8.87204e+12|1.44234e+10|5.29113e+10|1.15782e+13|2.30731e+10|2.41326e+08|3.2906e+08|4.96975e+12|1.19258e+12|1.12013e+13|7.32581e+08|5.76853e+10|2.23178e+11|5.65456e+11|9.00899e+08|1.66379e+12|2.63574e+12|1.30372e+11|5.06847e+11,0.000494453|0.000787814|3.25754e-05|0.000766915|1.88608e-05|0.000270955|2.04325e-05|1.96575e-05|1.06248e-05|1.04425e-05|5.53896e-05|6.27016e-05|6.32916e-05|1.47667e-05|1.7812e-05|2.14473e-05|0.000837919|0.000116235|3.71253e-05|0.000185382,0.000316017|0.00788063|0.000181646|0.000203965|0.00214239|0.00167497|0.000338175|0.000428116|0.000261291|0.00950649|0.0025393|0.00113469|0.000807753|0.00549128|0.000830638|0.000434313|0.00271152|0.00126856|0.00313588|0.00344885,0.0109342|0.0476737|0.0426128|0.0243876|0.00156873|0.00569443|0.0354515|0.00118659|0.0457563|0.0263713|0.00111942|0.00597815|0.0455502|0.0334079|0.0231698|0.0473575|0.0278433|0.0100727|0.0266048|0.0365406,0.000178506|0.00335145|0.049061|0.0250863|0.0470058|0.0425349|0.0266209|0.00176737|0.0105712|0.00318517|0.0449458|0.0245713|0.028193|0.00844474|0.0417641|0.0366447|0.0266174|0.0107197|0.0179693|0.0130093,0.973537|0.954869|0.906626|0.936129|0.989289|0.92832|0.940474|0.967717|0.964079|0.902547|0.924329|0.962416|0.909539|0.927525|0.944528|0.948551|0.934435|0.903245|0.958619|0.98883,4.63983|5.26639|0.762282|3.39264|0.578949|3.3614|4.91715|4.1126|4.96174|5.09423|1.19952|1.97158|3.29092|1.22009|2.55597|5.42186|0.132111|4.68449|2.63855|4.04415,79.8117|92.5451|56.2706|63.5216|69.3348|67.1704|82.5435|13.4252|46.986|52.0957|24.4191|29.3778|26.1465|42.6814|34.4372|83.37|48.6997|47.0482|66.5616,0.246796|0.191459|0.226178|0.207806|0.194827|0.184721|0.20461|0.230756|0.170599|0.199024|0.239532|0.202302|0.196311|0.167734|0.222961|0.203763|0.175742|0.167884|0.171721,0.338018|0.161307|0.725021|0.844544|0.93416|0.609732|0.519435|0.986996|0.662799|0.46236|0.991722|0.747283|0.754315|0.927159|0.762891|0.808712|0.4301|0.410418|0.235817,0.869523,0.801463,0.117836,0.0993652,0.460468,0.534015,0.0732846,0.487967,0.198257,0.921169,51.6436,5.43263e-12,47756,0.887486,41.1981,1.06086e-12,38445,0.895553,0.876428,0.0878307,0.631141,0.996144,0.511517,0.22039,0.459803,0.228135,0.891603,87.9902,7.64954e-10,30733,0.967162,70.4477,9.04596e-11,52512
24,649,n1->n99->n98->n57->n55->n54->n73->n72->n71->n75->n4->n27->n29->n50->n59->n60->n62->n64->n49->n51,5.37021e+09|1.57108e+10|1.8266e+13|4.14288e+09|8.84081e+12|2.80961e+11|1.41706e+11|6.83442e+09|7.70008e+11|8.71921e+10|7.07339e+12|4.19351e+12|3.6336e+13|2.36425e+09|3.04563e+11|8.79841e+13|2.37342e+11|4.21034e+09|2.45005e+09|7.46708e+11,8.19724e+08|4.21389e+09|5.99087e+12|2.05006e+09|4.69454e+12|2.23178e+11|5.76853e+10|1.48353e+09|1.60546e+11|5.29113e+10|2.43435e+12|8.73344e+11|1.77292e+13|4.07889e+08|3.06423e+10|5.95756e+13|1.13053e+11|1.60867e+09|2.44458e+09|5.06847e+11,0.000494453|0.00089026|0.000410965|0.000173612|4.06274e-05|1.47667e-05|6.32916e-05|0.000159499|0.00017279|0.000766915|0.000113681|1.08528e-05|0.000125062|1.54283e-05|2.43107e-05|0.000731749|8.24006e-05|1.88732e-05|1.07426e-05|0.000185382,0.000316017|0.000350126|0.000548485|0.00271581|0.000128431|0.00549128|0.000807753|0.00384342|0.00123164|0.000203965|0.00198341|0.00262605|0.00231296|0.00907722|0.000202742|0.000248463|0.00794111|0.000135861|0.000979027|0.00344885,0.0109342|0.0362414|0.0295222|0.0328142|0.00843704|0.0334079|0.0455502|0.0479977|0.0398828|0.0243876|0.0350273|0.0303206|0.0255931|0.00638914|0.00304046|0.0128442|0.0242596|0.0266797|0.0183567|0.0365406,0.000178506|0.0472365|0.0297366|0.0437642|0.0314938|0.00844474|0.028193|0.0299903|0.0326729|0.0250863|0.0273051|0.0230682|0.00291922|0.0483596|0.0474075|0.0431033|0.0480911|0.0436548|0.0388066|0.0130093,0.973537|0.953794|0.959539|0.983348|0.908585|0.927525|0.909539|0.96924|0.947193|0.936129|0.917619|0.985376|0.962742|0.910708|0.99171|0.945549|0.98053|0.933821|0.969899|0.98883,4.63983|3.07459|2.95405|1.93323|3.37071|1.22009|3.29092|3.90463|0.117525|3.39264|1.56082|4.5695|0.0327787|5.41755|5.60303|4.50487|5.59786|5.77568|3.94615|4.04415,66.2586|58.4557|98.2355|61.5999|27.8669|26.1465|29.1617|45.8448|14.5634|81.7362|52.1141|49.6282|37.0378|47.7013|76.8491|48.3985|93.0484|77.768|10.4661,0.180129|0.227784|0.190047|0.220389|0.169326|0.196311|0.178937|0.218487|0.169453|0.218556|0.184605|0.180772|0.191256|0.170229|0.204072|0.17162|0.176232|0.165457|0.216931,0.323551|0.686264|0.757428|0.549818|0.414082|0.754315|0.920295|0.29317|0.275247|0.847503|0.200735|0.511755|0.182586|0.776444|0.509755|0.641887|0.182879|0.348083|0.516407,0.869523,0.801463,0.117836,0.0993652,0.460468,0.534015,0.0732846,0.487967,0.198257,0.921169,51.6436,5.43263e-12,47756,0.887486,41.1981,1.06086e-12,38445,0.895553,0.876428,0.0878307,0.631141,0.996144,0.511517,0.22039,0.459803,0.228135,0.891603,87.9902,7.64954e-10,30733,0.967162,70.4477,9.04596e-11,52512
24,650,n1->n20->n96->n97->n99->n98->n57->n74->n76->n78->n44->n41->n43->n45->n47->n49->n64->n65->n52->n51,5.37021e+09|4.0293e+11|2.51165e+12|2.90604e+09|1.57108e+10|1.8266e+13|4.14288e+09|5.8385e+13|4.21804e+13|3.25238e+10|5.26537e+13|3.95737e+11|1.40931e+10|8.38488e+13|4.74236e+11|2.45005e+09|4.21034e+09|1.12599e+09|1.02428e+10|7.46708e+11,8.19724e+08|1.89646e+11|5.36324e+11|5.04144e+08|4.21389e+09|5.99087e+12|2.05006e+09|7.35096e+12|1.15782e+13|2.30731e+10|2.86817e+13|1.47899e+11|3.26577e+09|1.01787e+13|1.54765e+11|2.44458e+09|1.60867e+09|3.2906e+08|2.07235e+09|5.06847e+11,0.000494453|5.21063e-05|1.2987e-05|8.81202e-05|0.00089026|0.000410965|0.000173612|0.000875739|1.88608e-05|0.000270955|0.000124649|2.35935e-05|0.000955168|1.67225e-05|0.000202873|1.07426e-05|1.88732e-05|1.96575e-05|0.00011644|0.000185382,0.000316017|0.000368678|0.000286765|0.00494291|0.000350126|0.000548485|0.00271581|0.00944671|0.00214239|0.00167497|0.00158999|0.00412419|0.00344494|0.000742576|0.000266598|0.000979027|0.000135861|0.000428116|0.00580301|0.00344885,0.0109342|0.0108696|0.0377902|0.0381696|0.0362414|0.0295222|0.0328142|0.0280357|0.00156873|0.00569443|0.0486405|0.00451081|0.0168583|0.00846218|0.00898217|0.0183567|0.0266797|0.00118659|0.0398377|0.0365406,0.000178506|0.0181411|0.0195364|0.00800322|0.0472365|0.0297366|0.0437642|0.0166219|0.0470058|0.0425349|0.00764508|0.00491436|0.0482719|0.0342415|0.0488958|0.0388066|0.0436548|0.00176737|0.0151024|0.0130093,0.973537|0.923215|0.951762|0.90679|0.953794|0.959539|0.983348|0.90082|0.989289|0.92832|0.932977|0.923722|0.943219|0.934264|0.9108|0.969899|0.933821|0.967717|0.965406|0.98883,4.63983|4.79469|0.85792|1.41691|3.07459|2.95405|1.93323|0.0974208|0.578949|3.3614|2.64532|4.11092|2.3897|5.31688|6.27947|3.94615|5.77568|4.1126|0.0104102|4.04415,90.7492|58.7029|37.9513|94.4507|58.4557|98.2355|95.6836|53.1277|69.3348|88.5528|12.7315|43.4967|48.5398|40.979|91.8261|77.768|56.7563|56.1703|83.3731,0.215706|0.201188|0.246589|0.168303|0.227784|0.190047|0.169856|0.181342|0.194827|0.200088|0.246433|0.160247|0.218428|0.216949|0.228404|0.165457|0.186349|0.247907|0.197114,0.53635|0.666395|0.157157|0.263233|0.686264|0.757428|0.815246|0.519715|0.93416|0.134865|0.665882|0.922117|0.854577|0.317946|0.133861|0.348083|0.927837|0.827328|0.942894,0.869523,0.801463,0.117836,0.0993652,0.460468,0.534015,0.0732846,0.487967,0.198257,0.921169,51.6436,5.43263e-12,47756,0.887486,41.1981,1.06086e-12,38445,0.895553,0.876428,0.0878307,0.631141,0.996144,0.511517,0.22039,0.459803,0.228135,0.891603,87.9902,7.64954e-10,30733,0.967162,70.4477,9.04596e-11,52512
24,651,n1->n13->n12->n8->n10->n73->n71->n75->n76->n74->n57->n98->n99->n77->n23->n24->n26->n47->n49->n51,5.37021e+09|6.60497e+13|9.70597e+10|4.61239e+13|2.49624e+09|1.41706e+11|7.70008e+11|8.71921e+10|4.21804e+13|5.8385e+13|4.14288e+09|1.8266e+13|1.57108e+10|5.68112e+11|4.63033e+10|1.59557e+13|7.09351e+09|4.74236e+11|2.45005e+09|7.46708e+11,8.19724e+08|8.87204e+12|2.76143e+10|1.04208e+13|7.32581e+08|5.76853e+10|1.60546e+11|5.29113e+10|1.15782e+13|7.35096e+12|2.05006e+09|5.99087e+12|4.21389e+09|3.56307e+11|3.30225e+10|4.06569e+12|1.31666e+09|1.54765e+11|2.44458e+09|5.06847e+11,0.000494453|0.000787814|0.000201974|6.6054e-05|6.27016e-05|6.32916e-05|0.00017279|0.000766915|1.88608e-05|0.000875739|0.000173612|0.000410965|0.00089026|8.49487e-05|0.000277161|0.000193265|3.77967e-05|0.000202873|1.07426e-05|0.000185382,0.000316017|0.00788063|0.0016732|0.00522046|0.00113469|0.000807753|0.00123164|0.000203965|0.00214239|0.00944671|0.00271581|0.000548485|0.000350126|0.000906866|0.00418014|0.0012727|0.00522178|0.000266598|0.000979027|0.00344885,0.0109342|0.0476737|0.0313381|0.0318744|0.00597815|0.0455502|0.0398828|0.0243876|0.00156873|0.0280357|0.0328142|0.0295222|0.0362414|0.04851|0.00314906|0.0433038|0.0101688|0.00898217|0.0183567|0.0365406,0.000178506|0.00335145|0.0470205|0.0483133|0.0245713|0.028193|0.0326729|0.0250863|0.0470058|0.0166219|0.0437642|0.0297366|0.0472365|0.0115254|0.0470385|0.00780618|0.0409649|0.0488958|0.0388066|0.0130093,0.973537|0.954869|0.937315|0.975256|0.962416|0.909539|0.947193|0.936129|0.989289|0.90082|0.983348|0.959539|0.953794|0.949999|0.92176|0.90929|0.981638|0.9108|0.969899|0.98883,4.63983|5.26639|3.07758|3.22282|1.97158|3.29092|0.117525|3.39264|0.578949|0.0974208|1.93323|2.95405|3.07459|0.722366|2.08786|3.9732|2.91399|6.27947|3.94615|4.04415,79.8117|56.34|81.3396|99.595|29.3778|28.2621|14.5634|63.5216|53.1277|95.6836|98.2355|58.4557|96.5216|39.0733|44.8869|83.4704|70.8805|91.8261|10.4661,0.246796|0.206669|0.186476|0.184434|0.202302|0.242769|0.169453|0.207806|0.181342|0.169856|0.190047|0.227784|0.241387|0.178948|0.161116|0.216464|0.189485|0.228404|0.216931,0.338018|0.285239|0.379326|0.703378|0.747283|0.940077|0.275247|0.844544|0.519715|0.815246|0.757428|0.686264|0.664018|0.23533|0.528582|0.583168|0.757042|0.133861|0.516407,0.869523,0.801463,0.117836,0.0993652,0.460468,0.534015,0.0732846,0.487967,0.198257,0.921169,51.6436,5.43263e-12,47756,0.887486,41.1981,1.06086e-12,38445,0.895553,0.876428,0.0878307,0.631141,0.996144,0.511517,0.22039,0.459803,0.228135,0.891603,87.9902,7.64954e-10,30733,0.967162,70.4477,9.04596e-11,52512
24,652,n1->n99->n97->n95->n82->n63->n61->n62->n46->n48->n50->n60->n59->n90->n88->n89->n20->n96->n94->n51,5.37021e+09|1.57108e+10|2.90604e+09|1.05601e+11|1.07979e+13|6.55204e+12|6.44979e+11|2.37342e+11|5.53417e+12|3.98001e+12|2.36425e+09|8.79841e+13|3.04563e+11|1.33273e+11|9.00567e+12|2.68119e+11|4.0293e+11|2.51165e+12|1.36531e+10|7.46708e+11,8.19724e+08|4.21389e+09|5.04144e+08|5.46554e+10|1.66379e+12|2.63574e+12|1.30372e+11|1.13053e+11|1.63629e+12|1.69514e+12|4.07889e+08|5.95756e+13|3.06423e+10|6.41526e+10|8.66002e+12|9.23423e+10|1.89646e+11|5.36324e+11|1.67171e+09|5.06847e+11,0.000494453|0.00089026|8.81202e-05|0.000260968|0.000837919|0.000116235|3.71253e-05|8.24006e-05|0.000489732|4.78153e-05|1.54283e-05|0.000731749|2.43107e-05|0.000319756|6.2721e-05|3.55201e-05|5.21063e-05|1.2987e-05|2.95455e-05|0.000185382,0.000316017|0.000350126|0.00494291|0.000186877|0.00271152|0.00126856|0.00313588|0.00794111|0.000159088|0.00544009|0.00907722|0.000248463|0.000202742|0.000672662|0.000480267|0.000111435|0.000368678|0.000286765|0.000125263|0.00344885,0.0109342|0.0362414|0.0381696|0.00282907|0.0278433|0.0100727|0.0266048|0.0242596|0.029055|0.0455031|0.00638914|0.0128442|0.00304046|0.0285929|0.00850464|0.0107812|0.0108696|0.0377902|0.00830448|0.0365406,0.000178506|0.0472365|0.00800322|0.0420997|0.0266174|0.0107197|0.0179693|0.0480911|0.0302566|0.0360942|0.0483596|0.0431033|0.0474075|0.0372754|0.0237676|0.0401575|0.0181411|0.0195364|0.0293842|0.0130093,0.973537|0.953794|0.90679|0.966581|0.934435|0.903245|0.958619|0.98053|0.923372|0.967439|0.910708|0.945549|0.99171|0.984478|0.962132|0.926416|0.923215|0.951762|0.927471|0.98883,4.63983|3.07459|1.41691|1.09944|0.132111|4.68449|2.63855|5.59786|0.31178|3.09858|5.41755|4.50487|5.60303|4.02061|1.9653|0.0868458|4.79469|0.85792|5.03384|4.04415,66.2586|94.4507|11.8968|75.699|48.6997|47.0482|89.0369|56.7189|41.9872|23.5956|22.3088|76.8491|62.2588|14.1987|92.4072|18.2346|58.7029|71.0086|11.2844,0.180129|0.168303|0.228013|0.21275|0.175742|0.167884|0.198053|0.167864|0.178665|0.191801|0.190841|0.204072|0.169222|0.244274|0.203687|0.231355|0.201188|0.230021|0.200895,0.323551|0.263233|0.342677|0.837867|0.4301|0.410418|0.704733|0.624525|0.182289|0.688345|0.323935|0.509755|0.361153|0.997795|0.876618|0.595303|0.666395|0.131268|0.836539,0.869523,0.801463,0.117836,0.0993652,0.460468,0.534015,0.0732846,0.487967,0.198257,0.921169,51.6436,5.43263e-12,47756,0.887486,41.1981,1.06086e-12,38445,0.895553,0.876428,0.0878307,0.631141,0.996144,0.511517,0.22039,0.459803,0.228135,0.891603,87.9902,7.64954e-10,30733,0.967162,70.4477,9.04596e-11,52512
24,653,n1->n20->n89->n90->n100->n73->n75->n74->n35->n33->n32->n34->n15->n63->n79->n81->n37->n65->n52->n51,5.37021e+09|4.0293e+11|2.68119e+11|1.33273e+11|4.01966e+09|1.41706e+11|8.71921e+10|5.8385e+13|5.77859e+11|3.64323e+13|1.78367e+12|4.7313e+12|8.77071e+11|6.55204e+12|1.47019e+10|2.58887e+10|2.79748e+13|1.12599e+09|1.02428e+10|7.46708e+11,8.19724e+08|1.89646e+11|9.23423e+10|6.41526e+10|2.27749e+09|5.76853e+10|5.29113e+10|7.35096e+12|4.88834e+11|6.32377e+12|1.05491e+12|1.15705e+12|1.06991e+11|2.63574e+12|4.87652e+09|8.36206e+09|4.96975e+12|3.2906e+08|2.07235e+09|5.06847e+11,0.000494453|5.21063e-05|3.55201e-05|0.000319756|0.000665246|6.32916e-05|0.000766915|0.000875739|0.000412952|1.50316e-05|0.000179959|0.000140889|0.000182949|0.000116235|0.000133131|0.000268232|1.06248e-05|1.96575e-05|0.00011644|0.000185382,0.000316017|0.000368678|0.000111435|0.000672662|0.00914892|0.000807753|0.000203965|0.00944671|0.00138752|0.00213059|0.00292552|0.000270551|0.00274771|0.00126856|0.000479664|0.000752991|0.000261291|0.000428116|0.00580301|0.00344885,0.0109342|0.0108696|0.0107812|0.0285929|0.0100829|0.0455502|0.0243876|0.0280357|0.00215298|0.00968695|0.00778345|0.0276207|0.0207315|0.0100727|0.0252961|0.0481357|0.0457563|0.00118659|0.0398377|0.0365406,0.000178506|0.0181411|0.0401575|0.0372754|0.0460028|0.028193|0.0250863|0.0166219|0.0375959|0.0280967|0.0161829|0.0210615|0.0378122|0.0107197|0.0203026|0.00997263|0.0105712|0.00176737|0.0151024|0.0130093,0.973537|0.923215|0.926416|0.984478|0.935175|0.909539|0.936129|0.90082|0.952159|0.923653|0.953313|0.904866|0.910795|0.903245|0.966262|0.948836|0.964079|0.967717|0.965406|0.98883,4.63983|4.79469|0.0868458|4.02061|3.89025|3.29092|3.39264|0.0974208|5.24666|1.04264|0.10397|4.56594|1.89272|4.68449|3.41737|1.5908|4.96174|4.1126|0.0104102|4.04415,90.7492|18.2346|12.726|32.7492|20.1165|85.6152|64.3401|67.7415|93.5115|61.2747|23.0914|27.3162|11.0615|16.1844|26.55|88.8597|13.4252|56.1703|83.3731,0.215706|0.231355|0.226099|0.191207|0.175955|0.185893|0.220369|0.161632|0.242679|0.208144|0.18593|0.231681|0.214255|0.22961|0.238834|0.211898|0.230756|0.247907|0.197114,0.53635|0.595303|0.757755|0.878161|0.825877|0.624191|0.119032|0.301798|0.487093|0.704271|0.12287|0.750497|0.692153|0.217843|0.957633|0.430076|0.986996|0.827328|0.942894,0.869523,0.801463,0.117836,0.0993652,0.460468,0.534015,0.0732846,0.487967,0.198257,0.921169,51.6436,5.43263e-12,47756,0.887486,41.1981,1.06086e-12,38445,0.895553,0.876428,0.0878307,0.631141,0.996144,0.511517,0.22039,0.459803,0.228135,0.891603,87.9902,7.64954e-10,30733,0.967162,70.4477,9.04596e-11,52512
24,654,n1->n20->n96->n14->n75->n4->n27->n25->n26->n24->n23->n83->n81->n80->n82->n84->n85->n65->n52->n51,5.37021e+09|4.0293e+11|2.51165e+12|3.70261e+10|8.71921e+10|7.07339e+12|4.19351e+12|1.67189e+13|7.09351e+09|1.59557e+13|4.63033e+10|3.76373e+13|2.58887e+10|2.45686e+13|1.07979e+13|1.07392e+09|2.02447e+09|1.12599e+09|1.02428e+10|7.46708e+11,8.19724e+08|1.89646e+11|5.36324e+11|1.44234e+10|5.29113e+10|2.43435e+12|8.73344e+11|1.40059e+13|1.31666e+09|4.06569e+12|3.30225e+10|2.34723e+13|8.36206e+09|2.75437e+12|1.66379e+12|9.00899e+08|2.41326e+08|3.2906e+08|2.07235e+09|5.06847e+11,0.000494453|5.21063e-05|1.2987e-05|3.25754e-05|0.000766915|0.000113681|1.08528e-05|6.30741e-05|3.77967e-05|0.000193265|0.000277161|1.86087e-05|0.000268232|1.13052e-05|0.000837919|2.14473e-05|2.04325e-05|1.96575e-05|0.00011644|0.000185382,0.000316017|0.000368678|0.000286765|0.000181646|0.000203965|0.00198341|0.00262605|0.00294926|0.00522178|0.0012727|0.00418014|0.000175452|0.000752991|0.000238286|0.00271152|0.000434313|0.000338175|0.000428116|0.00580301|0.00344885,0.0109342|0.0108696|0.0377902|0.0426128|0.0243876|0.0350273|0.0303206|0.0195393|0.0101688|0.0433038|0.00314906|0.015405|0.0481357|0.00592883|0.0278433|0.0473575|0.0354515|0.00118659|0.0398377|0.0365406,0.000178506|0.0181411|0.0195364|0.049061|0.0250863|0.0273051|0.0230682|0.0159438|0.0409649|0.00780618|0.0470385|0.038157|0.00997263|0.0262948|0.0266174|0.0366447|0.0266209|0.00176737|0.0151024|0.0130093,0.973537|0.923215|0.951762|0.906626|0.936129|0.917619|0.985376|0.9023|0.981638|0.90929|0.92176|0.947801|0.948836|0.919013|0.934435|0.948551|0.940474|0.967717|0.965406|0.98883,4.63983|4.79469|0.85792|0.762282|3.39264|1.56082|4.5695|1.57149|2.91399|3.9732|2.08786|4.11052|1.5908|0.100836|0.132111|5.42186|4.91715|4.1126|0.0104102|4.04415,90.7492|58.7029|54.7186|56.2706|81.7362|52.1141|64.4551|63.0993|83.4704|44.8869|23.518|78.7627|15.5679|47.0365|83.37|82.1833|82.5435|56.1703|83.3731,0.215706|0.201188|0.208433|0.226178|0.218556|0.184605|0.242248|0.228799|0.216464|0.161116|0.181099|0.170031|0.212149|0.231931|0.203763|0.216313|0.20461|0.247907|0.197114,0.53635|0.666395|0.448351|0.725021|0.847503|0.200735|0.837222|0.359402|0.583168|0.528582|0.741177|0.530775|0.870283|0.796307|0.808712|0.528406|0.519435|0.827328|0.942894,0.869523,0.801463,0.117836,0.0993652,0.460468,0.534015,0.0732846,0.487967,0.198257,0.921169,51.6436,5.43263e-12,47756,0.887486,41.1981,1.06086e-12,38445,0.895553,0.876428,0.0878307,0.631141,0.996144,0.511517,0.22039,0.459803,0.228135,0.891603,87.9902,7.64954e-10,30733,0.967162,70.4477,9.04596e-11,52512
24,655,n1->n20->n89->n95->n97->n99->n98->n57->n74->n35->n33->n32->n30->n76->n75->n73->n54->n53->n52->n51,5.37021e+09|4.0293e+11|2.68119e+11|1.05601e+11|2.90604e+09|1.57108e+10|1.8266e+13|4.14288e+09|5.8385e+13|5.77859e+11|3.64323e+13|1.78367e+12|1.26395e+10|4.21804e+13|8.71921e+10|1.41706e+11|2.80961e+11|4.60474e+10|1.02428e+10|7.46708e+11,8.19724e+08|1.89646e+11|9.23423e+10|5.46554e+10|5.04144e+08|4.21389e+09|5.99087e+12|2.05006e+09|7.35096e+12|4.88834e+11|6.32377e+12|1.05491e+12|1.81012e+09|1.15782e+13|5.29113e+10|5.76853e+10|2.23178e+11|3.18273e+10|2.07235e+09|5.06847e+11,0.000494453|5.21063e-05|3.55201e-05|0.000260968|8.81202e-05|0.00089026|0.000410965|0.000173612|0.000875739|0.000412952|1.50316e-05|0.000179959|4.789e-05|1.88608e-05|0.000766915|6.32916e-05|1.47667e-05|2.00633e-05|0.00011644|0.000185382,0.000316017|0.000368678|0.000111435|0.000186877|0.00494291|0.000350126|0.000548485|0.00271581|0.00944671|0.00138752|0.00213059|0.00292552|0.00655588|0.00214239|0.000203965|0.000807753|0.00549128|0.000509085|0.00580301|0.00344885,0.0109342|0.0108696|0.0107812|0.00282907|0.0381696|0.0362414|0.0295222|0.0328142|0.0280357|0.00215298|0.00968695|0.00778345|0.00398508|0.00156873|0.0243876|0.0455502|0.0334079|5.21659e-05|0.0398377|0.0365406,0.000178506|0.0181411|0.0401575|0.0420997|0.00800322|0.0472365|0.0297366|0.0437642|0.0166219|0.0375959|0.0280967|0.0161829|0.0178703|0.0470058|0.0250863|0.028193|0.00844474|0.00115664|0.0151024|0.0130093,0.973537|0.923215|0.926416|0.966581|0.90679|0.953794|0.959539|0.983348|0.90082|0.952159|0.923653|0.953313|0.972158|0.989289|0.936129|0.909539|0.927525|0.913872|0.965406|0.98883,4.63983|4.79469|0.0868458|1.09944|1.41691|3.07459|2.95405|1.93323|0.0974208|5.24666|1.04264|0.10397|5.42296|0.578949|3.39264|3.29092|1.22009|0.640024|0.0104102|4.04415,90.7492|18.2346|11.8194|11.8968|94.4507|58.4557|98.2355|95.6836|67.7415|93.5115|61.2747|69.5993|21.8454|63.5216|85.6152|26.1465|75.3264|81.3721|83.3731,0.215706|0.231355|0.168449|0.228013|0.168303|0.227784|0.190047|0.169856|0.161632|0.242679|0.208144|0.204659|0.220509|0.207806|0.185893|0.196311|0.191357|0.184589|0.197114,0.53635|0.595303|0.776387|0.342677|0.263233|0.686264|0.757428|0.815246|0.301798|0.487093|0.704271|0.237533|0.936019|0.844544|0.624191|0.754315|0.567841|0.272111|0.942894,0.869523,0.801463,0.117836,0.0993652,0.460468,0.534015,0.0732846,0.487967,0.198257,0.921169,51.6436,5.43263e-12,47756,0.887486,41.1981,1.06086e-12,38445,0.895553,0.876428,0.0878307,0.631141,0.996144,0.511517,0.22039,0.459803,0.228135,0.891603,87.9902,7.64954e-10,30733,0.967162,70.4477,9.04596e-11,52512
24,656,n1->n13->n12->n14->n96->n97->n95->n93->n77->n23->n24->n71->n72->n45->n43->n44->n42->n63->n61->n51,5.37021e+09|6.60497e+13|9.70597e+10|3.70261e+10|2.51165e+12|2.90604e+09|1.05601e+11|4.22601e+13|5.68112e+11|4.63033e+10|1.59557e+13|7.70008e+11|6.83442e+09|8.38488e+13|1.40931e+10|5.26537e+13|2.42905e+09|6.55204e+12|6.44979e+11|7.46708e+11,8.19724e+08|8.87204e+12|2.76143e+10|1.44234e+10|5.36324e+11|5.04144e+08|5.46554e+10|1.3774e+13|3.56307e+11|3.30225e+10|4.06569e+12|1.60546e+11|1.48353e+09|1.01787e+13|3.26577e+09|2.86817e+13|2.47264e+08|2.63574e+12|1.30372e+11|5.06847e+11,0.000494453|0.000787814|0.000201974|3.25754e-05|1.2987e-05|8.81202e-05|0.000260968|8.45967e-05|8.49487e-05|0.000277161|0.000193265|0.00017279|0.000159499|1.67225e-05|0.000955168|0.000124649|8.79758e-05|0.000116235|3.71253e-05|0.000185382,0.000316017|0.00788063|0.0016732|0.000181646|0.000286765|0.00494291|0.000186877|0.000162335|0.000906866|0.00418014|0.0012727|0.00123164|0.00384342|0.000742576|0.00344494|0.00158999|0.000493531|0.00126856|0.00313588|0.00344885,0.0109342|0.0476737|0.0313381|0.0426128|0.0377902|0.0381696|0.00282907|0.0108045|0.04851|0.00314906|0.0433038|0.0398828|0.0479977|0.00846218|0.0168583|0.0486405|0.00783732|0.0100727|0.0266048|0.0365406,0.000178506|0.00335145|0.0470205|0.049061|0.0195364|0.00800322|0.0420997|0.0326183|0.0115254|0.0470385|0.00780618|0.0326729|0.0299903|0.0342415|0.0482719|0.00764508|0.0327962|0.0107197|0.0179693|0.0130093,0.973537|0.954869|0.937315|0.906626|0.951762|0.90679|0.966581|0.912097|0.949999|0.92176|0.90929|0.947193|0.96924|0.934264|0.943219|0.932977|0.960936|0.903245|0.958619|0.98883,4.63983|5.26639|3.07758|0.762282|0.85792|1.41691|1.09944|5.92115|0.722366|2.08786|3.9732|0.117525|3.90463|5.31688|2.3897|2.64532|0.765875|4.68449|2.63855|4.04415,79.8117|56.34|51.9585|54.7186|37.9513|11.8968|24.941|51.9256|39.0733|44.8869|44.1502|45.8448|63.1262|48.5398|69.1985|21.0603|97.0433|47.0482|66.5616,0.246796|0.206669|0.222459|0.208433|0.246589|0.228013|0.237661|0.247077|0.178948|0.161116|0.204574|0.218487|0.243732|0.218428|0.210513|0.23095|0.211509|0.167884|0.171721,0.338018|0.285239|0.326911|0.448351|0.157157|0.342677|0.985064|0.469529|0.23533|0.528582|0.45026|0.29317|0.65643|0.854577|0.374145|0.399278|0.758395|0.410418|0.235817,0.869523,0.801463,0.117836,0.0993652,0.460468,0.534015,0.0732846,0.487967,0.198257,0.921169,51.6436,5.43263e-12,47756,0.887486,41.1981,1.06086e-12,38445,0.895553,0.876428,0.0878307,0.631141,0.996144,0.511517,0.22039,0.459803,0.228135,0.891603,87.9902,7.64954e-10,30733,0.967162,70.4477,9.04596e-11,52512
24,657,n1->n13->n11->n29->n50->n60->n59->n90->n88->n87->n70->n18->n17->n19->n68->n58->n85->n65->n52->n51,5.37021e+09|6.60497e+13|1.78735e+12|3.6336e+13|2.36425e+09|8.79841e+13|3.04563e+11|1.33273e+11|9.00567e+12|7.3435e+12|6.87309e+13|7.59179e+12|1.51096e+11|2.47533e+11|1.31753e+09|8.16696e+09|2.02447e+09|1.12599e+09|1.02428e+10|7.46708e+11,8.19724e+08|8.87204e+12|3.29521e+11|1.77292e+13|4.07889e+08|5.95756e+13|3.06423e+10|6.41526e+10|8.66002e+12|2.79916e+12|9.78332e+12|4.11836e+12|1.57582e+10|2.33399e+11|3.10679e+08|6.89506e+09|2.41326e+08|3.2906e+08|2.07235e+09|5.06847e+11,0.000494453|0.000787814|5.47786e-05|0.000125062|1.54283e-05|0.000731749|2.43107e-05|0.000319756|6.2721e-05|0.000634307|5.13815e-05|2.98936e-05|0.000261059|0.000261527|0.000223952|0.000266735|2.04325e-05|1.96575e-05|0.00011644|0.000185382,0.000316017|0.00788063|0.00652494|0.00231296|0.00907722|0.000248463|0.000202742|0.000672662|0.000480267|0.00151267|0.00295865|0.000681499|0.000513001|0.000768065|0.00843573|0.00874893|0.000338175|0.000428116|0.00580301|0.00344885,0.0109342|0.0476737|0.00125292|0.0255931|0.00638914|0.0128442|0.00304046|0.0285929|0.00850464|0.0186268|0.0286141|0.0192976|0.0430027|0.0201979|0.0370095|0.0248478|0.0354515|0.00118659|0.0398377|0.0365406,0.000178506|0.00335145|0.0136412|0.00291922|0.0483596|0.0431033|0.0474075|0.0372754|0.0237676|0.00979507|0.0216638|0.0120519|0.00442808|0.0291803|0.00589983|0.0481122|0.0266209|0.00176737|0.0151024|0.0130093,0.973537|0.954869|0.988894|0.962742|0.910708|0.945549|0.99171|0.984478|0.962132|0.977244|0.966653|0.946711|0.974312|0.941018|0.984554|0.911658|0.940474|0.967717|0.965406|0.98883,4.63983|5.26639|0.923897|0.0327787|5.41755|4.50487|5.60303|4.02061|1.9653|2.33192|4.60778|4.38273|5.11322|1.39448|5.26958|3.70937|4.91715|4.1126|0.0104102|4.04415,79.8117|13.9548|13.2112|37.0378|22.3088|76.8491|62.2588|14.1987|57.0974|39.9413|55.8812|43.2583|10.3361|67.5745|56.905|90.6886|82.5435|56.1703|83.3731,0.246796|0.189728|0.219003|0.191256|0.190841|0.204072|0.169222|0.244274|0.227675|0.180359|0.234874|0.218822|0.172286|0.2055|0.185169|0.194345|0.20461|0.247907|0.197114,0.338018|0.801183|0.427028|0.182586|0.323935|0.509755|0.361153|0.997795|0.396625|0.129355|0.16843|0.981182|0.559133|0.968257|0.476138|0.45102|0.519435|0.827328|0.942894,0.869523,0.801463,0.117836,0.0993652,0.460468,0.534015,0.0732846,0.487967,0.198257,0.921169,51.6436,5.43263e-12,47756,0.887486,41.1981,1.06086e-12,38445,0.895553,0.876428,0.0878307,0.631141,0.996144,0.511517,0.22039,0.459803,0.228135,0.891603,87.9902,7.64954e-10,30733,0.967162,70.4477,9.04596e-11,52512
24,658,n1->n20->n18->n17->n85->n78->n76->n86->n87->n88->n89->n48->n50->n59->n90->n56->n54->n53->n52->n51,5.37021e+09|4.0293e+11|7.59179e+12|1.51096e+11|2.02447e+09|3.25238e+10|4.21804e+13|3.85304e+10|7.3435e+12|9.00567e+12|2.68119e+11|3.98001e+12|2.36425e+09|3.04563e+11|1.33273e+11|1.1605e+12|2.80961e+11|4.60474e+10|1.02428e+10|7.46708e+11,8.19724e+08|1.89646e+11|4.11836e+12|1.57582e+10|2.41326e+08|2.30731e+10|1.15782e+13|4.69095e+09|2.79916e+12|8.66002e+12|9.23423e+10|1.69514e+12|4.07889e+08|3.06423e+10|6.41526e+10|5.65456e+11|2.23178e+11|3.18273e+10|2.07235e+09|5.06847e+11,0.000494453|5.21063e-05|2.98936e-05|0.000261059|2.04325e-05|0.000270955|1.88608e-05|6.21631e-05|0.000634307|6.2721e-05|3.55201e-05|4.78153e-05|1.54283e-05|2.43107e-05|0.000319756|1.7812e-05|1.47667e-05|2.00633e-05|0.00011644|0.000185382,0.000316017|0.000368678|0.000681499|0.000513001|0.000338175|0.00167497|0.00214239|0.00341054|0.00151267|0.000480267|0.000111435|0.00544009|0.00907722|0.000202742|0.000672662|0.000830638|0.00549128|0.000509085|0.00580301|0.00344885,0.0109342|0.0108696|0.0192976|0.0430027|0.0354515|0.00569443|0.00156873|0.0237043|0.0186268|0.00850464|0.0107812|0.0455031|0.00638914|0.00304046|0.0285929|0.0231698|0.0334079|5.21659e-05|0.0398377|0.0365406,0.000178506|0.0181411|0.0120519|0.00442808|0.0266209|0.0425349|0.0470058|0.0488574|0.00979507|0.0237676|0.0401575|0.0360942|0.0483596|0.0474075|0.0372754|0.0417641|0.00844474|0.00115664|0.0151024|0.0130093,0.973537|0.923215|0.946711|0.974312|0.940474|0.92832|0.989289|0.981332|0.977244|0.962132|0.926416|0.967439|0.910708|0.99171|0.984478|0.944528|0.927525|0.913872|0.965406|0.98883,4.63983|4.79469|4.38273|5.11322|4.91715|3.3614|0.578949|4.96971|2.33192|1.9653|0.0868458|3.09858|5.41755|5.60303|4.02061|2.55597|1.22009|0.640024|0.0104102|4.04415,90.7492|89.2299|43.2583|84.7043|67.1704|69.3348|37.5994|88.9922|57.0974|92.4072|94.0077|23.5956|47.7013|62.2588|40.6061|42.6814|75.3264|81.3721|83.3731,0.215706|0.247215|0.218822|0.225161|0.184721|0.194827|0.17745|0.246364|0.227675|0.203687|0.234363|0.191801|0.170229|0.169222|0.166746|0.167734|0.191357|0.184589|0.197114,0.53635|0.652252|0.981182|0.880608|0.609732|0.93416|0.871942|0.83582|0.396625|0.876618|0.948873|0.688345|0.776444|0.361153|0.163177|0.927159|0.567841|0.272111|0.942894,0.869523,0.801463,0.117836,0.0993652,0.460468,0.534015,0.0732846,0.487967,0.198257,0.921169,51.6436,5.43263e-12,47756,0.887486,41.1981,1.06086e-12,38445,0.895553,0.876428,0.0878307,0.631141,0.996144,0.511517,0.22039,0.459803,0.228135,0.891603,87.9902,7.64954e-10,30733,0.967162,70.4477,9.04596e-11,52512
24,659,n1->n99->n98->n57->n74->n76->n86->n87->n70->n69->n3->n5->n7->n2->n4->n75->n14->n96->n94->n51,5.37021e+09|1.57108e+10|1.8266e+13|4.14288e+09|5.8385e+13|4.21804e+13|3.85304e+10|7.3435e+12|6.87309e+13|8.81277e+09|2.78751e+13|2.91995e+11|3.81012e+11|5.94248e+10|7.07339e+12|8.71921e+10|3.70261e+10|2.51165e+12|1.36531e+10|7.46708e+11,8.19724e+08|4.21389e+09|5.99087e+12|2.05006e+09|7.35096e+12|1.15782e+13|4.69095e+09|2.79916e+12|9.78332e+12|7.57626e+09|1.44762e+13|4.67133e+10|6.70334e+10|3.74975e+10|2.43435e+12|5.29113e+10|1.44234e+10|5.36324e+11|1.67171e+09|5.06847e+11,0.000494453|0.00089026|0.000410965|0.000173612|0.000875739|1.88608e-05|6.21631e-05|0.000634307|5.13815e-05|0.000268039|0.00022361|7.03031e-05|0.000475679|1.10648e-05|0.000113681|0.000766915|3.25754e-05|1.2987e-05|2.95455e-05|0.000185382,0.000316017|0.000350126|0.000548485|0.00271581|0.00944671|0.00214239|0.00341054|0.00151267|0.00295865|0.00367819|0.00776667|0.000196916|0.00104538|0.00120557|0.00198341|0.000203965|0.000181646|0.000286765|0.000125263|0.00344885,0.0109342|0.0362414|0.0295222|0.0328142|0.0280357|0.00156873|0.0237043|0.0186268|0.0286141|0.022957|0.0268705|0.00731162|0.01754|0.00369149|0.0350273|0.0243876|0.0426128|0.0377902|0.00830448|0.0365406,0.000178506|0.0472365|0.0297366|0.0437642|0.0166219|0.0470058|0.0488574|0.00979507|0.0216638|0.0100342|0.0326941|0.0421608|0.0283975|0.0127317|0.0273051|0.0250863|0.049061|0.0195364|0.0293842|0.0130093,0.973537|0.953794|0.959539|0.983348|0.90082|0.989289|0.981332|0.977244|0.966653|0.975915|0.982466|0.951514|0.963898|0.968894|0.917619|0.936129|0.906626|0.951762|0.927471|0.98883,4.63983|3.07459|2.95405|1.93323|0.0974208|0.578949|4.96971|2.33192|4.60778|2.99986|4.79844|4.90362|3.51107|4.74216|1.56082|3.39264|0.762282|0.85792|5.03384|4.04415,66.2586|58.4557|98.2355|95.6836|53.1277|37.5994|88.9922|39.9413|74.5377|83.9106|10.4739|37.2729|88.6198|30.2686|81.7362|56.2706|54.7186|71.0086|11.2844,0.180129|0.227784|0.190047|0.169856|0.181342|0.17745|0.246364|0.180359|0.172691|0.204476|0.163561|0.176784|0.228013|0.239023|0.218556|0.226178|0.208433|0.230021|0.200895,0.323551|0.686264|0.757428|0.815246|0.519715|0.871942|0.83582|0.129355|0.416585|0.65353|0.469027|0.943162|0.84397|0.514427|0.847503|0.725021|0.448351|0.131268|0.836539,0.869523,0.801463,0.117836,0.0993652,0.460468,0.534015,0.0732846,0.487967,0.198257,0.921169,51.6436,5.43263e-12,47756,0.887486,41.1981,1.06086e-12,38445,0.895553,0.876428,0.0878307,0.631141,0.996144,0.511517,0.22039,0.459803,0.228135,0.891603,87.9902,7.64954e-10,30733,0.967162,70.4477,9.04596e-11,52512
24,660,n1->n13->n11->n9->n7->n2->n100->n90->n56->n54->n40->n42->n63->n10->n39->n38->n67->n64->n49->n51,5.37021e+09|6.60497e+13|1.78735e+12|1.49139e+12|3.81012e+11|5.94248e+10|4.01966e+09|1.33273e+11|1.1605e+12|2.80961e+11|3.58065e+10|2.42905e+09|6.55204e+12|2.49624e+09|3.34792e+13|1.16426e+13|4.7483e+09|4.21034e+09|2.45005e+09|7.46708e+11,8.19724e+08|8.87204e+12|3.29521e+11|3.79906e+11|6.70334e+10|3.74975e+10|2.27749e+09|6.41526e+10|5.65456e+11|2.23178e+11|4.14657e+09|2.47264e+08|2.63574e+12|7.32581e+08|1.12013e+13|1.19258e+12|7.5553e+08|1.60867e+09|2.44458e+09|5.06847e+11,0.000494453|0.000787814|5.47786e-05|1.80008e-05|0.000475679|1.10648e-05|0.000665246|0.000319756|1.7812e-05|1.47667e-05|6.01341e-05|8.79758e-05|0.000116235|6.27016e-05|5.53896e-05|1.04425e-05|3.91885e-05|1.88732e-05|1.07426e-05|0.000185382,0.000316017|0.00788063|0.00652494|0.00065196|0.00104538|0.00120557|0.00914892|0.000672662|0.000830638|0.00549128|0.00268841|0.000493531|0.00126856|0.00113469|0.0025393|0.00950649|0.000640186|0.000135861|0.000979027|0.00344885,0.0109342|0.0476737|0.00125292|0.0140743|0.01754|0.00369149|0.0100829|0.0285929|0.0231698|0.0334079|0.0249103|0.00783732|0.0100727|0.00597815|0.00111942|0.0263713|0.029632|0.0266797|0.0183567|0.0365406,0.000178506|0.00335145|0.0136412|0.033904|0.0283975|0.0127317|0.0460028|0.0372754|0.0417641|0.00844474|0.033399|0.0327962|0.0107197|0.0245713|0.0449458|0.00318517|0.0482082|0.0436548|0.0388066|0.0130093,0.973537|0.954869|0.988894|0.963574|0.963898|0.968894|0.935175|0.984478|0.944528|0.927525|0.920308|0.960936|0.903245|0.962416|0.924329|0.902547|0.924883|0.933821|0.969899|0.98883,4.63983|5.26639|0.923897|5.88966|3.51107|4.74216|3.89025|4.02061|2.55597|1.22009|2.50002|0.765875|4.68449|1.97158|1.19952|5.09423|2.06342|5.77568|3.94615|4.04415,79.8117|13.9548|99.0064|59.8148|88.6198|37.015|32.7492|40.6061|42.6814|12.2677|77.6192|97.0433|65.1286|24.4191|52.0957|59.2872|95.5844|77.768|10.4661,0.246796|0.189728|0.201409|0.18359|0.228013|0.17211|0.191207|0.166746|0.167734|0.248162|0.243521|0.211509|0.203746|0.239532|0.199024|0.200548|0.248978|0.165457|0.216931,0.338018|0.801183|0.439638|0.339058|0.84397|0.315214|0.878161|0.163177|0.927159|0.812759|0.14346|0.758395|0.514129|0.991722|0.46236|0.127053|0.480161|0.348083|0.516407,0.869523,0.801463,0.117836,0.0993652,0.460468,0.534015,0.0732846,0.487967,0.198257,0.921169,51.6436,5.43263e-12,47756,0.887486,41.1981,1.06086e-12,38445,0.895553,0.876428,0.0878307,0.631141,0.996144,0.511517,0.22039,0.459803,0.228135,0.891603,87.9902,7.64954e-10,30733,0.967162,70.4477,9.04596e-11,52512
24,661,n1->n99->n77->n23->n24->n26->n47->n48->n89->n20->n18->n19->n68->n22->n74->n76->n30->n29->n50->n51,5.37021e+09|1.57108e+10|5.68112e+11|4.63033e+10|1.59557e+13|7.09351e+09|4.74236e+11|3.98001e+12|2.68119e+11|4.0293e+11|7.59179e+12|2.47533e+11|1.31753e+09|1.47e+10|5.8385e+13|4.21804e+13|1.26395e+10|3.6336e+13|2.36425e+09|7.46708e+11,8.19724e+08|4.21389e+09|3.56307e+11|3.30225e+10|4.06569e+12|1.31666e+09|1.54765e+11|1.69514e+12|9.23423e+10|1.89646e+11|4.11836e+12|2.33399e+11|3.10679e+08|9.51029e+09|7.35096e+12|1.15782e+13|1.81012e+09|1.77292e+13|4.07889e+08|5.06847e+11,0.000494453|0.00089026|8.49487e-05|0.000277161|0.000193265|3.77967e-05|0.000202873|4.78153e-05|3.55201e-05|5.21063e-05|2.98936e-05|0.000261527|0.000223952|1.77434e-05|0.000875739|1.88608e-05|4.789e-05|0.000125062|1.54283e-05|0.000185382,0.000316017|0.000350126|0.000906866|0.00418014|0.0012727|0.00522178|0.000266598|0.00544009|0.000111435|0.000368678|0.000681499|0.000768065|0.00843573|0.0006856|0.00944671|0.00214239|0.00655588|0.00231296|0.00907722|0.00344885,0.0109342|0.0362414|0.04851|0.00314906|0.0433038|0.0101688|0.00898217|0.0455031|0.0107812|0.0108696|0.0192976|0.0201979|0.0370095|0.0408661|0.0280357|0.00156873|0.00398508|0.0255931|0.00638914|0.0365406,0.000178506|0.0472365|0.0115254|0.0470385|0.00780618|0.0409649|0.0488958|0.0360942|0.0401575|0.0181411|0.0120519|0.0291803|0.00589983|0.040072|0.0166219|0.0470058|0.0178703|0.00291922|0.0483596|0.0130093,0.973537|0.953794|0.949999|0.92176|0.90929|0.981638|0.9108|0.967439|0.926416|0.923215|0.946711|0.941018|0.984554|0.95984|0.90082|0.989289|0.972158|0.962742|0.910708|0.98883,4.63983|3.07459|0.722366|2.08786|3.9732|2.91399|6.27947|3.09858|0.0868458|4.79469|4.38273|1.39448|5.26958|0.048646|0.0974208|0.578949|5.42296|0.0327787|5.41755|4.04415,66.2586|96.5216|39.0733|44.8869|83.4704|70.8805|78.8723|94.0077|18.2346|89.2299|34.0839|67.5745|15.3326|63.8366|53.1277|21.8454|29.3504|37.0378|82.9474,0.180129|0.241387|0.178948|0.161116|0.216464|0.189485|0.239998|0.234363|0.231355|0.247215|0.248409|0.2055|0.236297|0.241428|0.181342|0.220509|0.179657|0.191256|0.24308,0.323551|0.664018|0.23533|0.528582|0.583168|0.757042|0.300482|0.948873|0.595303|0.652252|0.983209|0.968257|0.655447|0.480684|0.519715|0.936019|0.887943|0.182586|0.624607,0.869523,0.801463,0.117836,0.0993652,0.460468,0.534015,0.0732846,0.487967,0.198257,0.921169,51.6436,5.43263e-12,47756,0.887486,41.1981,1.06086e-12,38445,0.895553,0.876428,0.0878307,0.631141,0.996144,0.511517,0.22039,0.459803,0.228135,0.891603,87.9902,7.64954e-10,30733,0.967162,70.4477,9.04596e-11,52512
24,662,n1->n13->n11->n9->n7->n5->n3->n69->n76->n30->n32->n31->n35->n34->n36->n38->n39->n37->n65->n52->n51,5.37021e+09|6.60497e+13|1.78735e+12|1.49139e+12|3.81012e+11|2.91995e+11|2.78751e+13|8.81277e+09|4.21804e+13|1.26395e+10|1.78367e+12|4.79342e+12|5.77859e+11|4.7313e+12|7.73972e+11|1.16426e+13|3.34792e+13|2.79748e+13|1.12599e+09|1.02428e+10|7.46708e+11,8.19724e+08|8.87204e+12|3.29521e+11|3.79906e+11|6.70334e+10|4.67133e+10|1.44762e+13|7.57626e+09|1.15782e+13|1.81012e+09|1.05491e+12|4.42443e+12|4.88834e+11|1.15705e+12|7.77593e+10|1.19258e+12|1.12013e+13|4.96975e+12|3.2906e+08|2.07235e+09|5.06847e+11,0.000494453|0.000787814|5.47786e-05|1.80008e-05|0.000475679|7.03031e-05|0.00022361|0.000268039|1.88608e-05|4.789e-05|0.000179959|0.00024651|0.000412952|0.000140889|0.000426407|1.04425e-05|5.53896e-05|1.06248e-05|1.96575e-05|0.00011644|0.000185382,0.000316017|0.00788063|0.00652494|0.00065196|0.00104538|0.000196916|0.00776667|0.00367819|0.00214239|0.00655588|0.00292552|0.00308746|0.00138752|0.000270551|0.00396778|0.00950649|0.0025393|0.000261291|0.000428116|0.00580301|0.00344885,0.0109342|0.0476737|0.00125292|0.0140743|0.01754|0.00731162|0.0268705|0.022957|0.00156873|0.00398508|0.00778345|0.0211034|0.00215298|0.0276207|0.00497013|0.0263713|0.00111942|0.0457563|0.00118659|0.0398377|0.0365406,0.000178506|0.00335145|0.0136412|0.033904|0.0283975|0.0421608|0.0326941|0.0100342|0.0470058|0.0178703|0.0161829|0.0151027|0.0375959|0.0210615|0.0341912|0.00318517|0.0449458|0.0105712|0.00176737|0.0151024|0.0130093,0.973537|0.954869|0.988894|0.963574|0.963898|0.951514|0.982466|0.975915|0.989289|0.972158|0.953313|0.943878|0.952159|0.904866|0.94998|0.902547|0.924329|0.964079|0.967717|0.965406|0.98883,4.63983|5.26639|0.923897|5.88966|3.51107|4.90362|4.79844|2.99986|0.578949|5.42296|0.10397|4.82496|5.24666|4.56594|3.70656|5.09423|1.19952|4.96174|4.1126|0.0104102|4.04415,79.8117|13.9548|99.0064|59.8148|37.2729|10.4739|83.9106|66.666|21.8454|69.5993|86.0567|91.3525|26.2497|89.5651|61.2725|52.0957|31.554|13.4252|56.1703|83.3731,0.246796|0.189728|0.201409|0.18359|0.176784|0.163561|0.204476|0.212271|0.220509|0.204659|0.16799|0.243038|0.244194|0.241996|0.204351|0.199024|0.195005|0.230756|0.247907|0.197114,0.338018|0.801183|0.439638|0.339058|0.943162|0.469027|0.65353|0.890059|0.936019|0.237533|0.799966|0.658826|0.307851|0.265381|0.413834|0.46236|0.711047|0.986996|0.827328|0.942894,0.869523,0.801463,0.117836,0.0993652,0.460468,0.534015,0.0732846,0.487967,0.198257,0.921169,51.6436,5.43263e-12,47756,0.887486,41.1981,1.06086e-12,38445,0.895553,0.876428,0.0878307,0.631141,0.996144,0.511517,0.22039,0.459803,0.228135,0.891603,87.9902,7.64954e-10,30733,0.967162,70.4477,9.04596e-11,52512
24,663,n1->n20->n96->n14->n12->n8->n7->n5->n65->n64->n93->n77->n72->n45->n47->n48->n89->n90->n59->n50->n51,5.37021e+09|4.0293e+11|2.51165e+12|3.70261e+10|9.70597e+10|4.61239e+13|3.81012e+11|2.91995e+11|1.12599e+09|4.21034e+09|4.22601e+13|5.68112e+11|6.83442e+09|8.38488e+13|4.74236e+11|3.98001e+12|2.68119e+11|1.33273e+11|3.04563e+11|2.36425e+09|7.46708e+11,8.19724e+08|1.89646e+11|5.36324e+11|1.44234e+10|2.76143e+10|1.04208e+13|6.70334e+10|4.67133e+10|3.2906e+08|1.60867e+09|1.3774e+13|3.56307e+11|1.48353e+09|1.01787e+13|1.54765e+11|1.69514e+12|9.23423e+10|6.41526e+10|3.06423e+10|4.07889e+08|5.06847e+11,0.000494453|5.21063e-05|1.2987e-05|3.25754e-05|0.000201974|6.6054e-05|0.000475679|7.03031e-05|1.96575e-05|1.88732e-05|8.45967e-05|8.49487e-05|0.000159499|1.67225e-05|0.000202873|4.78153e-05|3.55201e-05|0.000319756|2.43107e-05|1.54283e-05|0.000185382,0.000316017|0.000368678|0.000286765|0.000181646|0.0016732|0.00522046|0.00104538|0.000196916|0.000428116|0.000135861|0.000162335|0.000906866|0.00384342|0.000742576|0.000266598|0.00544009|0.000111435|0.000672662|0.000202742|0.00907722|0.00344885,0.0109342|0.0108696|0.0377902|0.0426128|0.0313381|0.0318744|0.01754|0.00731162|0.00118659|0.0266797|0.0108045|0.04851|0.0479977|0.00846218|0.00898217|0.0455031|0.0107812|0.0285929|0.00304046|0.00638914|0.0365406,0.000178506|0.0181411|0.0195364|0.049061|0.0470205|0.0483133|0.0283975|0.0421608|0.00176737|0.0436548|0.0326183|0.0115254|0.0299903|0.0342415|0.0488958|0.0360942|0.0401575|0.0372754|0.0474075|0.0483596|0.0130093,0.973537|0.923215|0.951762|0.906626|0.937315|0.975256|0.963898|0.951514|0.967717|0.933821|0.912097|0.949999|0.96924|0.934264|0.9108|0.967439|0.926416|0.984478|0.99171|0.910708|0.98883,4.63983|4.79469|0.85792|0.762282|3.07758|3.22282|3.51107|4.90362|4.1126|5.77568|5.92115|0.722366|3.90463|5.31688|6.27947|3.09858|0.0868458|4.02061|5.60303|5.41755|4.04415,90.7492|58.7029|54.7186|51.9585|81.3396|55.4093|37.2729|35.0583|56.7563|32.5899|51.9256|92.3918|63.1262|40.979|78.8723|94.0077|12.726|62.2588|47.7013|82.9474,0.215706|0.201188|0.208433|0.222459|0.186476|0.230451|0.176784|0.209201|0.186349|0.178102|0.247077|0.167022|0.243732|0.216949|0.239998|0.234363|0.226099|0.169222|0.170229|0.24308,0.53635|0.666395|0.448351|0.326911|0.379326|0.745697|0.943162|0.297185|0.927837|0.548301|0.469529|0.776051|0.65643|0.317946|0.300482|0.948873|0.757755|0.361153|0.776444|0.624607,0.869523,0.801463,0.117836,0.0993652,0.460468,0.534015,0.0732846,0.487967,0.198257,0.921169,51.6436,5.43263e-12,47756,0.887486,41.1981,1.06086e-12,38445,0.895553,0.876428,0.0878307,0.631141,0.996144,0.511517,0.22039,0.459803,0.228135,0.891603,87.9902,7.64954e-10,30733,0.967162,70.4477,9.04596e-11,52512
24,664,n1->n20->n18->n19->n68->n66->n32->n34->n36->n64->n67->n21->n23->n77->n99->n98->n57->n55->n53->n52->n51,5.37021e+09|4.0293e+11|7.59179e+12|2.47533e+11|1.31753e+09|1.10072e+10|1.78367e+12|4.7313e+12|7.73972e+11|4.21034e+09|4.7483e+09|1.56161e+12|4.63033e+10|5.68112e+11|1.57108e+10|1.8266e+13|4.14288e+09|8.84081e+12|4.60474e+10|1.02428e+10|7.46708e+11,8.19724e+08|1.89646e+11|4.11836e+12|2.33399e+11|3.10679e+08|8.7665e+09|1.05491e+12|1.15705e+12|7.77593e+10|1.60867e+09|7.5553e+08|3.02345e+11|3.30225e+10|3.56307e+11|4.21389e+09|5.99087e+12|2.05006e+09|4.69454e+12|3.18273e+10|2.07235e+09|5.06847e+11,0.000494453|5.21063e-05|2.98936e-05|0.000261527|0.000223952|0.000237659|0.000179959|0.000140889|0.000426407|1.88732e-05|3.91885e-05|0.00096308|0.000277161|8.49487e-05|0.00089026|0.000410965|0.000173612|4.06274e-05|2.00633e-05|0.00011644|0.000185382,0.000316017|0.000368678|0.000681499|0.000768065|0.00843573|0.000470269|0.00292552|0.000270551|0.00396778|0.000135861|0.000640186|0.00195589|0.00418014|0.000906866|0.000350126|0.000548485|0.00271581|0.000128431|0.000509085|0.00580301|0.00344885,0.0109342|0.0108696|0.0192976|0.0201979|0.0370095|0.0203827|0.00778345|0.0276207|0.00497013|0.0266797|0.029632|0.00712365|0.00314906|0.04851|0.0362414|0.0295222|0.0328142|0.00843704|5.21659e-05|0.0398377|0.0365406,0.000178506|0.0181411|0.0120519|0.0291803|0.00589983|0.0146278|0.0161829|0.0210615|0.0341912|0.0436548|0.0482082|0.0414669|0.0470385|0.0115254|0.0472365|0.0297366|0.0437642|0.0314938|0.00115664|0.0151024|0.0130093,0.973537|0.923215|0.946711|0.941018|0.984554|0.978907|0.953313|0.904866|0.94998|0.933821|0.924883|0.971602|0.92176|0.949999|0.953794|0.959539|0.983348|0.908585|0.913872|0.965406|0.98883,4.63983|4.79469|4.38273|1.39448|5.26958|3.10364|0.10397|4.56594|3.70656|5.77568|2.06342|3.14177|2.08786|0.722366|3.07459|2.95405|1.93323|3.37071|0.640024|0.0104102|4.04415,90.7492|89.2299|34.0839|67.5745|70.8824|27.3217|23.0914|89.5651|43.8659|95.5844|42.5138|88.4205|39.0733|96.5216|58.4557|98.2355|61.5999|30.3781|81.3721|83.3731,0.215706|0.247215|0.248409|0.2055|0.16183|0.199785|0.18593|0.241996|0.241695|0.248978|0.197352|0.232237|0.178948|0.241387|0.227784|0.190047|0.220389|0.207992|0.184589|0.197114,0.53635|0.652252|0.983209|0.968257|0.215539|0.769012|0.12287|0.265381|0.590576|0.480161|0.602799|0.516177|0.23533|0.664018|0.686264|0.757428|0.549818|0.646488|0.272111|0.942894,0.869523,0.801463,0.117836,0.0993652,0.460468,0.534015,0.0732846,0.487967,0.198257,0.921169,51.6436,5.43263e-12,47756,0.887486,41.1981,1.06086e-12,38445,0.895553,0.876428,0.0878307,0.631141,0.996144,0.511517,0.22039,0.459803,0.228135,0.891603,87.9902,7.64954e-10,30733,0.967162,70.4477,9.04596e-11,52512
24,665,n1->n99->n97->n96->n94->n92->n91->n93->n95->n82->n63->n15->n29->n31->n32->n66->n68->n58->n59->n50->n51,5.37021e+09|1.57108e+10|2.90604e+09|2.51165e+12|1.36531e+10|1.97334e+09|2.84652e+12|4.22601e+13|1.05601e+11|1.07979e+13|6.55204e+12|8.77071e+11|3.6336e+13|4.79342e+12|1.78367e+12|1.10072e+10|1.31753e+09|8.16696e+09|3.04563e+11|2.36425e+09|7.46708e+11,8.19724e+08|4.21389e+09|5.04144e+08|5.36324e+11|1.67171e+09|1.46451e+09|3.57264e+11|1.3774e+13|5.46554e+10|1.66379e+12|2.63574e+12|1.06991e+11|1.77292e+13|4.42443e+12|1.05491e+12|8.7665e+09|3.10679e+08|6.89506e+09|3.06423e+10|4.07889e+08|5.06847e+11,0.000494453|0.00089026|8.81202e-05|1.2987e-05|2.95455e-05|2.75832e-05|6.93267e-05|8.45967e-05|0.000260968|0.000837919|0.000116235|0.000182949|0.000125062|0.00024651|0.000179959|0.000237659|0.000223952|0.000266735|2.43107e-05|1.54283e-05|0.000185382,0.000316017|0.000350126|0.00494291|0.000286765|0.000125263|0.0052688|0.00599677|0.000162335|0.000186877|0.00271152|0.00126856|0.00274771|0.00231296|0.00308746|0.00292552|0.000470269|0.00843573|0.00874893|0.000202742|0.00907722|0.00344885,0.0109342|0.0362414|0.0381696|0.0377902|0.00830448|0.0444618|0.008036|0.0108045|0.00282907|0.0278433|0.0100727|0.0207315|0.0255931|0.0211034|0.00778345|0.0203827|0.0370095|0.0248478|0.00304046|0.00638914|0.0365406,0.000178506|0.0472365|0.00800322|0.0195364|0.0293842|0.0387741|0.015498|0.0326183|0.0420997|0.0266174|0.0107197|0.0378122|0.00291922|0.0151027|0.0161829|0.0146278|0.00589983|0.0481122|0.0474075|0.0483596|0.0130093,0.973537|0.953794|0.90679|0.951762|0.927471|0.987763|0.964407|0.912097|0.966581|0.934435|0.903245|0.910795|0.962742|0.943878|0.953313|0.978907|0.984554|0.911658|0.99171|0.910708|0.98883,4.63983|3.07459|1.41691|0.85792|5.03384|6.03913|5.6679|5.92115|1.09944|0.132111|4.68449|1.89272|0.0327787|4.82496|0.10397|3.10364|5.26958|3.70937|5.60303|5.41755|4.04415,66.2586|94.4507|37.9513|71.0086|13.5087|32.3713|26.8753|24.941|75.699|48.6997|11.0615|32.2763|70.4589|86.0567|27.3217|70.8824|56.905|56.397|47.7013|82.9474,0.180129|0.168303|0.246589|0.230021|0.230182|0.161013|0.203549|0.237661|0.21275|0.175742|0.214255|0.240047|0.246199|0.16799|0.199785|0.16183|0.185169|0.21902|0.170229|0.24308,0.323551|0.263233|0.157157|0.131268|0.731663|0.940947|0.21516|0.985064|0.837867|0.4301|0.692153|0.895675|0.415176|0.799966|0.769012|0.215539|0.476138|0.533324|0.776444|0.624607,0.869523,0.801463,0.117836,0.0993652,0.460468,0.534015,0.0732846,0.487967,0.198257,0.921169,51.6436,5.43263e-12,47756,0.887486,41.1981,1.06086e-12,38445,0.895553,0.876428,0.0878307,0.631141,0.996144,0.511517,0.22039,0.459803,0.228135,0.891603,87.9902,7.64954e-10,30733,0.967162,70.4477,9.04596e-11,52512
24,666,n1->n13->n15->n63->n10->n9->n7->n8->n12->n6->n33->n31->n32->n34->n35->n74->n75->n14->n96->n94->n51,5.37021e+09|6.60497e+13|8.77071e+11|6.55204e+12|2.49624e+09|1.49139e+12|3.81012e+11|4.61239e+13|9.70597e+10|1.14208e+09|3.64323e+13|4.79342e+12|1.78367e+12|4.7313e+12|5.77859e+11|5.8385e+13|8.71921e+10|3.70261e+10|2.51165e+12|1.36531e+10|7.46708e+11,8.19724e+08|8.87204e+12|1.06991e+11|2.63574e+12|7.32581e+08|3.79906e+11|6.70334e+10|1.04208e+13|2.76143e+10|2.20459e+08|6.32377e+12|4.42443e+12|1.05491e+12|1.15705e+12|4.88834e+11|7.35096e+12|5.29113e+10|1.44234e+10|5.36324e+11|1.67171e+09|5.06847e+11,0.000494453|0.000787814|0.000182949|0.000116235|6.27016e-05|1.80008e-05|0.000475679|6.6054e-05|0.000201974|1.08483e-05|1.50316e-05|0.00024651|0.000179959|0.000140889|0.000412952|0.000875739|0.000766915|3.25754e-05|1.2987e-05|2.95455e-05|0.000185382,0.000316017|0.00788063|0.00274771|0.00126856|0.00113469|0.00065196|0.00104538|0.00522046|0.0016732|0.00010157|0.00213059|0.00308746|0.00292552|0.000270551|0.00138752|0.00944671|0.000203965|0.000181646|0.000286765|0.000125263|0.00344885,0.0109342|0.0476737|0.0207315|0.0100727|0.00597815|0.0140743|0.01754|0.0318744|0.0313381|0.00160082|0.00968695|0.0211034|0.00778345|0.0276207|0.00215298|0.0280357|0.0243876|0.0426128|0.0377902|0.00830448|0.0365406,0.000178506|0.00335145|0.0378122|0.0107197|0.0245713|0.033904|0.0283975|0.0483133|0.0470205|0.0260762|0.0280967|0.0151027|0.0161829|0.0210615|0.0375959|0.0166219|0.0250863|0.049061|0.0195364|0.0293842|0.0130093,0.973537|0.954869|0.910795|0.903245|0.962416|0.963574|0.963898|0.975256|0.937315|0.908628|0.923653|0.943878|0.953313|0.904866|0.952159|0.90082|0.936129|0.906626|0.951762|0.927471|0.98883,4.63983|5.26639|1.89272|4.68449|1.97158|5.88966|3.51107|3.22282|3.07758|5.01633|1.04264|4.82496|0.10397|4.56594|5.24666|0.0974208|3.39264|0.762282|0.85792|5.03384|4.04415,79.8117|66.6304|11.0615|65.1286|65.9961|59.8148|55.4093|81.3396|32.9383|50.0569|95.0453|86.0567|23.0914|26.2497|67.7415|64.3401|56.2706|54.7186|71.0086|11.2844,0.246796|0.179788|0.214255|0.203746|0.193896|0.18359|0.230451|0.186476|0.230728|0.19306|0.234751|0.16799|0.18593|0.244194|0.161632|0.220369|0.226178|0.208433|0.230021|0.200895,0.338018|0.275394|0.692153|0.514129|0.982181|0.339058|0.745697|0.379326|0.628307|0.116472|0.258586|0.799966|0.12287|0.307851|0.301798|0.119032|0.725021|0.448351|0.131268|0.836539,0.869523,0.801463,0.117836,0.0993652,0.460468,0.534015,0.0732846,0.487967,0.198257,0.921169,51.6436,5.43263e-12,47756,0.887486,41.1981,1.06086e-12,38445,0.895553,0.876428,0.0878307,0.631141,0.996144,0.511517,0.22039,0.459803,0.228135,0.891603,87.9902,7.64954e-10,30733,0.967162,70.4477,9.04596e-11,52512
24,667,n1->n99->n98->n57->n55->n56->n54->n40->n42->n63->n10->n39->n41->n44->n45->n72->n77->n93->n92->n94->n51,5.37021e+09|1.57108e+10|1.8266e+13|4.14288e+09|8.84081e+12|1.1605e+12|2.80961e+11|3.58065e+10|2.42905e+09|6.55204e+12|2.49624e+09|3.34792e+13|3.95737e+11|5.26537e+13|8.38488e+13|6.83442e+09|5.68112e+11|4.22601e+13|1.97334e+09|1.36531e+10|7.46708e+11,8.19724e+08|4.21389e+09|5.99087e+12|2.05006e+09|4.69454e+12|5.65456e+11|2.23178e+11|4.14657e+09|2.47264e+08|2.63574e+12|7.32581e+08|1.12013e+13|1.47899e+11|2.86817e+13|1.01787e+13|1.48353e+09|3.56307e+11|1.3774e+13|1.46451e+09|1.67171e+09|5.06847e+11,0.000494453|0.00089026|0.000410965|0.000173612|4.06274e-05|1.7812e-05|1.47667e-05|6.01341e-05|8.79758e-05|0.000116235|6.27016e-05|5.53896e-05|2.35935e-05|0.000124649|1.67225e-05|0.000159499|8.49487e-05|8.45967e-05|2.75832e-05|2.95455e-05|0.000185382,0.000316017|0.000350126|0.000548485|0.00271581|0.000128431|0.000830638|0.00549128|0.00268841|0.000493531|0.00126856|0.00113469|0.0025393|0.00412419|0.00158999|0.000742576|0.00384342|0.000906866|0.000162335|0.0052688|0.000125263|0.00344885,0.0109342|0.0362414|0.0295222|0.0328142|0.00843704|0.0231698|0.0334079|0.0249103|0.00783732|0.0100727|0.00597815|0.00111942|0.00451081|0.0486405|0.00846218|0.0479977|0.04851|0.0108045|0.0444618|0.00830448|0.0365406,0.000178506|0.0472365|0.0297366|0.0437642|0.0314938|0.0417641|0.00844474|0.033399|0.0327962|0.0107197|0.0245713|0.0449458|0.00491436|0.00764508|0.0342415|0.0299903|0.0115254|0.0326183|0.0387741|0.0293842|0.0130093,0.973537|0.953794|0.959539|0.983348|0.908585|0.944528|0.927525|0.920308|0.960936|0.903245|0.962416|0.924329|0.923722|0.932977|0.934264|0.96924|0.949999|0.912097|0.987763|0.927471|0.98883,4.63983|3.07459|2.95405|1.93323|3.37071|2.55597|1.22009|2.50002|0.765875|4.68449|1.97158|1.19952|4.11092|2.64532|5.31688|3.90463|0.722366|5.92115|6.03913|5.03384|4.04415,66.2586|58.4557|98.2355|61.5999|95.3312|42.6814|12.2677|77.6192|97.0433|65.1286|24.4191|38.9947|12.7315|57.1366|63.1262|92.3918|51.9256|61.035|13.5087|11.2844,0.180129|0.227784|0.190047|0.220389|0.167906|0.167734|0.248162|0.243521|0.211509|0.203746|0.239532|0.18226|0.246433|0.235241|0.243732|0.167022|0.247077|0.21409|0.230182|0.200895,0.323551|0.686264|0.757428|0.549818|0.402595|0.927159|0.812759|0.14346|0.758395|0.514129|0.991722|0.988985|0.665882|0.218954|0.65643|0.776051|0.469529|0.722832|0.731663|0.836539,0.869523,0.801463,0.117836,0.0993652,0.460468,0.534015,0.0732846,0.487967,0.198257,0.921169,51.6436,5.43263e-12,47756,0.887486,41.1981,1.06086e-12,38445,0.895553,0.876428,0.0878307,0.631141,0.996144,0.511517,0.22039,0.459803,0.228135,0.891603,87.9902,7.64954e-10,30733,0.967162,70.4477,9.04596e-11,52512
24,668,n1->n99->n77->n72->n70->n87->n88->n90->n56->n54->n82->n84->n85->n58->n59->n60->n50->n29->n27->n52->n51,5.37021e+09|1.57108e+10|5.68112e+11|6.83442e+09|6.87309e+13|7.3435e+12|9.00567e+12|1.33273e+11|1.1605e+12|2.80961e+11|1.07979e+13|1.07392e+09|2.02447e+09|8.16696e+09|3.04563e+11|8.79841e+13|2.36425e+09|3.6336e+13|4.19351e+12|1.02428e+10|7.46708e+11,8.19724e+08|4.21389e+09|3.56307e+11|1.48353e+09|9.78332e+12|2.79916e+12|8.66002e+12|6.41526e+10|5.65456e+11|2.23178e+11|1.66379e+12|9.00899e+08|2.41326e+08|6.89506e+09|3.06423e+10|5.95756e+13|4.07889e+08|1.77292e+13|8.73344e+11|2.07235e+09|5.06847e+11,0.000494453|0.00089026|8.49487e-05|0.000159499|5.13815e-05|0.000634307|6.2721e-05|0.000319756|1.7812e-05|1.47667e-05|0.000837919|2.14473e-05|2.04325e-05|0.000266735|2.43107e-05|0.000731749|1.54283e-05|0.000125062|1.08528e-05|0.00011644|0.000185382,0.000316017|0.000350126|0.000906866|0.00384342|0.00295865|0.00151267|0.000480267|0.000672662|0.000830638|0.00549128|0.00271152|0.000434313|0.000338175|0.00874893|0.000202742|0.000248463|0.00907722|0.00231296|0.00262605|0.00580301|0.00344885,0.0109342|0.0362414|0.04851|0.0479977|0.0286141|0.0186268|0.00850464|0.0285929|0.0231698|0.0334079|0.0278433|0.0473575|0.0354515|0.0248478|0.00304046|0.0128442|0.00638914|0.0255931|0.0303206|0.0398377|0.0365406,0.000178506|0.0472365|0.0115254|0.0299903|0.0216638|0.00979507|0.0237676|0.0372754|0.0417641|0.00844474|0.0266174|0.0366447|0.0266209|0.0481122|0.0474075|0.0431033|0.0483596|0.00291922|0.0230682|0.0151024|0.0130093,0.973537|0.953794|0.949999|0.96924|0.966653|0.977244|0.962132|0.984478|0.944528|0.927525|0.934435|0.948551|0.940474|0.911658|0.99171|0.945549|0.910708|0.962742|0.985376|0.965406|0.98883,4.63983|3.07459|0.722366|3.90463|4.60778|2.33192|1.9653|4.02061|2.55597|1.22009|0.132111|5.42186|4.91715|3.70937|5.60303|4.50487|5.41755|0.0327787|4.5695|0.0104102|4.04415,66.2586|96.5216|92.3918|97.4405|39.9413|57.0974|14.1987|40.6061|42.6814|41.1455|83.37|82.1833|90.6886|56.397|76.8491|22.3088|37.0378|49.6282|46.2248|83.3731,0.180129|0.241387|0.167022|0.180102|0.180359|0.227675|0.244274|0.166746|0.167734|0.242874|0.203763|0.216313|0.194345|0.21902|0.204072|0.190841|0.191256|0.180772|0.183493|0.197114,0.323551|0.664018|0.776051|0.79408|0.129355|0.396625|0.997795|0.163177|0.927159|0.378494|0.808712|0.528406|0.45102|0.533324|0.509755|0.323935|0.182586|0.511755|0.657987|0.942894,0.869523,0.801463,0.117836,0.0993652,0.460468,0.534015,0.0732846,0.487967,0.198257,0.921169,51.6436,5.43263e-12,47756,0.887486,41.1981,1.06086e-12,38445,0.895553,0.876428,0.0878307,0.631141,0.996144,0.511517,0.22039,0.459803,0.228135,0.891603,87.9902,7.64954e-10,30733,0.967162,70.4477,9.04596e-11,52512
24,669,n1->n20->n21->n67->n38->n37->n39->n10->n63->n42->n40->n54->n55->n57->n74->n76->n69->n28->n27->n52->n51,5.37021e+09|4.0293e+11|1.56161e+12|4.7483e+09|1.16426e+13|2.79748e+13|3.34792e+13|2.49624e+09|6.55204e+12|2.42905e+09|3.58065e+10|2.80961e+11|8.84081e+12|4.14288e+09|5.8385e+13|4.21804e+13|8.81277e+09|1.34247e+11|4.19351e+12|1.02428e+10|7.46708e+11,8.19724e+08|1.89646e+11|3.02345e+11|7.5553e+08|1.19258e+12|4.96975e+12|1.12013e+13|7.32581e+08|2.63574e+12|2.47264e+08|4.14657e+09|2.23178e+11|4.69454e+12|2.05006e+09|7.35096e+12|1.15782e+13|7.57626e+09|1.51805e+10|8.73344e+11|2.07235e+09|5.06847e+11,0.000494453|5.21063e-05|0.00096308|3.91885e-05|1.04425e-05|1.06248e-05|5.53896e-05|6.27016e-05|0.000116235|8.79758e-05|6.01341e-05|1.47667e-05|4.06274e-05|0.000173612|0.000875739|1.88608e-05|0.000268039|0.00056516|1.08528e-05|0.00011644|0.000185382,0.000316017|0.000368678|0.00195589|0.000640186|0.00950649|0.000261291|0.0025393|0.00113469|0.00126856|0.000493531|0.00268841|0.00549128|0.000128431|0.00271581|0.00944671|0.00214239|0.00367819|0.0093172|0.00262605|0.00580301|0.00344885,0.0109342|0.0108696|0.00712365|0.029632|0.0263713|0.0457563|0.00111942|0.00597815|0.0100727|0.00783732|0.0249103|0.0334079|0.00843704|0.0328142|0.0280357|0.00156873|0.022957|0.0317261|0.0303206|0.0398377|0.0365406,0.000178506|0.0181411|0.0414669|0.0482082|0.00318517|0.0105712|0.0449458|0.0245713|0.0107197|0.0327962|0.033399|0.00844474|0.0314938|0.0437642|0.0166219|0.0470058|0.0100342|0.03841|0.0230682|0.0151024|0.0130093,0.973537|0.923215|0.971602|0.924883|0.902547|0.964079|0.924329|0.962416|0.903245|0.960936|0.920308|0.927525|0.908585|0.983348|0.90082|0.989289|0.975915|0.948072|0.985376|0.965406|0.98883,4.63983|4.79469|3.14177|2.06342|5.09423|4.96174|1.19952|1.97158|4.68449|0.765875|2.50002|1.22009|3.37071|1.93323|0.0974208|0.578949|2.99986|1.48687|4.5695|0.0104102|4.04415,90.7492|76.7594|42.5138|59.2872|46.986|31.554|24.4191|65.1286|97.0433|77.6192|12.2677|27.8669|61.5999|95.6836|53.1277|66.666|97.1045|23.5709|46.2248|83.3731,0.215706|0.218425|0.197352|0.200548|0.170599|0.195005|0.239532|0.203746|0.211509|0.243521|0.248162|0.169326|0.220389|0.169856|0.181342|0.212271|0.207556|0.207151|0.183493|0.197114,0.53635|0.515127|0.602799|0.127053|0.662799|0.711047|0.991722|0.514129|0.758395|0.14346|0.812759|0.414082|0.549818|0.815246|0.519715|0.890059|0.438091|0.340196|0.657987|0.942894,0.869523,0.801463,0.117836,0.0993652,0.460468,0.534015,0.0732846,0.487967,0.198257,0.921169,51.6436,5.43263e-12,47756,0.887486,41.1981,1.06086e-12,38445,0.895553,0.876428,0.0878307,0.631141,0.996144,0.511517,0.22039,0.459803,0.228135,0.891603,87.9902,7.64954e-10,30733,0.967162,70.4477,9.04596e-11,52512
24,670,n1->n99->n77->n72->n73->n54->n40->n42->n44->n41->n39->n10->n8->n12->n6->n33->n32->n30->n29->n50->n51,5.37021e+09|1.57108e+10|5.68112e+11|6.83442e+09|1.41706e+11|2.80961e+11|3.58065e+10|2.42905e+09|5.26537e+13|3.95737e+11|3.34792e+13|2.49624e+09|4.61239e+13|9.70597e+10|1.14208e+09|3.64323e+13|1.78367e+12|1.26395e+10|3.6336e+13|2.36425e+09|7.46708e+11,8.19724e+08|4.21389e+09|3.56307e+11|1.48353e+09|5.76853e+10|2.23178e+11|4.14657e+09|2.47264e+08|2.86817e+13|1.47899e+11|1.12013e+13|7.32581e+08|1.04208e+13|2.76143e+10|2.20459e+08|6.32377e+12|1.05491e+12|1.81012e+09|1.77292e+13|4.07889e+08|5.06847e+11,0.000494453|0.00089026|8.49487e-05|0.000159499|6.32916e-05|1.47667e-05|6.01341e-05|8.79758e-05|0.000124649|2.35935e-05|5.53896e-05|6.27016e-05|6.6054e-05|0.000201974|1.08483e-05|1.50316e-05|0.000179959|4.789e-05|0.000125062|1.54283e-05|0.000185382,0.000316017|0.000350126|0.000906866|0.00384342|0.000807753|0.00549128|0.00268841|0.000493531|0.00158999|0.00412419|0.0025393|0.00113469|0.00522046|0.0016732|0.00010157|0.00213059|0.00292552|0.00655588|0.00231296|0.00907722|0.00344885,0.0109342|0.0362414|0.04851|0.0479977|0.0455502|0.0334079|0.0249103|0.00783732|0.0486405|0.00451081|0.00111942|0.00597815|0.0318744|0.0313381|0.00160082|0.00968695|0.00778345|0.00398508|0.0255931|0.00638914|0.0365406,0.000178506|0.0472365|0.0115254|0.0299903|0.028193|0.00844474|0.033399|0.0327962|0.00764508|0.00491436|0.0449458|0.0245713|0.0483133|0.0470205|0.0260762|0.0280967|0.0161829|0.0178703|0.00291922|0.0483596|0.0130093,0.973537|0.953794|0.949999|0.96924|0.909539|0.927525|0.920308|0.960936|0.932977|0.923722|0.924329|0.962416|0.975256|0.937315|0.908628|0.923653|0.953313|0.972158|0.962742|0.910708|0.98883,4.63983|3.07459|0.722366|3.90463|3.29092|1.22009|2.50002|0.765875|2.64532|4.11092|1.19952|1.97158|3.22282|3.07758|5.01633|1.04264|0.10397|5.42296|0.0327787|5.41755|4.04415,66.2586|96.5216|92.3918|29.1617|26.1465|12.2677|77.6192|21.0603|12.7315|38.9947|24.4191|99.595|81.3396|32.9383|50.0569|61.2747|69.5993|29.3504|37.0378|82.9474,0.180129|0.241387|0.167022|0.178937|0.196311|0.248162|0.243521|0.23095|0.246433|0.18226|0.239532|0.184434|0.186476|0.230728|0.19306|0.208144|0.204659|0.179657|0.191256|0.24308,0.323551|0.664018|0.776051|0.920295|0.754315|0.812759|0.14346|0.399278|0.665882|0.988985|0.991722|0.703378|0.379326|0.628307|0.116472|0.704271|0.237533|0.887943|0.182586|0.624607,0.869523,0.801463,0.117836,0.0993652,0.460468,0.534015,0.0732846,0.487967,0.198257,0.921169,51.6436,5.43263e-12,47756,0.887486,41.1981,1.06086e-12,38445,0.895553,0.876428,0.0878307,0.631141,0.996144,0.511517,0.22039,0.459803,0.228135,0.891603,87.9902,7.64954e-10,30733,0.967162,70.4477,9.04596e-11,52512
24,671,n1->n13->n11->n29->n28->n27->n4->n75->n71->n72->n45->n47->n46->n48->n89->n88->n90->n59->n60->n50->n51,5.37021e+09|6.60497e+13|1.78735e+12|3.6336e+13|1.34247e+11|4.19351e+12|7.07339e+12|8.71921e+10|7.70008e+11|6.83442e+09|8.38488e+13|4.74236e+11|5.53417e+12|3.98001e+12|2.68119e+11|9.00567e+12|1.33273e+11|3.04563e+11|8.79841e+13|2.36425e+09|7.46708e+11,8.19724e+08|8.87204e+12|3.29521e+11|1.77292e+13|1.51805e+10|8.73344e+11|2.43435e+12|5.29113e+10|1.60546e+11|1.48353e+09|1.01787e+13|1.54765e+11|1.63629e+12|1.69514e+12|9.23423e+10|8.66002e+12|6.41526e+10|3.06423e+10|5.95756e+13|4.07889e+08|5.06847e+11,0.000494453|0.000787814|5.47786e-05|0.000125062|0.00056516|1.08528e-05|0.000113681|0.000766915|0.00017279|0.000159499|1.67225e-05|0.000202873|0.000489732|4.78153e-05|3.55201e-05|6.2721e-05|0.000319756|2.43107e-05|0.000731749|1.54283e-05|0.000185382,0.000316017|0.00788063|0.00652494|0.00231296|0.0093172|0.00262605|0.00198341|0.000203965|0.00123164|0.00384342|0.000742576|0.000266598|0.000159088|0.00544009|0.000111435|0.000480267|0.000672662|0.000202742|0.000248463|0.00907722|0.00344885,0.0109342|0.0476737|0.00125292|0.0255931|0.0317261|0.0303206|0.0350273|0.0243876|0.0398828|0.0479977|0.00846218|0.00898217|0.029055|0.0455031|0.0107812|0.00850464|0.0285929|0.00304046|0.0128442|0.00638914|0.0365406,0.000178506|0.00335145|0.0136412|0.00291922|0.03841|0.0230682|0.0273051|0.0250863|0.0326729|0.0299903|0.0342415|0.0488958|0.0302566|0.0360942|0.0401575|0.0237676|0.0372754|0.0474075|0.0431033|0.0483596|0.0130093,0.973537|0.954869|0.988894|0.962742|0.948072|0.985376|0.917619|0.936129|0.947193|0.96924|0.934264|0.9108|0.923372|0.967439|0.926416|0.962132|0.984478|0.99171|0.945549|0.910708|0.98883,4.63983|5.26639|0.923897|0.0327787|1.48687|4.5695|1.56082|3.39264|0.117525|3.90463|5.31688|6.27947|0.31178|3.09858|0.0868458|1.9653|4.02061|5.60303|4.50487|5.41755|4.04415,79.8117|13.9548|13.2112|18.7034|23.5709|52.1141|81.7362|14.5634|45.8448|63.1262|40.979|71.5316|41.9872|94.0077|92.4072|14.1987|62.2588|76.8491|22.3088|82.9474,0.246796|0.189728|0.219003|0.249902|0.207151|0.184605|0.218556|0.169453|0.218487|0.243732|0.216949|0.196056|0.178665|0.234363|0.203687|0.244274|0.169222|0.204072|0.190841|0.24308,0.338018|0.801183|0.427028|0.259002|0.340196|0.200735|0.847503|0.275247|0.29317|0.65643|0.317946|0.758317|0.182289|0.948873|0.876618|0.997795|0.361153|0.509755|0.323935|0.624607,0.869523,0.801463,0.117836,0.0993652,0.460468,0.534015,0.0732846,0.487967,0.198257,0.921169,51.6436,5.43263e-12,47756,0.887486,41.1981,1.06086e-12,38445,0.895553,0.876428,0.0878307,0.631141,0.996144,0.511517,0.22039,0.459803,0.228135,0.891603,87.9902,7.64954e-10,30733,0.967162,70.4477,9.04596e-11,52512
24,672,n1->n13->n12->n6->n33->n24->n71->n75->n73->n10->n9->n11->n29->n15->n63->n61->n62->n46->n47->n49->n51,5.37021e+09|6.60497e+13|9.70597e+10|1.14208e+09|3.64323e+13|1.59557e+13|7.70008e+11|8.71921e+10|1.41706e+11|2.49624e+09|1.49139e+12|1.78735e+12|3.6336e+13|8.77071e+11|6.55204e+12|6.44979e+11|2.37342e+11|5.53417e+12|4.74236e+11|2.45005e+09|7.46708e+11,8.19724e+08|8.87204e+12|2.76143e+10|2.20459e+08|6.32377e+12|4.06569e+12|1.60546e+11|5.29113e+10|5.76853e+10|7.32581e+08|3.79906e+11|3.29521e+11|1.77292e+13|1.06991e+11|2.63574e+12|1.30372e+11|1.13053e+11|1.63629e+12|1.54765e+11|2.44458e+09|5.06847e+11,0.000494453|0.000787814|0.000201974|1.08483e-05|1.50316e-05|0.000193265|0.00017279|0.000766915|6.32916e-05|6.27016e-05|1.80008e-05|5.47786e-05|0.000125062|0.000182949|0.000116235|3.71253e-05|8.24006e-05|0.000489732|0.000202873|1.07426e-05|0.000185382,0.000316017|0.00788063|0.0016732|0.00010157|0.00213059|0.0012727|0.00123164|0.000203965|0.000807753|0.00113469|0.00065196|0.00652494|0.00231296|0.00274771|0.00126856|0.00313588|0.00794111|0.000159088|0.000266598|0.000979027|0.00344885,0.0109342|0.0476737|0.0313381|0.00160082|0.00968695|0.0433038|0.0398828|0.0243876|0.0455502|0.00597815|0.0140743|0.00125292|0.0255931|0.0207315|0.0100727|0.0266048|0.0242596|0.029055|0.00898217|0.0183567|0.0365406,0.000178506|0.00335145|0.0470205|0.0260762|0.0280967|0.00780618|0.0326729|0.0250863|0.028193|0.0245713|0.033904|0.0136412|0.00291922|0.0378122|0.0107197|0.0179693|0.0480911|0.0302566|0.0488958|0.0388066|0.0130093,0.973537|0.954869|0.937315|0.908628|0.923653|0.90929|0.947193|0.936129|0.909539|0.962416|0.963574|0.988894|0.962742|0.910795|0.903245|0.958619|0.98053|0.923372|0.9108|0.969899|0.98883,4.63983|5.26639|3.07758|5.01633|1.04264|3.9732|0.117525|3.39264|3.29092|1.97158|5.88966|0.923897|0.0327787|1.89272|4.68449|2.63855|5.59786|0.31178|6.27947|3.94615|4.04415,79.8117|56.34|32.9383|50.0569|98.0873|44.1502|14.5634|85.6152|29.3778|65.9961|99.0064|13.2112|32.2763|11.0615|47.0482|89.0369|56.7189|71.5316|91.8261|10.4661,0.246796|0.206669|0.230728|0.19306|0.239791|0.204574|0.169453|0.185893|0.202302|0.193896|0.201409|0.219003|0.240047|0.214255|0.167884|0.198053|0.167864|0.196056|0.228404|0.216931,0.338018|0.285239|0.628307|0.116472|0.939209|0.45026|0.275247|0.624191|0.747283|0.982181|0.439638|0.427028|0.895675|0.692153|0.410418|0.704733|0.624525|0.758317|0.133861|0.516407,0.869523,0.801463,0.117836,0.0993652,0.460468,0.534015,0.0732846,0.487967,0.198257,0.921169,51.6436,5.43263e-12,47756,0.887486,41.1981,1.06086e-12,38445,0.895553,0.876428,0.0878307,0.631141,0.996144,0.511517,0.22039,0.459803,0.228135,0.891603,87.9902,7.64954e-10,30733,0.967162,70.4477,9.04596e-11,52512
24,673,n1->n99->n97->n95->n93->n64->n65->n85->n84->n56->n55->n57->n74->n76->n86->n87->n88->n89->n48->n50->n51,5.37021e+09|1.57108e+10|2.90604e+09|1.05601e+11|4.22601e+13|4.21034e+09|1.12599e+09|2.02447e+09|1.07392e+09|1.1605e+12|8.84081e+12|4.14288e+09|5.8385e+13|4.21804e+13|3.85304e+10|7.3435e+12|9.00567e+12|2.68119e+11|3.98001e+12|2.36425e+09|7.46708e+11,8.19724e+08|4.21389e+09|5.04144e+08|5.46554e+10|1.3774e+13|1.60867e+09|3.2906e+08|2.41326e+08|9.00899e+08|5.65456e+11|4.69454e+12|2.05006e+09|7.35096e+12|1.15782e+13|4.69095e+09|2.79916e+12|8.66002e+12|9.23423e+10|1.69514e+12|4.07889e+08|5.06847e+11,0.000494453|0.00089026|8.81202e-05|0.000260968|8.45967e-05|1.88732e-05|1.96575e-05|2.04325e-05|2.14473e-05|1.7812e-05|4.06274e-05|0.000173612|0.000875739|1.88608e-05|6.21631e-05|0.000634307|6.2721e-05|3.55201e-05|4.78153e-05|1.54283e-05|0.000185382,0.000316017|0.000350126|0.00494291|0.000186877|0.000162335|0.000135861|0.000428116|0.000338175|0.000434313|0.000830638|0.000128431|0.00271581|0.00944671|0.00214239|0.00341054|0.00151267|0.000480267|0.000111435|0.00544009|0.00907722|0.00344885,0.0109342|0.0362414|0.0381696|0.00282907|0.0108045|0.0266797|0.00118659|0.0354515|0.0473575|0.0231698|0.00843704|0.0328142|0.0280357|0.00156873|0.0237043|0.0186268|0.00850464|0.0107812|0.0455031|0.00638914|0.0365406,0.000178506|0.0472365|0.00800322|0.0420997|0.0326183|0.0436548|0.00176737|0.0266209|0.0366447|0.0417641|0.0314938|0.0437642|0.0166219|0.0470058|0.0488574|0.00979507|0.0237676|0.0401575|0.0360942|0.0483596|0.0130093,0.973537|0.953794|0.90679|0.966581|0.912097|0.933821|0.967717|0.940474|0.948551|0.944528|0.908585|0.983348|0.90082|0.989289|0.981332|0.977244|0.962132|0.926416|0.967439|0.910708|0.98883,4.63983|3.07459|1.41691|1.09944|5.92115|5.77568|4.1126|4.91715|5.42186|2.55597|3.37071|1.93323|0.0974208|0.578949|4.96971|2.33192|1.9653|0.0868458|3.09858|5.41755|4.04415,66.2586|94.4507|11.8968|24.941|32.5899|56.7563|82.5435|82.1833|34.4372|95.3312|61.5999|95.6836|53.1277|37.5994|88.9922|57.0974|92.4072|94.0077|23.5956|82.9474,0.180129|0.168303|0.228013|0.237661|0.178102|0.186349|0.20461|0.216313|0.222961|0.167906|0.220389|0.169856|0.181342|0.17745|0.246364|0.227675|0.203687|0.234363|0.191801|0.24308,0.323551|0.263233|0.342677|0.985064|0.548301|0.927837|0.519435|0.528406|0.762891|0.402595|0.549818|0.815246|0.519715|0.871942|0.83582|0.396625|0.876618|0.948873|0.688345|0.624607,0.869523,0.801463,0.117836,0.0993652,0.460468,0.534015,0.0732846,0.487967,0.198257,0.921169,51.6436,5.43263e-12,47756,0.887486,41.1981,1.06086e-12,38445,0.895553,0.876428,0.0878307,0.631141,0.996144,0.511517,0.22039,0.459803,0.228135,0.891603,87.9902,7.64954e-10,30733,0.967162,70.4477,9.04596e-11,52512
24,674,n1->n99->n98->n57->n74->n22->n21->n23->n83->n84->n56->n90->n59->n60->n62->n61->n63->n15->n29->n50->n51,5.37021e+09|1.57108e+10|1.8266e+13|4.14288e+09|5.8385e+13|1.47e+10|1.56161e+12|4.63033e+10|3.76373e+13|1.07392e+09|1.1605e+12|1.33273e+11|3.04563e+11|8.79841e+13|2.37342e+11|6.44979e+11|6.55204e+12|8.77071e+11|3.6336e+13|2.36425e+09|7.46708e+11,8.19724e+08|4.21389e+09|5.99087e+12|2.05006e+09|7.35096e+12|9.51029e+09|3.02345e+11|3.30225e+10|2.34723e+13|9.00899e+08|5.65456e+11|6.41526e+10|3.06423e+10|5.95756e+13|1.13053e+11|1.30372e+11|2.63574e+12|1.06991e+11|1.77292e+13|4.07889e+08|5.06847e+11,0.000494453|0.00089026|0.000410965|0.000173612|0.000875739|1.77434e-05|0.00096308|0.000277161|1.86087e-05|2.14473e-05|1.7812e-05|0.000319756|2.43107e-05|0.000731749|8.24006e-05|3.71253e-05|0.000116235|0.000182949|0.000125062|1.54283e-05|0.000185382,0.000316017|0.000350126|0.000548485|0.00271581|0.00944671|0.0006856|0.00195589|0.00418014|0.000175452|0.000434313|0.000830638|0.000672662|0.000202742|0.000248463|0.00794111|0.00313588|0.00126856|0.00274771|0.00231296|0.00907722|0.00344885,0.0109342|0.0362414|0.0295222|0.0328142|0.0280357|0.0408661|0.00712365|0.00314906|0.015405|0.0473575|0.0231698|0.0285929|0.00304046|0.0128442|0.0242596|0.0266048|0.0100727|0.0207315|0.0255931|0.00638914|0.0365406,0.000178506|0.0472365|0.0297366|0.0437642|0.0166219|0.040072|0.0414669|0.0470385|0.038157|0.0366447|0.0417641|0.0372754|0.0474075|0.0431033|0.0480911|0.0179693|0.0107197|0.0378122|0.00291922|0.0483596|0.0130093,0.973537|0.953794|0.959539|0.983348|0.90082|0.95984|0.971602|0.92176|0.947801|0.948551|0.944528|0.984478|0.99171|0.945549|0.98053|0.958619|0.903245|0.910795|0.962742|0.910708|0.98883,4.63983|3.07459|2.95405|1.93323|0.0974208|0.048646|3.14177|2.08786|4.11052|5.42186|2.55597|4.02061|5.60303|4.50487|5.59786|2.63855|4.68449|1.89272|0.0327787|5.41755|4.04415,66.2586|58.4557|98.2355|95.6836|63.8366|55.6995|88.4205|23.518|20.1884|34.4372|40.6061|62.2588|76.8491|48.3985|89.0369|47.0482|11.0615|32.2763|37.0378|82.9474,0.180129|0.227784|0.190047|0.169856|0.241428|0.206062|0.232237|0.181099|0.246081|0.222961|0.166746|0.169222|0.204072|0.17162|0.198053|0.167884|0.214255|0.240047|0.191256|0.24308,0.323551|0.686264|0.757428|0.815246|0.480684|0.677391|0.516177|0.741177|0.599197|0.762891|0.163177|0.361153|0.509755|0.641887|0.704733|0.410418|0.692153|0.895675|0.182586|0.624607,0.869523,0.801463,0.117836,0.0993652,0.460468,0.534015,0.0732846,0.487967,0.198257,0.921169,51.6436,5.43263e-12,47756,0.887486,41.1981,1.06086e-12,38445,0.895553,0.876428,0.0878307,0.631141,0.996144,0.511517,0.22039,0.459803,0.228135,0.891603,87.9902,7.64954e-10,30733,0.967162,70.4477,9.04596e-11,52512
24,675,n1->n13->n15->n29->n31->n32->n33->n24->n71->n72->n45->n43->n44->n42->n40->n54->n73->n10->n63->n61->n51,5.37021e+09|6.60497e+13|8.77071e+11|3.6336e+13|4.79342e+12|1.78367e+12|3.64323e+13|1.59557e+13|7.70008e+11|6.83442e+09|8.38488e+13|1.40931e+10|5.26537e+13|2.42905e+09|3.58065e+10|2.80961e+11|1.41706e+11|2.49624e+09|6.55204e+12|6.44979e+11|7.46708e+11,8.19724e+08|8.87204e+12|1.06991e+11|1.77292e+13|4.42443e+12|1.05491e+12|6.32377e+12|4.06569e+12|1.60546e+11|1.48353e+09|1.01787e+13|3.26577e+09|2.86817e+13|2.47264e+08|4.14657e+09|2.23178e+11|5.76853e+10|7.32581e+08|2.63574e+12|1.30372e+11|5.06847e+11,0.000494453|0.000787814|0.000182949|0.000125062|0.00024651|0.000179959|1.50316e-05|0.000193265|0.00017279|0.000159499|1.67225e-05|0.000955168|0.000124649|8.79758e-05|6.01341e-05|1.47667e-05|6.32916e-05|6.27016e-05|0.000116235|3.71253e-05|0.000185382,0.000316017|0.00788063|0.00274771|0.00231296|0.00308746|0.00292552|0.00213059|0.0012727|0.00123164|0.00384342|0.000742576|0.00344494|0.00158999|0.000493531|0.00268841|0.00549128|0.000807753|0.00113469|0.00126856|0.00313588|0.00344885,0.0109342|0.0476737|0.0207315|0.0255931|0.0211034|0.00778345|0.00968695|0.0433038|0.0398828|0.0479977|0.00846218|0.0168583|0.0486405|0.00783732|0.0249103|0.0334079|0.0455502|0.00597815|0.0100727|0.0266048|0.0365406,0.000178506|0.00335145|0.0378122|0.00291922|0.0151027|0.0161829|0.0280967|0.00780618|0.0326729|0.0299903|0.0342415|0.0482719|0.00764508|0.0327962|0.033399|0.00844474|0.028193|0.0245713|0.0107197|0.0179693|0.0130093,0.973537|0.954869|0.910795|0.962742|0.943878|0.953313|0.923653|0.90929|0.947193|0.96924|0.934264|0.943219|0.932977|0.960936|0.920308|0.927525|0.909539|0.962416|0.903245|0.958619|0.98883,4.63983|5.26639|1.89272|0.0327787|4.82496|0.10397|1.04264|3.9732|0.117525|3.90463|5.31688|2.3897|2.64532|0.765875|2.50002|1.22009|3.29092|1.97158|4.68449|2.63855|4.04415,79.8117|66.6304|32.2763|70.4589|86.0567|61.2747|98.0873|44.1502|45.8448|63.1262|48.5398|69.1985|21.0603|77.6192|12.2677|26.1465|29.3778|65.1286|47.0482|66.5616,0.246796|0.179788|0.240047|0.246199|0.16799|0.208144|0.239791|0.204574|0.218487|0.243732|0.218428|0.210513|0.23095|0.243521|0.248162|0.196311|0.202302|0.203746|0.167884|0.171721,0.338018|0.275394|0.895675|0.415176|0.799966|0.704271|0.939209|0.45026|0.29317|0.65643|0.854577|0.374145|0.399278|0.14346|0.812759|0.754315|0.747283|0.514129|0.410418|0.235817,0.869523,0.801463,0.117836,0.0993652,0.460468,0.534015,0.0732846,0.487967,0.198257,0.921169,51.6436,5.43263e-12,47756,0.887486,41.1981,1.06086e-12,38445,0.895553,0.876428,0.0878307,0.631141,0.996144,0.511517,0.22039,0.459803,0.228135,0.891603,87.9902,7.64954e-10,30733,0.967162,70.4477,9.04596e-11,52512
24,676,n1->n20->n89->n88->n87->n86->n76->n75->n73->n100->n2->n7->n8->n10->n9->n11->n29->n28->n27->n52->n51,5.37021e+09|4.0293e+11|2.68119e+11|9.00567e+12|7.3435e+12|3.85304e+10|4.21804e+13|8.71921e+10|1.41706e+11|4.01966e+09|5.94248e+10|3.81012e+11|4.61239e+13|2.49624e+09|1.49139e+12|1.78735e+12|3.6336e+13|1.34247e+11|4.19351e+12|1.02428e+10|7.46708e+11,8.19724e+08|1.89646e+11|9.23423e+10|8.66002e+12|2.79916e+12|4.69095e+09|1.15782e+13|5.29113e+10|5.76853e+10|2.27749e+09|3.74975e+10|6.70334e+10|1.04208e+13|7.32581e+08|3.79906e+11|3.29521e+11|1.77292e+13|1.51805e+10|8.73344e+11|2.07235e+09|5.06847e+11,0.000494453|5.21063e-05|3.55201e-05|6.2721e-05|0.000634307|6.21631e-05|1.88608e-05|0.000766915|6.32916e-05|0.000665246|1.10648e-05|0.000475679|6.6054e-05|6.27016e-05|1.80008e-05|5.47786e-05|0.000125062|0.00056516|1.08528e-05|0.00011644|0.000185382,0.000316017|0.000368678|0.000111435|0.000480267|0.00151267|0.00341054|0.00214239|0.000203965|0.000807753|0.00914892|0.00120557|0.00104538|0.00522046|0.00113469|0.00065196|0.00652494|0.00231296|0.0093172|0.00262605|0.00580301|0.00344885,0.0109342|0.0108696|0.0107812|0.00850464|0.0186268|0.0237043|0.00156873|0.0243876|0.0455502|0.0100829|0.00369149|0.01754|0.0318744|0.00597815|0.0140743|0.00125292|0.0255931|0.0317261|0.0303206|0.0398377|0.0365406,0.000178506|0.0181411|0.0401575|0.0237676|0.00979507|0.0488574|0.0470058|0.0250863|0.028193|0.0460028|0.0127317|0.0283975|0.0483133|0.0245713|0.033904|0.0136412|0.00291922|0.03841|0.0230682|0.0151024|0.0130093,0.973537|0.923215|0.926416|0.962132|0.977244|0.981332|0.989289|0.936129|0.909539|0.935175|0.968894|0.963898|0.975256|0.962416|0.963574|0.988894|0.962742|0.948072|0.985376|0.965406|0.98883,4.63983|4.79469|0.0868458|1.9653|2.33192|4.96971|0.578949|3.39264|3.29092|3.89025|4.74216|3.51107|3.22282|1.97158|5.88966|0.923897|0.0327787|1.48687|4.5695|0.0104102|4.04415,90.7492|18.2346|92.4072|57.0974|88.9922|37.5994|63.5216|85.6152|20.1165|37.015|88.6198|55.4093|99.595|65.9961|99.0064|13.2112|18.7034|23.5709|46.2248|83.3731,0.215706|0.231355|0.203687|0.227675|0.246364|0.17745|0.207806|0.185893|0.175955|0.17211|0.228013|0.230451|0.184434|0.193896|0.201409|0.219003|0.249902|0.207151|0.183493|0.197114,0.53635|0.595303|0.876618|0.396625|0.83582|0.871942|0.844544|0.624191|0.825877|0.315214|0.84397|0.745697|0.703378|0.982181|0.439638|0.427028|0.259002|0.340196|0.657987|0.942894,0.869523,0.801463,0.117836,0.0993652,0.460468,0.534015,0.0732846,0.487967,0.198257,0.921169,51.6436,5.43263e-12,47756,0.887486,41.1981,1.06086e-12,38445,0.895553,0.876428,0.0878307,0.631141,0.996144,0.511517,0.22039,0.459803,0.228135,0.891603,87.9902,7.64954e-10,30733,0.967162,70.4477,9.04596e-11,52512
24,677,n1->n20->n18->n19->n17->n68->n22->n74->n75->n73->n71->n24->n33->n35->n34->n15->n13->n11->n29->n50->n51,5.37021e+09|4.0293e+11|7.59179e+12|2.47533e+11|1.51096e+11|1.31753e+09|1.47e+10|5.8385e+13|8.71921e+10|1.41706e+11|7.70008e+11|1.59557e+13|3.64323e+13|5.77859e+11|4.7313e+12|8.77071e+11|6.60497e+13|1.78735e+12|3.6336e+13|2.36425e+09|7.46708e+11,8.19724e+08|1.89646e+11|4.11836e+12|2.33399e+11|1.57582e+10|3.10679e+08|9.51029e+09|7.35096e+12|5.29113e+10|5.76853e+10|1.60546e+11|4.06569e+12|6.32377e+12|4.88834e+11|1.15705e+12|1.06991e+11|8.87204e+12|3.29521e+11|1.77292e+13|4.07889e+08|5.06847e+11,0.000494453|5.21063e-05|2.98936e-05|0.000261527|0.000261059|0.000223952|1.77434e-05|0.000875739|0.000766915|6.32916e-05|0.00017279|0.000193265|1.50316e-05|0.000412952|0.000140889|0.000182949|0.000787814|5.47786e-05|0.000125062|1.54283e-05|0.000185382,0.000316017|0.000368678|0.000681499|0.000768065|0.000513001|0.00843573|0.0006856|0.00944671|0.000203965|0.000807753|0.00123164|0.0012727|0.00213059|0.00138752|0.000270551|0.00274771|0.00788063|0.00652494|0.00231296|0.00907722|0.00344885,0.0109342|0.0108696|0.0192976|0.0201979|0.0430027|0.0370095|0.0408661|0.0280357|0.0243876|0.0455502|0.0398828|0.0433038|0.00968695|0.00215298|0.0276207|0.0207315|0.0476737|0.00125292|0.0255931|0.00638914|0.0365406,0.000178506|0.0181411|0.0120519|0.0291803|0.00442808|0.00589983|0.040072|0.0166219|0.0250863|0.028193|0.0326729|0.00780618|0.0280967|0.0375959|0.0210615|0.0378122|0.00335145|0.0136412|0.00291922|0.0483596|0.0130093,0.973537|0.923215|0.946711|0.941018|0.974312|0.984554|0.95984|0.90082|0.936129|0.909539|0.947193|0.90929|0.923653|0.952159|0.904866|0.910795|0.954869|0.988894|0.962742|0.910708|0.98883,4.63983|4.79469|4.38273|1.39448|5.11322|5.26958|0.048646|0.0974208|3.39264|3.29092|0.117525|3.9732|1.04264|5.24666|4.56594|1.89272|5.26639|0.923897|0.0327787|5.41755|4.04415,90.7492|89.2299|34.0839|10.3361|23.9015|15.3326|63.8366|64.3401|85.6152|28.2621|44.1502|98.0873|93.5115|26.2497|27.3162|66.6304|13.9548|13.2112|37.0378|82.9474,0.215706|0.247215|0.248409|0.172286|0.236806|0.236297|0.241428|0.220369|0.185893|0.242769|0.204574|0.239791|0.242679|0.244194|0.231681|0.179788|0.189728|0.219003|0.191256|0.24308,0.53635|0.652252|0.983209|0.559133|0.2818|0.655447|0.480684|0.119032|0.624191|0.940077|0.45026|0.939209|0.487093|0.307851|0.750497|0.275394|0.801183|0.427028|0.182586|0.624607,0.869523,0.801463,0.117836,0.0993652,0.460468,0.534015,0.0732846,0.487967,0.198257,0.921169,51.6436,5.43263e-12,47756,0.887486,41.1981,1.06086e-12,38445,0.895553,0.876428,0.0878307,0.631141,0.996144,0.511517,0.22039,0.459803,0.228135,0.891603,87.9902,7.64954e-10,30733,0.967162,70.4477,9.04596e-11,52512
24,678,n1->n99->n77->n93->n64->n36->n38->n16->n18->n70->n69->n28->n27->n25->n26->n24->n33->n31->n29->n50->n51,5.37021e+09|1.57108e+10|5.68112e+11|4.22601e+13|4.21034e+09|7.73972e+11|1.16426e+13|1.09193e+13|7.59179e+12|6.87309e+13|8.81277e+09|1.34247e+11|4.19351e+12|1.67189e+13|7.09351e+09|1.59557e+13|3.64323e+13|4.79342e+12|3.6336e+13|2.36425e+09|7.46708e+11,8.19724e+08|4.21389e+09|3.56307e+11|1.3774e+13|1.60867e+09|7.77593e+10|1.19258e+12|1.33827e+12|4.11836e+12|9.78332e+12|7.57626e+09|1.51805e+10|8.73344e+11|1.40059e+13|1.31666e+09|4.06569e+12|6.32377e+12|4.42443e+12|1.77292e+13|4.07889e+08|5.06847e+11,0.000494453|0.00089026|8.49487e-05|8.45967e-05|1.88732e-05|0.000426407|1.04425e-05|3.71682e-05|2.98936e-05|5.13815e-05|0.000268039|0.00056516|1.08528e-05|6.30741e-05|3.77967e-05|0.000193265|1.50316e-05|0.00024651|0.000125062|1.54283e-05|0.000185382,0.000316017|0.000350126|0.000906866|0.000162335|0.000135861|0.00396778|0.00950649|0.00174713|0.000681499|0.00295865|0.00367819|0.0093172|0.00262605|0.00294926|0.00522178|0.0012727|0.00213059|0.00308746|0.00231296|0.00907722|0.00344885,0.0109342|0.0362414|0.04851|0.0108045|0.0266797|0.00497013|0.0263713|0.0123696|0.0192976|0.0286141|0.022957|0.0317261|0.0303206|0.0195393|0.0101688|0.0433038|0.00968695|0.0211034|0.0255931|0.00638914|0.0365406,0.000178506|0.0472365|0.0115254|0.0326183|0.0436548|0.0341912|0.00318517|0.0240438|0.0120519|0.0216638|0.0100342|0.03841|0.0230682|0.0159438|0.0409649|0.00780618|0.0280967|0.0151027|0.00291922|0.0483596|0.0130093,0.973537|0.953794|0.949999|0.912097|0.933821|0.94998|0.902547|0.979533|0.946711|0.966653|0.975915|0.948072|0.985376|0.9023|0.981638|0.90929|0.923653|0.943878|0.962742|0.910708|0.98883,4.63983|3.07459|0.722366|5.92115|5.77568|3.70656|5.09423|1.69436|4.38273|4.60778|2.99986|1.48687|4.5695|1.57149|2.91399|3.9732|1.04264|4.82496|0.0327787|5.41755|4.04415,66.2586|96.5216|51.9256|32.5899|43.8659|61.2725|28.0546|72.2829|55.8812|74.5377|97.1045|23.5709|64.4551|63.0993|83.4704|98.0873|95.0453|70.4589|37.0378|82.9474,0.180129|0.241387|0.247077|0.178102|0.241695|0.204351|0.17367|0.180241|0.234874|0.172691|0.207556|0.207151|0.242248|0.228799|0.216464|0.239791|0.234751|0.246199|0.191256|0.24308,0.323551|0.664018|0.469529|0.548301|0.590576|0.413834|0.828443|0.553025|0.16843|0.416585|0.438091|0.340196|0.837222|0.359402|0.583168|0.939209|0.258586|0.415176|0.182586|0.624607,0.869523,0.801463,0.117836,0.0993652,0.460468,0.534015,0.0732846,0.487967,0.198257,0.921169,51.6436,5.43263e-12,47756,0.887486,41.1981,1.06086e-12,38445,0.895553,0.876428,0.0878307,0.631141,0.996144,0.511517,0.22039,0.459803,0.228135,0.891603,87.9902,7.64954e-10,30733,0.967162,70.4477,9.04596e-11,52512
24,679,n1->n20->n18->n16->n38->n67->n64->n65->n52->n27->n25->n26->n24->n71->n72->n70->n69->n28->n29->n50->n51,5.37021e+09|4.0293e+11|7.59179e+12|1.09193e+13|1.16426e+13|4.7483e+09|4.21034e+09|1.12599e+09|1.02428e+10|4.19351e+12|1.67189e+13|7.09351e+09|1.59557e+13|7.70008e+11|6.83442e+09|6.87309e+13|8.81277e+09|1.34247e+11|3.6336e+13|2.36425e+09|7.46708e+11,8.19724e+08|1.89646e+11|4.11836e+12|1.33827e+12|1.19258e+12|7.5553e+08|1.60867e+09|3.2906e+08|2.07235e+09|8.73344e+11|1.40059e+13|1.31666e+09|4.06569e+12|1.60546e+11|1.48353e+09|9.78332e+12|7.57626e+09|1.51805e+10|1.77292e+13|4.07889e+08|5.06847e+11,0.000494453|5.21063e-05|2.98936e-05|3.71682e-05|1.04425e-05|3.91885e-05|1.88732e-05|1.96575e-05|0.00011644|1.08528e-05|6.30741e-05|3.77967e-05|0.000193265|0.00017279|0.000159499|5.13815e-05|0.000268039|0.00056516|0.000125062|1.54283e-05|0.000185382,0.000316017|0.000368678|0.000681499|0.00174713|0.00950649|0.000640186|0.000135861|0.000428116|0.00580301|0.00262605|0.00294926|0.00522178|0.0012727|0.00123164|0.00384342|0.00295865|0.00367819|0.0093172|0.00231296|0.00907722|0.00344885,0.0109342|0.0108696|0.0192976|0.0123696|0.0263713|0.029632|0.0266797|0.00118659|0.0398377|0.0303206|0.0195393|0.0101688|0.0433038|0.0398828|0.0479977|0.0286141|0.022957|0.0317261|0.0255931|0.00638914|0.0365406,0.000178506|0.0181411|0.0120519|0.0240438|0.00318517|0.0482082|0.0436548|0.00176737|0.0151024|0.0230682|0.0159438|0.0409649|0.00780618|0.0326729|0.0299903|0.0216638|0.0100342|0.03841|0.00291922|0.0483596|0.0130093,0.973537|0.923215|0.946711|0.979533|0.902547|0.924883|0.933821|0.967717|0.965406|0.985376|0.9023|0.981638|0.90929|0.947193|0.96924|0.966653|0.975915|0.948072|0.962742|0.910708|0.98883,4.63983|4.79469|4.38273|1.69436|5.09423|2.06342|5.77568|4.1126|0.0104102|4.5695|1.57149|2.91399|3.9732|0.117525|3.90463|4.60778|2.99986|1.48687|0.0327787|5.41755|4.04415,90.7492|89.2299|72.2829|28.0546|59.2872|95.5844|56.7563|56.1703|46.2248|64.4551|63.0993|83.4704|44.1502|45.8448|97.4405|74.5377|97.1045|18.7034|37.0378|82.9474,0.215706|0.247215|0.180241|0.17367|0.200548|0.248978|0.186349|0.247907|0.183493|0.242248|0.228799|0.216464|0.204574|0.218487|0.180102|0.172691|0.207556|0.249902|0.191256|0.24308,0.53635|0.652252|0.553025|0.828443|0.127053|0.480161|0.927837|0.827328|0.657987|0.837222|0.359402|0.583168|0.45026|0.29317|0.79408|0.416585|0.438091|0.259002|0.182586|0.624607,0.869523,0.801463,0.117836,0.0993652,0.460468,0.534015,0.0732846,0.487967,0.198257,0.921169,51.6436,5.43263e-12,47756,0.887486,41.1981,1.06086e-12,38445,0.895553,0.876428,0.0878307,0.631141,0.996144,0.511517,0.22039,0.459803,0.228135,0.891603,87.9902,7.64954e-10,30733,0.967162,70.4477,9.04596e-11,52512
24,680,n1->n13->n12->n8->n7->n9->n11->n29->n15->n34->n32->n66->n68->n22->n21->n67->n38->n36->n64->n49->n51,5.37021e+09|6.60497e+13|9.70597e+10|4.61239e+13|3.81012e+11|1.49139e+12|1.78735e+12|3.6336e+13|8.77071e+11|4.7313e+12|1.78367e+12|1.10072e+10|1.31753e+09|1.47e+10|1.56161e+12|4.7483e+09|1.16426e+13|7.73972e+11|4.21034e+09|2.45005e+09|7.46708e+11,8.19724e+08|8.87204e+12|2.76143e+10|1.04208e+13|6.70334e+10|3.79906e+11|3.29521e+11|1.77292e+13|1.06991e+11|1.15705e+12|1.05491e+12|8.7665e+09|3.10679e+08|9.51029e+09|3.02345e+11|7.5553e+08|1.19258e+12|7.77593e+10|1.60867e+09|2.44458e+09|5.06847e+11,0.000494453|0.000787814|0.000201974|6.6054e-05|0.000475679|1.80008e-05|5.47786e-05|0.000125062|0.000182949|0.000140889|0.000179959|0.000237659|0.000223952|1.77434e-05|0.00096308|3.91885e-05|1.04425e-05|0.000426407|1.88732e-05|1.07426e-05|0.000185382,0.000316017|0.00788063|0.0016732|0.00522046|0.00104538|0.00065196|0.00652494|0.00231296|0.00274771|0.000270551|0.00292552|0.000470269|0.00843573|0.0006856|0.00195589|0.000640186|0.00950649|0.00396778|0.000135861|0.000979027|0.00344885,0.0109342|0.0476737|0.0313381|0.0318744|0.01754|0.0140743|0.00125292|0.0255931|0.0207315|0.0276207|0.00778345|0.0203827|0.0370095|0.0408661|0.00712365|0.029632|0.0263713|0.00497013|0.0266797|0.0183567|0.0365406,0.000178506|0.00335145|0.0470205|0.0483133|0.0283975|0.033904|0.0136412|0.00291922|0.0378122|0.0210615|0.0161829|0.0146278|0.00589983|0.040072|0.0414669|0.0482082|0.00318517|0.0341912|0.0436548|0.0388066|0.0130093,0.973537|0.954869|0.937315|0.975256|0.963898|0.963574|0.988894|0.962742|0.910795|0.904866|0.953313|0.978907|0.984554|0.95984|0.971602|0.924883|0.902547|0.94998|0.933821|0.969899|0.98883,4.63983|5.26639|3.07758|3.22282|3.51107|5.88966|0.923897|0.0327787|1.89272|4.56594|0.10397|3.10364|5.26958|0.048646|3.14177|2.06342|5.09423|3.70656|5.77568|3.94615|4.04415,79.8117|56.34|81.3396|55.4093|59.8148|99.0064|13.2112|32.2763|27.3162|23.0914|27.3217|70.8824|15.3326|55.6995|42.5138|59.2872|61.2725|43.8659|77.768|10.4661,0.246796|0.206669|0.186476|0.230451|0.18359|0.201409|0.219003|0.240047|0.231681|0.18593|0.199785|0.16183|0.236297|0.206062|0.197352|0.200548|0.204351|0.241695|0.165457|0.216931,0.338018|0.285239|0.379326|0.745697|0.339058|0.439638|0.427028|0.895675|0.750497|0.12287|0.769012|0.215539|0.655447|0.677391|0.602799|0.127053|0.413834|0.590576|0.348083|0.516407,0.869523,0.801463,0.117836,0.0993652,0.460468,0.534015,0.0732846,0.487967,0.198257,0.921169,51.6436,5.43263e-12,47756,0.887486,41.1981,1.06086e-12,38445,0.895553,0.876428,0.0878307,0.631141,0.996144,0.511517,0.22039,0.459803,0.228135,0.891603,87.9902,7.64954e-10,30733,0.967162,70.4477,9.04596e-11,52512
24,681,n1->n99->n97->n27->n4->n75->n73->n100->n2->n7->n5->n3->n69->n28->n29->n15->n34->n36->n64->n49->n51,5.37021e+09|1.57108e+10|2.90604e+09|4.19351e+12|7.07339e+12|8.71921e+10|1.41706e+11|4.01966e+09|5.94248e+10|3.81012e+11|2.91995e+11|2.78751e+13|8.81277e+09|1.34247e+11|3.6336e+13|8.77071e+11|4.7313e+12|7.73972e+11|4.21034e+09|2.45005e+09|7.46708e+11,8.19724e+08|4.21389e+09|5.04144e+08|8.73344e+11|2.43435e+12|5.29113e+10|5.76853e+10|2.27749e+09|3.74975e+10|6.70334e+10|4.67133e+10|1.44762e+13|7.57626e+09|1.51805e+10|1.77292e+13|1.06991e+11|1.15705e+12|7.77593e+10|1.60867e+09|2.44458e+09|5.06847e+11,0.000494453|0.00089026|8.81202e-05|1.08528e-05|0.000113681|0.000766915|6.32916e-05|0.000665246|1.10648e-05|0.000475679|7.03031e-05|0.00022361|0.000268039|0.00056516|0.000125062|0.000182949|0.000140889|0.000426407|1.88732e-05|1.07426e-05|0.000185382,0.000316017|0.000350126|0.00494291|0.00262605|0.00198341|0.000203965|0.000807753|0.00914892|0.00120557|0.00104538|0.000196916|0.00776667|0.00367819|0.0093172|0.00231296|0.00274771|0.000270551|0.00396778|0.000135861|0.000979027|0.00344885,0.0109342|0.0362414|0.0381696|0.0303206|0.0350273|0.0243876|0.0455502|0.0100829|0.00369149|0.01754|0.00731162|0.0268705|0.022957|0.0317261|0.0255931|0.0207315|0.0276207|0.00497013|0.0266797|0.0183567|0.0365406,0.000178506|0.0472365|0.00800322|0.0230682|0.0273051|0.0250863|0.028193|0.0460028|0.0127317|0.0283975|0.0421608|0.0326941|0.0100342|0.03841|0.00291922|0.0378122|0.0210615|0.0341912|0.0436548|0.0388066|0.0130093,0.973537|0.953794|0.90679|0.985376|0.917619|0.936129|0.909539|0.935175|0.968894|0.963898|0.951514|0.982466|0.975915|0.948072|0.962742|0.910795|0.904866|0.94998|0.933821|0.969899|0.98883,4.63983|3.07459|1.41691|4.5695|1.56082|3.39264|3.29092|3.89025|4.74216|3.51107|4.90362|4.79844|2.99986|1.48687|0.0327787|1.89272|4.56594|3.70656|5.77568|3.94615|4.04415,66.2586|94.4507|31.5608|52.1141|81.7362|85.6152|20.1165|37.015|88.6198|37.2729|10.4739|83.9106|97.1045|18.7034|32.2763|27.3162|89.5651|43.8659|77.768|10.4661,0.180129|0.168303|0.219936|0.184605|0.218556|0.185893|0.175955|0.17211|0.228013|0.176784|0.163561|0.204476|0.207556|0.249902|0.240047|0.231681|0.241996|0.241695|0.165457|0.216931,0.323551|0.263233|0.557853|0.200735|0.847503|0.624191|0.825877|0.315214|0.84397|0.943162|0.469027|0.65353|0.438091|0.259002|0.895675|0.750497|0.265381|0.590576|0.348083|0.516407,0.869523,0.801463,0.117836,0.0993652,0.460468,0.534015,0.0732846,0.487967,0.198257,0.921169,51.6436,5.43263e-12,47756,0.887486,41.1981,1.06086e-12,38445,0.895553,0.876428,0.0878307,0.631141,0.996144,0.511517,0.22039,0.459803,0.228135,0.891603,87.9902,7.64954e-10,30733,0.967162,70.4477,9.04596e-11,52512
24,682,n1->n20->n21->n67->n38->n36->n34->n32->n31->n33->n35->n74->n75->n71->n24->n26->n27->n28->n29->n50->n51,5.37021e+09|4.0293e+11|1.56161e+12|4.7483e+09|1.16426e+13|7.73972e+11|4.7313e+12|1.78367e+12|4.79342e+12|3.64323e+13|5.77859e+11|5.8385e+13|8.71921e+10|7.70008e+11|1.59557e+13|7.09351e+09|4.19351e+12|1.34247e+11|3.6336e+13|2.36425e+09|7.46708e+11,8.19724e+08|1.89646e+11|3.02345e+11|7.5553e+08|1.19258e+12|7.77593e+10|1.15705e+12|1.05491e+12|4.42443e+12|6.32377e+12|4.88834e+11|7.35096e+12|5.29113e+10|1.60546e+11|4.06569e+12|1.31666e+09|8.73344e+11|1.51805e+10|1.77292e+13|4.07889e+08|5.06847e+11,0.000494453|5.21063e-05|0.00096308|3.91885e-05|1.04425e-05|0.000426407|0.000140889|0.000179959|0.00024651|1.50316e-05|0.000412952|0.000875739|0.000766915|0.00017279|0.000193265|3.77967e-05|1.08528e-05|0.00056516|0.000125062|1.54283e-05|0.000185382,0.000316017|0.000368678|0.00195589|0.000640186|0.00950649|0.00396778|0.000270551|0.00292552|0.00308746|0.00213059|0.00138752|0.00944671|0.000203965|0.00123164|0.0012727|0.00522178|0.00262605|0.0093172|0.00231296|0.00907722|0.00344885,0.0109342|0.0108696|0.00712365|0.029632|0.0263713|0.00497013|0.0276207|0.00778345|0.0211034|0.00968695|0.00215298|0.0280357|0.0243876|0.0398828|0.0433038|0.0101688|0.0303206|0.0317261|0.0255931|0.00638914|0.0365406,0.000178506|0.0181411|0.0414669|0.0482082|0.00318517|0.0341912|0.0210615|0.0161829|0.0151027|0.0280967|0.0375959|0.0166219|0.0250863|0.0326729|0.00780618|0.0409649|0.0230682|0.03841|0.00291922|0.0483596|0.0130093,0.973537|0.923215|0.971602|0.924883|0.902547|0.94998|0.904866|0.953313|0.943878|0.923653|0.952159|0.90082|0.936129|0.947193|0.90929|0.981638|0.985376|0.948072|0.962742|0.910708|0.98883,4.63983|4.79469|3.14177|2.06342|5.09423|3.70656|4.56594|0.10397|4.82496|1.04264|5.24666|0.0974208|3.39264|0.117525|3.9732|2.91399|4.5695|1.48687|0.0327787|5.41755|4.04415,90.7492|76.7594|42.5138|59.2872|61.2725|89.5651|23.0914|86.0567|95.0453|93.5115|67.7415|64.3401|14.5634|44.1502|83.4704|67.4197|23.5709|18.7034|37.0378|82.9474,0.215706|0.218425|0.197352|0.200548|0.204351|0.241996|0.18593|0.16799|0.234751|0.242679|0.161632|0.220369|0.169453|0.204574|0.216464|0.171162|0.207151|0.249902|0.191256|0.24308,0.53635|0.515127|0.602799|0.127053|0.413834|0.265381|0.12287|0.799966|0.258586|0.487093|0.301798|0.119032|0.275247|0.45026|0.583168|0.40751|0.340196|0.259002|0.182586|0.624607,0.869523,0.801463,0.117836,0.0993652,0.460468,0.534015,0.0732846,0.487967,0.198257,0.921169,51.6436,5.43263e-12,47756,0.887486,41.1981,1.06086e-12,38445,0.895553,0.876428,0.0878307,0.631141,0.996144,0.511517,0.22039,0.459803,0.228135,0.891603,87.9902,7.64954e-10,30733,0.967162,70.4477,9.04596e-11,52512
24,683,n1->n99->n98->n57->n74->n75->n14->n12->n8->n7->n9->n11->n29->n27->n4->n2->n100->n90->n59->n50->n51,5.37021e+09|1.57108e+10|1.8266e+13|4.14288e+09|5.8385e+13|8.71921e+10|3.70261e+10|9.70597e+10|4.61239e+13|3.81012e+11|1.49139e+12|1.78735e+12|3.6336e+13|4.19351e+12|7.07339e+12|5.94248e+10|4.01966e+09|1.33273e+11|3.04563e+11|2.36425e+09|7.46708e+11,8.19724e+08|4.21389e+09|5.99087e+12|2.05006e+09|7.35096e+12|5.29113e+10|1.44234e+10|2.76143e+10|1.04208e+13|6.70334e+10|3.79906e+11|3.29521e+11|1.77292e+13|8.73344e+11|2.43435e+12|3.74975e+10|2.27749e+09|6.41526e+10|3.06423e+10|4.07889e+08|5.06847e+11,0.000494453|0.00089026|0.000410965|0.000173612|0.000875739|0.000766915|3.25754e-05|0.000201974|6.6054e-05|0.000475679|1.80008e-05|5.47786e-05|0.000125062|1.08528e-05|0.000113681|1.10648e-05|0.000665246|0.000319756|2.43107e-05|1.54283e-05|0.000185382,0.000316017|0.000350126|0.000548485|0.00271581|0.00944671|0.000203965|0.000181646|0.0016732|0.00522046|0.00104538|0.00065196|0.00652494|0.00231296|0.00262605|0.00198341|0.00120557|0.00914892|0.000672662|0.000202742|0.00907722|0.00344885,0.0109342|0.0362414|0.0295222|0.0328142|0.0280357|0.0243876|0.0426128|0.0313381|0.0318744|0.01754|0.0140743|0.00125292|0.0255931|0.0303206|0.0350273|0.00369149|0.0100829|0.0285929|0.00304046|0.00638914|0.0365406,0.000178506|0.0472365|0.0297366|0.0437642|0.0166219|0.0250863|0.049061|0.0470205|0.0483133|0.0283975|0.033904|0.0136412|0.00291922|0.0230682|0.0273051|0.0127317|0.0460028|0.0372754|0.0474075|0.0483596|0.0130093,0.973537|0.953794|0.959539|0.983348|0.90082|0.936129|0.906626|0.937315|0.975256|0.963898|0.963574|0.988894|0.962742|0.985376|0.917619|0.968894|0.935175|0.984478|0.99171|0.910708|0.98883,4.63983|3.07459|2.95405|1.93323|0.0974208|3.39264|0.762282|3.07758|3.22282|3.51107|5.88966|0.923897|0.0327787|4.5695|1.56082|4.74216|3.89025|4.02061|5.60303|5.41755|4.04415,66.2586|58.4557|98.2355|95.6836|64.3401|56.2706|51.9585|81.3396|55.4093|59.8148|99.0064|13.2112|49.6282|52.1141|30.2686|37.015|32.7492|62.2588|47.7013|82.9474,0.180129|0.227784|0.190047|0.169856|0.220369|0.226178|0.222459|0.186476|0.230451|0.18359|0.201409|0.219003|0.180772|0.184605|0.239023|0.17211|0.191207|0.169222|0.170229|0.24308,0.323551|0.686264|0.757428|0.815246|0.119032|0.725021|0.326911|0.379326|0.745697|0.339058|0.439638|0.427028|0.511755|0.200735|0.514427|0.315214|0.878161|0.361153|0.776444|0.624607,0.869523,0.801463,0.117836,0.0993652,0.460468,0.534015,0.0732846,0.487967,0.198257,0.921169,51.6436,5.43263e-12,47756,0.887486,41.1981,1.06086e-12,38445,0.895553,0.876428,0.0878307,0.631141,0.996144,0.511517,0.22039,0.459803,0.228135,0.891603,87.9902,7.64954e-10,30733,0.967162,70.4477,9.04596e-11,52512
24,684,n1->n99->n77->n23->n21->n20->n18->n17->n68->n66->n32->n31->n30->n29->n11->n13->n12->n14->n96->n94->n51,5.37021e+09|1.57108e+10|5.68112e+11|4.63033e+10|1.56161e+12|4.0293e+11|7.59179e+12|1.51096e+11|1.31753e+09|1.10072e+10|1.78367e+12|4.79342e+12|1.26395e+10|3.6336e+13|1.78735e+12|6.60497e+13|9.70597e+10|3.70261e+10|2.51165e+12|1.36531e+10|7.46708e+11,8.19724e+08|4.21389e+09|3.56307e+11|3.30225e+10|3.02345e+11|1.89646e+11|4.11836e+12|1.57582e+10|3.10679e+08|8.7665e+09|1.05491e+12|4.42443e+12|1.81012e+09|1.77292e+13|3.29521e+11|8.87204e+12|2.76143e+10|1.44234e+10|5.36324e+11|1.67171e+09|5.06847e+11,0.000494453|0.00089026|8.49487e-05|0.000277161|0.00096308|5.21063e-05|2.98936e-05|0.000261059|0.000223952|0.000237659|0.000179959|0.00024651|4.789e-05|0.000125062|5.47786e-05|0.000787814|0.000201974|3.25754e-05|1.2987e-05|2.95455e-05|0.000185382,0.000316017|0.000350126|0.000906866|0.00418014|0.00195589|0.000368678|0.000681499|0.000513001|0.00843573|0.000470269|0.00292552|0.00308746|0.00655588|0.00231296|0.00652494|0.00788063|0.0016732|0.000181646|0.000286765|0.000125263|0.00344885,0.0109342|0.0362414|0.04851|0.00314906|0.00712365|0.0108696|0.0192976|0.0430027|0.0370095|0.0203827|0.00778345|0.0211034|0.00398508|0.0255931|0.00125292|0.0476737|0.0313381|0.0426128|0.0377902|0.00830448|0.0365406,0.000178506|0.0472365|0.0115254|0.0470385|0.0414669|0.0181411|0.0120519|0.00442808|0.00589983|0.0146278|0.0161829|0.0151027|0.0178703|0.00291922|0.0136412|0.00335145|0.0470205|0.049061|0.0195364|0.0293842|0.0130093,0.973537|0.953794|0.949999|0.92176|0.971602|0.923215|0.946711|0.974312|0.984554|0.978907|0.953313|0.943878|0.972158|0.962742|0.988894|0.954869|0.937315|0.906626|0.951762|0.927471|0.98883,4.63983|3.07459|0.722366|2.08786|3.14177|4.79469|4.38273|5.11322|5.26958|3.10364|0.10397|4.82496|5.42296|0.0327787|0.923897|5.26639|3.07758|0.762282|0.85792|5.03384|4.04415,66.2586|96.5216|39.0733|88.4205|76.7594|89.2299|43.2583|23.9015|70.8824|27.3217|86.0567|88.6669|29.3504|13.2112|13.9548|56.34|51.9585|54.7186|71.0086|11.2844,0.180129|0.241387|0.178948|0.232237|0.218425|0.247215|0.218822|0.236806|0.16183|0.199785|0.16799|0.215598|0.179657|0.219003|0.189728|0.206669|0.222459|0.208433|0.230021|0.200895,0.323551|0.664018|0.23533|0.516177|0.515127|0.652252|0.981182|0.2818|0.215539|0.769012|0.799966|0.123891|0.887943|0.427028|0.801183|0.285239|0.326911|0.448351|0.131268|0.836539,0.869523,0.801463,0.117836,0.0993652,0.460468,0.534015,0.0732846,0.487967,0.198257,0.921169,51.6436,5.43263e-12,47756,0.887486,41.1981,1.06086e-12,38445,0.895553,0.876428,0.0878307,0.631141,0.996144,0.511517,0.22039,0.459803,0.228135,0.891603,87.9902,7.64954e-10,30733,0.967162,70.4477,9.04596e-11,52512
24,685,n1->n13->n12->n8->n10->n9->n7->n2->n100->n73->n72->n70->n69->n3->n5->n65->n64->n93->n92->n94->n51,5.37021e+09|6.60497e+13|9.70597e+10|4.61239e+13|2.49624e+09|1.49139e+12|3.81012e+11|5.94248e+10|4.01966e+09|1.41706e+11|6.83442e+09|6.87309e+13|8.81277e+09|2.78751e+13|2.91995e+11|1.12599e+09|4.21034e+09|4.22601e+13|1.97334e+09|1.36531e+10|7.46708e+11,8.19724e+08|8.87204e+12|2.76143e+10|1.04208e+13|7.32581e+08|3.79906e+11|6.70334e+10|3.74975e+10|2.27749e+09|5.76853e+10|1.48353e+09|9.78332e+12|7.57626e+09|1.44762e+13|4.67133e+10|3.2906e+08|1.60867e+09|1.3774e+13|1.46451e+09|1.67171e+09|5.06847e+11,0.000494453|0.000787814|0.000201974|6.6054e-05|6.27016e-05|1.80008e-05|0.000475679|1.10648e-05|0.000665246|6.32916e-05|0.000159499|5.13815e-05|0.000268039|0.00022361|7.03031e-05|1.96575e-05|1.88732e-05|8.45967e-05|2.75832e-05|2.95455e-05|0.000185382,0.000316017|0.00788063|0.0016732|0.00522046|0.00113469|0.00065196|0.00104538|0.00120557|0.00914892|0.000807753|0.00384342|0.00295865|0.00367819|0.00776667|0.000196916|0.000428116|0.000135861|0.000162335|0.0052688|0.000125263|0.00344885,0.0109342|0.0476737|0.0313381|0.0318744|0.00597815|0.0140743|0.01754|0.00369149|0.0100829|0.0455502|0.0479977|0.0286141|0.022957|0.0268705|0.00731162|0.00118659|0.0266797|0.0108045|0.0444618|0.00830448|0.0365406,0.000178506|0.00335145|0.0470205|0.0483133|0.0245713|0.033904|0.0283975|0.0127317|0.0460028|0.028193|0.0299903|0.0216638|0.0100342|0.0326941|0.0421608|0.00176737|0.0436548|0.0326183|0.0387741|0.0293842|0.0130093,0.973537|0.954869|0.937315|0.975256|0.962416|0.963574|0.963898|0.968894|0.935175|0.909539|0.96924|0.966653|0.975915|0.982466|0.951514|0.967717|0.933821|0.912097|0.987763|0.927471|0.98883,4.63983|5.26639|3.07758|3.22282|1.97158|5.88966|3.51107|4.74216|3.89025|3.29092|3.90463|4.60778|2.99986|4.79844|4.90362|4.1126|5.77568|5.92115|6.03913|5.03384|4.04415,79.8117|56.34|81.3396|99.595|65.9961|59.8148|88.6198|37.015|20.1165|29.1617|97.4405|74.5377|83.9106|10.4739|35.0583|56.7563|32.5899|61.035|13.5087|11.2844,0.246796|0.206669|0.186476|0.184434|0.193896|0.18359|0.228013|0.17211|0.175955|0.178937|0.180102|0.172691|0.204476|0.163561|0.209201|0.186349|0.178102|0.21409|0.230182|0.200895,0.338018|0.285239|0.379326|0.703378|0.982181|0.339058|0.84397|0.315214|0.825877|0.920295|0.79408|0.416585|0.65353|0.469027|0.297185|0.927837|0.548301|0.722832|0.731663|0.836539,0.869523,0.801463,0.117836,0.0993652,0.460468,0.534015,0.0732846,0.487967,0.198257,0.921169,51.6436,5.43263e-12,47756,0.887486,41.1981,1.06086e-12,38445,0.895553,0.876428,0.0878307,0.631141,0.996144,0.511517,0.22039,0.459803,0.228135,0.891603,87.9902,7.64954e-10,30733,0.967162,70.4477,9.04596e-11,52512
24,686,n1->n99->n77->n72->n71->n75->n4->n27->n26->n47->n45->n43->n41->n44->n78->n76->n69->n28->n29->n50->n51,5.37021e+09|1.57108e+10|5.68112e+11|6.83442e+09|7.70008e+11|8.71921e+10|7.07339e+12|4.19351e+12|7.09351e+09|4.74236e+11|8.38488e+13|1.40931e+10|3.95737e+11|5.26537e+13|3.25238e+10|4.21804e+13|8.81277e+09|1.34247e+11|3.6336e+13|2.36425e+09|7.46708e+11,8.19724e+08|4.21389e+09|3.56307e+11|1.48353e+09|1.60546e+11|5.29113e+10|2.43435e+12|8.73344e+11|1.31666e+09|1.54765e+11|1.01787e+13|3.26577e+09|1.47899e+11|2.86817e+13|2.30731e+10|1.15782e+13|7.57626e+09|1.51805e+10|1.77292e+13|4.07889e+08|5.06847e+11,0.000494453|0.00089026|8.49487e-05|0.000159499|0.00017279|0.000766915|0.000113681|1.08528e-05|3.77967e-05|0.000202873|1.67225e-05|0.000955168|2.35935e-05|0.000124649|0.000270955|1.88608e-05|0.000268039|0.00056516|0.000125062|1.54283e-05|0.000185382,0.000316017|0.000350126|0.000906866|0.00384342|0.00123164|0.000203965|0.00198341|0.00262605|0.00522178|0.000266598|0.000742576|0.00344494|0.00412419|0.00158999|0.00167497|0.00214239|0.00367819|0.0093172|0.00231296|0.00907722|0.00344885,0.0109342|0.0362414|0.04851|0.0479977|0.0398828|0.0243876|0.0350273|0.0303206|0.0101688|0.00898217|0.00846218|0.0168583|0.00451081|0.0486405|0.00569443|0.00156873|0.022957|0.0317261|0.0255931|0.00638914|0.0365406,0.000178506|0.0472365|0.0115254|0.0299903|0.0326729|0.0250863|0.0273051|0.0230682|0.0409649|0.0488958|0.0342415|0.0482719|0.00491436|0.00764508|0.0425349|0.0470058|0.0100342|0.03841|0.00291922|0.0483596|0.0130093,0.973537|0.953794|0.949999|0.96924|0.947193|0.936129|0.917619|0.985376|0.981638|0.9108|0.934264|0.943219|0.923722|0.932977|0.92832|0.989289|0.975915|0.948072|0.962742|0.910708|0.98883,4.63983|3.07459|0.722366|3.90463|0.117525|3.39264|1.56082|4.5695|2.91399|6.27947|5.31688|2.3897|4.11092|2.64532|3.3614|0.578949|2.99986|1.48687|0.0327787|5.41755|4.04415,66.2586|96.5216|92.3918|45.8448|14.5634|81.7362|52.1141|67.4197|70.8805|40.979|48.5398|43.4967|12.7315|88.5528|69.3348|66.666|97.1045|18.7034|37.0378|82.9474,0.180129|0.241387|0.167022|0.218487|0.169453|0.218556|0.184605|0.171162|0.189485|0.216949|0.218428|0.160247|0.246433|0.200088|0.194827|0.212271|0.207556|0.249902|0.191256|0.24308,0.323551|0.664018|0.776051|0.29317|0.275247|0.847503|0.200735|0.40751|0.757042|0.317946|0.854577|0.922117|0.665882|0.134865|0.93416|0.890059|0.438091|0.259002|0.182586|0.624607,0.869523,0.801463,0.117836,0.0993652,0.460468,0.534015,0.0732846,0.487967,0.198257,0.921169,51.6436,5.43263e-12,47756,0.887486,41.1981,1.06086e-12,38445,0.895553,0.876428,0.0878307,0.631141,0.996144,0.511517,0.22039,0.459803,0.228135,0.891603,87.9902,7.64954e-10,30733,0.967162,70.4477,9.04596e-11,52512
24,687,n1->n20->n19->n68->n17->n18->n70->n69->n76->n75->n14->n13->n15->n34->n32->n33->n24->n26->n47->n49->n51,5.37021e+09|4.0293e+11|2.47533e+11|1.31753e+09|1.51096e+11|7.59179e+12|6.87309e+13|8.81277e+09|4.21804e+13|8.71921e+10|3.70261e+10|6.60497e+13|8.77071e+11|4.7313e+12|1.78367e+12|3.64323e+13|1.59557e+13|7.09351e+09|4.74236e+11|2.45005e+09|7.46708e+11,8.19724e+08|1.89646e+11|2.33399e+11|3.10679e+08|1.57582e+10|4.11836e+12|9.78332e+12|7.57626e+09|1.15782e+13|5.29113e+10|1.44234e+10|8.87204e+12|1.06991e+11|1.15705e+12|1.05491e+12|6.32377e+12|4.06569e+12|1.31666e+09|1.54765e+11|2.44458e+09|5.06847e+11,0.000494453|5.21063e-05|0.000261527|0.000223952|0.000261059|2.98936e-05|5.13815e-05|0.000268039|1.88608e-05|0.000766915|3.25754e-05|0.000787814|0.000182949|0.000140889|0.000179959|1.50316e-05|0.000193265|3.77967e-05|0.000202873|1.07426e-05|0.000185382,0.000316017|0.000368678|0.000768065|0.00843573|0.000513001|0.000681499|0.00295865|0.00367819|0.00214239|0.000203965|0.000181646|0.00788063|0.00274771|0.000270551|0.00292552|0.00213059|0.0012727|0.00522178|0.000266598|0.000979027|0.00344885,0.0109342|0.0108696|0.0201979|0.0370095|0.0430027|0.0192976|0.0286141|0.022957|0.00156873|0.0243876|0.0426128|0.0476737|0.0207315|0.0276207|0.00778345|0.00968695|0.0433038|0.0101688|0.00898217|0.0183567|0.0365406,0.000178506|0.0181411|0.0291803|0.00589983|0.00442808|0.0120519|0.0216638|0.0100342|0.0470058|0.0250863|0.049061|0.00335145|0.0378122|0.0210615|0.0161829|0.0280967|0.00780618|0.0409649|0.0488958|0.0388066|0.0130093,0.973537|0.923215|0.941018|0.984554|0.974312|0.946711|0.966653|0.975915|0.989289|0.936129|0.906626|0.954869|0.910795|0.904866|0.953313|0.923653|0.90929|0.981638|0.9108|0.969899|0.98883,4.63983|4.79469|1.39448|5.26958|5.11322|4.38273|4.60778|2.99986|0.578949|3.39264|0.762282|5.26639|1.89272|4.56594|0.10397|1.04264|3.9732|2.91399|6.27947|3.94615|4.04415,90.7492|86.2435|67.5745|23.9015|43.2583|55.8812|74.5377|66.666|63.5216|56.2706|92.5451|66.6304|27.3162|23.0914|61.2747|98.0873|83.4704|70.8805|91.8261|10.4661,0.215706|0.182991|0.2055|0.236806|0.218822|0.234874|0.172691|0.212271|0.207806|0.226178|0.191459|0.179788|0.231681|0.18593|0.208144|0.239791|0.216464|0.189485|0.228404|0.216931,0.53635|0.182796|0.968257|0.2818|0.981182|0.16843|0.416585|0.890059|0.844544|0.725021|0.161307|0.275394|0.750497|0.12287|0.704271|0.939209|0.583168|0.757042|0.133861|0.516407,0.869523,0.801463,0.117836,0.0993652,0.460468,0.534015,0.0732846,0.487967,0.198257,0.921169,51.6436,5.43263e-12,47756,0.887486,41.1981,1.06086e-12,38445,0.895553,0.876428,0.0878307,0.631141,0.996144,0.511517,0.22039,0.459803,0.228135,0.891603,87.9902,7.64954e-10,30733,0.967162,70.4477,9.04596e-11,52512
24,688,n1->n13->n15->n63->n82->n80->n81->n83->n23->n21->n22->n74->n76->n86->n87->n70->n18->n20->n96->n94->n51,5.37021e+09|6.60497e+13|8.77071e+11|6.55204e+12|1.07979e+13|2.45686e+13|2.58887e+10|3.76373e+13|4.63033e+10|1.56161e+12|1.47e+10|5.8385e+13|4.21804e+13|3.85304e+10|7.3435e+12|6.87309e+13|7.59179e+12|4.0293e+11|2.51165e+12|1.36531e+10|7.46708e+11,8.19724e+08|8.87204e+12|1.06991e+11|2.63574e+12|1.66379e+12|2.75437e+12|8.36206e+09|2.34723e+13|3.30225e+10|3.02345e+11|9.51029e+09|7.35096e+12|1.15782e+13|4.69095e+09|2.79916e+12|9.78332e+12|4.11836e+12|1.89646e+11|5.36324e+11|1.67171e+09|5.06847e+11,0.000494453|0.000787814|0.000182949|0.000116235|0.000837919|1.13052e-05|0.000268232|1.86087e-05|0.000277161|0.00096308|1.77434e-05|0.000875739|1.88608e-05|6.21631e-05|0.000634307|5.13815e-05|2.98936e-05|5.21063e-05|1.2987e-05|2.95455e-05|0.000185382,0.000316017|0.00788063|0.00274771|0.00126856|0.00271152|0.000238286|0.000752991|0.000175452|0.00418014|0.00195589|0.0006856|0.00944671|0.00214239|0.00341054|0.00151267|0.00295865|0.000681499|0.000368678|0.000286765|0.000125263|0.00344885,0.0109342|0.0476737|0.0207315|0.0100727|0.0278433|0.00592883|0.0481357|0.015405|0.00314906|0.00712365|0.0408661|0.0280357|0.00156873|0.0237043|0.0186268|0.0286141|0.0192976|0.0108696|0.0377902|0.00830448|0.0365406,0.000178506|0.00335145|0.0378122|0.0107197|0.0266174|0.0262948|0.00997263|0.038157|0.0470385|0.0414669|0.040072|0.0166219|0.0470058|0.0488574|0.00979507|0.0216638|0.0120519|0.0181411|0.0195364|0.0293842|0.0130093,0.973537|0.954869|0.910795|0.903245|0.934435|0.919013|0.948836|0.947801|0.92176|0.971602|0.95984|0.90082|0.989289|0.981332|0.977244|0.966653|0.946711|0.923215|0.951762|0.927471|0.98883,4.63983|5.26639|1.89272|4.68449|0.132111|0.100836|1.5908|4.11052|2.08786|3.14177|0.048646|0.0974208|0.578949|4.96971|2.33192|4.60778|4.38273|4.79469|0.85792|5.03384|4.04415,79.8117|66.6304|11.0615|48.6997|47.0365|15.5679|78.7627|23.518|88.4205|55.6995|63.8366|53.1277|37.5994|88.9922|39.9413|55.8812|89.2299|58.7029|71.0086|11.2844,0.246796|0.179788|0.214255|0.175742|0.231931|0.212149|0.170031|0.181099|0.232237|0.206062|0.241428|0.181342|0.17745|0.246364|0.180359|0.234874|0.247215|0.201188|0.230021|0.200895,0.338018|0.275394|0.692153|0.4301|0.796307|0.870283|0.530775|0.741177|0.516177|0.677391|0.480684|0.519715|0.871942|0.83582|0.129355|0.16843|0.652252|0.666395|0.131268|0.836539,0.869523,0.801463,0.117836,0.0993652,0.460468,0.534015,0.0732846,0.487967,0.198257,0.921169,51.6436,5.43263e-12,47756,0.887486,41.1981,1.06086e-12,38445,0.895553,0.876428,0.0878307,0.631141,0.996144,0.511517,0.22039,0.459803,0.228135,0.891603,87.9902,7.64954e-10,30733,0.967162,70.4477,9.04596e-11,52512
24,689,n1->n20->n89->n88->n87->n70->n18->n17->n19->n68->n58->n59->n60->n62->n64->n49->n47->n46->n48->n50->n51,5.37021e+09|4.0293e+11|2.68119e+11|9.00567e+12|7.3435e+12|6.87309e+13|7.59179e+12|1.51096e+11|2.47533e+11|1.31753e+09|8.16696e+09|3.04563e+11|8.79841e+13|2.37342e+11|4.21034e+09|2.45005e+09|4.74236e+11|5.53417e+12|3.98001e+12|2.36425e+09|7.46708e+11,8.19724e+08|1.89646e+11|9.23423e+10|8.66002e+12|2.79916e+12|9.78332e+12|4.11836e+12|1.57582e+10|2.33399e+11|3.10679e+08|6.89506e+09|3.06423e+10|5.95756e+13|1.13053e+11|1.60867e+09|2.44458e+09|1.54765e+11|1.63629e+12|1.69514e+12|4.07889e+08|5.06847e+11,0.000494453|5.21063e-05|3.55201e-05|6.2721e-05|0.000634307|5.13815e-05|2.98936e-05|0.000261059|0.000261527|0.000223952|0.000266735|2.43107e-05|0.000731749|8.24006e-05|1.88732e-05|1.07426e-05|0.000202873|0.000489732|4.78153e-05|1.54283e-05|0.000185382,0.000316017|0.000368678|0.000111435|0.000480267|0.00151267|0.00295865|0.000681499|0.000513001|0.000768065|0.00843573|0.00874893|0.000202742|0.000248463|0.00794111|0.000135861|0.000979027|0.000266598|0.000159088|0.00544009|0.00907722|0.00344885,0.0109342|0.0108696|0.0107812|0.00850464|0.0186268|0.0286141|0.0192976|0.0430027|0.0201979|0.0370095|0.0248478|0.00304046|0.0128442|0.0242596|0.0266797|0.0183567|0.00898217|0.029055|0.0455031|0.00638914|0.0365406,0.000178506|0.0181411|0.0401575|0.0237676|0.00979507|0.0216638|0.0120519|0.00442808|0.0291803|0.00589983|0.0481122|0.0474075|0.0431033|0.0480911|0.0436548|0.0388066|0.0488958|0.0302566|0.0360942|0.0483596|0.0130093,0.973537|0.923215|0.926416|0.962132|0.977244|0.966653|0.946711|0.974312|0.941018|0.984554|0.911658|0.99171|0.945549|0.98053|0.933821|0.969899|0.9108|0.923372|0.967439|0.910708|0.98883,4.63983|4.79469|0.0868458|1.9653|2.33192|4.60778|4.38273|5.11322|1.39448|5.26958|3.70937|5.60303|4.50487|5.59786|5.77568|3.94615|6.27947|0.31178|3.09858|5.41755|4.04415,90.7492|18.2346|92.4072|57.0974|39.9413|55.8812|43.2583|10.3361|67.5745|56.905|56.397|76.8491|48.3985|93.0484|77.768|91.8261|71.5316|41.9872|23.5956|82.9474,0.215706|0.231355|0.203687|0.227675|0.180359|0.234874|0.218822|0.172286|0.2055|0.185169|0.21902|0.204072|0.17162|0.176232|0.165457|0.228404|0.196056|0.178665|0.191801|0.24308,0.53635|0.595303|0.876618|0.396625|0.129355|0.16843|0.981182|0.559133|0.968257|0.476138|0.533324|0.509755|0.641887|0.182879|0.348083|0.133861|0.758317|0.182289|0.688345|0.624607,0.869523,0.801463,0.117836,0.0993652,0.460468,0.534015,0.0732846,0.487967,0.198257,0.921169,51.6436,5.43263e-12,47756,0.887486,41.1981,1.06086e-12,38445,0.895553,0.876428,0.0878307,0.631141,0.996144,0.511517,0.22039,0.459803,0.228135,0.891603,87.9902,7.64954e-10,30733,0.967162,70.4477,9.04596e-11,52512
24,690,n1->n20->n19->n68->n17->n18->n16->n38->n37->n65->n64->n93->n95->n89->n48->n47->n26->n27->n29->n50->n51,5.37021e+09|4.0293e+11|2.47533e+11|1.31753e+09|1.51096e+11|7.59179e+12|1.09193e+13|1.16426e+13|2.79748e+13|1.12599e+09|4.21034e+09|4.22601e+13|1.05601e+11|2.68119e+11|3.98001e+12|4.74236e+11|7.09351e+09|4.19351e+12|3.6336e+13|2.36425e+09|7.46708e+11,8.19724e+08|1.89646e+11|2.33399e+11|3.10679e+08|1.57582e+10|4.11836e+12|1.33827e+12|1.19258e+12|4.96975e+12|3.2906e+08|1.60867e+09|1.3774e+13|5.46554e+10|9.23423e+10|1.69514e+12|1.54765e+11|1.31666e+09|8.73344e+11|1.77292e+13|4.07889e+08|5.06847e+11,0.000494453|5.21063e-05|0.000261527|0.000223952|0.000261059|2.98936e-05|3.71682e-05|1.04425e-05|1.06248e-05|1.96575e-05|1.88732e-05|8.45967e-05|0.000260968|3.55201e-05|4.78153e-05|0.000202873|3.77967e-05|1.08528e-05|0.000125062|1.54283e-05|0.000185382,0.000316017|0.000368678|0.000768065|0.00843573|0.000513001|0.000681499|0.00174713|0.00950649|0.000261291|0.000428116|0.000135861|0.000162335|0.000186877|0.000111435|0.00544009|0.000266598|0.00522178|0.00262605|0.00231296|0.00907722|0.00344885,0.0109342|0.0108696|0.0201979|0.0370095|0.0430027|0.0192976|0.0123696|0.0263713|0.0457563|0.00118659|0.0266797|0.0108045|0.00282907|0.0107812|0.0455031|0.00898217|0.0101688|0.0303206|0.0255931|0.00638914|0.0365406,0.000178506|0.0181411|0.0291803|0.00589983|0.00442808|0.0120519|0.0240438|0.00318517|0.0105712|0.00176737|0.0436548|0.0326183|0.0420997|0.0401575|0.0360942|0.0488958|0.0409649|0.0230682|0.00291922|0.0483596|0.0130093,0.973537|0.923215|0.941018|0.984554|0.974312|0.946711|0.979533|0.902547|0.964079|0.967717|0.933821|0.912097|0.966581|0.926416|0.967439|0.9108|0.981638|0.985376|0.962742|0.910708|0.98883,4.63983|4.79469|1.39448|5.26958|5.11322|4.38273|1.69436|5.09423|4.96174|4.1126|5.77568|5.92115|1.09944|0.0868458|3.09858|6.27947|2.91399|4.5695|0.0327787|5.41755|4.04415,90.7492|86.2435|67.5745|23.9015|43.2583|72.2829|28.0546|46.986|13.4252|56.7563|32.5899|24.941|11.8194|94.0077|78.8723|70.8805|67.4197|49.6282|37.0378|82.9474,0.215706|0.182991|0.2055|0.236806|0.218822|0.180241|0.17367|0.170599|0.230756|0.186349|0.178102|0.237661|0.168449|0.234363|0.239998|0.189485|0.171162|0.180772|0.191256|0.24308,0.53635|0.182796|0.968257|0.2818|0.981182|0.553025|0.828443|0.662799|0.986996|0.927837|0.548301|0.985064|0.776387|0.948873|0.300482|0.757042|0.40751|0.511755|0.182586|0.624607,0.869523,0.801463,0.117836,0.0993652,0.460468,0.534015,0.0732846,0.487967,0.198257,0.921169,51.6436,5.43263e-12,47756,0.887486,41.1981,1.06086e-12,38445,0.895553,0.876428,0.0878307,0.631141,0.996144,0.511517,0.22039,0.459803,0.228135,0.891603,87.9902,7.64954e-10,30733,0.967162,70.4477,9.04596e-11,52512
24,691,n1->n99->n77->n72->n45->n47->n46->n48->n89->n88->n87->n86->n76->n78->n80->n82->n84->n85->n65->n52->n51,5.37021e+09|1.57108e+10|5.68112e+11|6.83442e+09|8.38488e+13|4.74236e+11|5.53417e+12|3.98001e+12|2.68119e+11|9.00567e+12|7.3435e+12|3.85304e+10|4.21804e+13|3.25238e+10|2.45686e+13|1.07979e+13|1.07392e+09|2.02447e+09|1.12599e+09|1.02428e+10|7.46708e+11,8.19724e+08|4.21389e+09|3.56307e+11|1.48353e+09|1.01787e+13|1.54765e+11|1.63629e+12|1.69514e+12|9.23423e+10|8.66002e+12|2.79916e+12|4.69095e+09|1.15782e+13|2.30731e+10|2.75437e+12|1.66379e+12|9.00899e+08|2.41326e+08|3.2906e+08|2.07235e+09|5.06847e+11,0.000494453|0.00089026|8.49487e-05|0.000159499|1.67225e-05|0.000202873|0.000489732|4.78153e-05|3.55201e-05|6.2721e-05|0.000634307|6.21631e-05|1.88608e-05|0.000270955|1.13052e-05|0.000837919|2.14473e-05|2.04325e-05|1.96575e-05|0.00011644|0.000185382,0.000316017|0.000350126|0.000906866|0.00384342|0.000742576|0.000266598|0.000159088|0.00544009|0.000111435|0.000480267|0.00151267|0.00341054|0.00214239|0.00167497|0.000238286|0.00271152|0.000434313|0.000338175|0.000428116|0.00580301|0.00344885,0.0109342|0.0362414|0.04851|0.0479977|0.00846218|0.00898217|0.029055|0.0455031|0.0107812|0.00850464|0.0186268|0.0237043|0.00156873|0.00569443|0.00592883|0.0278433|0.0473575|0.0354515|0.00118659|0.0398377|0.0365406,0.000178506|0.0472365|0.0115254|0.0299903|0.0342415|0.0488958|0.0302566|0.0360942|0.0401575|0.0237676|0.00979507|0.0488574|0.0470058|0.0425349|0.0262948|0.0266174|0.0366447|0.0266209|0.00176737|0.0151024|0.0130093,0.973537|0.953794|0.949999|0.96924|0.934264|0.9108|0.923372|0.967439|0.926416|0.962132|0.977244|0.981332|0.989289|0.92832|0.919013|0.934435|0.948551|0.940474|0.967717|0.965406|0.98883,4.63983|3.07459|0.722366|3.90463|5.31688|6.27947|0.31178|3.09858|0.0868458|1.9653|2.33192|4.96971|0.578949|3.3614|0.100836|0.132111|5.42186|4.91715|4.1126|0.0104102|4.04415,66.2586|96.5216|92.3918|63.1262|40.979|71.5316|41.9872|94.0077|92.4072|57.0974|88.9922|37.5994|69.3348|66.5291|47.0365|83.37|82.1833|82.5435|56.1703|83.3731,0.180129|0.241387|0.167022|0.243732|0.216949|0.196056|0.178665|0.234363|0.203687|0.227675|0.246364|0.17745|0.194827|0.222935|0.231931|0.203763|0.216313|0.20461|0.247907|0.197114,0.323551|0.664018|0.776051|0.65643|0.317946|0.758317|0.182289|0.948873|0.876618|0.396625|0.83582|0.871942|0.93416|0.109088|0.796307|0.808712|0.528406|0.519435|0.827328|0.942894,0.869523,0.801463,0.117836,0.0993652,0.460468,0.534015,0.0732846,0.487967,0.198257,0.921169,51.6436,5.43263e-12,47756,0.887486,41.1981,1.06086e-12,38445,0.895553,0.876428,0.0878307,0.631141,0.996144,0.511517,0.22039,0.459803,0.228135,0.891603,87.9902,7.64954e-10,30733,0.967162,70.4477,9.04596e-11,52512
24,692,n1->n99->n98->n57->n83->n23->n24->n71->n72->n73->n75->n76->n86->n87->n70->n18->n19->n20->n96->n94->n51,5.37021e+09|1.57108e+10|1.8266e+13|4.14288e+09|3.76373e+13|4.63033e+10|1.59557e+13|7.70008e+11|6.83442e+09|1.41706e+11|8.71921e+10|4.21804e+13|3.85304e+10|7.3435e+12|6.87309e+13|7.59179e+12|2.47533e+11|4.0293e+11|2.51165e+12|1.36531e+10|7.46708e+11,8.19724e+08|4.21389e+09|5.99087e+12|2.05006e+09|2.34723e+13|3.30225e+10|4.06569e+12|1.60546e+11|1.48353e+09|5.76853e+10|5.29113e+10|1.15782e+13|4.69095e+09|2.79916e+12|9.78332e+12|4.11836e+12|2.33399e+11|1.89646e+11|5.36324e+11|1.67171e+09|5.06847e+11,0.000494453|0.00089026|0.000410965|0.000173612|1.86087e-05|0.000277161|0.000193265|0.00017279|0.000159499|6.32916e-05|0.000766915|1.88608e-05|6.21631e-05|0.000634307|5.13815e-05|2.98936e-05|0.000261527|5.21063e-05|1.2987e-05|2.95455e-05|0.000185382,0.000316017|0.000350126|0.000548485|0.00271581|0.000175452|0.00418014|0.0012727|0.00123164|0.00384342|0.000807753|0.000203965|0.00214239|0.00341054|0.00151267|0.00295865|0.000681499|0.000768065|0.000368678|0.000286765|0.000125263|0.00344885,0.0109342|0.0362414|0.0295222|0.0328142|0.015405|0.00314906|0.0433038|0.0398828|0.0479977|0.0455502|0.0243876|0.00156873|0.0237043|0.0186268|0.0286141|0.0192976|0.0201979|0.0108696|0.0377902|0.00830448|0.0365406,0.000178506|0.0472365|0.0297366|0.0437642|0.038157|0.0470385|0.00780618|0.0326729|0.0299903|0.028193|0.0250863|0.0470058|0.0488574|0.00979507|0.0216638|0.0120519|0.0291803|0.0181411|0.0195364|0.0293842|0.0130093,0.973537|0.953794|0.959539|0.983348|0.947801|0.92176|0.90929|0.947193|0.96924|0.909539|0.936129|0.989289|0.981332|0.977244|0.966653|0.946711|0.941018|0.923215|0.951762|0.927471|0.98883,4.63983|3.07459|2.95405|1.93323|4.11052|2.08786|3.9732|0.117525|3.90463|3.29092|3.39264|0.578949|4.96971|2.33192|4.60778|4.38273|1.39448|4.79469|0.85792|5.03384|4.04415,66.2586|58.4557|98.2355|50.003|23.518|44.8869|44.1502|45.8448|29.1617|85.6152|63.5216|37.5994|88.9922|39.9413|55.8812|34.0839|86.2435|58.7029|71.0086|11.2844,0.180129|0.227784|0.190047|0.1911|0.181099|0.161116|0.204574|0.218487|0.178937|0.185893|0.207806|0.17745|0.246364|0.180359|0.234874|0.248409|0.182991|0.201188|0.230021|0.200895,0.323551|0.686264|0.757428|0.161388|0.741177|0.528582|0.45026|0.29317|0.920295|0.624191|0.844544|0.871942|0.83582|0.129355|0.16843|0.983209|0.182796|0.666395|0.131268|0.836539,0.869523,0.801463,0.117836,0.0993652,0.460468,0.534015,0.0732846,0.487967,0.198257,0.921169,51.6436,5.43263e-12,47756,0.887486,41.1981,1.06086e-12,38445,0.895553,0.876428,0.0878307,0.631141,0.996144,0.511517,0.22039,0.459803,0.228135,0.891603,87.9902,7.64954e-10,30733,0.967162,70.4477,9.04596e-11,52512
24,693,n1->n99->n98->n57->n55->n56->n90->n89->n20->n21->n23->n77->n72->n45->n43->n44->n78->n85->n65->n52->n51,5.37021e+09|1.57108e+10|1.8266e+13|4.14288e+09|8.84081e+12|1.1605e+12|1.33273e+11|2.68119e+11|4.0293e+11|1.56161e+12|4.63033e+10|5.68112e+11|6.83442e+09|8.38488e+13|1.40931e+10|5.26537e+13|3.25238e+10|2.02447e+09|1.12599e+09|1.02428e+10|7.46708e+11,8.19724e+08|4.21389e+09|5.99087e+12|2.05006e+09|4.69454e+12|5.65456e+11|6.41526e+10|9.23423e+10|1.89646e+11|3.02345e+11|3.30225e+10|3.56307e+11|1.48353e+09|1.01787e+13|3.26577e+09|2.86817e+13|2.30731e+10|2.41326e+08|3.2906e+08|2.07235e+09|5.06847e+11,0.000494453|0.00089026|0.000410965|0.000173612|4.06274e-05|1.7812e-05|0.000319756|3.55201e-05|5.21063e-05|0.00096308|0.000277161|8.49487e-05|0.000159499|1.67225e-05|0.000955168|0.000124649|0.000270955|2.04325e-05|1.96575e-05|0.00011644|0.000185382,0.000316017|0.000350126|0.000548485|0.00271581|0.000128431|0.000830638|0.000672662|0.000111435|0.000368678|0.00195589|0.00418014|0.000906866|0.00384342|0.000742576|0.00344494|0.00158999|0.00167497|0.000338175|0.000428116|0.00580301|0.00344885,0.0109342|0.0362414|0.0295222|0.0328142|0.00843704|0.0231698|0.0285929|0.0107812|0.0108696|0.00712365|0.00314906|0.04851|0.0479977|0.00846218|0.0168583|0.0486405|0.00569443|0.0354515|0.00118659|0.0398377|0.0365406,0.000178506|0.0472365|0.0297366|0.0437642|0.0314938|0.0417641|0.0372754|0.0401575|0.0181411|0.0414669|0.0470385|0.0115254|0.0299903|0.0342415|0.0482719|0.00764508|0.0425349|0.0266209|0.00176737|0.0151024|0.0130093,0.973537|0.953794|0.959539|0.983348|0.908585|0.944528|0.984478|0.926416|0.923215|0.971602|0.92176|0.949999|0.96924|0.934264|0.943219|0.932977|0.92832|0.940474|0.967717|0.965406|0.98883,4.63983|3.07459|2.95405|1.93323|3.37071|2.55597|4.02061|0.0868458|4.79469|3.14177|2.08786|0.722366|3.90463|5.31688|2.3897|2.64532|3.3614|4.91715|4.1126|0.0104102|4.04415,66.2586|58.4557|98.2355|61.5999|95.3312|40.6061|12.726|18.2346|76.7594|88.4205|39.0733|92.3918|63.1262|48.5398|69.1985|88.5528|67.1704|82.5435|56.1703|83.3731,0.180129|0.227784|0.190047|0.220389|0.167906|0.166746|0.226099|0.231355|0.218425|0.232237|0.178948|0.167022|0.243732|0.218428|0.210513|0.200088|0.184721|0.20461|0.247907|0.197114,0.323551|0.686264|0.757428|0.549818|0.402595|0.163177|0.757755|0.595303|0.515127|0.516177|0.23533|0.776051|0.65643|0.854577|0.374145|0.134865|0.609732|0.519435|0.827328|0.942894,0.869523,0.801463,0.117836,0.0993652,0.460468,0.534015,0.0732846,0.487967,0.198257,0.921169,51.6436,5.43263e-12,47756,0.887486,41.1981,1.06086e-12,38445,0.895553,0.876428,0.0878307,0.631141,0.996144,0.511517,0.22039,0.459803,0.228135,0.891603,87.9902,7.64954e-10,30733,0.967162,70.4477,9.04596e-11,52512
24,694,n1->n13->n14->n75->n73->n54->n82->n84->n56->n90->n89->n95->n93->n94->n96->n20->n21->n67->n64->n49->n51,5.37021e+09|6.60497e+13|3.70261e+10|8.71921e+10|1.41706e+11|2.80961e+11|1.07979e+13|1.07392e+09|1.1605e+12|1.33273e+11|2.68119e+11|1.05601e+11|4.22601e+13|1.36531e+10|2.51165e+12|4.0293e+11|1.56161e+12|4.7483e+09|4.21034e+09|2.45005e+09|7.46708e+11,8.19724e+08|8.87204e+12|1.44234e+10|5.29113e+10|5.76853e+10|2.23178e+11|1.66379e+12|9.00899e+08|5.65456e+11|6.41526e+10|9.23423e+10|5.46554e+10|1.3774e+13|1.67171e+09|5.36324e+11|1.89646e+11|3.02345e+11|7.5553e+08|1.60867e+09|2.44458e+09|5.06847e+11,0.000494453|0.000787814|3.25754e-05|0.000766915|6.32916e-05|1.47667e-05|0.000837919|2.14473e-05|1.7812e-05|0.000319756|3.55201e-05|0.000260968|8.45967e-05|2.95455e-05|1.2987e-05|5.21063e-05|0.00096308|3.91885e-05|1.88732e-05|1.07426e-05|0.000185382,0.000316017|0.00788063|0.000181646|0.000203965|0.000807753|0.00549128|0.00271152|0.000434313|0.000830638|0.000672662|0.000111435|0.000186877|0.000162335|0.000125263|0.000286765|0.000368678|0.00195589|0.000640186|0.000135861|0.000979027|0.00344885,0.0109342|0.0476737|0.0426128|0.0243876|0.0455502|0.0334079|0.0278433|0.0473575|0.0231698|0.0285929|0.0107812|0.00282907|0.0108045|0.00830448|0.0377902|0.0108696|0.00712365|0.029632|0.0266797|0.0183567|0.0365406,0.000178506|0.00335145|0.049061|0.0250863|0.028193|0.00844474|0.0266174|0.0366447|0.0417641|0.0372754|0.0401575|0.0420997|0.0326183|0.0293842|0.0195364|0.0181411|0.0414669|0.0482082|0.0436548|0.0388066|0.0130093,0.973537|0.954869|0.906626|0.936129|0.909539|0.927525|0.934435|0.948551|0.944528|0.984478|0.926416|0.966581|0.912097|0.927471|0.951762|0.923215|0.971602|0.924883|0.933821|0.969899|0.98883,4.63983|5.26639|0.762282|3.39264|3.29092|1.22009|0.132111|5.42186|2.55597|4.02061|0.0868458|1.09944|5.92115|5.03384|0.85792|4.79469|3.14177|2.06342|5.77568|3.94615|4.04415,79.8117|92.5451|56.2706|85.6152|26.1465|41.1455|83.37|34.4372|40.6061|12.726|11.8194|24.941|63.1349|71.0086|58.7029|76.7594|42.5138|95.5844|77.768|10.4661,0.246796|0.191459|0.226178|0.185893|0.196311|0.242874|0.203763|0.222961|0.166746|0.226099|0.168449|0.237661|0.209804|0.230021|0.201188|0.218425|0.197352|0.248978|0.165457|0.216931,0.338018|0.161307|0.725021|0.624191|0.754315|0.378494|0.808712|0.762891|0.163177|0.757755|0.776387|0.985064|0.17375|0.131268|0.666395|0.515127|0.602799|0.480161|0.348083|0.516407,0.869523,0.801463,0.117836,0.0993652,0.460468,0.534015,0.0732846,0.487967,0.198257,0.921169,51.6436,5.43263e-12,47756,0.887486,41.1981,1.06086e-12,38445,0.895553,0.876428,0.0878307,0.631141,0.996144,0.511517,0.22039,0.459803,0.228135,0.891603,87.9902,7.64954e-10,30733,0.967162,70.4477,9.04596e-11,52512
24,695,n1->n13->n11->n9->n10->n39->n38->n67->n64->n36->n34->n15->n29->n30->n32->n66->n68->n58->n59->n50->n51,5.37021e+09|6.60497e+13|1.78735e+12|1.49139e+12|2.49624e+09|3.34792e+13|1.16426e+13|4.7483e+09|4.21034e+09|7.73972e+11|4.7313e+12|8.77071e+11|3.6336e+13|1.26395e+10|1.78367e+12|1.10072e+10|1.31753e+09|8.16696e+09|3.04563e+11|2.36425e+09|7.46708e+11,8.19724e+08|8.87204e+12|3.29521e+11|3.79906e+11|7.32581e+08|1.12013e+13|1.19258e+12|7.5553e+08|1.60867e+09|7.77593e+10|1.15705e+12|1.06991e+11|1.77292e+13|1.81012e+09|1.05491e+12|8.7665e+09|3.10679e+08|6.89506e+09|3.06423e+10|4.07889e+08|5.06847e+11,0.000494453|0.000787814|5.47786e-05|1.80008e-05|6.27016e-05|5.53896e-05|1.04425e-05|3.91885e-05|1.88732e-05|0.000426407|0.000140889|0.000182949|0.000125062|4.789e-05|0.000179959|0.000237659|0.000223952|0.000266735|2.43107e-05|1.54283e-05|0.000185382,0.000316017|0.00788063|0.00652494|0.00065196|0.00113469|0.0025393|0.00950649|0.000640186|0.000135861|0.00396778|0.000270551|0.00274771|0.00231296|0.00655588|0.00292552|0.000470269|0.00843573|0.00874893|0.000202742|0.00907722|0.00344885,0.0109342|0.0476737|0.00125292|0.0140743|0.00597815|0.00111942|0.0263713|0.029632|0.0266797|0.00497013|0.0276207|0.0207315|0.0255931|0.00398508|0.00778345|0.0203827|0.0370095|0.0248478|0.00304046|0.00638914|0.0365406,0.000178506|0.00335145|0.0136412|0.033904|0.0245713|0.0449458|0.00318517|0.0482082|0.0436548|0.0341912|0.0210615|0.0378122|0.00291922|0.0178703|0.0161829|0.0146278|0.00589983|0.0481122|0.0474075|0.0483596|0.0130093,0.973537|0.954869|0.988894|0.963574|0.962416|0.924329|0.902547|0.924883|0.933821|0.94998|0.904866|0.910795|0.962742|0.972158|0.953313|0.978907|0.984554|0.911658|0.99171|0.910708|0.98883,4.63983|5.26639|0.923897|5.88966|1.97158|1.19952|5.09423|2.06342|5.77568|3.70656|4.56594|1.89272|0.0327787|5.42296|0.10397|3.10364|5.26958|3.70937|5.60303|5.41755|4.04415,79.8117|13.9548|99.0064|65.9961|24.4191|52.0957|59.2872|95.5844|43.8659|89.5651|27.3162|32.2763|29.3504|69.5993|27.3217|70.8824|56.905|56.397|47.7013|82.9474,0.246796|0.189728|0.201409|0.193896|0.239532|0.199024|0.200548|0.248978|0.241695|0.241996|0.231681|0.240047|0.179657|0.204659|0.199785|0.16183|0.185169|0.21902|0.170229|0.24308,0.338018|0.801183|0.439638|0.982181|0.991722|0.46236|0.127053|0.480161|0.590576|0.265381|0.750497|0.895675|0.887943|0.237533|0.769012|0.215539|0.476138|0.533324|0.776444|0.624607,0.869523,0.801463,0.117836,0.0993652,0.460468,0.534015,0.0732846,0.487967,0.198257,0.921169,51.6436,5.43263e-12,47756,0.887486,41.1981,1.06086e-12,38445,0.895553,0.876428,0.0878307,0.631141,0.996144,0.511517,0.22039,0.459803,0.228135,0.891603,87.9902,7.64954e-10,30733,0.967162,70.4477,9.04596e-11,52512
24,696,n1->n13->n14->n96->n20->n21->n23->n24->n71->n73->n72->n70->n18->n17->n85->n83->n57->n55->n53->n52->n51,5.37021e+09|6.60497e+13|3.70261e+10|2.51165e+12|4.0293e+11|1.56161e+12|4.63033e+10|1.59557e+13|7.70008e+11|1.41706e+11|6.83442e+09|6.87309e+13|7.59179e+12|1.51096e+11|2.02447e+09|3.76373e+13|4.14288e+09|8.84081e+12|4.60474e+10|1.02428e+10|7.46708e+11,8.19724e+08|8.87204e+12|1.44234e+10|5.36324e+11|1.89646e+11|3.02345e+11|3.30225e+10|4.06569e+12|1.60546e+11|5.76853e+10|1.48353e+09|9.78332e+12|4.11836e+12|1.57582e+10|2.41326e+08|2.34723e+13|2.05006e+09|4.69454e+12|3.18273e+10|2.07235e+09|5.06847e+11,0.000494453|0.000787814|3.25754e-05|1.2987e-05|5.21063e-05|0.00096308|0.000277161|0.000193265|0.00017279|6.32916e-05|0.000159499|5.13815e-05|2.98936e-05|0.000261059|2.04325e-05|1.86087e-05|0.000173612|4.06274e-05|2.00633e-05|0.00011644|0.000185382,0.000316017|0.00788063|0.000181646|0.000286765|0.000368678|0.00195589|0.00418014|0.0012727|0.00123164|0.000807753|0.00384342|0.00295865|0.000681499|0.000513001|0.000338175|0.000175452|0.00271581|0.000128431|0.000509085|0.00580301|0.00344885,0.0109342|0.0476737|0.0426128|0.0377902|0.0108696|0.00712365|0.00314906|0.0433038|0.0398828|0.0455502|0.0479977|0.0286141|0.0192976|0.0430027|0.0354515|0.015405|0.0328142|0.00843704|5.21659e-05|0.0398377|0.0365406,0.000178506|0.00335145|0.049061|0.0195364|0.0181411|0.0414669|0.0470385|0.00780618|0.0326729|0.028193|0.0299903|0.0216638|0.0120519|0.00442808|0.0266209|0.038157|0.0437642|0.0314938|0.00115664|0.0151024|0.0130093,0.973537|0.954869|0.906626|0.951762|0.923215|0.971602|0.92176|0.90929|0.947193|0.909539|0.96924|0.966653|0.946711|0.974312|0.940474|0.947801|0.983348|0.908585|0.913872|0.965406|0.98883,4.63983|5.26639|0.762282|0.85792|4.79469|3.14177|2.08786|3.9732|0.117525|3.29092|3.90463|4.60778|4.38273|5.11322|4.91715|4.11052|1.93323|3.37071|0.640024|0.0104102|4.04415,79.8117|92.5451|54.7186|58.7029|76.7594|88.4205|44.8869|44.1502|28.2621|29.1617|97.4405|55.8812|43.2583|84.7043|92.2019|50.003|61.5999|30.3781|81.3721|83.3731,0.246796|0.191459|0.208433|0.201188|0.218425|0.232237|0.161116|0.204574|0.242769|0.178937|0.180102|0.234874|0.218822|0.225161|0.231254|0.1911|0.220389|0.207992|0.184589|0.197114,0.338018|0.161307|0.448351|0.666395|0.515127|0.516177|0.528582|0.45026|0.940077|0.920295|0.79408|0.16843|0.981182|0.880608|0.604504|0.161388|0.549818|0.646488|0.272111|0.942894,0.869523,0.801463,0.117836,0.0993652,0.460468,0.534015,0.0732846,0.487967,0.198257,0.921169,51.6436,5.43263e-12,47756,0.887486,41.1981,1.06086e-12,38445,0.895553,0.876428,0.0878307,0.631141,0.996144,0.511517,0.22039,0.459803,0.228135,0.891603,87.9902,7.64954e-10,30733,0.967162,70.4477,9.04596e-11,52512
24,697,n1->n20->n18->n19->n17->n85->n65->n37->n39->n10->n9->n7->n5->n3->n69->n76->n75->n14->n96->n94->n51,5.37021e+09|4.0293e+11|7.59179e+12|2.47533e+11|1.51096e+11|2.02447e+09|1.12599e+09|2.79748e+13|3.34792e+13|2.49624e+09|1.49139e+12|3.81012e+11|2.91995e+11|2.78751e+13|8.81277e+09|4.21804e+13|8.71921e+10|3.70261e+10|2.51165e+12|1.36531e+10|7.46708e+11,8.19724e+08|1.89646e+11|4.11836e+12|2.33399e+11|1.57582e+10|2.41326e+08|3.2906e+08|4.96975e+12|1.12013e+13|7.32581e+08|3.79906e+11|6.70334e+10|4.67133e+10|1.44762e+13|7.57626e+09|1.15782e+13|5.29113e+10|1.44234e+10|5.36324e+11|1.67171e+09|5.06847e+11,0.000494453|5.21063e-05|2.98936e-05|0.000261527|0.000261059|2.04325e-05|1.96575e-05|1.06248e-05|5.53896e-05|6.27016e-05|1.80008e-05|0.000475679|7.03031e-05|0.00022361|0.000268039|1.88608e-05|0.000766915|3.25754e-05|1.2987e-05|2.95455e-05|0.000185382,0.000316017|0.000368678|0.000681499|0.000768065|0.000513001|0.000338175|0.000428116|0.000261291|0.0025393|0.00113469|0.00065196|0.00104538|0.000196916|0.00776667|0.00367819|0.00214239|0.000203965|0.000181646|0.000286765|0.000125263|0.00344885,0.0109342|0.0108696|0.0192976|0.0201979|0.0430027|0.0354515|0.00118659|0.0457563|0.00111942|0.00597815|0.0140743|0.01754|0.00731162|0.0268705|0.022957|0.00156873|0.0243876|0.0426128|0.0377902|0.00830448|0.0365406,0.000178506|0.0181411|0.0120519|0.0291803|0.00442808|0.0266209|0.00176737|0.0105712|0.0449458|0.0245713|0.033904|0.0283975|0.0421608|0.0326941|0.0100342|0.0470058|0.0250863|0.049061|0.0195364|0.0293842|0.0130093,0.973537|0.923215|0.946711|0.941018|0.974312|0.940474|0.967717|0.964079|0.924329|0.962416|0.963574|0.963898|0.951514|0.982466|0.975915|0.989289|0.936129|0.906626|0.951762|0.927471|0.98883,4.63983|4.79469|4.38273|1.39448|5.11322|4.91715|4.1126|4.96174|1.19952|1.97158|5.88966|3.51107|4.90362|4.79844|2.99986|0.578949|3.39264|0.762282|0.85792|5.03384|4.04415,90.7492|89.2299|34.0839|10.3361|84.7043|82.5435|13.4252|31.554|24.4191|65.9961|59.8148|37.2729|10.4739|83.9106|66.666|63.5216|56.2706|54.7186|71.0086|11.2844,0.215706|0.247215|0.248409|0.172286|0.225161|0.20461|0.230756|0.195005|0.239532|0.193896|0.18359|0.176784|0.163561|0.204476|0.212271|0.207806|0.226178|0.208433|0.230021|0.200895,0.53635|0.652252|0.983209|0.559133|0.880608|0.519435|0.986996|0.711047|0.991722|0.982181|0.339058|0.943162|0.469027|0.65353|0.890059|0.844544|0.725021|0.448351|0.131268|0.836539,0.869523,0.801463,0.117836,0.0993652,0.460468,0.534015,0.0732846,0.487967,0.198257,0.921169,51.6436,5.43263e-12,47756,0.887486,41.1981,1.06086e-12,38445,0.895553,0.876428,0.0878307,0.631141,0.996144,0.511517,0.22039,0.459803,0.228135,0.891603,87.9902,7.64954e-10,30733,0.967162,70.4477,9.04596e-11,52512
24,698,n1->n13->n11->n9->n7->n5->n3->n69->n70->n72->n71->n24->n33->n32->n66->n68->n19->n20->n96->n94->n51,5.37021e+09|6.60497e+13|1.78735e+12|1.49139e+12|3.81012e+11|2.91995e+11|2.78751e+13|8.81277e+09|6.87309e+13|6.83442e+09|7.70008e+11|1.59557e+13|3.64323e+13|1.78367e+12|1.10072e+10|1.31753e+09|2.47533e+11|4.0293e+11|2.51165e+12|1.36531e+10|7.46708e+11,8.19724e+08|8.87204e+12|3.29521e+11|3.79906e+11|6.70334e+10|4.67133e+10|1.44762e+13|7.57626e+09|9.78332e+12|1.48353e+09|1.60546e+11|4.06569e+12|6.32377e+12|1.05491e+12|8.7665e+09|3.10679e+08|2.33399e+11|1.89646e+11|5.36324e+11|1.67171e+09|5.06847e+11,0.000494453|0.000787814|5.47786e-05|1.80008e-05|0.000475679|7.03031e-05|0.00022361|0.000268039|5.13815e-05|0.000159499|0.00017279|0.000193265|1.50316e-05|0.000179959|0.000237659|0.000223952|0.000261527|5.21063e-05|1.2987e-05|2.95455e-05|0.000185382,0.000316017|0.00788063|0.00652494|0.00065196|0.00104538|0.000196916|0.00776667|0.00367819|0.00295865|0.00384342|0.00123164|0.0012727|0.00213059|0.00292552|0.000470269|0.00843573|0.000768065|0.000368678|0.000286765|0.000125263|0.00344885,0.0109342|0.0476737|0.00125292|0.0140743|0.01754|0.00731162|0.0268705|0.022957|0.0286141|0.0479977|0.0398828|0.0433038|0.00968695|0.00778345|0.0203827|0.0370095|0.0201979|0.0108696|0.0377902|0.00830448|0.0365406,0.000178506|0.00335145|0.0136412|0.033904|0.0283975|0.0421608|0.0326941|0.0100342|0.0216638|0.0299903|0.0326729|0.00780618|0.0280967|0.0161829|0.0146278|0.00589983|0.0291803|0.0181411|0.0195364|0.0293842|0.0130093,0.973537|0.954869|0.988894|0.963574|0.963898|0.951514|0.982466|0.975915|0.966653|0.96924|0.947193|0.90929|0.923653|0.953313|0.978907|0.984554|0.941018|0.923215|0.951762|0.927471|0.98883,4.63983|5.26639|0.923897|5.88966|3.51107|4.90362|4.79844|2.99986|4.60778|3.90463|0.117525|3.9732|1.04264|0.10397|3.10364|5.26958|1.39448|4.79469|0.85792|5.03384|4.04415,79.8117|13.9548|99.0064|59.8148|37.2729|10.4739|83.9106|74.5377|97.4405|45.8448|44.1502|98.0873|61.2747|27.3217|70.8824|67.5745|86.2435|58.7029|71.0086|11.2844,0.246796|0.189728|0.201409|0.18359|0.176784|0.163561|0.204476|0.172691|0.180102|0.218487|0.204574|0.239791|0.208144|0.199785|0.16183|0.2055|0.182991|0.201188|0.230021|0.200895,0.338018|0.801183|0.439638|0.339058|0.943162|0.469027|0.65353|0.416585|0.79408|0.29317|0.45026|0.939209|0.704271|0.769012|0.215539|0.968257|0.182796|0.666395|0.131268|0.836539,0.869523,0.801463,0.117836,0.0993652,0.460468,0.534015,0.0732846,0.487967,0.198257,0.921169,51.6436,5.43263e-12,47756,0.887486,41.1981,1.06086e-12,38445,0.895553,0.876428,0.0878307,0.631141,0.996144,0.511517,0.22039,0.459803,0.228135,0.891603,87.9902,7.64954e-10,30733,0.967162,70.4477,9.04596e-11,52512
24,699,n1->n99->n77->n23->n83->n84->n56->n55->n54->n40->n42->n44->n78->n85->n58->n68->n19->n20->n96->n94->n51,5.37021e+09|1.57108e+10|5.68112e+11|4.63033e+10|3.76373e+13|1.07392e+09|1.1605e+12|8.84081e+12|2.80961e+11|3.58065e+10|2.42905e+09|5.26537e+13|3.25238e+10|2.02447e+09|8.16696e+09|1.31753e+09|2.47533e+11|4.0293e+11|2.51165e+12|1.36531e+10|7.46708e+11,8.19724e+08|4.21389e+09|3.56307e+11|3.30225e+10|2.34723e+13|9.00899e+08|5.65456e+11|4.69454e+12|2.23178e+11|4.14657e+09|2.47264e+08|2.86817e+13|2.30731e+10|2.41326e+08|6.89506e+09|3.10679e+08|2.33399e+11|1.89646e+11|5.36324e+11|1.67171e+09|5.06847e+11,0.000494453|0.00089026|8.49487e-05|0.000277161|1.86087e-05|2.14473e-05|1.7812e-05|4.06274e-05|1.47667e-05|6.01341e-05|8.79758e-05|0.000124649|0.000270955|2.04325e-05|0.000266735|0.000223952|0.000261527|5.21063e-05|1.2987e-05|2.95455e-05|0.000185382,0.000316017|0.000350126|0.000906866|0.00418014|0.000175452|0.000434313|0.000830638|0.000128431|0.00549128|0.00268841|0.000493531|0.00158999|0.00167497|0.000338175|0.00874893|0.00843573|0.000768065|0.000368678|0.000286765|0.000125263|0.00344885,0.0109342|0.0362414|0.04851|0.00314906|0.015405|0.0473575|0.0231698|0.00843704|0.0334079|0.0249103|0.00783732|0.0486405|0.00569443|0.0354515|0.0248478|0.0370095|0.0201979|0.0108696|0.0377902|0.00830448|0.0365406,0.000178506|0.0472365|0.0115254|0.0470385|0.038157|0.0366447|0.0417641|0.0314938|0.00844474|0.033399|0.0327962|0.00764508|0.0425349|0.0266209|0.0481122|0.00589983|0.0291803|0.0181411|0.0195364|0.0293842|0.0130093,0.973537|0.953794|0.949999|0.92176|0.947801|0.948551|0.944528|0.908585|0.927525|0.920308|0.960936|0.932977|0.92832|0.940474|0.911658|0.984554|0.941018|0.923215|0.951762|0.927471|0.98883,4.63983|3.07459|0.722366|2.08786|4.11052|5.42186|2.55597|3.37071|1.22009|2.50002|0.765875|2.64532|3.3614|4.91715|3.70937|5.26958|1.39448|4.79469|0.85792|5.03384|4.04415,66.2586|96.5216|39.0733|23.518|20.1884|34.4372|95.3312|27.8669|12.2677|77.6192|21.0603|88.5528|67.1704|90.6886|56.905|67.5745|86.2435|58.7029|71.0086|11.2844,0.180129|0.241387|0.178948|0.181099|0.246081|0.222961|0.167906|0.169326|0.248162|0.243521|0.23095|0.200088|0.184721|0.194345|0.185169|0.2055|0.182991|0.201188|0.230021|0.200895,0.323551|0.664018|0.23533|0.741177|0.599197|0.762891|0.402595|0.414082|0.812759|0.14346|0.399278|0.134865|0.609732|0.45102|0.476138|0.968257|0.182796|0.666395|0.131268|0.836539,0.869523,0.801463,0.117836,0.0993652,0.460468,0.534015,0.0732846,0.487967,0.198257,0.921169,51.6436,5.43263e-12,47756,0.887486,41.1981,1.06086e-12,38445,0.895553,0.876428,0.0878307,0.631141,0.996144,0.511517,0.22039,0.459803,0.228135,0.891603,87.9902,7.64954e-10,30733,0.967162,70.4477,9.04596e-11,52512
24,700,n1->n99->n97->n95->n82->n63->n42->n40->n54->n53->n55->n57->n74->n75->n73->n100->n90->n89->n48->n50->n51,5.37021e+09|1.57108e+10|2.90604e+09|1.05601e+11|1.07979e+13|6.55204e+12|2.42905e+09|3.58065e+10|2.80961e+11|4.60474e+10|8.84081e+12|4.14288e+09|5.8385e+13|8.71921e+10|1.41706e+11|4.01966e+09|1.33273e+11|2.68119e+11|3.98001e+12|2.36425e+09|7.46708e+11,8.19724e+08|4.21389e+09|5.04144e+08|5.46554e+10|1.66379e+12|2.63574e+12|2.47264e+08|4.14657e+09|2.23178e+11|3.18273e+10|4.69454e+12|2.05006e+09|7.35096e+12|5.29113e+10|5.76853e+10|2.27749e+09|6.41526e+10|9.23423e+10|1.69514e+12|4.07889e+08|5.06847e+11,0.000494453|0.00089026|8.81202e-05|0.000260968|0.000837919|0.000116235|8.79758e-05|6.01341e-05|1.47667e-05|2.00633e-05|4.06274e-05|0.000173612|0.000875739|0.000766915|6.32916e-05|0.000665246|0.000319756|3.55201e-05|4.78153e-05|1.54283e-05|0.000185382,0.000316017|0.000350126|0.00494291|0.000186877|0.00271152|0.00126856|0.000493531|0.00268841|0.00549128|0.000509085|0.000128431|0.00271581|0.00944671|0.000203965|0.000807753|0.00914892|0.000672662|0.000111435|0.00544009|0.00907722|0.00344885,0.0109342|0.0362414|0.0381696|0.00282907|0.0278433|0.0100727|0.00783732|0.0249103|0.0334079|5.21659e-05|0.00843704|0.0328142|0.0280357|0.0243876|0.0455502|0.0100829|0.0285929|0.0107812|0.0455031|0.00638914|0.0365406,0.000178506|0.0472365|0.00800322|0.0420997|0.0266174|0.0107197|0.0327962|0.033399|0.00844474|0.00115664|0.0314938|0.0437642|0.0166219|0.0250863|0.028193|0.0460028|0.0372754|0.0401575|0.0360942|0.0483596|0.0130093,0.973537|0.953794|0.90679|0.966581|0.934435|0.903245|0.960936|0.920308|0.927525|0.913872|0.908585|0.983348|0.90082|0.936129|0.909539|0.935175|0.984478|0.926416|0.967439|0.910708|0.98883,4.63983|3.07459|1.41691|1.09944|0.132111|4.68449|0.765875|2.50002|1.22009|0.640024|3.37071|1.93323|0.0974208|3.39264|3.29092|3.89025|4.02061|0.0868458|3.09858|5.41755|4.04415,66.2586|94.4507|11.8968|75.699|48.6997|97.0433|77.6192|12.2677|75.3264|30.3781|61.5999|95.6836|64.3401|85.6152|20.1165|32.7492|12.726|94.0077|23.5956|82.9474,0.180129|0.168303|0.228013|0.21275|0.175742|0.211509|0.243521|0.248162|0.191357|0.207992|0.220389|0.169856|0.220369|0.185893|0.175955|0.191207|0.226099|0.234363|0.191801|0.24308,0.323551|0.263233|0.342677|0.837867|0.4301|0.758395|0.14346|0.812759|0.567841|0.646488|0.549818|0.815246|0.119032|0.624191|0.825877|0.878161|0.757755|0.948873|0.688345|0.624607,0.869523,0.801463,0.117836,0.0993652,0.460468,0.534015,0.0732846,0.487967,0.198257,0.921169,51.6436,5.43263e-12,47756,0.887486,41.1981,1.06086e-12,38445,0.895553,0.876428,0.0878307,0.631141,0.996144,0.511517,0.22039,0.459803,0.228135,0.891603,87.9902,7.64954e-10,30733,0.967162,70.4477,9.04596e-11,52512
24,701,n1->n20->n18->n19->n17->n68->n58->n85->n78->n80->n82->n54->n53->n55->n57->n74->n76->n30->n29->n50->n51,5.37021e+09|4.0293e+11|7.59179e+12|2.47533e+11|1.51096e+11|1.31753e+09|8.16696e+09|2.02447e+09|3.25238e+10|2.45686e+13|1.07979e+13|2.80961e+11|4.60474e+10|8.84081e+12|4.14288e+09|5.8385e+13|4.21804e+13|1.26395e+10|3.6336e+13|2.36425e+09|7.46708e+11,8.19724e+08|1.89646e+11|4.11836e+12|2.33399e+11|1.57582e+10|3.10679e+08|6.89506e+09|2.41326e+08|2.30731e+10|2.75437e+12|1.66379e+12|2.23178e+11|3.18273e+10|4.69454e+12|2.05006e+09|7.35096e+12|1.15782e+13|1.81012e+09|1.77292e+13|4.07889e+08|5.06847e+11,0.000494453|5.21063e-05|2.98936e-05|0.000261527|0.000261059|0.000223952|0.000266735|2.04325e-05|0.000270955|1.13052e-05|0.000837919|1.47667e-05|2.00633e-05|4.06274e-05|0.000173612|0.000875739|1.88608e-05|4.789e-05|0.000125062|1.54283e-05|0.000185382,0.000316017|0.000368678|0.000681499|0.000768065|0.000513001|0.00843573|0.00874893|0.000338175|0.00167497|0.000238286|0.00271152|0.00549128|0.000509085|0.000128431|0.00271581|0.00944671|0.00214239|0.00655588|0.00231296|0.00907722|0.00344885,0.0109342|0.0108696|0.0192976|0.0201979|0.0430027|0.0370095|0.0248478|0.0354515|0.00569443|0.00592883|0.0278433|0.0334079|5.21659e-05|0.00843704|0.0328142|0.0280357|0.00156873|0.00398508|0.0255931|0.00638914|0.0365406,0.000178506|0.0181411|0.0120519|0.0291803|0.00442808|0.00589983|0.0481122|0.0266209|0.0425349|0.0262948|0.0266174|0.00844474|0.00115664|0.0314938|0.0437642|0.0166219|0.0470058|0.0178703|0.00291922|0.0483596|0.0130093,0.973537|0.923215|0.946711|0.941018|0.974312|0.984554|0.911658|0.940474|0.92832|0.919013|0.934435|0.927525|0.913872|0.908585|0.983348|0.90082|0.989289|0.972158|0.962742|0.910708|0.98883,4.63983|4.79469|4.38273|1.39448|5.11322|5.26958|3.70937|4.91715|3.3614|0.100836|0.132111|1.22009|0.640024|3.37071|1.93323|0.0974208|0.578949|5.42296|0.0327787|5.41755|4.04415,90.7492|89.2299|34.0839|10.3361|23.9015|56.905|90.6886|67.1704|66.5291|47.0365|41.1455|75.3264|30.3781|61.5999|95.6836|53.1277|21.8454|29.3504|37.0378|82.9474,0.215706|0.247215|0.248409|0.172286|0.236806|0.185169|0.194345|0.184721|0.222935|0.231931|0.242874|0.191357|0.207992|0.220389|0.169856|0.181342|0.220509|0.179657|0.191256|0.24308,0.53635|0.652252|0.983209|0.559133|0.2818|0.476138|0.45102|0.609732|0.109088|0.796307|0.378494|0.567841|0.646488|0.549818|0.815246|0.519715|0.936019|0.887943|0.182586|0.624607,0.869523,0.801463,0.117836,0.0993652,0.460468,0.534015,0.0732846,0.487967,0.198257,0.921169,51.6436,5.43263e-12,47756,0.887486,41.1981,1.06086e-12,38445,0.895553,0.876428,0.0878307,0.631141,0.996144,0.511517,0.22039,0.459803,0.228135,0.891603,87.9902,7.64954e-10,30733,0.967162,70.4477,9.04596e-11,52512
24,702,n1->n99->n77->n72->n45->n43->n41->n44->n78->n76->n74->n35->n34->n32->n33->n6->n12->n14->n96->n94->n51,5.37021e+09|1.57108e+10|5.68112e+11|6.83442e+09|8.38488e+13|1.40931e+10|3.95737e+11|5.26537e+13|3.25238e+10|4.21804e+13|5.8385e+13|5.77859e+11|4.7313e+12|1.78367e+12|3.64323e+13|1.14208e+09|9.70597e+10|3.70261e+10|2.51165e+12|1.36531e+10|7.46708e+11,8.19724e+08|4.21389e+09|3.56307e+11|1.48353e+09|1.01787e+13|3.26577e+09|1.47899e+11|2.86817e+13|2.30731e+10|1.15782e+13|7.35096e+12|4.88834e+11|1.15705e+12|1.05491e+12|6.32377e+12|2.20459e+08|2.76143e+10|1.44234e+10|5.36324e+11|1.67171e+09|5.06847e+11,0.000494453|0.00089026|8.49487e-05|0.000159499|1.67225e-05|0.000955168|2.35935e-05|0.000124649|0.000270955|1.88608e-05|0.000875739|0.000412952|0.000140889|0.000179959|1.50316e-05|1.08483e-05|0.000201974|3.25754e-05|1.2987e-05|2.95455e-05|0.000185382,0.000316017|0.000350126|0.000906866|0.00384342|0.000742576|0.00344494|0.00412419|0.00158999|0.00167497|0.00214239|0.00944671|0.00138752|0.000270551|0.00292552|0.00213059|0.00010157|0.0016732|0.000181646|0.000286765|0.000125263|0.00344885,0.0109342|0.0362414|0.04851|0.0479977|0.00846218|0.0168583|0.00451081|0.0486405|0.00569443|0.00156873|0.0280357|0.00215298|0.0276207|0.00778345|0.00968695|0.00160082|0.0313381|0.0426128|0.0377902|0.00830448|0.0365406,0.000178506|0.0472365|0.0115254|0.0299903|0.0342415|0.0482719|0.00491436|0.00764508|0.0425349|0.0470058|0.0166219|0.0375959|0.0210615|0.0161829|0.0280967|0.0260762|0.0470205|0.049061|0.0195364|0.0293842|0.0130093,0.973537|0.953794|0.949999|0.96924|0.934264|0.943219|0.923722|0.932977|0.92832|0.989289|0.90082|0.952159|0.904866|0.953313|0.923653|0.908628|0.937315|0.906626|0.951762|0.927471|0.98883,4.63983|3.07459|0.722366|3.90463|5.31688|2.3897|4.11092|2.64532|3.3614|0.578949|0.0974208|5.24666|4.56594|0.10397|1.04264|5.01633|3.07758|0.762282|0.85792|5.03384|4.04415,66.2586|96.5216|92.3918|63.1262|48.5398|43.4967|12.7315|88.5528|69.3348|53.1277|67.7415|26.2497|23.0914|61.2747|50.0569|32.9383|51.9585|54.7186|71.0086|11.2844,0.180129|0.241387|0.167022|0.243732|0.218428|0.160247|0.246433|0.200088|0.194827|0.181342|0.161632|0.244194|0.18593|0.208144|0.19306|0.230728|0.222459|0.208433|0.230021|0.200895,0.323551|0.664018|0.776051|0.65643|0.854577|0.922117|0.665882|0.134865|0.93416|0.519715|0.301798|0.307851|0.12287|0.704271|0.116472|0.628307|0.326911|0.448351|0.131268|0.836539,0.869523,0.801463,0.117836,0.0993652,0.460468,0.534015,0.0732846,0.487967,0.198257,0.921169,51.6436,5.43263e-12,47756,0.887486,41.1981,1.06086e-12,38445,0.895553,0.876428,0.0878307,0.631141,0.996144,0.511517,0.22039,0.459803,0.228135,0.891603,87.9902,7.64954e-10,30733,0.967162,70.4477,9.04596e-11,52512
24,703,n1->n13->n14->n75->n71->n24->n23->n21->n22->n68->n17->n19->n20->n96->n94->n92->n91->n93->n64->n49->n51,5.37021e+09|6.60497e+13|3.70261e+10|8.71921e+10|7.70008e+11|1.59557e+13|4.63033e+10|1.56161e+12|1.47e+10|1.31753e+09|1.51096e+11|2.47533e+11|4.0293e+11|2.51165e+12|1.36531e+10|1.97334e+09|2.84652e+12|4.22601e+13|4.21034e+09|2.45005e+09|7.46708e+11,8.19724e+08|8.87204e+12|1.44234e+10|5.29113e+10|1.60546e+11|4.06569e+12|3.30225e+10|3.02345e+11|9.51029e+09|3.10679e+08|1.57582e+10|2.33399e+11|1.89646e+11|5.36324e+11|1.67171e+09|1.46451e+09|3.57264e+11|1.3774e+13|1.60867e+09|2.44458e+09|5.06847e+11,0.000494453|0.000787814|3.25754e-05|0.000766915|0.00017279|0.000193265|0.000277161|0.00096308|1.77434e-05|0.000223952|0.000261059|0.000261527|5.21063e-05|1.2987e-05|2.95455e-05|2.75832e-05|6.93267e-05|8.45967e-05|1.88732e-05|1.07426e-05|0.000185382,0.000316017|0.00788063|0.000181646|0.000203965|0.00123164|0.0012727|0.00418014|0.00195589|0.0006856|0.00843573|0.000513001|0.000768065|0.000368678|0.000286765|0.000125263|0.0052688|0.00599677|0.000162335|0.000135861|0.000979027|0.00344885,0.0109342|0.0476737|0.0426128|0.0243876|0.0398828|0.0433038|0.00314906|0.00712365|0.0408661|0.0370095|0.0430027|0.0201979|0.0108696|0.0377902|0.00830448|0.0444618|0.008036|0.0108045|0.0266797|0.0183567|0.0365406,0.000178506|0.00335145|0.049061|0.0250863|0.0326729|0.00780618|0.0470385|0.0414669|0.040072|0.00589983|0.00442808|0.0291803|0.0181411|0.0195364|0.0293842|0.0387741|0.015498|0.0326183|0.0436548|0.0388066|0.0130093,0.973537|0.954869|0.906626|0.936129|0.947193|0.90929|0.92176|0.971602|0.95984|0.984554|0.974312|0.941018|0.923215|0.951762|0.927471|0.987763|0.964407|0.912097|0.933821|0.969899|0.98883,4.63983|5.26639|0.762282|3.39264|0.117525|3.9732|2.08786|3.14177|0.048646|5.26958|5.11322|1.39448|4.79469|0.85792|5.03384|6.03913|5.6679|5.92115|5.77568|3.94615|4.04415,79.8117|92.5451|56.2706|14.5634|44.1502|44.8869|88.4205|55.6995|15.3326|23.9015|10.3361|86.2435|58.7029|71.0086|13.5087|32.3713|26.8753|32.5899|77.768|10.4661,0.246796|0.191459|0.226178|0.169453|0.204574|0.161116|0.232237|0.206062|0.236297|0.236806|0.172286|0.182991|0.201188|0.230021|0.230182|0.161013|0.203549|0.178102|0.165457|0.216931,0.338018|0.161307|0.725021|0.275247|0.45026|0.528582|0.516177|0.677391|0.655447|0.2818|0.559133|0.182796|0.666395|0.131268|0.731663|0.940947|0.21516|0.548301|0.348083|0.516407,0.869523,0.801463,0.117836,0.0993652,0.460468,0.534015,0.0732846,0.487967,0.198257,0.921169,51.6436,5.43263e-12,47756,0.887486,41.1981,1.06086e-12,38445,0.895553,0.876428,0.0878307,0.631141,0.996144,0.511517,0.22039,0.459803,0.228135,0.891603,87.9902,7.64954e-10,30733,0.967162,70.4477,9.04596e-11,52512
24,704,n1->n13->n11->n9->n7->n8->n12->n6->n33->n84->n56->n90->n88->n89->n48->n46->n47->n26->n27->n52->n51,5.37021e+09|6.60497e+13|1.78735e+12|1.49139e+12|3.81012e+11|4.61239e+13|9.70597e+10|1.14208e+09|3.64323e+13|1.07392e+09|1.1605e+12|1.33273e+11|9.00567e+12|2.68119e+11|3.98001e+12|5.53417e+12|4.74236e+11|7.09351e+09|4.19351e+12|1.02428e+10|7.46708e+11,8.19724e+08|8.87204e+12|3.29521e+11|3.79906e+11|6.70334e+10|1.04208e+13|2.76143e+10|2.20459e+08|6.32377e+12|9.00899e+08|5.65456e+11|6.41526e+10|8.66002e+12|9.23423e+10|1.69514e+12|1.63629e+12|1.54765e+11|1.31666e+09|8.73344e+11|2.07235e+09|5.06847e+11,0.000494453|0.000787814|5.47786e-05|1.80008e-05|0.000475679|6.6054e-05|0.000201974|1.08483e-05|1.50316e-05|2.14473e-05|1.7812e-05|0.000319756|6.2721e-05|3.55201e-05|4.78153e-05|0.000489732|0.000202873|3.77967e-05|1.08528e-05|0.00011644|0.000185382,0.000316017|0.00788063|0.00652494|0.00065196|0.00104538|0.00522046|0.0016732|0.00010157|0.00213059|0.000434313|0.000830638|0.000672662|0.000480267|0.000111435|0.00544009|0.000159088|0.000266598|0.00522178|0.00262605|0.00580301|0.00344885,0.0109342|0.0476737|0.00125292|0.0140743|0.01754|0.0318744|0.0313381|0.00160082|0.00968695|0.0473575|0.0231698|0.0285929|0.00850464|0.0107812|0.0455031|0.029055|0.00898217|0.0101688|0.0303206|0.0398377|0.0365406,0.000178506|0.00335145|0.0136412|0.033904|0.0283975|0.0483133|0.0470205|0.0260762|0.0280967|0.0366447|0.0417641|0.0372754|0.0237676|0.0401575|0.0360942|0.0302566|0.0488958|0.0409649|0.0230682|0.0151024|0.0130093,0.973537|0.954869|0.988894|0.963574|0.963898|0.975256|0.937315|0.908628|0.923653|0.948551|0.944528|0.984478|0.962132|0.926416|0.967439|0.923372|0.9108|0.981638|0.985376|0.965406|0.98883,4.63983|5.26639|0.923897|5.88966|3.51107|3.22282|3.07758|5.01633|1.04264|5.42186|2.55597|4.02061|1.9653|0.0868458|3.09858|0.31178|6.27947|2.91399|4.5695|0.0104102|4.04415,79.8117|13.9548|99.0064|59.8148|55.4093|81.3396|32.9383|50.0569|59.7094|34.4372|40.6061|14.1987|92.4072|94.0077|41.9872|71.5316|70.8805|67.4197|46.2248|83.3731,0.246796|0.189728|0.201409|0.18359|0.230451|0.186476|0.230728|0.19306|0.183728|0.222961|0.166746|0.244274|0.203687|0.234363|0.178665|0.196056|0.189485|0.171162|0.183493|0.197114,0.338018|0.801183|0.439638|0.339058|0.745697|0.379326|0.628307|0.116472|0.218166|0.762891|0.163177|0.997795|0.876618|0.948873|0.182289|0.758317|0.757042|0.40751|0.657987|0.942894,0.869523,0.801463,0.117836,0.0993652,0.460468,0.534015,0.0732846,0.487967,0.198257,0.921169,51.6436,5.43263e-12,47756,0.887486,41.1981,1.06086e-12,38445,0.895553,0.876428,0.0878307,0.631141,0.996144,0.511517,0.22039,0.459803,0.228135,0.891603,87.9902,7.64954e-10,30733,0.967162,70.4477,9.04596e-11,52512
24,705,n1->n13->n15->n63->n10->n9->n11->n29->n27->n97->n96->n94->n92->n91->n93->n77->n72->n45->n47->n49->n51,5.37021e+09|6.60497e+13|8.77071e+11|6.55204e+12|2.49624e+09|1.49139e+12|1.78735e+12|3.6336e+13|4.19351e+12|2.90604e+09|2.51165e+12|1.36531e+10|1.97334e+09|2.84652e+12|4.22601e+13|5.68112e+11|6.83442e+09|8.38488e+13|4.74236e+11|2.45005e+09|7.46708e+11,8.19724e+08|8.87204e+12|1.06991e+11|2.63574e+12|7.32581e+08|3.79906e+11|3.29521e+11|1.77292e+13|8.73344e+11|5.04144e+08|5.36324e+11|1.67171e+09|1.46451e+09|3.57264e+11|1.3774e+13|3.56307e+11|1.48353e+09|1.01787e+13|1.54765e+11|2.44458e+09|5.06847e+11,0.000494453|0.000787814|0.000182949|0.000116235|6.27016e-05|1.80008e-05|5.47786e-05|0.000125062|1.08528e-05|8.81202e-05|1.2987e-05|2.95455e-05|2.75832e-05|6.93267e-05|8.45967e-05|8.49487e-05|0.000159499|1.67225e-05|0.000202873|1.07426e-05|0.000185382,0.000316017|0.00788063|0.00274771|0.00126856|0.00113469|0.00065196|0.00652494|0.00231296|0.00262605|0.00494291|0.000286765|0.000125263|0.0052688|0.00599677|0.000162335|0.000906866|0.00384342|0.000742576|0.000266598|0.000979027|0.00344885,0.0109342|0.0476737|0.0207315|0.0100727|0.00597815|0.0140743|0.00125292|0.0255931|0.0303206|0.0381696|0.0377902|0.00830448|0.0444618|0.008036|0.0108045|0.04851|0.0479977|0.00846218|0.00898217|0.0183567|0.0365406,0.000178506|0.00335145|0.0378122|0.0107197|0.0245713|0.033904|0.0136412|0.00291922|0.0230682|0.00800322|0.0195364|0.0293842|0.0387741|0.015498|0.0326183|0.0115254|0.0299903|0.0342415|0.0488958|0.0388066|0.0130093,0.973537|0.954869|0.910795|0.903245|0.962416|0.963574|0.988894|0.962742|0.985376|0.90679|0.951762|0.927471|0.987763|0.964407|0.912097|0.949999|0.96924|0.934264|0.9108|0.969899|0.98883,4.63983|5.26639|1.89272|4.68449|1.97158|5.88966|0.923897|0.0327787|4.5695|1.41691|0.85792|5.03384|6.03913|5.6679|5.92115|0.722366|3.90463|5.31688|6.27947|3.94615|4.04415,79.8117|66.6304|11.0615|65.1286|65.9961|99.0064|13.2112|49.6282|31.5608|37.9513|71.0086|13.5087|32.3713|26.8753|51.9256|92.3918|63.1262|40.979|91.8261|10.4661,0.246796|0.179788|0.214255|0.203746|0.193896|0.201409|0.219003|0.180772|0.219936|0.246589|0.230021|0.230182|0.161013|0.203549|0.247077|0.167022|0.243732|0.216949|0.228404|0.216931,0.338018|0.275394|0.692153|0.514129|0.982181|0.439638|0.427028|0.511755|0.557853|0.157157|0.131268|0.731663|0.940947|0.21516|0.469529|0.776051|0.65643|0.317946|0.133861|0.516407,0.869523,0.801463,0.117836,0.0993652,0.460468,0.534015,0.0732846,0.487967,0.198257,0.921169,51.6436,5.43263e-12,47756,0.887486,41.1981,1.06086e-12,38445,0.895553,0.876428,0.0878307,0.631141,0.996144,0.511517,0.22039,0.459803,0.228135,0.891603,87.9902,7.64954e-10,30733,0.967162,70.4477,9.04596e-11,52512
24,706,n1->n99->n77->n23->n24->n33->n31->n29->n15->n34->n35->n74->n76->n78->n80->n81->n37->n65->n64->n49->n51,5.37021e+09|1.57108e+10|5.68112e+11|4.63033e+10|1.59557e+13|3.64323e+13|4.79342e+12|3.6336e+13|8.77071e+11|4.7313e+12|5.77859e+11|5.8385e+13|4.21804e+13|3.25238e+10|2.45686e+13|2.58887e+10|2.79748e+13|1.12599e+09|4.21034e+09|2.45005e+09|7.46708e+11,8.19724e+08|4.21389e+09|3.56307e+11|3.30225e+10|4.06569e+12|6.32377e+12|4.42443e+12|1.77292e+13|1.06991e+11|1.15705e+12|4.88834e+11|7.35096e+12|1.15782e+13|2.30731e+10|2.75437e+12|8.36206e+09|4.96975e+12|3.2906e+08|1.60867e+09|2.44458e+09|5.06847e+11,0.000494453|0.00089026|8.49487e-05|0.000277161|0.000193265|1.50316e-05|0.00024651|0.000125062|0.000182949|0.000140889|0.000412952|0.000875739|1.88608e-05|0.000270955|1.13052e-05|0.000268232|1.06248e-05|1.96575e-05|1.88732e-05|1.07426e-05|0.000185382,0.000316017|0.000350126|0.000906866|0.00418014|0.0012727|0.00213059|0.00308746|0.00231296|0.00274771|0.000270551|0.00138752|0.00944671|0.00214239|0.00167497|0.000238286|0.000752991|0.000261291|0.000428116|0.000135861|0.000979027|0.00344885,0.0109342|0.0362414|0.04851|0.00314906|0.0433038|0.00968695|0.0211034|0.0255931|0.0207315|0.0276207|0.00215298|0.0280357|0.00156873|0.00569443|0.00592883|0.0481357|0.0457563|0.00118659|0.0266797|0.0183567|0.0365406,0.000178506|0.0472365|0.0115254|0.0470385|0.00780618|0.0280967|0.0151027|0.00291922|0.0378122|0.0210615|0.0375959|0.0166219|0.0470058|0.0425349|0.0262948|0.00997263|0.0105712|0.00176737|0.0436548|0.0388066|0.0130093,0.973537|0.953794|0.949999|0.92176|0.90929|0.923653|0.943878|0.962742|0.910795|0.904866|0.952159|0.90082|0.989289|0.92832|0.919013|0.948836|0.964079|0.967717|0.933821|0.969899|0.98883,4.63983|3.07459|0.722366|2.08786|3.9732|1.04264|4.82496|0.0327787|1.89272|4.56594|5.24666|0.0974208|0.578949|3.3614|0.100836|1.5908|4.96174|4.1126|5.77568|3.94615|4.04415,66.2586|96.5216|39.0733|44.8869|98.0873|95.0453|70.4589|32.2763|27.3162|26.2497|67.7415|53.1277|69.3348|66.5291|15.5679|88.8597|13.4252|56.7563|77.768|10.4661,0.180129|0.241387|0.178948|0.161116|0.239791|0.234751|0.246199|0.240047|0.231681|0.244194|0.161632|0.181342|0.194827|0.222935|0.212149|0.211898|0.230756|0.186349|0.165457|0.216931,0.323551|0.664018|0.23533|0.528582|0.939209|0.258586|0.415176|0.895675|0.750497|0.307851|0.301798|0.519715|0.93416|0.109088|0.870283|0.430076|0.986996|0.927837|0.348083|0.516407,0.869523,0.801463,0.117836,0.0993652,0.460468,0.534015,0.0732846,0.487967,0.198257,0.921169,51.6436,5.43263e-12,47756,0.887486,41.1981,1.06086e-12,38445,0.895553,0.876428,0.0878307,0.631141,0.996144,0.511517,0.22039,0.459803,0.228135,0.891603,87.9902,7.64954e-10,30733,0.967162,70.4477,9.04596e-11,52512
24,707,n1->n99->n77->n23->n24->n26->n25->n27->n28->n69->n3->n5->n65->n64->n49->n47->n48->n46->n62->n61->n51,5.37021e+09|1.57108e+10|5.68112e+11|4.63033e+10|1.59557e+13|7.09351e+09|1.67189e+13|4.19351e+12|1.34247e+11|8.81277e+09|2.78751e+13|2.91995e+11|1.12599e+09|4.21034e+09|2.45005e+09|4.74236e+11|3.98001e+12|5.53417e+12|2.37342e+11|6.44979e+11|7.46708e+11,8.19724e+08|4.21389e+09|3.56307e+11|3.30225e+10|4.06569e+12|1.31666e+09|1.40059e+13|8.73344e+11|1.51805e+10|7.57626e+09|1.44762e+13|4.67133e+10|3.2906e+08|1.60867e+09|2.44458e+09|1.54765e+11|1.69514e+12|1.63629e+12|1.13053e+11|1.30372e+11|5.06847e+11,0.000494453|0.00089026|8.49487e-05|0.000277161|0.000193265|3.77967e-05|6.30741e-05|1.08528e-05|0.00056516|0.000268039|0.00022361|7.03031e-05|1.96575e-05|1.88732e-05|1.07426e-05|0.000202873|4.78153e-05|0.000489732|8.24006e-05|3.71253e-05|0.000185382,0.000316017|0.000350126|0.000906866|0.00418014|0.0012727|0.00522178|0.00294926|0.00262605|0.0093172|0.00367819|0.00776667|0.000196916|0.000428116|0.000135861|0.000979027|0.000266598|0.00544009|0.000159088|0.00794111|0.00313588|0.00344885,0.0109342|0.0362414|0.04851|0.00314906|0.0433038|0.0101688|0.0195393|0.0303206|0.0317261|0.022957|0.0268705|0.00731162|0.00118659|0.0266797|0.0183567|0.00898217|0.0455031|0.029055|0.0242596|0.0266048|0.0365406,0.000178506|0.0472365|0.0115254|0.0470385|0.00780618|0.0409649|0.0159438|0.0230682|0.03841|0.0100342|0.0326941|0.0421608|0.00176737|0.0436548|0.0388066|0.0488958|0.0360942|0.0302566|0.0480911|0.0179693|0.0130093,0.973537|0.953794|0.949999|0.92176|0.90929|0.981638|0.9023|0.985376|0.948072|0.975915|0.982466|0.951514|0.967717|0.933821|0.969899|0.9108|0.967439|0.923372|0.98053|0.958619|0.98883,4.63983|3.07459|0.722366|2.08786|3.9732|2.91399|1.57149|4.5695|1.48687|2.99986|4.79844|4.90362|4.1126|5.77568|3.94615|6.27947|3.09858|0.31178|5.59786|2.63855|4.04415,66.2586|96.5216|39.0733|44.8869|83.4704|63.0993|64.4551|23.5709|97.1045|83.9106|10.4739|35.0583|56.7563|77.768|91.8261|78.8723|41.9872|56.7189|89.0369|66.5616,0.180129|0.241387|0.178948|0.161116|0.216464|0.228799|0.242248|0.207151|0.207556|0.204476|0.163561|0.209201|0.186349|0.165457|0.228404|0.239998|0.178665|0.167864|0.198053|0.171721,0.323551|0.664018|0.23533|0.528582|0.583168|0.359402|0.837222|0.340196|0.438091|0.65353|0.469027|0.297185|0.927837|0.348083|0.133861|0.300482|0.182289|0.624525|0.704733|0.235817,0.869523,0.801463,0.117836,0.0993652,0.460468,0.534015,0.0732846,0.487967,0.198257,0.921169,51.6436,5.43263e-12,47756,0.887486,41.1981,1.06086e-12,38445,0.895553,0.876428,0.0878307,0.631141,0.996144,0.511517,0.22039,0.459803,0.228135,0.891603,87.9902,7.64954e-10,30733,0.967162,70.4477,9.04596e-11,52512
24,708,n1->n20->n21->n23->n83->n81->n37->n38->n16->n18->n19->n68->n66->n32->n33->n6->n12->n14->n96->n94->n51,5.37021e+09|4.0293e+11|1.56161e+12|4.63033e+10|3.76373e+13|2.58887e+10|2.79748e+13|1.16426e+13|1.09193e+13|7.59179e+12|2.47533e+11|1.31753e+09|1.10072e+10|1.78367e+12|3.64323e+13|1.14208e+09|9.70597e+10|3.70261e+10|2.51165e+12|1.36531e+10|7.46708e+11,8.19724e+08|1.89646e+11|3.02345e+11|3.30225e+10|2.34723e+13|8.36206e+09|4.96975e+12|1.19258e+12|1.33827e+12|4.11836e+12|2.33399e+11|3.10679e+08|8.7665e+09|1.05491e+12|6.32377e+12|2.20459e+08|2.76143e+10|1.44234e+10|5.36324e+11|1.67171e+09|5.06847e+11,0.000494453|5.21063e-05|0.00096308|0.000277161|1.86087e-05|0.000268232|1.06248e-05|1.04425e-05|3.71682e-05|2.98936e-05|0.000261527|0.000223952|0.000237659|0.000179959|1.50316e-05|1.08483e-05|0.000201974|3.25754e-05|1.2987e-05|2.95455e-05|0.000185382,0.000316017|0.000368678|0.00195589|0.00418014|0.000175452|0.000752991|0.000261291|0.00950649|0.00174713|0.000681499|0.000768065|0.00843573|0.000470269|0.00292552|0.00213059|0.00010157|0.0016732|0.000181646|0.000286765|0.000125263|0.00344885,0.0109342|0.0108696|0.00712365|0.00314906|0.015405|0.0481357|0.0457563|0.0263713|0.0123696|0.0192976|0.0201979|0.0370095|0.0203827|0.00778345|0.00968695|0.00160082|0.0313381|0.0426128|0.0377902|0.00830448|0.0365406,0.000178506|0.0181411|0.0414669|0.0470385|0.038157|0.00997263|0.0105712|0.00318517|0.0240438|0.0120519|0.0291803|0.00589983|0.0146278|0.0161829|0.0280967|0.0260762|0.0470205|0.049061|0.0195364|0.0293842|0.0130093,0.973537|0.923215|0.971602|0.92176|0.947801|0.948836|0.964079|0.902547|0.979533|0.946711|0.941018|0.984554|0.978907|0.953313|0.923653|0.908628|0.937315|0.906626|0.951762|0.927471|0.98883,4.63983|4.79469|3.14177|2.08786|4.11052|1.5908|4.96174|5.09423|1.69436|4.38273|1.39448|5.26958|3.10364|0.10397|1.04264|5.01633|3.07758|0.762282|0.85792|5.03384|4.04415,90.7492|76.7594|88.4205|23.518|78.7627|88.8597|46.986|28.0546|72.2829|34.0839|67.5745|70.8824|27.3217|61.2747|50.0569|32.9383|51.9585|54.7186|71.0086|11.2844,0.215706|0.218425|0.232237|0.181099|0.170031|0.211898|0.170599|0.17367|0.180241|0.248409|0.2055|0.16183|0.199785|0.208144|0.19306|0.230728|0.222459|0.208433|0.230021|0.200895,0.53635|0.515127|0.516177|0.741177|0.530775|0.430076|0.662799|0.828443|0.553025|0.983209|0.968257|0.215539|0.769012|0.704271|0.116472|0.628307|0.326911|0.448351|0.131268|0.836539,0.869523,0.801463,0.117836,0.0993652,0.460468,0.534015,0.0732846,0.487967,0.198257,0.921169,51.6436,5.43263e-12,47756,0.887486,41.1981,1.06086e-12,38445,0.895553,0.876428,0.0878307,0.631141,0.996144,0.511517,0.22039,0.459803,0.228135,0.891603,87.9902,7.64954e-10,30733,0.967162,70.4477,9.04596e-11,52512
24,709,n1->n20->n18->n19->n17->n85->n65->n5->n7->n2->n4->n75->n14->n12->n6->n33->n31->n29->n27->n52->n51,5.37021e+09|4.0293e+11|7.59179e+12|2.47533e+11|1.51096e+11|2.02447e+09|1.12599e+09|2.91995e+11|3.81012e+11|5.94248e+10|7.07339e+12|8.71921e+10|3.70261e+10|9.70597e+10|1.14208e+09|3.64323e+13|4.79342e+12|3.6336e+13|4.19351e+12|1.02428e+10|7.46708e+11,8.19724e+08|1.89646e+11|4.11836e+12|2.33399e+11|1.57582e+10|2.41326e+08|3.2906e+08|4.67133e+10|6.70334e+10|3.74975e+10|2.43435e+12|5.29113e+10|1.44234e+10|2.76143e+10|2.20459e+08|6.32377e+12|4.42443e+12|1.77292e+13|8.73344e+11|2.07235e+09|5.06847e+11,0.000494453|5.21063e-05|2.98936e-05|0.000261527|0.000261059|2.04325e-05|1.96575e-05|7.03031e-05|0.000475679|1.10648e-05|0.000113681|0.000766915|3.25754e-05|0.000201974|1.08483e-05|1.50316e-05|0.00024651|0.000125062|1.08528e-05|0.00011644|0.000185382,0.000316017|0.000368678|0.000681499|0.000768065|0.000513001|0.000338175|0.000428116|0.000196916|0.00104538|0.00120557|0.00198341|0.000203965|0.000181646|0.0016732|0.00010157|0.00213059|0.00308746|0.00231296|0.00262605|0.00580301|0.00344885,0.0109342|0.0108696|0.0192976|0.0201979|0.0430027|0.0354515|0.00118659|0.00731162|0.01754|0.00369149|0.0350273|0.0243876|0.0426128|0.0313381|0.00160082|0.00968695|0.0211034|0.0255931|0.0303206|0.0398377|0.0365406,0.000178506|0.0181411|0.0120519|0.0291803|0.00442808|0.0266209|0.00176737|0.0421608|0.0283975|0.0127317|0.0273051|0.0250863|0.049061|0.0470205|0.0260762|0.0280967|0.0151027|0.00291922|0.0230682|0.0151024|0.0130093,0.973537|0.923215|0.946711|0.941018|0.974312|0.940474|0.967717|0.951514|0.963898|0.968894|0.917619|0.936129|0.906626|0.937315|0.908628|0.923653|0.943878|0.962742|0.985376|0.965406|0.98883,4.63983|4.79469|4.38273|1.39448|5.11322|4.91715|4.1126|4.90362|3.51107|4.74216|1.56082|3.39264|0.762282|3.07758|5.01633|1.04264|4.82496|0.0327787|4.5695|0.0104102|4.04415,90.7492|89.2299|34.0839|10.3361|84.7043|82.5435|35.0583|37.2729|88.6198|30.2686|81.7362|56.2706|51.9585|32.9383|50.0569|95.0453|70.4589|49.6282|46.2248|83.3731,0.215706|0.247215|0.248409|0.172286|0.225161|0.20461|0.209201|0.176784|0.228013|0.239023|0.218556|0.226178|0.222459|0.230728|0.19306|0.234751|0.246199|0.180772|0.183493|0.197114,0.53635|0.652252|0.983209|0.559133|0.880608|0.519435|0.297185|0.943162|0.84397|0.514427|0.847503|0.725021|0.326911|0.628307|0.116472|0.258586|0.415176|0.511755|0.657987|0.942894,0.869523,0.801463,0.117836,0.0993652,0.460468,0.534015,0.0732846,0.487967,0.198257,0.921169,51.6436,5.43263e-12,47756,0.887486,41.1981,1.06086e-12,38445,0.895553,0.876428,0.0878307,0.631141,0.996144,0.511517,0.22039,0.459803,0.228135,0.891603,87.9902,7.64954e-10,30733,0.967162,70.4477,9.04596e-11,52512
24,710,n1->n20->n18->n70->n69->n3->n5->n65->n85->n84->n56->n55->n53->n54->n40->n42->n44->n45->n47->n49->n51,5.37021e+09|4.0293e+11|7.59179e+12|6.87309e+13|8.81277e+09|2.78751e+13|2.91995e+11|1.12599e+09|2.02447e+09|1.07392e+09|1.1605e+12|8.84081e+12|4.60474e+10|2.80961e+11|3.58065e+10|2.42905e+09|5.26537e+13|8.38488e+13|4.74236e+11|2.45005e+09|7.46708e+11,8.19724e+08|1.89646e+11|4.11836e+12|9.78332e+12|7.57626e+09|1.44762e+13|4.67133e+10|3.2906e+08|2.41326e+08|9.00899e+08|5.65456e+11|4.69454e+12|3.18273e+10|2.23178e+11|4.14657e+09|2.47264e+08|2.86817e+13|1.01787e+13|1.54765e+11|2.44458e+09|5.06847e+11,0.000494453|5.21063e-05|2.98936e-05|5.13815e-05|0.000268039|0.00022361|7.03031e-05|1.96575e-05|2.04325e-05|2.14473e-05|1.7812e-05|4.06274e-05|2.00633e-05|1.47667e-05|6.01341e-05|8.79758e-05|0.000124649|1.67225e-05|0.000202873|1.07426e-05|0.000185382,0.000316017|0.000368678|0.000681499|0.00295865|0.00367819|0.00776667|0.000196916|0.000428116|0.000338175|0.000434313|0.000830638|0.000128431|0.000509085|0.00549128|0.00268841|0.000493531|0.00158999|0.000742576|0.000266598|0.000979027|0.00344885,0.0109342|0.0108696|0.0192976|0.0286141|0.022957|0.0268705|0.00731162|0.00118659|0.0354515|0.0473575|0.0231698|0.00843704|5.21659e-05|0.0334079|0.0249103|0.00783732|0.0486405|0.00846218|0.00898217|0.0183567|0.0365406,0.000178506|0.0181411|0.0120519|0.0216638|0.0100342|0.0326941|0.0421608|0.00176737|0.0266209|0.0366447|0.0417641|0.0314938|0.00115664|0.00844474|0.033399|0.0327962|0.00764508|0.0342415|0.0488958|0.0388066|0.0130093,0.973537|0.923215|0.946711|0.966653|0.975915|0.982466|0.951514|0.967717|0.940474|0.948551|0.944528|0.908585|0.913872|0.927525|0.920308|0.960936|0.932977|0.934264|0.9108|0.969899|0.98883,4.63983|4.79469|4.38273|4.60778|2.99986|4.79844|4.90362|4.1126|4.91715|5.42186|2.55597|3.37071|0.640024|1.22009|2.50002|0.765875|2.64532|5.31688|6.27947|3.94615|4.04415,90.7492|89.2299|55.8812|74.5377|83.9106|10.4739|35.0583|82.5435|82.1833|34.4372|95.3312|30.3781|75.3264|12.2677|77.6192|21.0603|57.1366|40.979|91.8261|10.4661,0.215706|0.247215|0.234874|0.172691|0.204476|0.163561|0.209201|0.20461|0.216313|0.222961|0.167906|0.207992|0.191357|0.248162|0.243521|0.23095|0.235241|0.216949|0.228404|0.216931,0.53635|0.652252|0.16843|0.416585|0.65353|0.469027|0.297185|0.519435|0.528406|0.762891|0.402595|0.646488|0.567841|0.812759|0.14346|0.399278|0.218954|0.317946|0.133861|0.516407,0.869523,0.801463,0.117836,0.0993652,0.460468,0.534015,0.0732846,0.487967,0.198257,0.921169,51.6436,5.43263e-12,47756,0.887486,41.1981,1.06086e-12,38445,0.895553,0.876428,0.0878307,0.631141,0.996144,0.511517,0.22039,0.459803,0.228135,0.891603,87.9902,7.64954e-10,30733,0.967162,70.4477,9.04596e-11,52512
24,711,n1->n13->n11->n29->n31->n30->n32->n34->n36->n38->n37->n65->n85->n84->n33->n6->n12->n14->n96->n94->n51,5.37021e+09|6.60497e+13|1.78735e+12|3.6336e+13|4.79342e+12|1.26395e+10|1.78367e+12|4.7313e+12|7.73972e+11|1.16426e+13|2.79748e+13|1.12599e+09|2.02447e+09|1.07392e+09|3.64323e+13|1.14208e+09|9.70597e+10|3.70261e+10|2.51165e+12|1.36531e+10|7.46708e+11,8.19724e+08|8.87204e+12|3.29521e+11|1.77292e+13|4.42443e+12|1.81012e+09|1.05491e+12|1.15705e+12|7.77593e+10|1.19258e+12|4.96975e+12|3.2906e+08|2.41326e+08|9.00899e+08|6.32377e+12|2.20459e+08|2.76143e+10|1.44234e+10|5.36324e+11|1.67171e+09|5.06847e+11,0.000494453|0.000787814|5.47786e-05|0.000125062|0.00024651|4.789e-05|0.000179959|0.000140889|0.000426407|1.04425e-05|1.06248e-05|1.96575e-05|2.04325e-05|2.14473e-05|1.50316e-05|1.08483e-05|0.000201974|3.25754e-05|1.2987e-05|2.95455e-05|0.000185382,0.000316017|0.00788063|0.00652494|0.00231296|0.00308746|0.00655588|0.00292552|0.000270551|0.00396778|0.00950649|0.000261291|0.000428116|0.000338175|0.000434313|0.00213059|0.00010157|0.0016732|0.000181646|0.000286765|0.000125263|0.00344885,0.0109342|0.0476737|0.00125292|0.0255931|0.0211034|0.00398508|0.00778345|0.0276207|0.00497013|0.0263713|0.0457563|0.00118659|0.0354515|0.0473575|0.00968695|0.00160082|0.0313381|0.0426128|0.0377902|0.00830448|0.0365406,0.000178506|0.00335145|0.0136412|0.00291922|0.0151027|0.0178703|0.0161829|0.0210615|0.0341912|0.00318517|0.0105712|0.00176737|0.0266209|0.0366447|0.0280967|0.0260762|0.0470205|0.049061|0.0195364|0.0293842|0.0130093,0.973537|0.954869|0.988894|0.962742|0.943878|0.972158|0.953313|0.904866|0.94998|0.902547|0.964079|0.967717|0.940474|0.948551|0.923653|0.908628|0.937315|0.906626|0.951762|0.927471|0.98883,4.63983|5.26639|0.923897|0.0327787|4.82496|5.42296|0.10397|4.56594|3.70656|5.09423|4.96174|4.1126|4.91715|5.42186|1.04264|5.01633|3.07758|0.762282|0.85792|5.03384|4.04415,79.8117|13.9548|13.2112|70.4589|88.6669|69.5993|23.0914|89.5651|61.2725|46.986|13.4252|82.5435|82.1833|59.7094|50.0569|32.9383|51.9585|54.7186|71.0086|11.2844,0.246796|0.189728|0.219003|0.246199|0.215598|0.204659|0.18593|0.241996|0.204351|0.170599|0.230756|0.20461|0.216313|0.183728|0.19306|0.230728|0.222459|0.208433|0.230021|0.200895,0.338018|0.801183|0.427028|0.415176|0.123891|0.237533|0.12287|0.265381|0.413834|0.662799|0.986996|0.519435|0.528406|0.218166|0.116472|0.628307|0.326911|0.448351|0.131268|0.836539,0.869523,0.801463,0.117836,0.0993652,0.460468,0.534015,0.0732846,0.487967,0.198257,0.921169,51.6436,5.43263e-12,47756,0.887486,41.1981,1.06086e-12,38445,0.895553,0.876428,0.0878307,0.631141,0.996144,0.511517,0.22039,0.459803,0.228135,0.891603,87.9902,7.64954e-10,30733,0.967162,70.4477,9.04596e-11,52512
24,712,n1->n13->n15->n29->n28->n69->n3->n5->n7->n8->n12->n6->n33->n31->n30->n32->n34->n36->n64->n49->n51,5.37021e+09|6.60497e+13|8.77071e+11|3.6336e+13|1.34247e+11|8.81277e+09|2.78751e+13|2.91995e+11|3.81012e+11|4.61239e+13|9.70597e+10|1.14208e+09|3.64323e+13|4.79342e+12|1.26395e+10|1.78367e+12|4.7313e+12|7.73972e+11|4.21034e+09|2.45005e+09|7.46708e+11,8.19724e+08|8.87204e+12|1.06991e+11|1.77292e+13|1.51805e+10|7.57626e+09|1.44762e+13|4.67133e+10|6.70334e+10|1.04208e+13|2.76143e+10|2.20459e+08|6.32377e+12|4.42443e+12|1.81012e+09|1.05491e+12|1.15705e+12|7.77593e+10|1.60867e+09|2.44458e+09|5.06847e+11,0.000494453|0.000787814|0.000182949|0.000125062|0.00056516|0.000268039|0.00022361|7.03031e-05|0.000475679|6.6054e-05|0.000201974|1.08483e-05|1.50316e-05|0.00024651|4.789e-05|0.000179959|0.000140889|0.000426407|1.88732e-05|1.07426e-05|0.000185382,0.000316017|0.00788063|0.00274771|0.00231296|0.0093172|0.00367819|0.00776667|0.000196916|0.00104538|0.00522046|0.0016732|0.00010157|0.00213059|0.00308746|0.00655588|0.00292552|0.000270551|0.00396778|0.000135861|0.000979027|0.00344885,0.0109342|0.0476737|0.0207315|0.0255931|0.0317261|0.022957|0.0268705|0.00731162|0.01754|0.0318744|0.0313381|0.00160082|0.00968695|0.0211034|0.00398508|0.00778345|0.0276207|0.00497013|0.0266797|0.0183567|0.0365406,0.000178506|0.00335145|0.0378122|0.00291922|0.03841|0.0100342|0.0326941|0.0421608|0.0283975|0.0483133|0.0470205|0.0260762|0.0280967|0.0151027|0.0178703|0.0161829|0.0210615|0.0341912|0.0436548|0.0388066|0.0130093,0.973537|0.954869|0.910795|0.962742|0.948072|0.975915|0.982466|0.951514|0.963898|0.975256|0.937315|0.908628|0.923653|0.943878|0.972158|0.953313|0.904866|0.94998|0.933821|0.969899|0.98883,4.63983|5.26639|1.89272|0.0327787|1.48687|2.99986|4.79844|4.90362|3.51107|3.22282|3.07758|5.01633|1.04264|4.82496|5.42296|0.10397|4.56594|3.70656|5.77568|3.94615|4.04415,79.8117|66.6304|32.2763|18.7034|97.1045|83.9106|10.4739|37.2729|55.4093|81.3396|32.9383|50.0569|95.0453|88.6669|69.5993|23.0914|89.5651|43.8659|77.768|10.4661,0.246796|0.179788|0.240047|0.249902|0.207556|0.204476|0.163561|0.176784|0.230451|0.186476|0.230728|0.19306|0.234751|0.215598|0.204659|0.18593|0.241996|0.241695|0.165457|0.216931,0.338018|0.275394|0.895675|0.259002|0.438091|0.65353|0.469027|0.943162|0.745697|0.379326|0.628307|0.116472|0.258586|0.123891|0.237533|0.12287|0.265381|0.590576|0.348083|0.516407,0.869523,0.801463,0.117836,0.0993652,0.460468,0.534015,0.0732846,0.487967,0.198257,0.921169,51.6436,5.43263e-12,47756,0.887486,41.1981,1.06086e-12,38445,0.895553,0.876428,0.0878307,0.631141,0.996144,0.511517,0.22039,0.459803,0.228135,0.891603,87.9902,7.64954e-10,30733,0.967162,70.4477,9.04596e-11,52512
24,713,n1->n99->n97->n27->n26->n24->n71->n75->n74->n76->n86->n87->n70->n69->n3->n5->n65->n85->n58->n59->n50->n51,5.37021e+09|1.57108e+10|2.90604e+09|4.19351e+12|7.09351e+09|1.59557e+13|7.70008e+11|8.71921e+10|5.8385e+13|4.21804e+13|3.85304e+10|7.3435e+12|6.87309e+13|8.81277e+09|2.78751e+13|2.91995e+11|1.12599e+09|2.02447e+09|8.16696e+09|3.04563e+11|2.36425e+09|7.46708e+11,8.19724e+08|4.21389e+09|5.04144e+08|8.73344e+11|1.31666e+09|4.06569e+12|1.60546e+11|5.29113e+10|7.35096e+12|1.15782e+13|4.69095e+09|2.79916e+12|9.78332e+12|7.57626e+09|1.44762e+13|4.67133e+10|3.2906e+08|2.41326e+08|6.89506e+09|3.06423e+10|4.07889e+08|5.06847e+11,0.000494453|0.00089026|8.81202e-05|1.08528e-05|3.77967e-05|0.000193265|0.00017279|0.000766915|0.000875739|1.88608e-05|6.21631e-05|0.000634307|5.13815e-05|0.000268039|0.00022361|7.03031e-05|1.96575e-05|2.04325e-05|0.000266735|2.43107e-05|1.54283e-05|0.000185382,0.000316017|0.000350126|0.00494291|0.00262605|0.00522178|0.0012727|0.00123164|0.000203965|0.00944671|0.00214239|0.00341054|0.00151267|0.00295865|0.00367819|0.00776667|0.000196916|0.000428116|0.000338175|0.00874893|0.000202742|0.00907722|0.00344885,0.0109342|0.0362414|0.0381696|0.0303206|0.0101688|0.0433038|0.0398828|0.0243876|0.0280357|0.00156873|0.0237043|0.0186268|0.0286141|0.022957|0.0268705|0.00731162|0.00118659|0.0354515|0.0248478|0.00304046|0.00638914|0.0365406,0.000178506|0.0472365|0.00800322|0.0230682|0.0409649|0.00780618|0.0326729|0.0250863|0.0166219|0.0470058|0.0488574|0.00979507|0.0216638|0.0100342|0.0326941|0.0421608|0.00176737|0.0266209|0.0481122|0.0474075|0.0483596|0.0130093,0.973537|0.953794|0.90679|0.985376|0.981638|0.90929|0.947193|0.936129|0.90082|0.989289|0.981332|0.977244|0.966653|0.975915|0.982466|0.951514|0.967717|0.940474|0.911658|0.99171|0.910708|0.98883,4.63983|3.07459|1.41691|4.5695|2.91399|3.9732|0.117525|3.39264|0.0974208|0.578949|4.96971|2.33192|4.60778|2.99986|4.79844|4.90362|4.1126|4.91715|3.70937|5.60303|5.41755|4.04415,66.2586|94.4507|31.5608|67.4197|83.4704|44.1502|14.5634|64.3401|53.1277|37.5994|88.9922|39.9413|74.5377|83.9106|10.4739|35.0583|82.5435|90.6886|56.397|47.7013|82.9474,0.180129|0.168303|0.219936|0.171162|0.216464|0.204574|0.169453|0.220369|0.181342|0.17745|0.246364|0.180359|0.172691|0.204476|0.163561|0.209201|0.20461|0.194345|0.21902|0.170229|0.24308,0.323551|0.263233|0.557853|0.40751|0.583168|0.45026|0.275247|0.119032|0.519715|0.871942|0.83582|0.129355|0.416585|0.65353|0.469027|0.297185|0.519435|0.45102|0.533324|0.776444|0.624607,0.869523,0.801463,0.117836,0.0993652,0.460468,0.534015,0.0732846,0.487967,0.198257,0.921169,51.6436,5.43263e-12,47756,0.887486,41.1981,1.06086e-12,38445,0.895553,0.876428,0.0878307,0.631141,0.996144,0.511517,0.22039,0.459803,0.228135,0.891603,87.9902,7.64954e-10,30733,0.967162,70.4477,9.04596e-11,52512
24,714,n1->n20->n19->n18->n70->n72->n71->n73->n54->n40->n42->n44->n41->n39->n10->n63->n79->n81->n37->n65->n52->n51,5.37021e+09|4.0293e+11|2.47533e+11|7.59179e+12|6.87309e+13|6.83442e+09|7.70008e+11|1.41706e+11|2.80961e+11|3.58065e+10|2.42905e+09|5.26537e+13|3.95737e+11|3.34792e+13|2.49624e+09|6.55204e+12|1.47019e+10|2.58887e+10|2.79748e+13|1.12599e+09|1.02428e+10|7.46708e+11,8.19724e+08|1.89646e+11|2.33399e+11|4.11836e+12|9.78332e+12|1.48353e+09|1.60546e+11|5.76853e+10|2.23178e+11|4.14657e+09|2.47264e+08|2.86817e+13|1.47899e+11|1.12013e+13|7.32581e+08|2.63574e+12|4.87652e+09|8.36206e+09|4.96975e+12|3.2906e+08|2.07235e+09|5.06847e+11,0.000494453|5.21063e-05|0.000261527|2.98936e-05|5.13815e-05|0.000159499|0.00017279|6.32916e-05|1.47667e-05|6.01341e-05|8.79758e-05|0.000124649|2.35935e-05|5.53896e-05|6.27016e-05|0.000116235|0.000133131|0.000268232|1.06248e-05|1.96575e-05|0.00011644|0.000185382,0.000316017|0.000368678|0.000768065|0.000681499|0.00295865|0.00384342|0.00123164|0.000807753|0.00549128|0.00268841|0.000493531|0.00158999|0.00412419|0.0025393|0.00113469|0.00126856|0.000479664|0.000752991|0.000261291|0.000428116|0.00580301|0.00344885,0.0109342|0.0108696|0.0201979|0.0192976|0.0286141|0.0479977|0.0398828|0.0455502|0.0334079|0.0249103|0.00783732|0.0486405|0.00451081|0.00111942|0.00597815|0.0100727|0.0252961|0.0481357|0.0457563|0.00118659|0.0398377|0.0365406,0.000178506|0.0181411|0.0291803|0.0120519|0.0216638|0.0299903|0.0326729|0.028193|0.00844474|0.033399|0.0327962|0.00764508|0.00491436|0.0449458|0.0245713|0.0107197|0.0203026|0.00997263|0.0105712|0.00176737|0.0151024|0.0130093,0.973537|0.923215|0.941018|0.946711|0.966653|0.96924|0.947193|0.909539|0.927525|0.920308|0.960936|0.932977|0.923722|0.924329|0.962416|0.903245|0.966262|0.948836|0.964079|0.967717|0.965406|0.98883,4.63983|4.79469|1.39448|4.38273|4.60778|3.90463|0.117525|3.29092|1.22009|2.50002|0.765875|2.64532|4.11092|1.19952|1.97158|4.68449|3.41737|1.5908|4.96174|4.1126|0.0104102|4.04415,90.7492|86.2435|34.0839|55.8812|97.4405|45.8448|28.2621|26.1465|12.2677|77.6192|21.0603|12.7315|38.9947|24.4191|65.1286|16.1844|26.55|88.8597|13.4252|56.1703|83.3731,0.215706|0.182991|0.248409|0.234874|0.180102|0.218487|0.242769|0.196311|0.248162|0.243521|0.23095|0.246433|0.18226|0.239532|0.203746|0.22961|0.238834|0.211898|0.230756|0.247907|0.197114,0.53635|0.182796|0.983209|0.16843|0.79408|0.29317|0.940077|0.754315|0.812759|0.14346|0.399278|0.665882|0.988985|0.991722|0.514129|0.217843|0.957633|0.430076|0.986996|0.827328|0.942894,0.869523,0.801463,0.117836,0.0993652,0.460468,0.534015,0.0732846,0.487967,0.198257,0.921169,51.6436,5.43263e-12,47756,0.887486,41.1981,1.06086e-12,38445,0.895553,0.876428,0.0878307,0.631141,0.996144,0.511517,0.22039,0.459803,0.228135,0.891603,87.9902,7.64954e-10,30733,0.967162,70.4477,9.04596e-11,52512
24,715,n1->n99->n77->n93->n95->n97->n27->n26->n47->n46->n62->n60->n59->n58->n85->n65->n37->n81->n79->n63->n61->n51,5.37021e+09|1.57108e+10|5.68112e+11|4.22601e+13|1.05601e+11|2.90604e+09|4.19351e+12|7.09351e+09|4.74236e+11|5.53417e+12|2.37342e+11|8.79841e+13|3.04563e+11|8.16696e+09|2.02447e+09|1.12599e+09|2.79748e+13|2.58887e+10|1.47019e+10|6.55204e+12|6.44979e+11|7.46708e+11,8.19724e+08|4.21389e+09|3.56307e+11|1.3774e+13|5.46554e+10|5.04144e+08|8.73344e+11|1.31666e+09|1.54765e+11|1.63629e+12|1.13053e+11|5.95756e+13|3.06423e+10|6.89506e+09|2.41326e+08|3.2906e+08|4.96975e+12|8.36206e+09|4.87652e+09|2.63574e+12|1.30372e+11|5.06847e+11,0.000494453|0.00089026|8.49487e-05|8.45967e-05|0.000260968|8.81202e-05|1.08528e-05|3.77967e-05|0.000202873|0.000489732|8.24006e-05|0.000731749|2.43107e-05|0.000266735|2.04325e-05|1.96575e-05|1.06248e-05|0.000268232|0.000133131|0.000116235|3.71253e-05|0.000185382,0.000316017|0.000350126|0.000906866|0.000162335|0.000186877|0.00494291|0.00262605|0.00522178|0.000266598|0.000159088|0.00794111|0.000248463|0.000202742|0.00874893|0.000338175|0.000428116|0.000261291|0.000752991|0.000479664|0.00126856|0.00313588|0.00344885,0.0109342|0.0362414|0.04851|0.0108045|0.00282907|0.0381696|0.0303206|0.0101688|0.00898217|0.029055|0.0242596|0.0128442|0.00304046|0.0248478|0.0354515|0.00118659|0.0457563|0.0481357|0.0252961|0.0100727|0.0266048|0.0365406,0.000178506|0.0472365|0.0115254|0.0326183|0.0420997|0.00800322|0.0230682|0.0409649|0.0488958|0.0302566|0.0480911|0.0431033|0.0474075|0.0481122|0.0266209|0.00176737|0.0105712|0.00997263|0.0203026|0.0107197|0.0179693|0.0130093,0.973537|0.953794|0.949999|0.912097|0.966581|0.90679|0.985376|0.981638|0.9108|0.923372|0.98053|0.945549|0.99171|0.911658|0.940474|0.967717|0.964079|0.948836|0.966262|0.903245|0.958619|0.98883,4.63983|3.07459|0.722366|5.92115|1.09944|1.41691|4.5695|2.91399|6.27947|0.31178|5.59786|4.50487|5.60303|3.70937|4.91715|4.1126|4.96174|1.5908|3.41737|4.68449|2.63855|4.04415,66.2586|96.5216|51.9256|24.941|11.8968|31.5608|67.4197|70.8805|71.5316|56.7189|48.3985|76.8491|56.397|90.6886|82.5435|13.4252|88.8597|26.55|16.1844|47.0482|66.5616,0.180129|0.241387|0.247077|0.237661|0.228013|0.219936|0.171162|0.189485|0.196056|0.167864|0.17162|0.204072|0.21902|0.194345|0.20461|0.230756|0.211898|0.238834|0.22961|0.167884|0.171721,0.323551|0.664018|0.469529|0.985064|0.342677|0.557853|0.40751|0.757042|0.758317|0.624525|0.641887|0.509755|0.533324|0.45102|0.519435|0.986996|0.430076|0.957633|0.217843|0.410418|0.235817,0.869523,0.801463,0.117836,0.0993652,0.460468,0.534015,0.0732846,0.487967,0.198257,0.921169,51.6436,5.43263e-12,47756,0.887486,41.1981,1.06086e-12,38445,0.895553,0.876428,0.0878307,0.631141,0.996144,0.511517,0.22039,0.459803,0.228135,0.891603,87.9902,7.64954e-10,30733,0.967162,70.4477,9.04596e-11,52512
24,716,n1->n99->n97->n96->n14->n13->n15->n34->n36->n38->n39->n37->n81->n80->n78->n76->n74->n57->n55->n53->n52->n51,5.37021e+09|1.57108e+10|2.90604e+09|2.51165e+12|3.70261e+10|6.60497e+13|8.77071e+11|4.7313e+12|7.73972e+11|1.16426e+13|3.34792e+13|2.79748e+13|2.58887e+10|2.45686e+13|3.25238e+10|4.21804e+13|5.8385e+13|4.14288e+09|8.84081e+12|4.60474e+10|1.02428e+10|7.46708e+11,8.19724e+08|4.21389e+09|5.04144e+08|5.36324e+11|1.44234e+10|8.87204e+12|1.06991e+11|1.15705e+12|7.77593e+10|1.19258e+12|1.12013e+13|4.96975e+12|8.36206e+09|2.75437e+12|2.30731e+10|1.15782e+13|7.35096e+12|2.05006e+09|4.69454e+12|3.18273e+10|2.07235e+09|5.06847e+11,0.000494453|0.00089026|8.81202e-05|1.2987e-05|3.25754e-05|0.000787814|0.000182949|0.000140889|0.000426407|1.04425e-05|5.53896e-05|1.06248e-05|0.000268232|1.13052e-05|0.000270955|1.88608e-05|0.000875739|0.000173612|4.06274e-05|2.00633e-05|0.00011644|0.000185382,0.000316017|0.000350126|0.00494291|0.000286765|0.000181646|0.00788063|0.00274771|0.000270551|0.00396778|0.00950649|0.0025393|0.000261291|0.000752991|0.000238286|0.00167497|0.00214239|0.00944671|0.00271581|0.000128431|0.000509085|0.00580301|0.00344885,0.0109342|0.0362414|0.0381696|0.0377902|0.0426128|0.0476737|0.0207315|0.0276207|0.00497013|0.0263713|0.00111942|0.0457563|0.0481357|0.00592883|0.00569443|0.00156873|0.0280357|0.0328142|0.00843704|5.21659e-05|0.0398377|0.0365406,0.000178506|0.0472365|0.00800322|0.0195364|0.049061|0.00335145|0.0378122|0.0210615|0.0341912|0.00318517|0.0449458|0.0105712|0.00997263|0.0262948|0.0425349|0.0470058|0.0166219|0.0437642|0.0314938|0.00115664|0.0151024|0.0130093,0.973537|0.953794|0.90679|0.951762|0.906626|0.954869|0.910795|0.904866|0.94998|0.902547|0.924329|0.964079|0.948836|0.919013|0.92832|0.989289|0.90082|0.983348|0.908585|0.913872|0.965406|0.98883,4.63983|3.07459|1.41691|0.85792|0.762282|5.26639|1.89272|4.56594|3.70656|5.09423|1.19952|4.96174|1.5908|0.100836|3.3614|0.578949|0.0974208|1.93323|3.37071|0.640024|0.0104102|4.04415,66.2586|94.4507|37.9513|54.7186|92.5451|66.6304|27.3162|89.5651|61.2725|52.0957|31.554|88.8597|15.5679|66.5291|69.3348|53.1277|95.6836|61.5999|30.3781|81.3721|83.3731,0.180129|0.168303|0.246589|0.208433|0.191459|0.179788|0.231681|0.241996|0.204351|0.199024|0.195005|0.211898|0.212149|0.222935|0.194827|0.181342|0.169856|0.220389|0.207992|0.184589|0.197114,0.323551|0.263233|0.157157|0.448351|0.161307|0.275394|0.750497|0.265381|0.413834|0.46236|0.711047|0.430076|0.870283|0.109088|0.93416|0.519715|0.815246|0.549818|0.646488|0.272111|0.942894,0.869523,0.801463,0.117836,0.0993652,0.460468,0.534015,0.0732846,0.487967,0.198257,0.921169,51.6436,5.43263e-12,47756,0.887486,41.1981,1.06086e-12,38445,0.895553,0.876428,0.0878307,0.631141,0.996144,0.511517,0.22039,0.459803,0.228135,0.891603,87.9902,7.64954e-10,30733,0.967162,70.4477,9.04596e-11,52512
24,717,n1->n13->n11->n9->n7->n8->n12->n6->n33->n24->n26->n47->n48->n50->n29->n15->n63->n82->n95->n93->n94->n51,5.37021e+09|6.60497e+13|1.78735e+12|1.49139e+12|3.81012e+11|4.61239e+13|9.70597e+10|1.14208e+09|3.64323e+13|1.59557e+13|7.09351e+09|4.74236e+11|3.98001e+12|2.36425e+09|3.6336e+13|8.77071e+11|6.55204e+12|1.07979e+13|1.05601e+11|4.22601e+13|1.36531e+10|7.46708e+11,8.19724e+08|8.87204e+12|3.29521e+11|3.79906e+11|6.70334e+10|1.04208e+13|2.76143e+10|2.20459e+08|6.32377e+12|4.06569e+12|1.31666e+09|1.54765e+11|1.69514e+12|4.07889e+08|1.77292e+13|1.06991e+11|2.63574e+12|1.66379e+12|5.46554e+10|1.3774e+13|1.67171e+09|5.06847e+11,0.000494453|0.000787814|5.47786e-05|1.80008e-05|0.000475679|6.6054e-05|0.000201974|1.08483e-05|1.50316e-05|0.000193265|3.77967e-05|0.000202873|4.78153e-05|1.54283e-05|0.000125062|0.000182949|0.000116235|0.000837919|0.000260968|8.45967e-05|2.95455e-05|0.000185382,0.000316017|0.00788063|0.00652494|0.00065196|0.00104538|0.00522046|0.0016732|0.00010157|0.00213059|0.0012727|0.00522178|0.000266598|0.00544009|0.00907722|0.00231296|0.00274771|0.00126856|0.00271152|0.000186877|0.000162335|0.000125263|0.00344885,0.0109342|0.0476737|0.00125292|0.0140743|0.01754|0.0318744|0.0313381|0.00160082|0.00968695|0.0433038|0.0101688|0.00898217|0.0455031|0.00638914|0.0255931|0.0207315|0.0100727|0.0278433|0.00282907|0.0108045|0.00830448|0.0365406,0.000178506|0.00335145|0.0136412|0.033904|0.0283975|0.0483133|0.0470205|0.0260762|0.0280967|0.00780618|0.0409649|0.0488958|0.0360942|0.0483596|0.00291922|0.0378122|0.0107197|0.0266174|0.0420997|0.0326183|0.0293842|0.0130093,0.973537|0.954869|0.988894|0.963574|0.963898|0.975256|0.937315|0.908628|0.923653|0.90929|0.981638|0.9108|0.967439|0.910708|0.962742|0.910795|0.903245|0.934435|0.966581|0.912097|0.927471|0.98883,4.63983|5.26639|0.923897|5.88966|3.51107|3.22282|3.07758|5.01633|1.04264|3.9732|2.91399|6.27947|3.09858|5.41755|0.0327787|1.89272|4.68449|0.132111|1.09944|5.92115|5.03384|4.04415,79.8117|13.9548|99.0064|59.8148|55.4093|81.3396|32.9383|50.0569|98.0873|83.4704|70.8805|78.8723|23.5956|37.0378|32.2763|11.0615|48.6997|75.699|24.941|63.1349|11.2844,0.246796|0.189728|0.201409|0.18359|0.230451|0.186476|0.230728|0.19306|0.239791|0.216464|0.189485|0.239998|0.191801|0.191256|0.240047|0.214255|0.175742|0.21275|0.237661|0.209804|0.200895,0.338018|0.801183|0.439638|0.339058|0.745697|0.379326|0.628307|0.116472|0.939209|0.583168|0.757042|0.300482|0.688345|0.182586|0.895675|0.692153|0.4301|0.837867|0.985064|0.17375|0.836539,0.869523,0.801463,0.117836,0.0993652,0.460468,0.534015,0.0732846,0.487967,0.198257,0.921169,51.6436,5.43263e-12,47756,0.887486,41.1981,1.06086e-12,38445,0.895553,0.876428,0.0878307,0.631141,0.996144,0.511517,0.22039,0.459803,0.228135,0.891603,87.9902,7.64954e-10,30733,0.967162,70.4477,9.04596e-11,52512
24,718,n1->n13->n15->n34->n32->n66->n68->n17->n18->n20->n89->n90->n100->n73->n54->n55->n56->n84->n82->n63->n61->n51,5.37021e+09|6.60497e+13|8.77071e+11|4.7313e+12|1.78367e+12|1.10072e+10|1.31753e+09|1.51096e+11|7.59179e+12|4.0293e+11|2.68119e+11|1.33273e+11|4.01966e+09|1.41706e+11|2.80961e+11|8.84081e+12|1.1605e+12|1.07392e+09|1.07979e+13|6.55204e+12|6.44979e+11|7.46708e+11,8.19724e+08|8.87204e+12|1.06991e+11|1.15705e+12|1.05491e+12|8.7665e+09|3.10679e+08|1.57582e+10|4.11836e+12|1.89646e+11|9.23423e+10|6.41526e+10|2.27749e+09|5.76853e+10|2.23178e+11|4.69454e+12|5.65456e+11|9.00899e+08|1.66379e+12|2.63574e+12|1.30372e+11|5.06847e+11,0.000494453|0.000787814|0.000182949|0.000140889|0.000179959|0.000237659|0.000223952|0.000261059|2.98936e-05|5.21063e-05|3.55201e-05|0.000319756|0.000665246|6.32916e-05|1.47667e-05|4.06274e-05|1.7812e-05|2.14473e-05|0.000837919|0.000116235|3.71253e-05|0.000185382,0.000316017|0.00788063|0.00274771|0.000270551|0.00292552|0.000470269|0.00843573|0.000513001|0.000681499|0.000368678|0.000111435|0.000672662|0.00914892|0.000807753|0.00549128|0.000128431|0.000830638|0.000434313|0.00271152|0.00126856|0.00313588|0.00344885,0.0109342|0.0476737|0.0207315|0.0276207|0.00778345|0.0203827|0.0370095|0.0430027|0.0192976|0.0108696|0.0107812|0.0285929|0.0100829|0.0455502|0.0334079|0.00843704|0.0231698|0.0473575|0.0278433|0.0100727|0.0266048|0.0365406,0.000178506|0.00335145|0.0378122|0.0210615|0.0161829|0.0146278|0.00589983|0.00442808|0.0120519|0.0181411|0.0401575|0.0372754|0.0460028|0.028193|0.00844474|0.0314938|0.0417641|0.0366447|0.0266174|0.0107197|0.0179693|0.0130093,0.973537|0.954869|0.910795|0.904866|0.953313|0.978907|0.984554|0.974312|0.946711|0.923215|0.926416|0.984478|0.935175|0.909539|0.927525|0.908585|0.944528|0.948551|0.934435|0.903245|0.958619|0.98883,4.63983|5.26639|1.89272|4.56594|0.10397|3.10364|5.26958|5.11322|4.38273|4.79469|0.0868458|4.02061|3.89025|3.29092|1.22009|3.37071|2.55597|5.42186|0.132111|4.68449|2.63855|4.04415,79.8117|66.6304|27.3162|23.0914|27.3217|70.8824|23.9015|43.2583|89.2299|18.2346|12.726|32.7492|20.1165|26.1465|27.8669|95.3312|34.4372|83.37|48.6997|47.0482|66.5616,0.246796|0.179788|0.231681|0.18593|0.199785|0.16183|0.236806|0.218822|0.247215|0.231355|0.226099|0.191207|0.175955|0.196311|0.169326|0.167906|0.222961|0.203763|0.175742|0.167884|0.171721,0.338018|0.275394|0.750497|0.12287|0.769012|0.215539|0.2818|0.981182|0.652252|0.595303|0.757755|0.878161|0.825877|0.754315|0.414082|0.402595|0.762891|0.808712|0.4301|0.410418|0.235817,0.869523,0.801463,0.117836,0.0993652,0.460468,0.534015,0.0732846,0.487967,0.198257,0.921169,51.6436,5.43263e-12,47756,0.887486,41.1981,1.06086e-12,38445,0.895553,0.876428,0.0878307,0.631141,0.996144,0.511517,0.22039,0.459803,0.228135,0.891603,87.9902,7.64954e-10,30733,0.967162,70.4477,9.04596e-11,52512
24,719,n1->n13->n12->n6->n33->n24->n23->n21->n20->n18->n16->n38->n67->n64->n36->n34->n35->n31->n29->n27->n52->n51,5.37021e+09|6.60497e+13|9.70597e+10|1.14208e+09|3.64323e+13|1.59557e+13|4.63033e+10|1.56161e+12|4.0293e+11|7.59179e+12|1.09193e+13|1.16426e+13|4.7483e+09|4.21034e+09|7.73972e+11|4.7313e+12|5.77859e+11|4.79342e+12|3.6336e+13|4.19351e+12|1.02428e+10|7.46708e+11,8.19724e+08|8.87204e+12|2.76143e+10|2.20459e+08|6.32377e+12|4.06569e+12|3.30225e+10|3.02345e+11|1.89646e+11|4.11836e+12|1.33827e+12|1.19258e+12|7.5553e+08|1.60867e+09|7.77593e+10|1.15705e+12|4.88834e+11|4.42443e+12|1.77292e+13|8.73344e+11|2.07235e+09|5.06847e+11,0.000494453|0.000787814|0.000201974|1.08483e-05|1.50316e-05|0.000193265|0.000277161|0.00096308|5.21063e-05|2.98936e-05|3.71682e-05|1.04425e-05|3.91885e-05|1.88732e-05|0.000426407|0.000140889|0.000412952|0.00024651|0.000125062|1.08528e-05|0.00011644|0.000185382,0.000316017|0.00788063|0.0016732|0.00010157|0.00213059|0.0012727|0.00418014|0.00195589|0.000368678|0.000681499|0.00174713|0.00950649|0.000640186|0.000135861|0.00396778|0.000270551|0.00138752|0.00308746|0.00231296|0.00262605|0.00580301|0.00344885,0.0109342|0.0476737|0.0313381|0.00160082|0.00968695|0.0433038|0.00314906|0.00712365|0.0108696|0.0192976|0.0123696|0.0263713|0.029632|0.0266797|0.00497013|0.0276207|0.00215298|0.0211034|0.0255931|0.0303206|0.0398377|0.0365406,0.000178506|0.00335145|0.0470205|0.0260762|0.0280967|0.00780618|0.0470385|0.0414669|0.0181411|0.0120519|0.0240438|0.00318517|0.0482082|0.0436548|0.0341912|0.0210615|0.0375959|0.0151027|0.00291922|0.0230682|0.0151024|0.0130093,0.973537|0.954869|0.937315|0.908628|0.923653|0.90929|0.92176|0.971602|0.923215|0.946711|0.979533|0.902547|0.924883|0.933821|0.94998|0.904866|0.952159|0.943878|0.962742|0.985376|0.965406|0.98883,4.63983|5.26639|3.07758|5.01633|1.04264|3.9732|2.08786|3.14177|4.79469|4.38273|1.69436|5.09423|2.06342|5.77568|3.70656|4.56594|5.24666|4.82496|0.0327787|4.5695|0.0104102|4.04415,79.8117|56.34|32.9383|50.0569|98.0873|44.8869|88.4205|76.7594|89.2299|72.2829|28.0546|59.2872|95.5844|43.8659|89.5651|26.2497|91.3525|70.4589|49.6282|46.2248|83.3731,0.246796|0.206669|0.230728|0.19306|0.239791|0.161116|0.232237|0.218425|0.247215|0.180241|0.17367|0.200548|0.248978|0.241695|0.241996|0.244194|0.243038|0.246199|0.180772|0.183493|0.197114,0.338018|0.285239|0.628307|0.116472|0.939209|0.528582|0.516177|0.515127|0.652252|0.553025|0.828443|0.127053|0.480161|0.590576|0.265381|0.307851|0.658826|0.415176|0.511755|0.657987|0.942894,0.869523,0.801463,0.117836,0.0993652,0.460468,0.534015,0.0732846,0.487967,0.198257,0.921169,51.6436,5.43263e-12,47756,0.887486,41.1981,1.06086e-12,38445,0.895553,0.876428,0.0878307,0.631141,0.996144,0.511517,0.22039,0.459803,0.228135,0.891603,87.9902,7.64954e-10,30733,0.967162,70.4477,9.04596e-11,52512
24,720,n1->n13->n12->n14->n75->n76->n69->n70->n18->n16->n38->n36->n34->n32->n33->n31->n30->n29->n15->n63->n61->n51,5.37021e+09|6.60497e+13|9.70597e+10|3.70261e+10|8.71921e+10|4.21804e+13|8.81277e+09|6.87309e+13|7.59179e+12|1.09193e+13|1.16426e+13|7.73972e+11|4.7313e+12|1.78367e+12|3.64323e+13|4.79342e+12|1.26395e+10|3.6336e+13|8.77071e+11|6.55204e+12|6.44979e+11|7.46708e+11,8.19724e+08|8.87204e+12|2.76143e+10|1.44234e+10|5.29113e+10|1.15782e+13|7.57626e+09|9.78332e+12|4.11836e+12|1.33827e+12|1.19258e+12|7.77593e+10|1.15705e+12|1.05491e+12|6.32377e+12|4.42443e+12|1.81012e+09|1.77292e+13|1.06991e+11|2.63574e+12|1.30372e+11|5.06847e+11,0.000494453|0.000787814|0.000201974|3.25754e-05|0.000766915|1.88608e-05|0.000268039|5.13815e-05|2.98936e-05|3.71682e-05|1.04425e-05|0.000426407|0.000140889|0.000179959|1.50316e-05|0.00024651|4.789e-05|0.000125062|0.000182949|0.000116235|3.71253e-05|0.000185382,0.000316017|0.00788063|0.0016732|0.000181646|0.000203965|0.00214239|0.00367819|0.00295865|0.000681499|0.00174713|0.00950649|0.00396778|0.000270551|0.00292552|0.00213059|0.00308746|0.00655588|0.00231296|0.00274771|0.00126856|0.00313588|0.00344885,0.0109342|0.0476737|0.0313381|0.0426128|0.0243876|0.00156873|0.022957|0.0286141|0.0192976|0.0123696|0.0263713|0.00497013|0.0276207|0.00778345|0.00968695|0.0211034|0.00398508|0.0255931|0.0207315|0.0100727|0.0266048|0.0365406,0.000178506|0.00335145|0.0470205|0.049061|0.0250863|0.0470058|0.0100342|0.0216638|0.0120519|0.0240438|0.00318517|0.0341912|0.0210615|0.0161829|0.0280967|0.0151027|0.0178703|0.00291922|0.0378122|0.0107197|0.0179693|0.0130093,0.973537|0.954869|0.937315|0.906626|0.936129|0.989289|0.975915|0.966653|0.946711|0.979533|0.902547|0.94998|0.904866|0.953313|0.923653|0.943878|0.972158|0.962742|0.910795|0.903245|0.958619|0.98883,4.63983|5.26639|3.07758|0.762282|3.39264|0.578949|2.99986|4.60778|4.38273|1.69436|5.09423|3.70656|4.56594|0.10397|1.04264|4.82496|5.42296|0.0327787|1.89272|4.68449|2.63855|4.04415,79.8117|56.34|51.9585|56.2706|63.5216|66.666|74.5377|55.8812|72.2829|28.0546|61.2725|89.5651|23.0914|61.2747|95.0453|88.6669|29.3504|32.2763|11.0615|47.0482|66.5616,0.246796|0.206669|0.222459|0.226178|0.207806|0.212271|0.172691|0.234874|0.180241|0.17367|0.204351|0.241996|0.18593|0.208144|0.234751|0.215598|0.179657|0.240047|0.214255|0.167884|0.171721,0.338018|0.285239|0.326911|0.725021|0.844544|0.890059|0.416585|0.16843|0.553025|0.828443|0.413834|0.265381|0.12287|0.704271|0.258586|0.123891|0.887943|0.895675|0.692153|0.410418|0.235817,0.869523,0.801463,0.117836,0.0993652,0.460468,0.534015,0.0732846,0.487967,0.198257,0.921169,51.6436,5.43263e-12,47756,0.887486,41.1981,1.06086e-12,38445,0.895553,0.876428,0.0878307,0.631141,0.996144,0.511517,0.22039,0.459803,0.228135,0.891603,87.9902,7.64954e-10,30733,0.967162,70.4477,9.04596e-11,52512
24,721,n1->n13->n11->n9->n7->n2->n100->n90->n89->n48->n46->n62->n61->n63->n10->n73->n71->n72->n77->n93->n94->n51,5.37021e+09|6.60497e+13|1.78735e+12|1.49139e+12|3.81012e+11|5.94248e+10|4.01966e+09|1.33273e+11|2.68119e+11|3.98001e+12|5.53417e+12|2.37342e+11|6.44979e+11|6.55204e+12|2.49624e+09|1.41706e+11|7.70008e+11|6.83442e+09|5.68112e+11|4.22601e+13|1.36531e+10|7.46708e+11,8.19724e+08|8.87204e+12|3.29521e+11|3.79906e+11|6.70334e+10|3.74975e+10|2.27749e+09|6.41526e+10|9.23423e+10|1.69514e+12|1.63629e+12|1.13053e+11|1.30372e+11|2.63574e+12|7.32581e+08|5.76853e+10|1.60546e+11|1.48353e+09|3.56307e+11|1.3774e+13|1.67171e+09|5.06847e+11,0.000494453|0.000787814|5.47786e-05|1.80008e-05|0.000475679|1.10648e-05|0.000665246|0.000319756|3.55201e-05|4.78153e-05|0.000489732|8.24006e-05|3.71253e-05|0.000116235|6.27016e-05|6.32916e-05|0.00017279|0.000159499|8.49487e-05|8.45967e-05|2.95455e-05|0.000185382,0.000316017|0.00788063|0.00652494|0.00065196|0.00104538|0.00120557|0.00914892|0.000672662|0.000111435|0.00544009|0.000159088|0.00794111|0.00313588|0.00126856|0.00113469|0.000807753|0.00123164|0.00384342|0.000906866|0.000162335|0.000125263|0.00344885,0.0109342|0.0476737|0.00125292|0.0140743|0.01754|0.00369149|0.0100829|0.0285929|0.0107812|0.0455031|0.029055|0.0242596|0.0266048|0.0100727|0.00597815|0.0455502|0.0398828|0.0479977|0.04851|0.0108045|0.00830448|0.0365406,0.000178506|0.00335145|0.0136412|0.033904|0.0283975|0.0127317|0.0460028|0.0372754|0.0401575|0.0360942|0.0302566|0.0480911|0.0179693|0.0107197|0.0245713|0.028193|0.0326729|0.0299903|0.0115254|0.0326183|0.0293842|0.0130093,0.973537|0.954869|0.988894|0.963574|0.963898|0.968894|0.935175|0.984478|0.926416|0.967439|0.923372|0.98053|0.958619|0.903245|0.962416|0.909539|0.947193|0.96924|0.949999|0.912097|0.927471|0.98883,4.63983|5.26639|0.923897|5.88966|3.51107|4.74216|3.89025|4.02061|0.0868458|3.09858|0.31178|5.59786|2.63855|4.68449|1.97158|3.29092|0.117525|3.90463|0.722366|5.92115|5.03384|4.04415,79.8117|13.9548|99.0064|59.8148|88.6198|37.015|32.7492|12.726|94.0077|41.9872|56.7189|89.0369|47.0482|65.1286|29.3778|28.2621|45.8448|92.3918|51.9256|63.1349|11.2844,0.246796|0.189728|0.201409|0.18359|0.228013|0.17211|0.191207|0.226099|0.234363|0.178665|0.167864|0.198053|0.167884|0.203746|0.202302|0.242769|0.218487|0.167022|0.247077|0.209804|0.200895,0.338018|0.801183|0.439638|0.339058|0.84397|0.315214|0.878161|0.757755|0.948873|0.182289|0.624525|0.704733|0.410418|0.514129|0.747283|0.940077|0.29317|0.776051|0.469529|0.17375|0.836539,0.869523,0.801463,0.117836,0.0993652,0.460468,0.534015,0.0732846,0.487967,0.198257,0.921169,51.6436,5.43263e-12,47756,0.887486,41.1981,1.06086e-12,38445,0.895553,0.876428,0.0878307,0.631141,0.996144,0.511517,0.22039,0.459803,0.228135,0.891603,87.9902,7.64954e-10,30733,0.967162,70.4477,9.04596e-11,52512
24,722,n1->n20->n18->n19->n68->n66->n32->n34->n36->n64->n67->n38->n39->n37->n81->n79->n63->n15->n29->n27->n52->n51,5.37021e+09|4.0293e+11|7.59179e+12|2.47533e+11|1.31753e+09|1.10072e+10|1.78367e+12|4.7313e+12|7.73972e+11|4.21034e+09|4.7483e+09|1.16426e+13|3.34792e+13|2.79748e+13|2.58887e+10|1.47019e+10|6.55204e+12|8.77071e+11|3.6336e+13|4.19351e+12|1.02428e+10|7.46708e+11,8.19724e+08|1.89646e+11|4.11836e+12|2.33399e+11|3.10679e+08|8.7665e+09|1.05491e+12|1.15705e+12|7.77593e+10|1.60867e+09|7.5553e+08|1.19258e+12|1.12013e+13|4.96975e+12|8.36206e+09|4.87652e+09|2.63574e+12|1.06991e+11|1.77292e+13|8.73344e+11|2.07235e+09|5.06847e+11,0.000494453|5.21063e-05|2.98936e-05|0.000261527|0.000223952|0.000237659|0.000179959|0.000140889|0.000426407|1.88732e-05|3.91885e-05|1.04425e-05|5.53896e-05|1.06248e-05|0.000268232|0.000133131|0.000116235|0.000182949|0.000125062|1.08528e-05|0.00011644|0.000185382,0.000316017|0.000368678|0.000681499|0.000768065|0.00843573|0.000470269|0.00292552|0.000270551|0.00396778|0.000135861|0.000640186|0.00950649|0.0025393|0.000261291|0.000752991|0.000479664|0.00126856|0.00274771|0.00231296|0.00262605|0.00580301|0.00344885,0.0109342|0.0108696|0.0192976|0.0201979|0.0370095|0.0203827|0.00778345|0.0276207|0.00497013|0.0266797|0.029632|0.0263713|0.00111942|0.0457563|0.0481357|0.0252961|0.0100727|0.0207315|0.0255931|0.0303206|0.0398377|0.0365406,0.000178506|0.0181411|0.0120519|0.0291803|0.00589983|0.0146278|0.0161829|0.0210615|0.0341912|0.0436548|0.0482082|0.00318517|0.0449458|0.0105712|0.00997263|0.0203026|0.0107197|0.0378122|0.00291922|0.0230682|0.0151024|0.0130093,0.973537|0.923215|0.946711|0.941018|0.984554|0.978907|0.953313|0.904866|0.94998|0.933821|0.924883|0.902547|0.924329|0.964079|0.948836|0.966262|0.903245|0.910795|0.962742|0.985376|0.965406|0.98883,4.63983|4.79469|4.38273|1.39448|5.26958|3.10364|0.10397|4.56594|3.70656|5.77568|2.06342|5.09423|1.19952|4.96174|1.5908|3.41737|4.68449|1.89272|0.0327787|4.5695|0.0104102|4.04415,90.7492|89.2299|34.0839|67.5745|70.8824|27.3217|23.0914|89.5651|43.8659|95.5844|59.2872|52.0957|31.554|88.8597|26.55|16.1844|11.0615|32.2763|49.6282|46.2248|83.3731,0.215706|0.247215|0.248409|0.2055|0.16183|0.199785|0.18593|0.241996|0.241695|0.248978|0.200548|0.199024|0.195005|0.211898|0.238834|0.22961|0.214255|0.240047|0.180772|0.183493|0.197114,0.53635|0.652252|0.983209|0.968257|0.215539|0.769012|0.12287|0.265381|0.590576|0.480161|0.127053|0.46236|0.711047|0.430076|0.957633|0.217843|0.692153|0.895675|0.511755|0.657987|0.942894,0.869523,0.801463,0.117836,0.0993652,0.460468,0.534015,0.0732846,0.487967,0.198257,0.921169,51.6436,5.43263e-12,47756,0.887486,41.1981,1.06086e-12,38445,0.895553,0.876428,0.0878307,0.631141,0.996144,0.511517,0.22039,0.459803,0.228135,0.891603,87.9902,7.64954e-10,30733,0.967162,70.4477,9.04596e-11,52512
24,723,n1->n99->n77->n72->n70->n69->n76->n30->n31->n33->n84->n85->n83->n81->n79->n63->n82->n95->n93->n92->n94->n51,5.37021e+09|1.57108e+10|5.68112e+11|6.83442e+09|6.87309e+13|8.81277e+09|4.21804e+13|1.26395e+10|4.79342e+12|3.64323e+13|1.07392e+09|2.02447e+09|3.76373e+13|2.58887e+10|1.47019e+10|6.55204e+12|1.07979e+13|1.05601e+11|4.22601e+13|1.97334e+09|1.36531e+10|7.46708e+11,8.19724e+08|4.21389e+09|3.56307e+11|1.48353e+09|9.78332e+12|7.57626e+09|1.15782e+13|1.81012e+09|4.42443e+12|6.32377e+12|9.00899e+08|2.41326e+08|2.34723e+13|8.36206e+09|4.87652e+09|2.63574e+12|1.66379e+12|5.46554e+10|1.3774e+13|1.46451e+09|1.67171e+09|5.06847e+11,0.000494453|0.00089026|8.49487e-05|0.000159499|5.13815e-05|0.000268039|1.88608e-05|4.789e-05|0.00024651|1.50316e-05|2.14473e-05|2.04325e-05|1.86087e-05|0.000268232|0.000133131|0.000116235|0.000837919|0.000260968|8.45967e-05|2.75832e-05|2.95455e-05|0.000185382,0.000316017|0.000350126|0.000906866|0.00384342|0.00295865|0.00367819|0.00214239|0.00655588|0.00308746|0.00213059|0.000434313|0.000338175|0.000175452|0.000752991|0.000479664|0.00126856|0.00271152|0.000186877|0.000162335|0.0052688|0.000125263|0.00344885,0.0109342|0.0362414|0.04851|0.0479977|0.0286141|0.022957|0.00156873|0.00398508|0.0211034|0.00968695|0.0473575|0.0354515|0.015405|0.0481357|0.0252961|0.0100727|0.0278433|0.00282907|0.0108045|0.0444618|0.00830448|0.0365406,0.000178506|0.0472365|0.0115254|0.0299903|0.0216638|0.0100342|0.0470058|0.0178703|0.0151027|0.0280967|0.0366447|0.0266209|0.038157|0.00997263|0.0203026|0.0107197|0.0266174|0.0420997|0.0326183|0.0387741|0.0293842|0.0130093,0.973537|0.953794|0.949999|0.96924|0.966653|0.975915|0.989289|0.972158|0.943878|0.923653|0.948551|0.940474|0.947801|0.948836|0.966262|0.903245|0.934435|0.966581|0.912097|0.987763|0.927471|0.98883,4.63983|3.07459|0.722366|3.90463|4.60778|2.99986|0.578949|5.42296|4.82496|1.04264|5.42186|4.91715|4.11052|1.5908|3.41737|4.68449|0.132111|1.09944|5.92115|6.03913|5.03384|4.04415,66.2586|96.5216|92.3918|97.4405|74.5377|66.666|21.8454|88.6669|95.0453|59.7094|82.1833|92.2019|78.7627|26.55|16.1844|48.6997|75.699|24.941|61.035|13.5087|11.2844,0.180129|0.241387|0.167022|0.180102|0.172691|0.212271|0.220509|0.215598|0.234751|0.183728|0.216313|0.231254|0.170031|0.238834|0.22961|0.175742|0.21275|0.237661|0.21409|0.230182|0.200895,0.323551|0.664018|0.776051|0.79408|0.416585|0.890059|0.936019|0.123891|0.258586|0.218166|0.528406|0.604504|0.530775|0.957633|0.217843|0.4301|0.837867|0.985064|0.722832|0.731663|0.836539,0.869523,0.801463,0.117836,0.0993652,0.460468,0.534015,0.0732846,0.487967,0.198257,0.921169,51.6436,5.43263e-12,47756,0.887486,41.1981,1.06086e-12,38445,0.895553,0.876428,0.0878307,0.631141,0.996144,0.511517,0.22039,0.459803,0.228135,0.891603,87.9902,7.64954e-10,30733,0.967162,70.4477,9.04596e-11,52512
24,724,n1->n20->n19->n18->n16->n38->n37->n65->n64->n67->n21->n23->n77->n72->n45->n44->n41->n39->n10->n63->n61->n51,5.37021e+09|4.0293e+11|2.47533e+11|7.59179e+12|1.09193e+13|1.16426e+13|2.79748e+13|1.12599e+09|4.21034e+09|4.7483e+09|1.56161e+12|4.63033e+10|5.68112e+11|6.83442e+09|8.38488e+13|5.26537e+13|3.95737e+11|3.34792e+13|2.49624e+09|6.55204e+12|6.44979e+11|7.46708e+11,8.19724e+08|1.89646e+11|2.33399e+11|4.11836e+12|1.33827e+12|1.19258e+12|4.96975e+12|3.2906e+08|1.60867e+09|7.5553e+08|3.02345e+11|3.30225e+10|3.56307e+11|1.48353e+09|1.01787e+13|2.86817e+13|1.47899e+11|1.12013e+13|7.32581e+08|2.63574e+12|1.30372e+11|5.06847e+11,0.000494453|5.21063e-05|0.000261527|2.98936e-05|3.71682e-05|1.04425e-05|1.06248e-05|1.96575e-05|1.88732e-05|3.91885e-05|0.00096308|0.000277161|8.49487e-05|0.000159499|1.67225e-05|0.000124649|2.35935e-05|5.53896e-05|6.27016e-05|0.000116235|3.71253e-05|0.000185382,0.000316017|0.000368678|0.000768065|0.000681499|0.00174713|0.00950649|0.000261291|0.000428116|0.000135861|0.000640186|0.00195589|0.00418014|0.000906866|0.00384342|0.000742576|0.00158999|0.00412419|0.0025393|0.00113469|0.00126856|0.00313588|0.00344885,0.0109342|0.0108696|0.0201979|0.0192976|0.0123696|0.0263713|0.0457563|0.00118659|0.0266797|0.029632|0.00712365|0.00314906|0.04851|0.0479977|0.00846218|0.0486405|0.00451081|0.00111942|0.00597815|0.0100727|0.0266048|0.0365406,0.000178506|0.0181411|0.0291803|0.0120519|0.0240438|0.00318517|0.0105712|0.00176737|0.0436548|0.0482082|0.0414669|0.0470385|0.0115254|0.0299903|0.0342415|0.00764508|0.00491436|0.0449458|0.0245713|0.0107197|0.0179693|0.0130093,0.973537|0.923215|0.941018|0.946711|0.979533|0.902547|0.964079|0.967717|0.933821|0.924883|0.971602|0.92176|0.949999|0.96924|0.934264|0.932977|0.923722|0.924329|0.962416|0.903245|0.958619|0.98883,4.63983|4.79469|1.39448|4.38273|1.69436|5.09423|4.96174|4.1126|5.77568|2.06342|3.14177|2.08786|0.722366|3.90463|5.31688|2.64532|4.11092|1.19952|1.97158|4.68449|2.63855|4.04415,90.7492|86.2435|34.0839|72.2829|28.0546|46.986|13.4252|56.7563|95.5844|42.5138|88.4205|39.0733|92.3918|63.1262|57.1366|12.7315|38.9947|24.4191|65.1286|47.0482|66.5616,0.215706|0.182991|0.248409|0.180241|0.17367|0.170599|0.230756|0.186349|0.248978|0.197352|0.232237|0.178948|0.167022|0.243732|0.235241|0.246433|0.18226|0.239532|0.203746|0.167884|0.171721,0.53635|0.182796|0.983209|0.553025|0.828443|0.662799|0.986996|0.927837|0.480161|0.602799|0.516177|0.23533|0.776051|0.65643|0.218954|0.665882|0.988985|0.991722|0.514129|0.410418|0.235817,0.869523,0.801463,0.117836,0.0993652,0.460468,0.534015,0.0732846,0.487967,0.198257,0.921169,51.6436,5.43263e-12,47756,0.887486,41.1981,1.06086e-12,38445,0.895553,0.876428,0.0878307,0.631141,0.996144,0.511517,0.22039,0.459803,0.228135,0.891603,87.9902,7.64954e-10,30733,0.967162,70.4477,9.04596e-11,52512
24,725,n1->n20->n21->n23->n77->n99->n97->n96->n94->n92->n93->n95->n89->n88->n90->n100->n73->n72->n45->n47->n49->n51,5.37021e+09|4.0293e+11|1.56161e+12|4.63033e+10|5.68112e+11|1.57108e+10|2.90604e+09|2.51165e+12|1.36531e+10|1.97334e+09|4.22601e+13|1.05601e+11|2.68119e+11|9.00567e+12|1.33273e+11|4.01966e+09|1.41706e+11|6.83442e+09|8.38488e+13|4.74236e+11|2.45005e+09|7.46708e+11,8.19724e+08|1.89646e+11|3.02345e+11|3.30225e+10|3.56307e+11|4.21389e+09|5.04144e+08|5.36324e+11|1.67171e+09|1.46451e+09|1.3774e+13|5.46554e+10|9.23423e+10|8.66002e+12|6.41526e+10|2.27749e+09|5.76853e+10|1.48353e+09|1.01787e+13|1.54765e+11|2.44458e+09|5.06847e+11,0.000494453|5.21063e-05|0.00096308|0.000277161|8.49487e-05|0.00089026|8.81202e-05|1.2987e-05|2.95455e-05|2.75832e-05|8.45967e-05|0.000260968|3.55201e-05|6.2721e-05|0.000319756|0.000665246|6.32916e-05|0.000159499|1.67225e-05|0.000202873|1.07426e-05|0.000185382,0.000316017|0.000368678|0.00195589|0.00418014|0.000906866|0.000350126|0.00494291|0.000286765|0.000125263|0.0052688|0.000162335|0.000186877|0.000111435|0.000480267|0.000672662|0.00914892|0.000807753|0.00384342|0.000742576|0.000266598|0.000979027|0.00344885,0.0109342|0.0108696|0.00712365|0.00314906|0.04851|0.0362414|0.0381696|0.0377902|0.00830448|0.0444618|0.0108045|0.00282907|0.0107812|0.00850464|0.0285929|0.0100829|0.0455502|0.0479977|0.00846218|0.00898217|0.0183567|0.0365406,0.000178506|0.0181411|0.0414669|0.0470385|0.0115254|0.0472365|0.00800322|0.0195364|0.0293842|0.0387741|0.0326183|0.0420997|0.0401575|0.0237676|0.0372754|0.0460028|0.028193|0.0299903|0.0342415|0.0488958|0.0388066|0.0130093,0.973537|0.923215|0.971602|0.92176|0.949999|0.953794|0.90679|0.951762|0.927471|0.987763|0.912097|0.966581|0.926416|0.962132|0.984478|0.935175|0.909539|0.96924|0.934264|0.9108|0.969899|0.98883,4.63983|4.79469|3.14177|2.08786|0.722366|3.07459|1.41691|0.85792|5.03384|6.03913|5.92115|1.09944|0.0868458|1.9653|4.02061|3.89025|3.29092|3.90463|5.31688|6.27947|3.94615|4.04415,90.7492|76.7594|88.4205|39.0733|96.5216|94.4507|37.9513|71.0086|13.5087|61.035|24.941|11.8194|92.4072|14.1987|32.7492|20.1165|29.1617|63.1262|40.979|91.8261|10.4661,0.215706|0.218425|0.232237|0.178948|0.241387|0.168303|0.246589|0.230021|0.230182|0.21409|0.237661|0.168449|0.203687|0.244274|0.191207|0.175955|0.178937|0.243732|0.216949|0.228404|0.216931,0.53635|0.515127|0.516177|0.23533|0.664018|0.263233|0.157157|0.131268|0.731663|0.722832|0.985064|0.776387|0.876618|0.997795|0.878161|0.825877|0.920295|0.65643|0.317946|0.133861|0.516407,0.869523,0.801463,0.117836,0.0993652,0.460468,0.534015,0.0732846,0.487967,0.198257,0.921169,51.6436,5.43263e-12,47756,0.887486,41.1981,1.06086e-12,38445,0.895553,0.876428,0.0878307,0.631141,0.996144,0.511517,0.22039,0.459803,0.228135,0.891603,87.9902,7.64954e-10,30733,0.967162,70.4477,9.04596e-11,52512
24,726,n1->n13->n12->n14->n75->n73->n71->n72->n45->n43->n44->n42->n63->n15->n29->n30->n76->n69->n28->n27->n52->n51,5.37021e+09|6.60497e+13|9.70597e+10|3.70261e+10|8.71921e+10|1.41706e+11|7.70008e+11|6.83442e+09|8.38488e+13|1.40931e+10|5.26537e+13|2.42905e+09|6.55204e+12|8.77071e+11|3.6336e+13|1.26395e+10|4.21804e+13|8.81277e+09|1.34247e+11|4.19351e+12|1.02428e+10|7.46708e+11,8.19724e+08|8.87204e+12|2.76143e+10|1.44234e+10|5.29113e+10|5.76853e+10|1.60546e+11|1.48353e+09|1.01787e+13|3.26577e+09|2.86817e+13|2.47264e+08|2.63574e+12|1.06991e+11|1.77292e+13|1.81012e+09|1.15782e+13|7.57626e+09|1.51805e+10|8.73344e+11|2.07235e+09|5.06847e+11,0.000494453|0.000787814|0.000201974|3.25754e-05|0.000766915|6.32916e-05|0.00017279|0.000159499|1.67225e-05|0.000955168|0.000124649|8.79758e-05|0.000116235|0.000182949|0.000125062|4.789e-05|1.88608e-05|0.000268039|0.00056516|1.08528e-05|0.00011644|0.000185382,0.000316017|0.00788063|0.0016732|0.000181646|0.000203965|0.000807753|0.00123164|0.00384342|0.000742576|0.00344494|0.00158999|0.000493531|0.00126856|0.00274771|0.00231296|0.00655588|0.00214239|0.00367819|0.0093172|0.00262605|0.00580301|0.00344885,0.0109342|0.0476737|0.0313381|0.0426128|0.0243876|0.0455502|0.0398828|0.0479977|0.00846218|0.0168583|0.0486405|0.00783732|0.0100727|0.0207315|0.0255931|0.00398508|0.00156873|0.022957|0.0317261|0.0303206|0.0398377|0.0365406,0.000178506|0.00335145|0.0470205|0.049061|0.0250863|0.028193|0.0326729|0.0299903|0.0342415|0.0482719|0.00764508|0.0327962|0.0107197|0.0378122|0.00291922|0.0178703|0.0470058|0.0100342|0.03841|0.0230682|0.0151024|0.0130093,0.973537|0.954869|0.937315|0.906626|0.936129|0.909539|0.947193|0.96924|0.934264|0.943219|0.932977|0.960936|0.903245|0.910795|0.962742|0.972158|0.989289|0.975915|0.948072|0.985376|0.965406|0.98883,4.63983|5.26639|3.07758|0.762282|3.39264|3.29092|0.117525|3.90463|5.31688|2.3897|2.64532|0.765875|4.68449|1.89272|0.0327787|5.42296|0.578949|2.99986|1.48687|4.5695|0.0104102|4.04415,79.8117|56.34|51.9585|56.2706|85.6152|28.2621|45.8448|63.1262|48.5398|69.1985|21.0603|97.0433|11.0615|32.2763|29.3504|21.8454|66.666|97.1045|23.5709|46.2248|83.3731,0.246796|0.206669|0.222459|0.226178|0.185893|0.242769|0.218487|0.243732|0.218428|0.210513|0.23095|0.211509|0.214255|0.240047|0.179657|0.220509|0.212271|0.207556|0.207151|0.183493|0.197114,0.338018|0.285239|0.326911|0.725021|0.624191|0.940077|0.29317|0.65643|0.854577|0.374145|0.399278|0.758395|0.692153|0.895675|0.887943|0.936019|0.890059|0.438091|0.340196|0.657987|0.942894,0.869523,0.801463,0.117836,0.0993652,0.460468,0.534015,0.0732846,0.487967,0.198257,0.921169,51.6436,5.43263e-12,47756,0.887486,41.1981,1.06086e-12,38445,0.895553,0.876428,0.0878307,0.631141,0.996144,0.511517,0.22039,0.459803,0.228135,0.891603,87.9902,7.64954e-10,30733,0.967162,70.4477,9.04596e-11,52512
24,727,n1->n99->n97->n27->n4->n2->n7->n5->n3->n69->n28->n29->n30->n76->n74->n35->n33->n84->n82->n63->n61->n51,5.37021e+09|1.57108e+10|2.90604e+09|4.19351e+12|7.07339e+12|5.94248e+10|3.81012e+11|2.91995e+11|2.78751e+13|8.81277e+09|1.34247e+11|3.6336e+13|1.26395e+10|4.21804e+13|5.8385e+13|5.77859e+11|3.64323e+13|1.07392e+09|1.07979e+13|6.55204e+12|6.44979e+11|7.46708e+11,8.19724e+08|4.21389e+09|5.04144e+08|8.73344e+11|2.43435e+12|3.74975e+10|6.70334e+10|4.67133e+10|1.44762e+13|7.57626e+09|1.51805e+10|1.77292e+13|1.81012e+09|1.15782e+13|7.35096e+12|4.88834e+11|6.32377e+12|9.00899e+08|1.66379e+12|2.63574e+12|1.30372e+11|5.06847e+11,0.000494453|0.00089026|8.81202e-05|1.08528e-05|0.000113681|1.10648e-05|0.000475679|7.03031e-05|0.00022361|0.000268039|0.00056516|0.000125062|4.789e-05|1.88608e-05|0.000875739|0.000412952|1.50316e-05|2.14473e-05|0.000837919|0.000116235|3.71253e-05|0.000185382,0.000316017|0.000350126|0.00494291|0.00262605|0.00198341|0.00120557|0.00104538|0.000196916|0.00776667|0.00367819|0.0093172|0.00231296|0.00655588|0.00214239|0.00944671|0.00138752|0.00213059|0.000434313|0.00271152|0.00126856|0.00313588|0.00344885,0.0109342|0.0362414|0.0381696|0.0303206|0.0350273|0.00369149|0.01754|0.00731162|0.0268705|0.022957|0.0317261|0.0255931|0.00398508|0.00156873|0.0280357|0.00215298|0.00968695|0.0473575|0.0278433|0.0100727|0.0266048|0.0365406,0.000178506|0.0472365|0.00800322|0.0230682|0.0273051|0.0127317|0.0283975|0.0421608|0.0326941|0.0100342|0.03841|0.00291922|0.0178703|0.0470058|0.0166219|0.0375959|0.0280967|0.0366447|0.0266174|0.0107197|0.0179693|0.0130093,0.973537|0.953794|0.90679|0.985376|0.917619|0.968894|0.963898|0.951514|0.982466|0.975915|0.948072|0.962742|0.972158|0.989289|0.90082|0.952159|0.923653|0.948551|0.934435|0.903245|0.958619|0.98883,4.63983|3.07459|1.41691|4.5695|1.56082|4.74216|3.51107|4.90362|4.79844|2.99986|1.48687|0.0327787|5.42296|0.578949|0.0974208|5.24666|1.04264|5.42186|0.132111|4.68449|2.63855|4.04415,66.2586|94.4507|31.5608|52.1141|30.2686|88.6198|37.2729|10.4739|83.9106|97.1045|18.7034|29.3504|21.8454|53.1277|67.7415|93.5115|59.7094|83.37|48.6997|47.0482|66.5616,0.180129|0.168303|0.219936|0.184605|0.239023|0.228013|0.176784|0.163561|0.204476|0.207556|0.249902|0.179657|0.220509|0.181342|0.161632|0.242679|0.183728|0.203763|0.175742|0.167884|0.171721,0.323551|0.263233|0.557853|0.200735|0.514427|0.84397|0.943162|0.469027|0.65353|0.438091|0.259002|0.887943|0.936019|0.519715|0.301798|0.487093|0.218166|0.808712|0.4301|0.410418|0.235817,0.869523,0.801463,0.117836,0.0993652,0.460468,0.534015,0.0732846,0.487967,0.198257,0.921169,51.6436,5.43263e-12,47756,0.887486,41.1981,1.06086e-12,38445,0.895553,0.876428,0.0878307,0.631141,0.996144,0.511517,0.22039,0.459803,0.228135,0.891603,87.9902,7.64954e-10,30733,0.967162,70.4477,9.04596e-11,52512
24,728,n1->n20->n21->n23->n77->n99->n98->n57->n55->n53->n52->n65->n37->n39->n41->n43->n45->n47->n46->n62->n61->n51,5.37021e+09|4.0293e+11|1.56161e+12|4.63033e+10|5.68112e+11|1.57108e+10|1.8266e+13|4.14288e+09|8.84081e+12|4.60474e+10|1.02428e+10|1.12599e+09|2.79748e+13|3.34792e+13|3.95737e+11|1.40931e+10|8.38488e+13|4.74236e+11|5.53417e+12|2.37342e+11|6.44979e+11|7.46708e+11,8.19724e+08|1.89646e+11|3.02345e+11|3.30225e+10|3.56307e+11|4.21389e+09|5.99087e+12|2.05006e+09|4.69454e+12|3.18273e+10|2.07235e+09|3.2906e+08|4.96975e+12|1.12013e+13|1.47899e+11|3.26577e+09|1.01787e+13|1.54765e+11|1.63629e+12|1.13053e+11|1.30372e+11|5.06847e+11,0.000494453|5.21063e-05|0.00096308|0.000277161|8.49487e-05|0.00089026|0.000410965|0.000173612|4.06274e-05|2.00633e-05|0.00011644|1.96575e-05|1.06248e-05|5.53896e-05|2.35935e-05|0.000955168|1.67225e-05|0.000202873|0.000489732|8.24006e-05|3.71253e-05|0.000185382,0.000316017|0.000368678|0.00195589|0.00418014|0.000906866|0.000350126|0.000548485|0.00271581|0.000128431|0.000509085|0.00580301|0.000428116|0.000261291|0.0025393|0.00412419|0.00344494|0.000742576|0.000266598|0.000159088|0.00794111|0.00313588|0.00344885,0.0109342|0.0108696|0.00712365|0.00314906|0.04851|0.0362414|0.0295222|0.0328142|0.00843704|5.21659e-05|0.0398377|0.00118659|0.0457563|0.00111942|0.00451081|0.0168583|0.00846218|0.00898217|0.029055|0.0242596|0.0266048|0.0365406,0.000178506|0.0181411|0.0414669|0.0470385|0.0115254|0.0472365|0.0297366|0.0437642|0.0314938|0.00115664|0.0151024|0.00176737|0.0105712|0.0449458|0.00491436|0.0482719|0.0342415|0.0488958|0.0302566|0.0480911|0.0179693|0.0130093,0.973537|0.923215|0.971602|0.92176|0.949999|0.953794|0.959539|0.983348|0.908585|0.913872|0.965406|0.967717|0.964079|0.924329|0.923722|0.943219|0.934264|0.9108|0.923372|0.98053|0.958619|0.98883,4.63983|4.79469|3.14177|2.08786|0.722366|3.07459|2.95405|1.93323|3.37071|0.640024|0.0104102|4.1126|4.96174|1.19952|4.11092|2.3897|5.31688|6.27947|0.31178|5.59786|2.63855|4.04415,90.7492|76.7594|88.4205|39.0733|96.5216|58.4557|98.2355|61.5999|30.3781|81.3721|56.1703|13.4252|31.554|38.9947|43.4967|48.5398|40.979|71.5316|56.7189|89.0369|66.5616,0.215706|0.218425|0.232237|0.178948|0.241387|0.227784|0.190047|0.220389|0.207992|0.184589|0.247907|0.230756|0.195005|0.18226|0.160247|0.218428|0.216949|0.196056|0.167864|0.198053|0.171721,0.53635|0.515127|0.516177|0.23533|0.664018|0.686264|0.757428|0.549818|0.646488|0.272111|0.827328|0.986996|0.711047|0.988985|0.922117|0.854577|0.317946|0.758317|0.624525|0.704733|0.235817,0.869523,0.801463,0.117836,0.0993652,0.460468,0.534015,0.0732846,0.487967,0.198257,0.921169,51.6436,5.43263e-12,47756,0.887486,41.1981,1.06086e-12,38445,0.895553,0.876428,0.0878307,0.631141,0.996144,0.511517,0.22039,0.459803,0.228135,0.891603,87.9902,7.64954e-10,30733,0.967162,70.4477,9.04596e-11,52512
24,729,n1->n99->n97->n95->n93->n91->n92->n94->n96->n14->n13->n12->n6->n33->n24->n26->n25->n27->n28->n29->n50->n51,5.37021e+09|1.57108e+10|2.90604e+09|1.05601e+11|4.22601e+13|2.84652e+12|1.97334e+09|1.36531e+10|2.51165e+12|3.70261e+10|6.60497e+13|9.70597e+10|1.14208e+09|3.64323e+13|1.59557e+13|7.09351e+09|1.67189e+13|4.19351e+12|1.34247e+11|3.6336e+13|2.36425e+09|7.46708e+11,8.19724e+08|4.21389e+09|5.04144e+08|5.46554e+10|1.3774e+13|3.57264e+11|1.46451e+09|1.67171e+09|5.36324e+11|1.44234e+10|8.87204e+12|2.76143e+10|2.20459e+08|6.32377e+12|4.06569e+12|1.31666e+09|1.40059e+13|8.73344e+11|1.51805e+10|1.77292e+13|4.07889e+08|5.06847e+11,0.000494453|0.00089026|8.81202e-05|0.000260968|8.45967e-05|6.93267e-05|2.75832e-05|2.95455e-05|1.2987e-05|3.25754e-05|0.000787814|0.000201974|1.08483e-05|1.50316e-05|0.000193265|3.77967e-05|6.30741e-05|1.08528e-05|0.00056516|0.000125062|1.54283e-05|0.000185382,0.000316017|0.000350126|0.00494291|0.000186877|0.000162335|0.00599677|0.0052688|0.000125263|0.000286765|0.000181646|0.00788063|0.0016732|0.00010157|0.00213059|0.0012727|0.00522178|0.00294926|0.00262605|0.0093172|0.00231296|0.00907722|0.00344885,0.0109342|0.0362414|0.0381696|0.00282907|0.0108045|0.008036|0.0444618|0.00830448|0.0377902|0.0426128|0.0476737|0.0313381|0.00160082|0.00968695|0.0433038|0.0101688|0.0195393|0.0303206|0.0317261|0.0255931|0.00638914|0.0365406,0.000178506|0.0472365|0.00800322|0.0420997|0.0326183|0.015498|0.0387741|0.0293842|0.0195364|0.049061|0.00335145|0.0470205|0.0260762|0.0280967|0.00780618|0.0409649|0.0159438|0.0230682|0.03841|0.00291922|0.0483596|0.0130093,0.973537|0.953794|0.90679|0.966581|0.912097|0.964407|0.987763|0.927471|0.951762|0.906626|0.954869|0.937315|0.908628|0.923653|0.90929|0.981638|0.9023|0.985376|0.948072|0.962742|0.910708|0.98883,4.63983|3.07459|1.41691|1.09944|5.92115|5.6679|6.03913|5.03384|0.85792|0.762282|5.26639|3.07758|5.01633|1.04264|3.9732|2.91399|1.57149|4.5695|1.48687|0.0327787|5.41755|4.04415,66.2586|94.4507|11.8968|24.941|26.8753|32.3713|13.5087|71.0086|54.7186|92.5451|56.34|32.9383|50.0569|98.0873|83.4704|63.0993|64.4551|23.5709|18.7034|37.0378|82.9474,0.180129|0.168303|0.228013|0.237661|0.203549|0.161013|0.230182|0.230021|0.208433|0.191459|0.206669|0.230728|0.19306|0.239791|0.216464|0.228799|0.242248|0.207151|0.249902|0.191256|0.24308,0.323551|0.263233|0.342677|0.985064|0.21516|0.940947|0.731663|0.131268|0.448351|0.161307|0.285239|0.628307|0.116472|0.939209|0.583168|0.359402|0.837222|0.340196|0.259002|0.182586|0.624607,0.869523,0.801463,0.117836,0.0993652,0.460468,0.534015,0.0732846,0.487967,0.198257,0.921169,51.6436,5.43263e-12,47756,0.887486,41.1981,1.06086e-12,38445,0.895553,0.876428,0.0878307,0.631141,0.996144,0.511517,0.22039,0.459803,0.228135,0.891603,87.9902,7.64954e-10,30733,0.967162,70.4477,9.04596e-11,52512
24,730,n1->n20->n21->n22->n68->n58->n85->n78->n44->n43->n45->n72->n71->n24->n23->n77->n93->n95->n89->n48->n50->n51,5.37021e+09|4.0293e+11|1.56161e+12|1.47e+10|1.31753e+09|8.16696e+09|2.02447e+09|3.25238e+10|5.26537e+13|1.40931e+10|8.38488e+13|6.83442e+09|7.70008e+11|1.59557e+13|4.63033e+10|5.68112e+11|4.22601e+13|1.05601e+11|2.68119e+11|3.98001e+12|2.36425e+09|7.46708e+11,8.19724e+08|1.89646e+11|3.02345e+11|9.51029e+09|3.10679e+08|6.89506e+09|2.41326e+08|2.30731e+10|2.86817e+13|3.26577e+09|1.01787e+13|1.48353e+09|1.60546e+11|4.06569e+12|3.30225e+10|3.56307e+11|1.3774e+13|5.46554e+10|9.23423e+10|1.69514e+12|4.07889e+08|5.06847e+11,0.000494453|5.21063e-05|0.00096308|1.77434e-05|0.000223952|0.000266735|2.04325e-05|0.000270955|0.000124649|0.000955168|1.67225e-05|0.000159499|0.00017279|0.000193265|0.000277161|8.49487e-05|8.45967e-05|0.000260968|3.55201e-05|4.78153e-05|1.54283e-05|0.000185382,0.000316017|0.000368678|0.00195589|0.0006856|0.00843573|0.00874893|0.000338175|0.00167497|0.00158999|0.00344494|0.000742576|0.00384342|0.00123164|0.0012727|0.00418014|0.000906866|0.000162335|0.000186877|0.000111435|0.00544009|0.00907722|0.00344885,0.0109342|0.0108696|0.00712365|0.0408661|0.0370095|0.0248478|0.0354515|0.00569443|0.0486405|0.0168583|0.00846218|0.0479977|0.0398828|0.0433038|0.00314906|0.04851|0.0108045|0.00282907|0.0107812|0.0455031|0.00638914|0.0365406,0.000178506|0.0181411|0.0414669|0.040072|0.00589983|0.0481122|0.0266209|0.0425349|0.00764508|0.0482719|0.0342415|0.0299903|0.0326729|0.00780618|0.0470385|0.0115254|0.0326183|0.0420997|0.0401575|0.0360942|0.0483596|0.0130093,0.973537|0.923215|0.971602|0.95984|0.984554|0.911658|0.940474|0.92832|0.932977|0.943219|0.934264|0.96924|0.947193|0.90929|0.92176|0.949999|0.912097|0.966581|0.926416|0.967439|0.910708|0.98883,4.63983|4.79469|3.14177|0.048646|5.26958|3.70937|4.91715|3.3614|2.64532|2.3897|5.31688|3.90463|0.117525|3.9732|2.08786|0.722366|5.92115|1.09944|0.0868458|3.09858|5.41755|4.04415,90.7492|76.7594|55.6995|15.3326|56.905|90.6886|67.1704|88.5528|69.1985|48.5398|63.1262|45.8448|44.1502|44.8869|39.0733|51.9256|24.941|11.8194|94.0077|23.5956|82.9474,0.215706|0.218425|0.206062|0.236297|0.185169|0.194345|0.184721|0.200088|0.210513|0.218428|0.243732|0.218487|0.204574|0.161116|0.178948|0.247077|0.237661|0.168449|0.234363|0.191801|0.24308,0.53635|0.515127|0.677391|0.655447|0.476138|0.45102|0.609732|0.134865|0.374145|0.854577|0.65643|0.29317|0.45026|0.528582|0.23533|0.469529|0.985064|0.776387|0.948873|0.688345|0.624607,0.869523,0.801463,0.117836,0.0993652,0.460468,0.534015,0.0732846,0.487967,0.198257,0.921169,51.6436,5.43263e-12,47756,0.887486,41.1981,1.06086e-12,38445,0.895553,0.876428,0.0878307,0.631141,0.996144,0.511517,0.22039,0.459803,0.228135,0.891603,87.9902,7.64954e-10,30733,0.967162,70.4477,9.04596e-11,52512
24,731,n1->n13->n12->n6->n33->n24->n26->n27->n28->n29->n50->n60->n62->n64->n49->n47->n45->n44->n42->n63->n61->n51,5.37021e+09|6.60497e+13|9.70597e+10|1.14208e+09|3.64323e+13|1.59557e+13|7.09351e+09|4.19351e+12|1.34247e+11|3.6336e+13|2.36425e+09|8.79841e+13|2.37342e+11|4.21034e+09|2.45005e+09|4.74236e+11|8.38488e+13|5.26537e+13|2.42905e+09|6.55204e+12|6.44979e+11|7.46708e+11,8.19724e+08|8.87204e+12|2.76143e+10|2.20459e+08|6.32377e+12|4.06569e+12|1.31666e+09|8.73344e+11|1.51805e+10|1.77292e+13|4.07889e+08|5.95756e+13|1.13053e+11|1.60867e+09|2.44458e+09|1.54765e+11|1.01787e+13|2.86817e+13|2.47264e+08|2.63574e+12|1.30372e+11|5.06847e+11,0.000494453|0.000787814|0.000201974|1.08483e-05|1.50316e-05|0.000193265|3.77967e-05|1.08528e-05|0.00056516|0.000125062|1.54283e-05|0.000731749|8.24006e-05|1.88732e-05|1.07426e-05|0.000202873|1.67225e-05|0.000124649|8.79758e-05|0.000116235|3.71253e-05|0.000185382,0.000316017|0.00788063|0.0016732|0.00010157|0.00213059|0.0012727|0.00522178|0.00262605|0.0093172|0.00231296|0.00907722|0.000248463|0.00794111|0.000135861|0.000979027|0.000266598|0.000742576|0.00158999|0.000493531|0.00126856|0.00313588|0.00344885,0.0109342|0.0476737|0.0313381|0.00160082|0.00968695|0.0433038|0.0101688|0.0303206|0.0317261|0.0255931|0.00638914|0.0128442|0.0242596|0.0266797|0.0183567|0.00898217|0.00846218|0.0486405|0.00783732|0.0100727|0.0266048|0.0365406,0.000178506|0.00335145|0.0470205|0.0260762|0.0280967|0.00780618|0.0409649|0.0230682|0.03841|0.00291922|0.0483596|0.0431033|0.0480911|0.0436548|0.0388066|0.0488958|0.0342415|0.00764508|0.0327962|0.0107197|0.0179693|0.0130093,0.973537|0.954869|0.937315|0.908628|0.923653|0.90929|0.981638|0.985376|0.948072|0.962742|0.910708|0.945549|0.98053|0.933821|0.969899|0.9108|0.934264|0.932977|0.960936|0.903245|0.958619|0.98883,4.63983|5.26639|3.07758|5.01633|1.04264|3.9732|2.91399|4.5695|1.48687|0.0327787|5.41755|4.50487|5.59786|5.77568|3.94615|6.27947|5.31688|2.64532|0.765875|4.68449|2.63855|4.04415,79.8117|56.34|32.9383|50.0569|98.0873|83.4704|67.4197|23.5709|18.7034|37.0378|22.3088|48.3985|93.0484|77.768|91.8261|40.979|57.1366|21.0603|97.0433|47.0482|66.5616,0.246796|0.206669|0.230728|0.19306|0.239791|0.216464|0.171162|0.207151|0.249902|0.191256|0.190841|0.17162|0.176232|0.165457|0.228404|0.216949|0.235241|0.23095|0.211509|0.167884|0.171721,0.338018|0.285239|0.628307|0.116472|0.939209|0.583168|0.40751|0.340196|0.259002|0.182586|0.323935|0.641887|0.182879|0.348083|0.133861|0.317946|0.218954|0.399278|0.758395|0.410418|0.235817,0.869523,0.801463,0.117836,0.0993652,0.460468,0.534015,0.0732846,0.487967,0.198257,0.921169,51.6436,5.43263e-12,47756,0.887486,41.1981,1.06086e-12,38445,0.895553,0.876428,0.0878307,0.631141,0.996144,0.511517,0.22039,0.459803,0.228135,0.891603,87.9902,7.64954e-10,30733,0.967162,70.4477,9.04596e-11,52512
24,732,n1->n13->n11->n29->n31->n32->n33->n35->n74->n75->n4->n2->n100->n90->n88->n89->n48->n46->n62->n60->n50->n51,5.37021e+09|6.60497e+13|1.78735e+12|3.6336e+13|4.79342e+12|1.78367e+12|3.64323e+13|5.77859e+11|5.8385e+13|8.71921e+10|7.07339e+12|5.94248e+10|4.01966e+09|1.33273e+11|9.00567e+12|2.68119e+11|3.98001e+12|5.53417e+12|2.37342e+11|8.79841e+13|2.36425e+09|7.46708e+11,8.19724e+08|8.87204e+12|3.29521e+11|1.77292e+13|4.42443e+12|1.05491e+12|6.32377e+12|4.88834e+11|7.35096e+12|5.29113e+10|2.43435e+12|3.74975e+10|2.27749e+09|6.41526e+10|8.66002e+12|9.23423e+10|1.69514e+12|1.63629e+12|1.13053e+11|5.95756e+13|4.07889e+08|5.06847e+11,0.000494453|0.000787814|5.47786e-05|0.000125062|0.00024651|0.000179959|1.50316e-05|0.000412952|0.000875739|0.000766915|0.000113681|1.10648e-05|0.000665246|0.000319756|6.2721e-05|3.55201e-05|4.78153e-05|0.000489732|8.24006e-05|0.000731749|1.54283e-05|0.000185382,0.000316017|0.00788063|0.00652494|0.00231296|0.00308746|0.00292552|0.00213059|0.00138752|0.00944671|0.000203965|0.00198341|0.00120557|0.00914892|0.000672662|0.000480267|0.000111435|0.00544009|0.000159088|0.00794111|0.000248463|0.00907722|0.00344885,0.0109342|0.0476737|0.00125292|0.0255931|0.0211034|0.00778345|0.00968695|0.00215298|0.0280357|0.0243876|0.0350273|0.00369149|0.0100829|0.0285929|0.00850464|0.0107812|0.0455031|0.029055|0.0242596|0.0128442|0.00638914|0.0365406,0.000178506|0.00335145|0.0136412|0.00291922|0.0151027|0.0161829|0.0280967|0.0375959|0.0166219|0.0250863|0.0273051|0.0127317|0.0460028|0.0372754|0.0237676|0.0401575|0.0360942|0.0302566|0.0480911|0.0431033|0.0483596|0.0130093,0.973537|0.954869|0.988894|0.962742|0.943878|0.953313|0.923653|0.952159|0.90082|0.936129|0.917619|0.968894|0.935175|0.984478|0.962132|0.926416|0.967439|0.923372|0.98053|0.945549|0.910708|0.98883,4.63983|5.26639|0.923897|0.0327787|4.82496|0.10397|1.04264|5.24666|0.0974208|3.39264|1.56082|4.74216|3.89025|4.02061|1.9653|0.0868458|3.09858|0.31178|5.59786|4.50487|5.41755|4.04415,79.8117|13.9548|13.2112|70.4589|86.0567|61.2747|93.5115|67.7415|64.3401|81.7362|30.2686|37.015|32.7492|14.1987|92.4072|94.0077|41.9872|56.7189|48.3985|22.3088|82.9474,0.246796|0.189728|0.219003|0.246199|0.16799|0.208144|0.242679|0.161632|0.220369|0.218556|0.239023|0.17211|0.191207|0.244274|0.203687|0.234363|0.178665|0.167864|0.17162|0.190841|0.24308,0.338018|0.801183|0.427028|0.415176|0.799966|0.704271|0.487093|0.301798|0.119032|0.847503|0.514427|0.315214|0.878161|0.997795|0.876618|0.948873|0.182289|0.624525|0.641887|0.323935|0.624607,0.869523,0.801463,0.117836,0.0993652,0.460468,0.534015,0.0732846,0.487967,0.198257,0.921169,51.6436,5.43263e-12,47756,0.887486,41.1981,1.06086e-12,38445,0.895553,0.876428,0.0878307,0.631141,0.996144,0.511517,0.22039,0.459803,0.228135,0.891603,87.9902,7.64954e-10,30733,0.967162,70.4477,9.04596e-11,52512
24,733,n1->n99->n98->n57->n55->n56->n90->n59->n60->n62->n61->n63->n15->n34->n35->n33->n31->n32->n30->n29->n50->n51,5.37021e+09|1.57108e+10|1.8266e+13|4.14288e+09|8.84081e+12|1.1605e+12|1.33273e+11|3.04563e+11|8.79841e+13|2.37342e+11|6.44979e+11|6.55204e+12|8.77071e+11|4.7313e+12|5.77859e+11|3.64323e+13|4.79342e+12|1.78367e+12|1.26395e+10|3.6336e+13|2.36425e+09|7.46708e+11,8.19724e+08|4.21389e+09|5.99087e+12|2.05006e+09|4.69454e+12|5.65456e+11|6.41526e+10|3.06423e+10|5.95756e+13|1.13053e+11|1.30372e+11|2.63574e+12|1.06991e+11|1.15705e+12|4.88834e+11|6.32377e+12|4.42443e+12|1.05491e+12|1.81012e+09|1.77292e+13|4.07889e+08|5.06847e+11,0.000494453|0.00089026|0.000410965|0.000173612|4.06274e-05|1.7812e-05|0.000319756|2.43107e-05|0.000731749|8.24006e-05|3.71253e-05|0.000116235|0.000182949|0.000140889|0.000412952|1.50316e-05|0.00024651|0.000179959|4.789e-05|0.000125062|1.54283e-05|0.000185382,0.000316017|0.000350126|0.000548485|0.00271581|0.000128431|0.000830638|0.000672662|0.000202742|0.000248463|0.00794111|0.00313588|0.00126856|0.00274771|0.000270551|0.00138752|0.00213059|0.00308746|0.00292552|0.00655588|0.00231296|0.00907722|0.00344885,0.0109342|0.0362414|0.0295222|0.0328142|0.00843704|0.0231698|0.0285929|0.00304046|0.0128442|0.0242596|0.0266048|0.0100727|0.0207315|0.0276207|0.00215298|0.00968695|0.0211034|0.00778345|0.00398508|0.0255931|0.00638914|0.0365406,0.000178506|0.0472365|0.0297366|0.0437642|0.0314938|0.0417641|0.0372754|0.0474075|0.0431033|0.0480911|0.0179693|0.0107197|0.0378122|0.0210615|0.0375959|0.0280967|0.0151027|0.0161829|0.0178703|0.00291922|0.0483596|0.0130093,0.973537|0.953794|0.959539|0.983348|0.908585|0.944528|0.984478|0.99171|0.945549|0.98053|0.958619|0.903245|0.910795|0.904866|0.952159|0.923653|0.943878|0.953313|0.972158|0.962742|0.910708|0.98883,4.63983|3.07459|2.95405|1.93323|3.37071|2.55597|4.02061|5.60303|4.50487|5.59786|2.63855|4.68449|1.89272|4.56594|5.24666|1.04264|4.82496|0.10397|5.42296|0.0327787|5.41755|4.04415,66.2586|58.4557|98.2355|61.5999|95.3312|40.6061|62.2588|76.8491|48.3985|89.0369|47.0482|11.0615|27.3162|26.2497|93.5115|95.0453|86.0567|69.5993|29.3504|37.0378|82.9474,0.180129|0.227784|0.190047|0.220389|0.167906|0.166746|0.169222|0.204072|0.17162|0.198053|0.167884|0.214255|0.231681|0.244194|0.242679|0.234751|0.16799|0.204659|0.179657|0.191256|0.24308,0.323551|0.686264|0.757428|0.549818|0.402595|0.163177|0.361153|0.509755|0.641887|0.704733|0.410418|0.692153|0.750497|0.307851|0.487093|0.258586|0.799966|0.237533|0.887943|0.182586|0.624607,0.869523,0.801463,0.117836,0.0993652,0.460468,0.534015,0.0732846,0.487967,0.198257,0.921169,51.6436,5.43263e-12,47756,0.887486,41.1981,1.06086e-12,38445,0.895553,0.876428,0.0878307,0.631141,0.996144,0.511517,0.22039,0.459803,0.228135,0.891603,87.9902,7.64954e-10,30733,0.967162,70.4477,9.04596e-11,52512
24,734,n1->n20->n21->n22->n68->n19->n17->n18->n70->n69->n76->n74->n35->n34->n36->n64->n67->n38->n37->n65->n52->n51,5.37021e+09|4.0293e+11|1.56161e+12|1.47e+10|1.31753e+09|2.47533e+11|1.51096e+11|7.59179e+12|6.87309e+13|8.81277e+09|4.21804e+13|5.8385e+13|5.77859e+11|4.7313e+12|7.73972e+11|4.21034e+09|4.7483e+09|1.16426e+13|2.79748e+13|1.12599e+09|1.02428e+10|7.46708e+11,8.19724e+08|1.89646e+11|3.02345e+11|9.51029e+09|3.10679e+08|2.33399e+11|1.57582e+10|4.11836e+12|9.78332e+12|7.57626e+09|1.15782e+13|7.35096e+12|4.88834e+11|1.15705e+12|7.77593e+10|1.60867e+09|7.5553e+08|1.19258e+12|4.96975e+12|3.2906e+08|2.07235e+09|5.06847e+11,0.000494453|5.21063e-05|0.00096308|1.77434e-05|0.000223952|0.000261527|0.000261059|2.98936e-05|5.13815e-05|0.000268039|1.88608e-05|0.000875739|0.000412952|0.000140889|0.000426407|1.88732e-05|3.91885e-05|1.04425e-05|1.06248e-05|1.96575e-05|0.00011644|0.000185382,0.000316017|0.000368678|0.00195589|0.0006856|0.00843573|0.000768065|0.000513001|0.000681499|0.00295865|0.00367819|0.00214239|0.00944671|0.00138752|0.000270551|0.00396778|0.000135861|0.000640186|0.00950649|0.000261291|0.000428116|0.00580301|0.00344885,0.0109342|0.0108696|0.00712365|0.0408661|0.0370095|0.0201979|0.0430027|0.0192976|0.0286141|0.022957|0.00156873|0.0280357|0.00215298|0.0276207|0.00497013|0.0266797|0.029632|0.0263713|0.0457563|0.00118659|0.0398377|0.0365406,0.000178506|0.0181411|0.0414669|0.040072|0.00589983|0.0291803|0.00442808|0.0120519|0.0216638|0.0100342|0.0470058|0.0166219|0.0375959|0.0210615|0.0341912|0.0436548|0.0482082|0.00318517|0.0105712|0.00176737|0.0151024|0.0130093,0.973537|0.923215|0.971602|0.95984|0.984554|0.941018|0.974312|0.946711|0.966653|0.975915|0.989289|0.90082|0.952159|0.904866|0.94998|0.933821|0.924883|0.902547|0.964079|0.967717|0.965406|0.98883,4.63983|4.79469|3.14177|0.048646|5.26958|1.39448|5.11322|4.38273|4.60778|2.99986|0.578949|0.0974208|5.24666|4.56594|3.70656|5.77568|2.06342|5.09423|4.96174|4.1126|0.0104102|4.04415,90.7492|76.7594|55.6995|15.3326|67.5745|10.3361|43.2583|55.8812|74.5377|66.666|53.1277|67.7415|26.2497|89.5651|43.8659|95.5844|59.2872|46.986|13.4252|56.1703|83.3731,0.215706|0.218425|0.206062|0.236297|0.2055|0.172286|0.218822|0.234874|0.172691|0.212271|0.181342|0.161632|0.244194|0.241996|0.241695|0.248978|0.200548|0.170599|0.230756|0.247907|0.197114,0.53635|0.515127|0.677391|0.655447|0.968257|0.559133|0.981182|0.16843|0.416585|0.890059|0.519715|0.301798|0.307851|0.265381|0.590576|0.480161|0.127053|0.662799|0.986996|0.827328|0.942894,0.869523,0.801463,0.117836,0.0993652,0.460468,0.534015,0.0732846,0.487967,0.198257,0.921169,51.6436,5.43263e-12,47756,0.887486,41.1981,1.06086e-12,38445,0.895553,0.876428,0.0878307,0.631141,0.996144,0.511517,0.22039,0.459803,0.228135,0.891603,87.9902,7.64954e-10,30733,0.967162,70.4477,9.04596e-11,52512
24,735,n1->n13->n14->n75->n73->n72->n71->n24->n26->n25->n27->n29->n50->n59->n90->n88->n89->n95->n93->n64->n49->n51,5.37021e+09|6.60497e+13|3.70261e+10|8.71921e+10|1.41706e+11|6.83442e+09|7.70008e+11|1.59557e+13|7.09351e+09|1.67189e+13|4.19351e+12|3.6336e+13|2.36425e+09|3.04563e+11|1.33273e+11|9.00567e+12|2.68119e+11|1.05601e+11|4.22601e+13|4.21034e+09|2.45005e+09|7.46708e+11,8.19724e+08|8.87204e+12|1.44234e+10|5.29113e+10|5.76853e+10|1.48353e+09|1.60546e+11|4.06569e+12|1.31666e+09|1.40059e+13|8.73344e+11|1.77292e+13|4.07889e+08|3.06423e+10|6.41526e+10|8.66002e+12|9.23423e+10|5.46554e+10|1.3774e+13|1.60867e+09|2.44458e+09|5.06847e+11,0.000494453|0.000787814|3.25754e-05|0.000766915|6.32916e-05|0.000159499|0.00017279|0.000193265|3.77967e-05|6.30741e-05|1.08528e-05|0.000125062|1.54283e-05|2.43107e-05|0.000319756|6.2721e-05|3.55201e-05|0.000260968|8.45967e-05|1.88732e-05|1.07426e-05|0.000185382,0.000316017|0.00788063|0.000181646|0.000203965|0.000807753|0.00384342|0.00123164|0.0012727|0.00522178|0.00294926|0.00262605|0.00231296|0.00907722|0.000202742|0.000672662|0.000480267|0.000111435|0.000186877|0.000162335|0.000135861|0.000979027|0.00344885,0.0109342|0.0476737|0.0426128|0.0243876|0.0455502|0.0479977|0.0398828|0.0433038|0.0101688|0.0195393|0.0303206|0.0255931|0.00638914|0.00304046|0.0285929|0.00850464|0.0107812|0.00282907|0.0108045|0.0266797|0.0183567|0.0365406,0.000178506|0.00335145|0.049061|0.0250863|0.028193|0.0299903|0.0326729|0.00780618|0.0409649|0.0159438|0.0230682|0.00291922|0.0483596|0.0474075|0.0372754|0.0237676|0.0401575|0.0420997|0.0326183|0.0436548|0.0388066|0.0130093,0.973537|0.954869|0.906626|0.936129|0.909539|0.96924|0.947193|0.90929|0.981638|0.9023|0.985376|0.962742|0.910708|0.99171|0.984478|0.962132|0.926416|0.966581|0.912097|0.933821|0.969899|0.98883,4.63983|5.26639|0.762282|3.39264|3.29092|3.90463|0.117525|3.9732|2.91399|1.57149|4.5695|0.0327787|5.41755|5.60303|4.02061|1.9653|0.0868458|1.09944|5.92115|5.77568|3.94615|4.04415,79.8117|92.5451|56.2706|85.6152|29.1617|45.8448|44.1502|83.4704|63.0993|64.4551|49.6282|37.0378|47.7013|62.2588|14.1987|92.4072|11.8194|24.941|32.5899|77.768|10.4661,0.246796|0.191459|0.226178|0.185893|0.178937|0.218487|0.204574|0.216464|0.228799|0.242248|0.180772|0.191256|0.170229|0.169222|0.244274|0.203687|0.168449|0.237661|0.178102|0.165457|0.216931,0.338018|0.161307|0.725021|0.624191|0.920295|0.29317|0.45026|0.583168|0.359402|0.837222|0.511755|0.182586|0.776444|0.361153|0.997795|0.876618|0.776387|0.985064|0.548301|0.348083|0.516407,0.869523,0.801463,0.117836,0.0993652,0.460468,0.534015,0.0732846,0.487967,0.198257,0.921169,51.6436,5.43263e-12,47756,0.887486,41.1981,1.06086e-12,38445,0.895553,0.876428,0.0878307,0.631141,0.996144,0.511517,0.22039,0.459803,0.228135,0.891603,87.9902,7.64954e-10,30733,0.967162,70.4477,9.04596e-11,52512
24,736,n1->n13->n15->n29->n50->n60->n59->n58->n68->n19->n20->n21->n22->n74->n76->n69->n70->n72->n77->n93->n94->n51,5.37021e+09|6.60497e+13|8.77071e+11|3.6336e+13|2.36425e+09|8.79841e+13|3.04563e+11|8.16696e+09|1.31753e+09|2.47533e+11|4.0293e+11|1.56161e+12|1.47e+10|5.8385e+13|4.21804e+13|8.81277e+09|6.87309e+13|6.83442e+09|5.68112e+11|4.22601e+13|1.36531e+10|7.46708e+11,8.19724e+08|8.87204e+12|1.06991e+11|1.77292e+13|4.07889e+08|5.95756e+13|3.06423e+10|6.89506e+09|3.10679e+08|2.33399e+11|1.89646e+11|3.02345e+11|9.51029e+09|7.35096e+12|1.15782e+13|7.57626e+09|9.78332e+12|1.48353e+09|3.56307e+11|1.3774e+13|1.67171e+09|5.06847e+11,0.000494453|0.000787814|0.000182949|0.000125062|1.54283e-05|0.000731749|2.43107e-05|0.000266735|0.000223952|0.000261527|5.21063e-05|0.00096308|1.77434e-05|0.000875739|1.88608e-05|0.000268039|5.13815e-05|0.000159499|8.49487e-05|8.45967e-05|2.95455e-05|0.000185382,0.000316017|0.00788063|0.00274771|0.00231296|0.00907722|0.000248463|0.000202742|0.00874893|0.00843573|0.000768065|0.000368678|0.00195589|0.0006856|0.00944671|0.00214239|0.00367819|0.00295865|0.00384342|0.000906866|0.000162335|0.000125263|0.00344885,0.0109342|0.0476737|0.0207315|0.0255931|0.00638914|0.0128442|0.00304046|0.0248478|0.0370095|0.0201979|0.0108696|0.00712365|0.0408661|0.0280357|0.00156873|0.022957|0.0286141|0.0479977|0.04851|0.0108045|0.00830448|0.0365406,0.000178506|0.00335145|0.0378122|0.00291922|0.0483596|0.0431033|0.0474075|0.0481122|0.00589983|0.0291803|0.0181411|0.0414669|0.040072|0.0166219|0.0470058|0.0100342|0.0216638|0.0299903|0.0115254|0.0326183|0.0293842|0.0130093,0.973537|0.954869|0.910795|0.962742|0.910708|0.945549|0.99171|0.911658|0.984554|0.941018|0.923215|0.971602|0.95984|0.90082|0.989289|0.975915|0.966653|0.96924|0.949999|0.912097|0.927471|0.98883,4.63983|5.26639|1.89272|0.0327787|5.41755|4.50487|5.60303|3.70937|5.26958|1.39448|4.79469|3.14177|0.048646|0.0974208|0.578949|2.99986|4.60778|3.90463|0.722366|5.92115|5.03384|4.04415,79.8117|66.6304|32.2763|37.0378|22.3088|76.8491|56.397|56.905|67.5745|86.2435|76.7594|55.6995|63.8366|53.1277|66.666|74.5377|97.4405|92.3918|51.9256|63.1349|11.2844,0.246796|0.179788|0.240047|0.191256|0.190841|0.204072|0.21902|0.185169|0.2055|0.182991|0.218425|0.206062|0.241428|0.181342|0.212271|0.172691|0.180102|0.167022|0.247077|0.209804|0.200895,0.338018|0.275394|0.895675|0.182586|0.323935|0.509755|0.533324|0.476138|0.968257|0.182796|0.515127|0.677391|0.480684|0.519715|0.890059|0.416585|0.79408|0.776051|0.469529|0.17375|0.836539,0.869523,0.801463,0.117836,0.0993652,0.460468,0.534015,0.0732846,0.487967,0.198257,0.921169,51.6436,5.43263e-12,47756,0.887486,41.1981,1.06086e-12,38445,0.895553,0.876428,0.0878307,0.631141,0.996144,0.511517,0.22039,0.459803,0.228135,0.891603,87.9902,7.64954e-10,30733,0.967162,70.4477,9.04596e-11,52512
24,737,n1->n20->n96->n94->n93->n64->n65->n85->n83->n23->n24->n71->n75->n76->n86->n87->n70->n69->n28->n27->n52->n51,5.37021e+09|4.0293e+11|2.51165e+12|1.36531e+10|4.22601e+13|4.21034e+09|1.12599e+09|2.02447e+09|3.76373e+13|4.63033e+10|1.59557e+13|7.70008e+11|8.71921e+10|4.21804e+13|3.85304e+10|7.3435e+12|6.87309e+13|8.81277e+09|1.34247e+11|4.19351e+12|1.02428e+10|7.46708e+11,8.19724e+08|1.89646e+11|5.36324e+11|1.67171e+09|1.3774e+13|1.60867e+09|3.2906e+08|2.41326e+08|2.34723e+13|3.30225e+10|4.06569e+12|1.60546e+11|5.29113e+10|1.15782e+13|4.69095e+09|2.79916e+12|9.78332e+12|7.57626e+09|1.51805e+10|8.73344e+11|2.07235e+09|5.06847e+11,0.000494453|5.21063e-05|1.2987e-05|2.95455e-05|8.45967e-05|1.88732e-05|1.96575e-05|2.04325e-05|1.86087e-05|0.000277161|0.000193265|0.00017279|0.000766915|1.88608e-05|6.21631e-05|0.000634307|5.13815e-05|0.000268039|0.00056516|1.08528e-05|0.00011644|0.000185382,0.000316017|0.000368678|0.000286765|0.000125263|0.000162335|0.000135861|0.000428116|0.000338175|0.000175452|0.00418014|0.0012727|0.00123164|0.000203965|0.00214239|0.00341054|0.00151267|0.00295865|0.00367819|0.0093172|0.00262605|0.00580301|0.00344885,0.0109342|0.0108696|0.0377902|0.00830448|0.0108045|0.0266797|0.00118659|0.0354515|0.015405|0.00314906|0.0433038|0.0398828|0.0243876|0.00156873|0.0237043|0.0186268|0.0286141|0.022957|0.0317261|0.0303206|0.0398377|0.0365406,0.000178506|0.0181411|0.0195364|0.0293842|0.0326183|0.0436548|0.00176737|0.0266209|0.038157|0.0470385|0.00780618|0.0326729|0.0250863|0.0470058|0.0488574|0.00979507|0.0216638|0.0100342|0.03841|0.0230682|0.0151024|0.0130093,0.973537|0.923215|0.951762|0.927471|0.912097|0.933821|0.967717|0.940474|0.947801|0.92176|0.90929|0.947193|0.936129|0.989289|0.981332|0.977244|0.966653|0.975915|0.948072|0.985376|0.965406|0.98883,4.63983|4.79469|0.85792|5.03384|5.92115|5.77568|4.1126|4.91715|4.11052|2.08786|3.9732|0.117525|3.39264|0.578949|4.96971|2.33192|4.60778|2.99986|1.48687|4.5695|0.0104102|4.04415,90.7492|58.7029|71.0086|63.1349|32.5899|56.7563|82.5435|92.2019|23.518|44.8869|44.1502|14.5634|63.5216|37.5994|88.9922|39.9413|74.5377|97.1045|23.5709|46.2248|83.3731,0.215706|0.201188|0.230021|0.209804|0.178102|0.186349|0.20461|0.231254|0.181099|0.161116|0.204574|0.169453|0.207806|0.17745|0.246364|0.180359|0.172691|0.207556|0.207151|0.183493|0.197114,0.53635|0.666395|0.131268|0.17375|0.548301|0.927837|0.519435|0.604504|0.741177|0.528582|0.45026|0.275247|0.844544|0.871942|0.83582|0.129355|0.416585|0.438091|0.340196|0.657987|0.942894,0.869523,0.801463,0.117836,0.0993652,0.460468,0.534015,0.0732846,0.487967,0.198257,0.921169,51.6436,5.43263e-12,47756,0.887486,41.1981,1.06086e-12,38445,0.895553,0.876428,0.0878307,0.631141,0.996144,0.511517,0.22039,0.459803,0.228135,0.891603,87.9902,7.64954e-10,30733,0.967162,70.4477,9.04596e-11,52512
24,738,n1->n20->n19->n68->n17->n18->n16->n38->n36->n34->n35->n33->n31->n30->n29->n50->n48->n89->n95->n93->n94->n51,5.37021e+09|4.0293e+11|2.47533e+11|1.31753e+09|1.51096e+11|7.59179e+12|1.09193e+13|1.16426e+13|7.73972e+11|4.7313e+12|5.77859e+11|3.64323e+13|4.79342e+12|1.26395e+10|3.6336e+13|2.36425e+09|3.98001e+12|2.68119e+11|1.05601e+11|4.22601e+13|1.36531e+10|7.46708e+11,8.19724e+08|1.89646e+11|2.33399e+11|3.10679e+08|1.57582e+10|4.11836e+12|1.33827e+12|1.19258e+12|7.77593e+10|1.15705e+12|4.88834e+11|6.32377e+12|4.42443e+12|1.81012e+09|1.77292e+13|4.07889e+08|1.69514e+12|9.23423e+10|5.46554e+10|1.3774e+13|1.67171e+09|5.06847e+11,0.000494453|5.21063e-05|0.000261527|0.000223952|0.000261059|2.98936e-05|3.71682e-05|1.04425e-05|0.000426407|0.000140889|0.000412952|1.50316e-05|0.00024651|4.789e-05|0.000125062|1.54283e-05|4.78153e-05|3.55201e-05|0.000260968|8.45967e-05|2.95455e-05|0.000185382,0.000316017|0.000368678|0.000768065|0.00843573|0.000513001|0.000681499|0.00174713|0.00950649|0.00396778|0.000270551|0.00138752|0.00213059|0.00308746|0.00655588|0.00231296|0.00907722|0.00544009|0.000111435|0.000186877|0.000162335|0.000125263|0.00344885,0.0109342|0.0108696|0.0201979|0.0370095|0.0430027|0.0192976|0.0123696|0.0263713|0.00497013|0.0276207|0.00215298|0.00968695|0.0211034|0.00398508|0.0255931|0.00638914|0.0455031|0.0107812|0.00282907|0.0108045|0.00830448|0.0365406,0.000178506|0.0181411|0.0291803|0.00589983|0.00442808|0.0120519|0.0240438|0.00318517|0.0341912|0.0210615|0.0375959|0.0280967|0.0151027|0.0178703|0.00291922|0.0483596|0.0360942|0.0401575|0.0420997|0.0326183|0.0293842|0.0130093,0.973537|0.923215|0.941018|0.984554|0.974312|0.946711|0.979533|0.902547|0.94998|0.904866|0.952159|0.923653|0.943878|0.972158|0.962742|0.910708|0.967439|0.926416|0.966581|0.912097|0.927471|0.98883,4.63983|4.79469|1.39448|5.26958|5.11322|4.38273|1.69436|5.09423|3.70656|4.56594|5.24666|1.04264|4.82496|5.42296|0.0327787|5.41755|3.09858|0.0868458|1.09944|5.92115|5.03384|4.04415,90.7492|86.2435|67.5745|23.9015|43.2583|72.2829|28.0546|61.2725|89.5651|26.2497|93.5115|95.0453|88.6669|29.3504|37.0378|23.5956|94.0077|11.8194|24.941|63.1349|11.2844,0.215706|0.182991|0.2055|0.236806|0.218822|0.180241|0.17367|0.204351|0.241996|0.244194|0.242679|0.234751|0.215598|0.179657|0.191256|0.191801|0.234363|0.168449|0.237661|0.209804|0.200895,0.53635|0.182796|0.968257|0.2818|0.981182|0.553025|0.828443|0.413834|0.265381|0.307851|0.487093|0.258586|0.123891|0.887943|0.182586|0.688345|0.948873|0.776387|0.985064|0.17375|0.836539,0.869523,0.801463,0.117836,0.0993652,0.460468,0.534015,0.0732846,0.487967,0.198257,0.921169,51.6436,5.43263e-12,47756,0.887486,41.1981,1.06086e-12,38445,0.895553,0.876428,0.0878307,0.631141,0.996144,0.511517,0.22039,0.459803,0.228135,0.891603,87.9902,7.64954e-10,30733,0.967162,70.4477,9.04596e-11,52512
24,739,n1->n13->n12->n14->n96->n20->n19->n68->n66->n32->n33->n31->n29->n30->n76->n69->n3->n5->n65->n64->n49->n51,5.37021e+09|6.60497e+13|9.70597e+10|3.70261e+10|2.51165e+12|4.0293e+11|2.47533e+11|1.31753e+09|1.10072e+10|1.78367e+12|3.64323e+13|4.79342e+12|3.6336e+13|1.26395e+10|4.21804e+13|8.81277e+09|2.78751e+13|2.91995e+11|1.12599e+09|4.21034e+09|2.45005e+09|7.46708e+11,8.19724e+08|8.87204e+12|2.76143e+10|1.44234e+10|5.36324e+11|1.89646e+11|2.33399e+11|3.10679e+08|8.7665e+09|1.05491e+12|6.32377e+12|4.42443e+12|1.77292e+13|1.81012e+09|1.15782e+13|7.57626e+09|1.44762e+13|4.67133e+10|3.2906e+08|1.60867e+09|2.44458e+09|5.06847e+11,0.000494453|0.000787814|0.000201974|3.25754e-05|1.2987e-05|5.21063e-05|0.000261527|0.000223952|0.000237659|0.000179959|1.50316e-05|0.00024651|0.000125062|4.789e-05|1.88608e-05|0.000268039|0.00022361|7.03031e-05|1.96575e-05|1.88732e-05|1.07426e-05|0.000185382,0.000316017|0.00788063|0.0016732|0.000181646|0.000286765|0.000368678|0.000768065|0.00843573|0.000470269|0.00292552|0.00213059|0.00308746|0.00231296|0.00655588|0.00214239|0.00367819|0.00776667|0.000196916|0.000428116|0.000135861|0.000979027|0.00344885,0.0109342|0.0476737|0.0313381|0.0426128|0.0377902|0.0108696|0.0201979|0.0370095|0.0203827|0.00778345|0.00968695|0.0211034|0.0255931|0.00398508|0.00156873|0.022957|0.0268705|0.00731162|0.00118659|0.0266797|0.0183567|0.0365406,0.000178506|0.00335145|0.0470205|0.049061|0.0195364|0.0181411|0.0291803|0.00589983|0.0146278|0.0161829|0.0280967|0.0151027|0.00291922|0.0178703|0.0470058|0.0100342|0.0326941|0.0421608|0.00176737|0.0436548|0.0388066|0.0130093,0.973537|0.954869|0.937315|0.906626|0.951762|0.923215|0.941018|0.984554|0.978907|0.953313|0.923653|0.943878|0.962742|0.972158|0.989289|0.975915|0.982466|0.951514|0.967717|0.933821|0.969899|0.98883,4.63983|5.26639|3.07758|0.762282|0.85792|4.79469|1.39448|5.26958|3.10364|0.10397|1.04264|4.82496|0.0327787|5.42296|0.578949|2.99986|4.79844|4.90362|4.1126|5.77568|3.94615|4.04415,79.8117|56.34|51.9585|54.7186|58.7029|86.2435|67.5745|70.8824|27.3217|61.2747|95.0453|70.4589|29.3504|21.8454|66.666|83.9106|10.4739|35.0583|56.7563|77.768|10.4661,0.246796|0.206669|0.222459|0.208433|0.201188|0.182991|0.2055|0.16183|0.199785|0.208144|0.234751|0.246199|0.179657|0.220509|0.212271|0.204476|0.163561|0.209201|0.186349|0.165457|0.216931,0.338018|0.285239|0.326911|0.448351|0.666395|0.182796|0.968257|0.215539|0.769012|0.704271|0.258586|0.415176|0.887943|0.936019|0.890059|0.65353|0.469027|0.297185|0.927837|0.348083|0.516407,0.869523,0.801463,0.117836,0.0993652,0.460468,0.534015,0.0732846,0.487967,0.198257,0.921169,51.6436,5.43263e-12,47756,0.887486,41.1981,1.06086e-12,38445,0.895553,0.876428,0.0878307,0.631141,0.996144,0.511517,0.22039,0.459803,0.228135,0.891603,87.9902,7.64954e-10,30733,0.967162,70.4477,9.04596e-11,52512
24,740,n1->n99->n98->n57->n55->n54->n73->n100->n2->n4->n27->n28->n69->n76->n86->n87->n88->n90->n89->n48->n50->n51,5.37021e+09|1.57108e+10|1.8266e+13|4.14288e+09|8.84081e+12|2.80961e+11|1.41706e+11|4.01966e+09|5.94248e+10|7.07339e+12|4.19351e+12|1.34247e+11|8.81277e+09|4.21804e+13|3.85304e+10|7.3435e+12|9.00567e+12|1.33273e+11|2.68119e+11|3.98001e+12|2.36425e+09|7.46708e+11,8.19724e+08|4.21389e+09|5.99087e+12|2.05006e+09|4.69454e+12|2.23178e+11|5.76853e+10|2.27749e+09|3.74975e+10|2.43435e+12|8.73344e+11|1.51805e+10|7.57626e+09|1.15782e+13|4.69095e+09|2.79916e+12|8.66002e+12|6.41526e+10|9.23423e+10|1.69514e+12|4.07889e+08|5.06847e+11,0.000494453|0.00089026|0.000410965|0.000173612|4.06274e-05|1.47667e-05|6.32916e-05|0.000665246|1.10648e-05|0.000113681|1.08528e-05|0.00056516|0.000268039|1.88608e-05|6.21631e-05|0.000634307|6.2721e-05|0.000319756|3.55201e-05|4.78153e-05|1.54283e-05|0.000185382,0.000316017|0.000350126|0.000548485|0.00271581|0.000128431|0.00549128|0.000807753|0.00914892|0.00120557|0.00198341|0.00262605|0.0093172|0.00367819|0.00214239|0.00341054|0.00151267|0.000480267|0.000672662|0.000111435|0.00544009|0.00907722|0.00344885,0.0109342|0.0362414|0.0295222|0.0328142|0.00843704|0.0334079|0.0455502|0.0100829|0.00369149|0.0350273|0.0303206|0.0317261|0.022957|0.00156873|0.0237043|0.0186268|0.00850464|0.0285929|0.0107812|0.0455031|0.00638914|0.0365406,0.000178506|0.0472365|0.0297366|0.0437642|0.0314938|0.00844474|0.028193|0.0460028|0.0127317|0.0273051|0.0230682|0.03841|0.0100342|0.0470058|0.0488574|0.00979507|0.0237676|0.0372754|0.0401575|0.0360942|0.0483596|0.0130093,0.973537|0.953794|0.959539|0.983348|0.908585|0.927525|0.909539|0.935175|0.968894|0.917619|0.985376|0.948072|0.975915|0.989289|0.981332|0.977244|0.962132|0.984478|0.926416|0.967439|0.910708|0.98883,4.63983|3.07459|2.95405|1.93323|3.37071|1.22009|3.29092|3.89025|4.74216|1.56082|4.5695|1.48687|2.99986|0.578949|4.96971|2.33192|1.9653|4.02061|0.0868458|3.09858|5.41755|4.04415,66.2586|58.4557|98.2355|61.5999|27.8669|26.1465|20.1165|37.015|30.2686|52.1141|23.5709|97.1045|66.666|37.5994|88.9922|57.0974|14.1987|12.726|94.0077|23.5956|82.9474,0.180129|0.227784|0.190047|0.220389|0.169326|0.196311|0.175955|0.17211|0.239023|0.184605|0.207151|0.207556|0.212271|0.17745|0.246364|0.227675|0.244274|0.226099|0.234363|0.191801|0.24308,0.323551|0.686264|0.757428|0.549818|0.414082|0.754315|0.825877|0.315214|0.514427|0.200735|0.340196|0.438091|0.890059|0.871942|0.83582|0.396625|0.997795|0.757755|0.948873|0.688345|0.624607,0.869523,0.801463,0.117836,0.0993652,0.460468,0.534015,0.0732846,0.487967,0.198257,0.921169,51.6436,5.43263e-12,47756,0.887486,41.1981,1.06086e-12,38445,0.895553,0.876428,0.0878307,0.631141,0.996144,0.511517,0.22039,0.459803,0.228135,0.891603,87.9902,7.64954e-10,30733,0.967162,70.4477,9.04596e-11,52512
24,741,n1->n99->n98->n57->n83->n85->n17->n19->n18->n70->n87->n88->n89->n20->n21->n67->n38->n36->n64->n62->n61->n51,5.37021e+09|1.57108e+10|1.8266e+13|4.14288e+09|3.76373e+13|2.02447e+09|1.51096e+11|2.47533e+11|7.59179e+12|6.87309e+13|7.3435e+12|9.00567e+12|2.68119e+11|4.0293e+11|1.56161e+12|4.7483e+09|1.16426e+13|7.73972e+11|4.21034e+09|2.37342e+11|6.44979e+11|7.46708e+11,8.19724e+08|4.21389e+09|5.99087e+12|2.05006e+09|2.34723e+13|2.41326e+08|1.57582e+10|2.33399e+11|4.11836e+12|9.78332e+12|2.79916e+12|8.66002e+12|9.23423e+10|1.89646e+11|3.02345e+11|7.5553e+08|1.19258e+12|7.77593e+10|1.60867e+09|1.13053e+11|1.30372e+11|5.06847e+11,0.000494453|0.00089026|0.000410965|0.000173612|1.86087e-05|2.04325e-05|0.000261059|0.000261527|2.98936e-05|5.13815e-05|0.000634307|6.2721e-05|3.55201e-05|5.21063e-05|0.00096308|3.91885e-05|1.04425e-05|0.000426407|1.88732e-05|8.24006e-05|3.71253e-05|0.000185382,0.000316017|0.000350126|0.000548485|0.00271581|0.000175452|0.000338175|0.000513001|0.000768065|0.000681499|0.00295865|0.00151267|0.000480267|0.000111435|0.000368678|0.00195589|0.000640186|0.00950649|0.00396778|0.000135861|0.00794111|0.00313588|0.00344885,0.0109342|0.0362414|0.0295222|0.0328142|0.015405|0.0354515|0.0430027|0.0201979|0.0192976|0.0286141|0.0186268|0.00850464|0.0107812|0.0108696|0.00712365|0.029632|0.0263713|0.00497013|0.0266797|0.0242596|0.0266048|0.0365406,0.000178506|0.0472365|0.0297366|0.0437642|0.038157|0.0266209|0.00442808|0.0291803|0.0120519|0.0216638|0.00979507|0.0237676|0.0401575|0.0181411|0.0414669|0.0482082|0.00318517|0.0341912|0.0436548|0.0480911|0.0179693|0.0130093,0.973537|0.953794|0.959539|0.983348|0.947801|0.940474|0.974312|0.941018|0.946711|0.966653|0.977244|0.962132|0.926416|0.923215|0.971602|0.924883|0.902547|0.94998|0.933821|0.98053|0.958619|0.98883,4.63983|3.07459|2.95405|1.93323|4.11052|4.91715|5.11322|1.39448|4.38273|4.60778|2.33192|1.9653|0.0868458|4.79469|3.14177|2.06342|5.09423|3.70656|5.77568|5.59786|2.63855|4.04415,66.2586|58.4557|98.2355|50.003|92.2019|84.7043|10.3361|34.0839|55.8812|39.9413|57.0974|92.4072|18.2346|76.7594|42.5138|59.2872|61.2725|43.8659|93.0484|89.0369|66.5616,0.180129|0.227784|0.190047|0.1911|0.231254|0.225161|0.172286|0.248409|0.234874|0.180359|0.227675|0.203687|0.231355|0.218425|0.197352|0.200548|0.204351|0.241695|0.176232|0.198053|0.171721,0.323551|0.686264|0.757428|0.161388|0.604504|0.880608|0.559133|0.983209|0.16843|0.129355|0.396625|0.876618|0.595303|0.515127|0.602799|0.127053|0.413834|0.590576|0.182879|0.704733|0.235817,0.869523,0.801463,0.117836,0.0993652,0.460468,0.534015,0.0732846,0.487967,0.198257,0.921169,51.6436,5.43263e-12,47756,0.887486,41.1981,1.06086e-12,38445,0.895553,0.876428,0.0878307,0.631141,0.996144,0.511517,0.22039,0.459803,0.228135,0.891603,87.9902,7.64954e-10,30733,0.967162,70.4477,9.04596e-11,52512
24,742,n1->n20->n21->n22->n74->n57->n55->n56->n90->n59->n60->n62->n46->n48->n50->n29->n11->n9->n10->n63->n61->n51,5.37021e+09|4.0293e+11|1.56161e+12|1.47e+10|5.8385e+13|4.14288e+09|8.84081e+12|1.1605e+12|1.33273e+11|3.04563e+11|8.79841e+13|2.37342e+11|5.53417e+12|3.98001e+12|2.36425e+09|3.6336e+13|1.78735e+12|1.49139e+12|2.49624e+09|6.55204e+12|6.44979e+11|7.46708e+11,8.19724e+08|1.89646e+11|3.02345e+11|9.51029e+09|7.35096e+12|2.05006e+09|4.69454e+12|5.65456e+11|6.41526e+10|3.06423e+10|5.95756e+13|1.13053e+11|1.63629e+12|1.69514e+12|4.07889e+08|1.77292e+13|3.29521e+11|3.79906e+11|7.32581e+08|2.63574e+12|1.30372e+11|5.06847e+11,0.000494453|5.21063e-05|0.00096308|1.77434e-05|0.000875739|0.000173612|4.06274e-05|1.7812e-05|0.000319756|2.43107e-05|0.000731749|8.24006e-05|0.000489732|4.78153e-05|1.54283e-05|0.000125062|5.47786e-05|1.80008e-05|6.27016e-05|0.000116235|3.71253e-05|0.000185382,0.000316017|0.000368678|0.00195589|0.0006856|0.00944671|0.00271581|0.000128431|0.000830638|0.000672662|0.000202742|0.000248463|0.00794111|0.000159088|0.00544009|0.00907722|0.00231296|0.00652494|0.00065196|0.00113469|0.00126856|0.00313588|0.00344885,0.0109342|0.0108696|0.00712365|0.0408661|0.0280357|0.0328142|0.00843704|0.0231698|0.0285929|0.00304046|0.0128442|0.0242596|0.029055|0.0455031|0.00638914|0.0255931|0.00125292|0.0140743|0.00597815|0.0100727|0.0266048|0.0365406,0.000178506|0.0181411|0.0414669|0.040072|0.0166219|0.0437642|0.0314938|0.0417641|0.0372754|0.0474075|0.0431033|0.0480911|0.0302566|0.0360942|0.0483596|0.00291922|0.0136412|0.033904|0.0245713|0.0107197|0.0179693|0.0130093,0.973537|0.923215|0.971602|0.95984|0.90082|0.983348|0.908585|0.944528|0.984478|0.99171|0.945549|0.98053|0.923372|0.967439|0.910708|0.962742|0.988894|0.963574|0.962416|0.903245|0.958619|0.98883,4.63983|4.79469|3.14177|0.048646|0.0974208|1.93323|3.37071|2.55597|4.02061|5.60303|4.50487|5.59786|0.31178|3.09858|5.41755|0.0327787|0.923897|5.88966|1.97158|4.68449|2.63855|4.04415,90.7492|76.7594|55.6995|63.8366|95.6836|61.5999|95.3312|40.6061|62.2588|76.8491|48.3985|56.7189|41.9872|23.5956|37.0378|13.2112|99.0064|65.9961|65.1286|47.0482|66.5616,0.215706|0.218425|0.206062|0.241428|0.169856|0.220389|0.167906|0.166746|0.169222|0.204072|0.17162|0.167864|0.178665|0.191801|0.191256|0.219003|0.201409|0.193896|0.203746|0.167884|0.171721,0.53635|0.515127|0.677391|0.480684|0.815246|0.549818|0.402595|0.163177|0.361153|0.509755|0.641887|0.624525|0.182289|0.688345|0.182586|0.427028|0.439638|0.982181|0.514129|0.410418|0.235817,0.869523,0.801463,0.117836,0.0993652,0.460468,0.534015,0.0732846,0.487967,0.198257,0.921169,51.6436,5.43263e-12,47756,0.887486,41.1981,1.06086e-12,38445,0.895553,0.876428,0.0878307,0.631141,0.996144,0.511517,0.22039,0.459803,0.228135,0.891603,87.9902,7.64954e-10,30733,0.967162,70.4477,9.04596e-11,52512
24,743,n1->n20->n18->n16->n38->n36->n64->n49->n47->n46->n48->n50->n60->n59->n90->n100->n73->n54->n55->n53->n52->n51,5.37021e+09|4.0293e+11|7.59179e+12|1.09193e+13|1.16426e+13|7.73972e+11|4.21034e+09|2.45005e+09|4.74236e+11|5.53417e+12|3.98001e+12|2.36425e+09|8.79841e+13|3.04563e+11|1.33273e+11|4.01966e+09|1.41706e+11|2.80961e+11|8.84081e+12|4.60474e+10|1.02428e+10|7.46708e+11,8.19724e+08|1.89646e+11|4.11836e+12|1.33827e+12|1.19258e+12|7.77593e+10|1.60867e+09|2.44458e+09|1.54765e+11|1.63629e+12|1.69514e+12|4.07889e+08|5.95756e+13|3.06423e+10|6.41526e+10|2.27749e+09|5.76853e+10|2.23178e+11|4.69454e+12|3.18273e+10|2.07235e+09|5.06847e+11,0.000494453|5.21063e-05|2.98936e-05|3.71682e-05|1.04425e-05|0.000426407|1.88732e-05|1.07426e-05|0.000202873|0.000489732|4.78153e-05|1.54283e-05|0.000731749|2.43107e-05|0.000319756|0.000665246|6.32916e-05|1.47667e-05|4.06274e-05|2.00633e-05|0.00011644|0.000185382,0.000316017|0.000368678|0.000681499|0.00174713|0.00950649|0.00396778|0.000135861|0.000979027|0.000266598|0.000159088|0.00544009|0.00907722|0.000248463|0.000202742|0.000672662|0.00914892|0.000807753|0.00549128|0.000128431|0.000509085|0.00580301|0.00344885,0.0109342|0.0108696|0.0192976|0.0123696|0.0263713|0.00497013|0.0266797|0.0183567|0.00898217|0.029055|0.0455031|0.00638914|0.0128442|0.00304046|0.0285929|0.0100829|0.0455502|0.0334079|0.00843704|5.21659e-05|0.0398377|0.0365406,0.000178506|0.0181411|0.0120519|0.0240438|0.00318517|0.0341912|0.0436548|0.0388066|0.0488958|0.0302566|0.0360942|0.0483596|0.0431033|0.0474075|0.0372754|0.0460028|0.028193|0.00844474|0.0314938|0.00115664|0.0151024|0.0130093,0.973537|0.923215|0.946711|0.979533|0.902547|0.94998|0.933821|0.969899|0.9108|0.923372|0.967439|0.910708|0.945549|0.99171|0.984478|0.935175|0.909539|0.927525|0.908585|0.913872|0.965406|0.98883,4.63983|4.79469|4.38273|1.69436|5.09423|3.70656|5.77568|3.94615|6.27947|0.31178|3.09858|5.41755|4.50487|5.60303|4.02061|3.89025|3.29092|1.22009|3.37071|0.640024|0.0104102|4.04415,90.7492|89.2299|72.2829|28.0546|61.2725|43.8659|77.768|91.8261|71.5316|41.9872|23.5956|22.3088|76.8491|62.2588|32.7492|20.1165|26.1465|27.8669|30.3781|81.3721|83.3731,0.215706|0.247215|0.180241|0.17367|0.204351|0.241695|0.165457|0.228404|0.196056|0.178665|0.191801|0.190841|0.204072|0.169222|0.191207|0.175955|0.196311|0.169326|0.207992|0.184589|0.197114,0.53635|0.652252|0.553025|0.828443|0.413834|0.590576|0.348083|0.133861|0.758317|0.182289|0.688345|0.323935|0.509755|0.361153|0.878161|0.825877|0.754315|0.414082|0.646488|0.272111|0.942894,0.869523,0.801463,0.117836,0.0993652,0.460468,0.534015,0.0732846,0.487967,0.198257,0.921169,51.6436,5.43263e-12,47756,0.887486,41.1981,1.06086e-12,38445,0.895553,0.876428,0.0878307,0.631141,0.996144,0.511517,0.22039,0.459803,0.228135,0.891603,87.9902,7.64954e-10,30733,0.967162,70.4477,9.04596e-11,52512
24,744,n1->n13->n14->n75->n73->n100->n2->n4->n27->n28->n29->n50->n48->n89->n88->n87->n70->n72->n77->n93->n94->n51,5.37021e+09|6.60497e+13|3.70261e+10|8.71921e+10|1.41706e+11|4.01966e+09|5.94248e+10|7.07339e+12|4.19351e+12|1.34247e+11|3.6336e+13|2.36425e+09|3.98001e+12|2.68119e+11|9.00567e+12|7.3435e+12|6.87309e+13|6.83442e+09|5.68112e+11|4.22601e+13|1.36531e+10|7.46708e+11,8.19724e+08|8.87204e+12|1.44234e+10|5.29113e+10|5.76853e+10|2.27749e+09|3.74975e+10|2.43435e+12|8.73344e+11|1.51805e+10|1.77292e+13|4.07889e+08|1.69514e+12|9.23423e+10|8.66002e+12|2.79916e+12|9.78332e+12|1.48353e+09|3.56307e+11|1.3774e+13|1.67171e+09|5.06847e+11,0.000494453|0.000787814|3.25754e-05|0.000766915|6.32916e-05|0.000665246|1.10648e-05|0.000113681|1.08528e-05|0.00056516|0.000125062|1.54283e-05|4.78153e-05|3.55201e-05|6.2721e-05|0.000634307|5.13815e-05|0.000159499|8.49487e-05|8.45967e-05|2.95455e-05|0.000185382,0.000316017|0.00788063|0.000181646|0.000203965|0.000807753|0.00914892|0.00120557|0.00198341|0.00262605|0.0093172|0.00231296|0.00907722|0.00544009|0.000111435|0.000480267|0.00151267|0.00295865|0.00384342|0.000906866|0.000162335|0.000125263|0.00344885,0.0109342|0.0476737|0.0426128|0.0243876|0.0455502|0.0100829|0.00369149|0.0350273|0.0303206|0.0317261|0.0255931|0.00638914|0.0455031|0.0107812|0.00850464|0.0186268|0.0286141|0.0479977|0.04851|0.0108045|0.00830448|0.0365406,0.000178506|0.00335145|0.049061|0.0250863|0.028193|0.0460028|0.0127317|0.0273051|0.0230682|0.03841|0.00291922|0.0483596|0.0360942|0.0401575|0.0237676|0.00979507|0.0216638|0.0299903|0.0115254|0.0326183|0.0293842|0.0130093,0.973537|0.954869|0.906626|0.936129|0.909539|0.935175|0.968894|0.917619|0.985376|0.948072|0.962742|0.910708|0.967439|0.926416|0.962132|0.977244|0.966653|0.96924|0.949999|0.912097|0.927471|0.98883,4.63983|5.26639|0.762282|3.39264|3.29092|3.89025|4.74216|1.56082|4.5695|1.48687|0.0327787|5.41755|3.09858|0.0868458|1.9653|2.33192|4.60778|3.90463|0.722366|5.92115|5.03384|4.04415,79.8117|92.5451|56.2706|85.6152|20.1165|37.015|30.2686|52.1141|23.5709|18.7034|37.0378|23.5956|94.0077|92.4072|57.0974|39.9413|97.4405|92.3918|51.9256|63.1349|11.2844,0.246796|0.191459|0.226178|0.185893|0.175955|0.17211|0.239023|0.184605|0.207151|0.249902|0.191256|0.191801|0.234363|0.203687|0.227675|0.180359|0.180102|0.167022|0.247077|0.209804|0.200895,0.338018|0.161307|0.725021|0.624191|0.825877|0.315214|0.514427|0.200735|0.340196|0.259002|0.182586|0.688345|0.948873|0.876618|0.396625|0.129355|0.79408|0.776051|0.469529|0.17375|0.836539,0.869523,0.801463,0.117836,0.0993652,0.460468,0.534015,0.0732846,0.487967,0.198257,0.921169,51.6436,5.43263e-12,47756,0.887486,41.1981,1.06086e-12,38445,0.895553,0.876428,0.0878307,0.631141,0.996144,0.511517,0.22039,0.459803,0.228135,0.891603,87.9902,7.64954e-10,30733,0.967162,70.4477,9.04596e-11,52512
24,745,n1->n99->n98->n57->n55->n56->n90->n88->n87->n70->n18->n17->n19->n20->n96->n94->n92->n91->n93->n64->n49->n51,5.37021e+09|1.57108e+10|1.8266e+13|4.14288e+09|8.84081e+12|1.1605e+12|1.33273e+11|9.00567e+12|7.3435e+12|6.87309e+13|7.59179e+12|1.51096e+11|2.47533e+11|4.0293e+11|2.51165e+12|1.36531e+10|1.97334e+09|2.84652e+12|4.22601e+13|4.21034e+09|2.45005e+09|7.46708e+11,8.19724e+08|4.21389e+09|5.99087e+12|2.05006e+09|4.69454e+12|5.65456e+11|6.41526e+10|8.66002e+12|2.79916e+12|9.78332e+12|4.11836e+12|1.57582e+10|2.33399e+11|1.89646e+11|5.36324e+11|1.67171e+09|1.46451e+09|3.57264e+11|1.3774e+13|1.60867e+09|2.44458e+09|5.06847e+11,0.000494453|0.00089026|0.000410965|0.000173612|4.06274e-05|1.7812e-05|0.000319756|6.2721e-05|0.000634307|5.13815e-05|2.98936e-05|0.000261059|0.000261527|5.21063e-05|1.2987e-05|2.95455e-05|2.75832e-05|6.93267e-05|8.45967e-05|1.88732e-05|1.07426e-05|0.000185382,0.000316017|0.000350126|0.000548485|0.00271581|0.000128431|0.000830638|0.000672662|0.000480267|0.00151267|0.00295865|0.000681499|0.000513001|0.000768065|0.000368678|0.000286765|0.000125263|0.0052688|0.00599677|0.000162335|0.000135861|0.000979027|0.00344885,0.0109342|0.0362414|0.0295222|0.0328142|0.00843704|0.0231698|0.0285929|0.00850464|0.0186268|0.0286141|0.0192976|0.0430027|0.0201979|0.0108696|0.0377902|0.00830448|0.0444618|0.008036|0.0108045|0.0266797|0.0183567|0.0365406,0.000178506|0.0472365|0.0297366|0.0437642|0.0314938|0.0417641|0.0372754|0.0237676|0.00979507|0.0216638|0.0120519|0.00442808|0.0291803|0.0181411|0.0195364|0.0293842|0.0387741|0.015498|0.0326183|0.0436548|0.0388066|0.0130093,0.973537|0.953794|0.959539|0.983348|0.908585|0.944528|0.984478|0.962132|0.977244|0.966653|0.946711|0.974312|0.941018|0.923215|0.951762|0.927471|0.987763|0.964407|0.912097|0.933821|0.969899|0.98883,4.63983|3.07459|2.95405|1.93323|3.37071|2.55597|4.02061|1.9653|2.33192|4.60778|4.38273|5.11322|1.39448|4.79469|0.85792|5.03384|6.03913|5.6679|5.92115|5.77568|3.94615|4.04415,66.2586|58.4557|98.2355|61.5999|95.3312|40.6061|14.1987|57.0974|39.9413|55.8812|43.2583|10.3361|86.2435|58.7029|71.0086|13.5087|32.3713|26.8753|32.5899|77.768|10.4661,0.180129|0.227784|0.190047|0.220389|0.167906|0.166746|0.244274|0.227675|0.180359|0.234874|0.218822|0.172286|0.182991|0.201188|0.230021|0.230182|0.161013|0.203549|0.178102|0.165457|0.216931,0.323551|0.686264|0.757428|0.549818|0.402595|0.163177|0.997795|0.396625|0.129355|0.16843|0.981182|0.559133|0.182796|0.666395|0.131268|0.731663|0.940947|0.21516|0.548301|0.348083|0.516407,0.869523,0.801463,0.117836,0.0993652,0.460468,0.534015,0.0732846,0.487967,0.198257,0.921169,51.6436,5.43263e-12,47756,0.887486,41.1981,1.06086e-12,38445,0.895553,0.876428,0.0878307,0.631141,0.996144,0.511517,0.22039,0.459803,0.228135,0.891603,87.9902,7.64954e-10,30733,0.967162,70.4477,9.04596e-11,52512
24,746,n1->n13->n11->n9->n7->n8->n10->n73->n71->n24->n33->n84->n83->n85->n78->n80->n82->n95->n93->n92->n94->n51,5.37021e+09|6.60497e+13|1.78735e+12|1.49139e+12|3.81012e+11|4.61239e+13|2.49624e+09|1.41706e+11|7.70008e+11|1.59557e+13|3.64323e+13|1.07392e+09|3.76373e+13|2.02447e+09|3.25238e+10|2.45686e+13|1.07979e+13|1.05601e+11|4.22601e+13|1.97334e+09|1.36531e+10|7.46708e+11,8.19724e+08|8.87204e+12|3.29521e+11|3.79906e+11|6.70334e+10|1.04208e+13|7.32581e+08|5.76853e+10|1.60546e+11|4.06569e+12|6.32377e+12|9.00899e+08|2.34723e+13|2.41326e+08|2.30731e+10|2.75437e+12|1.66379e+12|5.46554e+10|1.3774e+13|1.46451e+09|1.67171e+09|5.06847e+11,0.000494453|0.000787814|5.47786e-05|1.80008e-05|0.000475679|6.6054e-05|6.27016e-05|6.32916e-05|0.00017279|0.000193265|1.50316e-05|2.14473e-05|1.86087e-05|2.04325e-05|0.000270955|1.13052e-05|0.000837919|0.000260968|8.45967e-05|2.75832e-05|2.95455e-05|0.000185382,0.000316017|0.00788063|0.00652494|0.00065196|0.00104538|0.00522046|0.00113469|0.000807753|0.00123164|0.0012727|0.00213059|0.000434313|0.000175452|0.000338175|0.00167497|0.000238286|0.00271152|0.000186877|0.000162335|0.0052688|0.000125263|0.00344885,0.0109342|0.0476737|0.00125292|0.0140743|0.01754|0.0318744|0.00597815|0.0455502|0.0398828|0.0433038|0.00968695|0.0473575|0.015405|0.0354515|0.00569443|0.00592883|0.0278433|0.00282907|0.0108045|0.0444618|0.00830448|0.0365406,0.000178506|0.00335145|0.0136412|0.033904|0.0283975|0.0483133|0.0245713|0.028193|0.0326729|0.00780618|0.0280967|0.0366447|0.038157|0.0266209|0.0425349|0.0262948|0.0266174|0.0420997|0.0326183|0.0387741|0.0293842|0.0130093,0.973537|0.954869|0.988894|0.963574|0.963898|0.975256|0.962416|0.909539|0.947193|0.90929|0.923653|0.948551|0.947801|0.940474|0.92832|0.919013|0.934435|0.966581|0.912097|0.987763|0.927471|0.98883,4.63983|5.26639|0.923897|5.88966|3.51107|3.22282|1.97158|3.29092|0.117525|3.9732|1.04264|5.42186|4.11052|4.91715|3.3614|0.100836|0.132111|1.09944|5.92115|6.03913|5.03384|4.04415,79.8117|13.9548|99.0064|59.8148|55.4093|99.595|29.3778|28.2621|44.1502|98.0873|59.7094|20.1884|92.2019|67.1704|66.5291|47.0365|75.699|24.941|61.035|13.5087|11.2844,0.246796|0.189728|0.201409|0.18359|0.230451|0.184434|0.202302|0.242769|0.204574|0.239791|0.183728|0.246081|0.231254|0.184721|0.222935|0.231931|0.21275|0.237661|0.21409|0.230182|0.200895,0.338018|0.801183|0.439638|0.339058|0.745697|0.703378|0.747283|0.940077|0.45026|0.939209|0.218166|0.599197|0.604504|0.609732|0.109088|0.796307|0.837867|0.985064|0.722832|0.731663|0.836539,0.869523,0.801463,0.117836,0.0993652,0.460468,0.534015,0.0732846,0.487967,0.198257,0.921169,51.6436,5.43263e-12,47756,0.887486,41.1981,1.06086e-12,38445,0.895553,0.876428,0.0878307,0.631141,0.996144,0.511517,0.22039,0.459803,0.228135,0.891603,87.9902,7.64954e-10,30733,0.967162,70.4477,9.04596e-11,52512
24,747,n1->n20->n89->n95->n97->n27->n4->n75->n71->n73->n100->n2->n7->n8->n12->n6->n33->n84->n82->n63->n61->n51,5.37021e+09|4.0293e+11|2.68119e+11|1.05601e+11|2.90604e+09|4.19351e+12|7.07339e+12|8.71921e+10|7.70008e+11|1.41706e+11|4.01966e+09|5.94248e+10|3.81012e+11|4.61239e+13|9.70597e+10|1.14208e+09|3.64323e+13|1.07392e+09|1.07979e+13|6.55204e+12|6.44979e+11|7.46708e+11,8.19724e+08|1.89646e+11|9.23423e+10|5.46554e+10|5.04144e+08|8.73344e+11|2.43435e+12|5.29113e+10|1.60546e+11|5.76853e+10|2.27749e+09|3.74975e+10|6.70334e+10|1.04208e+13|2.76143e+10|2.20459e+08|6.32377e+12|9.00899e+08|1.66379e+12|2.63574e+12|1.30372e+11|5.06847e+11,0.000494453|5.21063e-05|3.55201e-05|0.000260968|8.81202e-05|1.08528e-05|0.000113681|0.000766915|0.00017279|6.32916e-05|0.000665246|1.10648e-05|0.000475679|6.6054e-05|0.000201974|1.08483e-05|1.50316e-05|2.14473e-05|0.000837919|0.000116235|3.71253e-05|0.000185382,0.000316017|0.000368678|0.000111435|0.000186877|0.00494291|0.00262605|0.00198341|0.000203965|0.00123164|0.000807753|0.00914892|0.00120557|0.00104538|0.00522046|0.0016732|0.00010157|0.00213059|0.000434313|0.00271152|0.00126856|0.00313588|0.00344885,0.0109342|0.0108696|0.0107812|0.00282907|0.0381696|0.0303206|0.0350273|0.0243876|0.0398828|0.0455502|0.0100829|0.00369149|0.01754|0.0318744|0.0313381|0.00160082|0.00968695|0.0473575|0.0278433|0.0100727|0.0266048|0.0365406,0.000178506|0.0181411|0.0401575|0.0420997|0.00800322|0.0230682|0.0273051|0.0250863|0.0326729|0.028193|0.0460028|0.0127317|0.0283975|0.0483133|0.0470205|0.0260762|0.0280967|0.0366447|0.0266174|0.0107197|0.0179693|0.0130093,0.973537|0.923215|0.926416|0.966581|0.90679|0.985376|0.917619|0.936129|0.947193|0.909539|0.935175|0.968894|0.963898|0.975256|0.937315|0.908628|0.923653|0.948551|0.934435|0.903245|0.958619|0.98883,4.63983|4.79469|0.0868458|1.09944|1.41691|4.5695|1.56082|3.39264|0.117525|3.29092|3.89025|4.74216|3.51107|3.22282|3.07758|5.01633|1.04264|5.42186|0.132111|4.68449|2.63855|4.04415,90.7492|18.2346|11.8194|11.8968|31.5608|52.1141|81.7362|14.5634|28.2621|20.1165|37.015|88.6198|55.4093|81.3396|32.9383|50.0569|59.7094|83.37|48.6997|47.0482|66.5616,0.215706|0.231355|0.168449|0.228013|0.219936|0.184605|0.218556|0.169453|0.242769|0.175955|0.17211|0.228013|0.230451|0.186476|0.230728|0.19306|0.183728|0.203763|0.175742|0.167884|0.171721,0.53635|0.595303|0.776387|0.342677|0.557853|0.200735|0.847503|0.275247|0.940077|0.825877|0.315214|0.84397|0.745697|0.379326|0.628307|0.116472|0.218166|0.808712|0.4301|0.410418|0.235817,0.869523,0.801463,0.117836,0.0993652,0.460468,0.534015,0.0732846,0.487967,0.198257,0.921169,51.6436,5.43263e-12,47756,0.887486,41.1981,1.06086e-12,38445,0.895553,0.876428,0.0878307,0.631141,0.996144,0.511517,0.22039,0.459803,0.228135,0.891603,87.9902,7.64954e-10,30733,0.967162,70.4477,9.04596e-11,52512
24,748,n1->n13->n12->n8->n7->n5->n3->n69->n70->n18->n20->n21->n23->n83->n85->n84->n56->n54->n55->n53->n52->n51,5.37021e+09|6.60497e+13|9.70597e+10|4.61239e+13|3.81012e+11|2.91995e+11|2.78751e+13|8.81277e+09|6.87309e+13|7.59179e+12|4.0293e+11|1.56161e+12|4.63033e+10|3.76373e+13|2.02447e+09|1.07392e+09|1.1605e+12|2.80961e+11|8.84081e+12|4.60474e+10|1.02428e+10|7.46708e+11,8.19724e+08|8.87204e+12|2.76143e+10|1.04208e+13|6.70334e+10|4.67133e+10|1.44762e+13|7.57626e+09|9.78332e+12|4.11836e+12|1.89646e+11|3.02345e+11|3.30225e+10|2.34723e+13|2.41326e+08|9.00899e+08|5.65456e+11|2.23178e+11|4.69454e+12|3.18273e+10|2.07235e+09|5.06847e+11,0.000494453|0.000787814|0.000201974|6.6054e-05|0.000475679|7.03031e-05|0.00022361|0.000268039|5.13815e-05|2.98936e-05|5.21063e-05|0.00096308|0.000277161|1.86087e-05|2.04325e-05|2.14473e-05|1.7812e-05|1.47667e-05|4.06274e-05|2.00633e-05|0.00011644|0.000185382,0.000316017|0.00788063|0.0016732|0.00522046|0.00104538|0.000196916|0.00776667|0.00367819|0.00295865|0.000681499|0.000368678|0.00195589|0.00418014|0.000175452|0.000338175|0.000434313|0.000830638|0.00549128|0.000128431|0.000509085|0.00580301|0.00344885,0.0109342|0.0476737|0.0313381|0.0318744|0.01754|0.00731162|0.0268705|0.022957|0.0286141|0.0192976|0.0108696|0.00712365|0.00314906|0.015405|0.0354515|0.0473575|0.0231698|0.0334079|0.00843704|5.21659e-05|0.0398377|0.0365406,0.000178506|0.00335145|0.0470205|0.0483133|0.0283975|0.0421608|0.0326941|0.0100342|0.0216638|0.0120519|0.0181411|0.0414669|0.0470385|0.038157|0.0266209|0.0366447|0.0417641|0.00844474|0.0314938|0.00115664|0.0151024|0.0130093,0.973537|0.954869|0.937315|0.975256|0.963898|0.951514|0.982466|0.975915|0.966653|0.946711|0.923215|0.971602|0.92176|0.947801|0.940474|0.948551|0.944528|0.927525|0.908585|0.913872|0.965406|0.98883,4.63983|5.26639|3.07758|3.22282|3.51107|4.90362|4.79844|2.99986|4.60778|4.38273|4.79469|3.14177|2.08786|4.11052|4.91715|5.42186|2.55597|1.22009|3.37071|0.640024|0.0104102|4.04415,79.8117|56.34|81.3396|55.4093|37.2729|10.4739|83.9106|74.5377|55.8812|89.2299|76.7594|88.4205|23.518|92.2019|82.1833|34.4372|42.6814|27.8669|30.3781|81.3721|83.3731,0.246796|0.206669|0.186476|0.230451|0.176784|0.163561|0.204476|0.172691|0.234874|0.247215|0.218425|0.232237|0.181099|0.231254|0.216313|0.222961|0.167734|0.169326|0.207992|0.184589|0.197114,0.338018|0.285239|0.379326|0.745697|0.943162|0.469027|0.65353|0.416585|0.16843|0.652252|0.515127|0.516177|0.741177|0.604504|0.528406|0.762891|0.927159|0.414082|0.646488|0.272111|0.942894,0.869523,0.801463,0.117836,0.0993652,0.460468,0.534015,0.0732846,0.487967,0.198257,0.921169,51.6436,5.43263e-12,47756,0.887486,41.1981,1.06086e-12,38445,0.895553,0.876428,0.0878307,0.631141,0.996144,0.511517,0.22039,0.459803,0.228135,0.891603,87.9902,7.64954e-10,30733,0.967162,70.4477,9.04596e-11,52512
24,749,n1->n20->n19->n18->n70->n69->n3->n5->n65->n52->n27->n97->n99->n77->n93->n95->n89->n88->n90->n59->n50->n51,5.37021e+09|4.0293e+11|2.47533e+11|7.59179e+12|6.87309e+13|8.81277e+09|2.78751e+13|2.91995e+11|1.12599e+09|1.02428e+10|4.19351e+12|2.90604e+09|1.57108e+10|5.68112e+11|4.22601e+13|1.05601e+11|2.68119e+11|9.00567e+12|1.33273e+11|3.04563e+11|2.36425e+09|7.46708e+11,8.19724e+08|1.89646e+11|2.33399e+11|4.11836e+12|9.78332e+12|7.57626e+09|1.44762e+13|4.67133e+10|3.2906e+08|2.07235e+09|8.73344e+11|5.04144e+08|4.21389e+09|3.56307e+11|1.3774e+13|5.46554e+10|9.23423e+10|8.66002e+12|6.41526e+10|3.06423e+10|4.07889e+08|5.06847e+11,0.000494453|5.21063e-05|0.000261527|2.98936e-05|5.13815e-05|0.000268039|0.00022361|7.03031e-05|1.96575e-05|0.00011644|1.08528e-05|8.81202e-05|0.00089026|8.49487e-05|8.45967e-05|0.000260968|3.55201e-05|6.2721e-05|0.000319756|2.43107e-05|1.54283e-05|0.000185382,0.000316017|0.000368678|0.000768065|0.000681499|0.00295865|0.00367819|0.00776667|0.000196916|0.000428116|0.00580301|0.00262605|0.00494291|0.000350126|0.000906866|0.000162335|0.000186877|0.000111435|0.000480267|0.000672662|0.000202742|0.00907722|0.00344885,0.0109342|0.0108696|0.0201979|0.0192976|0.0286141|0.022957|0.0268705|0.00731162|0.00118659|0.0398377|0.0303206|0.0381696|0.0362414|0.04851|0.0108045|0.00282907|0.0107812|0.00850464|0.0285929|0.00304046|0.00638914|0.0365406,0.000178506|0.0181411|0.0291803|0.0120519|0.0216638|0.0100342|0.0326941|0.0421608|0.00176737|0.0151024|0.0230682|0.00800322|0.0472365|0.0115254|0.0326183|0.0420997|0.0401575|0.0237676|0.0372754|0.0474075|0.0483596|0.0130093,0.973537|0.923215|0.941018|0.946711|0.966653|0.975915|0.982466|0.951514|0.967717|0.965406|0.985376|0.90679|0.953794|0.949999|0.912097|0.966581|0.926416|0.962132|0.984478|0.99171|0.910708|0.98883,4.63983|4.79469|1.39448|4.38273|4.60778|2.99986|4.79844|4.90362|4.1126|0.0104102|4.5695|1.41691|3.07459|0.722366|5.92115|1.09944|0.0868458|1.9653|4.02061|5.60303|5.41755|4.04415,90.7492|86.2435|34.0839|55.8812|74.5377|83.9106|10.4739|35.0583|56.1703|46.2248|31.5608|94.4507|96.5216|51.9256|24.941|11.8194|92.4072|14.1987|62.2588|47.7013|82.9474,0.215706|0.182991|0.248409|0.234874|0.172691|0.204476|0.163561|0.209201|0.247907|0.183493|0.219936|0.168303|0.241387|0.247077|0.237661|0.168449|0.203687|0.244274|0.169222|0.170229|0.24308,0.53635|0.182796|0.983209|0.16843|0.416585|0.65353|0.469027|0.297185|0.827328|0.657987|0.557853|0.263233|0.664018|0.469529|0.985064|0.776387|0.876618|0.997795|0.361153|0.776444|0.624607,0.869523,0.801463,0.117836,0.0993652,0.460468,0.534015,0.0732846,0.487967,0.198257,0.921169,51.6436,5.43263e-12,47756,0.887486,41.1981,1.06086e-12,38445,0.895553,0.876428,0.0878307,0.631141,0.996144,0.511517,0.22039,0.459803,0.228135,0.891603,87.9902,7.64954e-10,30733,0.967162,70.4477,9.04596e-11,52512
24,750,n1->n99->n98->n57->n74->n35->n33->n31->n32->n66->n68->n58->n85->n83->n84->n82->n95->n89->n20->n96->n94->n51,5.37021e+09|1.57108e+10|1.8266e+13|4.14288e+09|5.8385e+13|5.77859e+11|3.64323e+13|4.79342e+12|1.78367e+12|1.10072e+10|1.31753e+09|8.16696e+09|2.02447e+09|3.76373e+13|1.07392e+09|1.07979e+13|1.05601e+11|2.68119e+11|4.0293e+11|2.51165e+12|1.36531e+10|7.46708e+11,8.19724e+08|4.21389e+09|5.99087e+12|2.05006e+09|7.35096e+12|4.88834e+11|6.32377e+12|4.42443e+12|1.05491e+12|8.7665e+09|3.10679e+08|6.89506e+09|2.41326e+08|2.34723e+13|9.00899e+08|1.66379e+12|5.46554e+10|9.23423e+10|1.89646e+11|5.36324e+11|1.67171e+09|5.06847e+11,0.000494453|0.00089026|0.000410965|0.000173612|0.000875739|0.000412952|1.50316e-05|0.00024651|0.000179959|0.000237659|0.000223952|0.000266735|2.04325e-05|1.86087e-05|2.14473e-05|0.000837919|0.000260968|3.55201e-05|5.21063e-05|1.2987e-05|2.95455e-05|0.000185382,0.000316017|0.000350126|0.000548485|0.00271581|0.00944671|0.00138752|0.00213059|0.00308746|0.00292552|0.000470269|0.00843573|0.00874893|0.000338175|0.000175452|0.000434313|0.00271152|0.000186877|0.000111435|0.000368678|0.000286765|0.000125263|0.00344885,0.0109342|0.0362414|0.0295222|0.0328142|0.0280357|0.00215298|0.00968695|0.0211034|0.00778345|0.0203827|0.0370095|0.0248478|0.0354515|0.015405|0.0473575|0.0278433|0.00282907|0.0107812|0.0108696|0.0377902|0.00830448|0.0365406,0.000178506|0.0472365|0.0297366|0.0437642|0.0166219|0.0375959|0.0280967|0.0151027|0.0161829|0.0146278|0.00589983|0.0481122|0.0266209|0.038157|0.0366447|0.0266174|0.0420997|0.0401575|0.0181411|0.0195364|0.0293842|0.0130093,0.973537|0.953794|0.959539|0.983348|0.90082|0.952159|0.923653|0.943878|0.953313|0.978907|0.984554|0.911658|0.940474|0.947801|0.948551|0.934435|0.966581|0.926416|0.923215|0.951762|0.927471|0.98883,4.63983|3.07459|2.95405|1.93323|0.0974208|5.24666|1.04264|4.82496|0.10397|3.10364|5.26958|3.70937|4.91715|4.11052|5.42186|0.132111|1.09944|0.0868458|4.79469|0.85792|5.03384|4.04415,66.2586|58.4557|98.2355|95.6836|67.7415|93.5115|95.0453|86.0567|27.3217|70.8824|56.905|90.6886|92.2019|20.1884|83.37|75.699|11.8194|18.2346|58.7029|71.0086|11.2844,0.180129|0.227784|0.190047|0.169856|0.161632|0.242679|0.234751|0.16799|0.199785|0.16183|0.185169|0.194345|0.231254|0.246081|0.203763|0.21275|0.168449|0.231355|0.201188|0.230021|0.200895,0.323551|0.686264|0.757428|0.815246|0.301798|0.487093|0.258586|0.799966|0.769012|0.215539|0.476138|0.45102|0.604504|0.599197|0.808712|0.837867|0.776387|0.595303|0.666395|0.131268|0.836539,0.869523,0.801463,0.117836,0.0993652,0.460468,0.534015,0.0732846,0.487967,0.198257,0.921169,51.6436,5.43263e-12,47756,0.887486,41.1981,1.06086e-12,38445,0.895553,0.876428,0.0878307,0.631141,0.996144,0.511517,0.22039,0.459803,0.228135,0.891603,87.9902,7.64954e-10,30733,0.967162,70.4477,9.04596e-11,52512
24,751,n1->n13->n14->n12->n6->n33->n35->n74->n75->n73->n71->n24->n26->n27->n97->n99->n98->n57->n55->n53->n52->n51,5.37021e+09|6.60497e+13|3.70261e+10|9.70597e+10|1.14208e+09|3.64323e+13|5.77859e+11|5.8385e+13|8.71921e+10|1.41706e+11|7.70008e+11|1.59557e+13|7.09351e+09|4.19351e+12|2.90604e+09|1.57108e+10|1.8266e+13|4.14288e+09|8.84081e+12|4.60474e+10|1.02428e+10|7.46708e+11,8.19724e+08|8.87204e+12|1.44234e+10|2.76143e+10|2.20459e+08|6.32377e+12|4.88834e+11|7.35096e+12|5.29113e+10|5.76853e+10|1.60546e+11|4.06569e+12|1.31666e+09|8.73344e+11|5.04144e+08|4.21389e+09|5.99087e+12|2.05006e+09|4.69454e+12|3.18273e+10|2.07235e+09|5.06847e+11,0.000494453|0.000787814|3.25754e-05|0.000201974|1.08483e-05|1.50316e-05|0.000412952|0.000875739|0.000766915|6.32916e-05|0.00017279|0.000193265|3.77967e-05|1.08528e-05|8.81202e-05|0.00089026|0.000410965|0.000173612|4.06274e-05|2.00633e-05|0.00011644|0.000185382,0.000316017|0.00788063|0.000181646|0.0016732|0.00010157|0.00213059|0.00138752|0.00944671|0.000203965|0.000807753|0.00123164|0.0012727|0.00522178|0.00262605|0.00494291|0.000350126|0.000548485|0.00271581|0.000128431|0.000509085|0.00580301|0.00344885,0.0109342|0.0476737|0.0426128|0.0313381|0.00160082|0.00968695|0.00215298|0.0280357|0.0243876|0.0455502|0.0398828|0.0433038|0.0101688|0.0303206|0.0381696|0.0362414|0.0295222|0.0328142|0.00843704|5.21659e-05|0.0398377|0.0365406,0.000178506|0.00335145|0.049061|0.0470205|0.0260762|0.0280967|0.0375959|0.0166219|0.0250863|0.028193|0.0326729|0.00780618|0.0409649|0.0230682|0.00800322|0.0472365|0.0297366|0.0437642|0.0314938|0.00115664|0.0151024|0.0130093,0.973537|0.954869|0.906626|0.937315|0.908628|0.923653|0.952159|0.90082|0.936129|0.909539|0.947193|0.90929|0.981638|0.985376|0.90679|0.953794|0.959539|0.983348|0.908585|0.913872|0.965406|0.98883,4.63983|5.26639|0.762282|3.07758|5.01633|1.04264|5.24666|0.0974208|3.39264|3.29092|0.117525|3.9732|2.91399|4.5695|1.41691|3.07459|2.95405|1.93323|3.37071|0.640024|0.0104102|4.04415,79.8117|92.5451|51.9585|32.9383|50.0569|93.5115|67.7415|64.3401|85.6152|28.2621|44.1502|83.4704|67.4197|31.5608|94.4507|58.4557|98.2355|61.5999|30.3781|81.3721|83.3731,0.246796|0.191459|0.222459|0.230728|0.19306|0.242679|0.161632|0.220369|0.185893|0.242769|0.204574|0.216464|0.171162|0.219936|0.168303|0.227784|0.190047|0.220389|0.207992|0.184589|0.197114,0.338018|0.161307|0.326911|0.628307|0.116472|0.487093|0.301798|0.119032|0.624191|0.940077|0.45026|0.583168|0.40751|0.557853|0.263233|0.686264|0.757428|0.549818|0.646488|0.272111|0.942894,0.869523,0.801463,0.117836,0.0993652,0.460468,0.534015,0.0732846,0.487967,0.198257,0.921169,51.6436,5.43263e-12,47756,0.887486,41.1981,1.06086e-12,38445,0.895553,0.876428,0.0878307,0.631141,0.996144,0.511517,0.22039,0.459803,0.228135,0.891603,87.9902,7.64954e-10,30733,0.967162,70.4477,9.04596e-11,52512
24,752,n1->n13->n11->n9->n7->n2->n4->n27->n28->n69->n3->n5->n65->n37->n38->n67->n64->n49->n47->n48->n50->n51,5.37021e+09|6.60497e+13|1.78735e+12|1.49139e+12|3.81012e+11|5.94248e+10|7.07339e+12|4.19351e+12|1.34247e+11|8.81277e+09|2.78751e+13|2.91995e+11|1.12599e+09|2.79748e+13|1.16426e+13|4.7483e+09|4.21034e+09|2.45005e+09|4.74236e+11|3.98001e+12|2.36425e+09|7.46708e+11,8.19724e+08|8.87204e+12|3.29521e+11|3.79906e+11|6.70334e+10|3.74975e+10|2.43435e+12|8.73344e+11|1.51805e+10|7.57626e+09|1.44762e+13|4.67133e+10|3.2906e+08|4.96975e+12|1.19258e+12|7.5553e+08|1.60867e+09|2.44458e+09|1.54765e+11|1.69514e+12|4.07889e+08|5.06847e+11,0.000494453|0.000787814|5.47786e-05|1.80008e-05|0.000475679|1.10648e-05|0.000113681|1.08528e-05|0.00056516|0.000268039|0.00022361|7.03031e-05|1.96575e-05|1.06248e-05|1.04425e-05|3.91885e-05|1.88732e-05|1.07426e-05|0.000202873|4.78153e-05|1.54283e-05|0.000185382,0.000316017|0.00788063|0.00652494|0.00065196|0.00104538|0.00120557|0.00198341|0.00262605|0.0093172|0.00367819|0.00776667|0.000196916|0.000428116|0.000261291|0.00950649|0.000640186|0.000135861|0.000979027|0.000266598|0.00544009|0.00907722|0.00344885,0.0109342|0.0476737|0.00125292|0.0140743|0.01754|0.00369149|0.0350273|0.0303206|0.0317261|0.022957|0.0268705|0.00731162|0.00118659|0.0457563|0.0263713|0.029632|0.0266797|0.0183567|0.00898217|0.0455031|0.00638914|0.0365406,0.000178506|0.00335145|0.0136412|0.033904|0.0283975|0.0127317|0.0273051|0.0230682|0.03841|0.0100342|0.0326941|0.0421608|0.00176737|0.0105712|0.00318517|0.0482082|0.0436548|0.0388066|0.0488958|0.0360942|0.0483596|0.0130093,0.973537|0.954869|0.988894|0.963574|0.963898|0.968894|0.917619|0.985376|0.948072|0.975915|0.982466|0.951514|0.967717|0.964079|0.902547|0.924883|0.933821|0.969899|0.9108|0.967439|0.910708|0.98883,4.63983|5.26639|0.923897|5.88966|3.51107|4.74216|1.56082|4.5695|1.48687|2.99986|4.79844|4.90362|4.1126|4.96174|5.09423|2.06342|5.77568|3.94615|6.27947|3.09858|5.41755|4.04415,79.8117|13.9548|99.0064|59.8148|88.6198|30.2686|52.1141|23.5709|97.1045|83.9106|10.4739|35.0583|13.4252|46.986|59.2872|95.5844|77.768|91.8261|78.8723|23.5956|82.9474,0.246796|0.189728|0.201409|0.18359|0.228013|0.239023|0.184605|0.207151|0.207556|0.204476|0.163561|0.209201|0.230756|0.170599|0.200548|0.248978|0.165457|0.228404|0.239998|0.191801|0.24308,0.338018|0.801183|0.439638|0.339058|0.84397|0.514427|0.200735|0.340196|0.438091|0.65353|0.469027|0.297185|0.986996|0.662799|0.127053|0.480161|0.348083|0.133861|0.300482|0.688345|0.624607,0.869523,0.801463,0.117836,0.0993652,0.460468,0.534015,0.0732846,0.487967,0.198257,0.921169,51.6436,5.43263e-12,47756,0.887486,41.1981,1.06086e-12,38445,0.895553,0.876428,0.0878307,0.631141,0.996144,0.511517,0.22039,0.459803,0.228135,0.891603,87.9902,7.64954e-10,30733,0.967162,70.4477,9.04596e-11,52512
24,753,n1->n20->n21->n23->n83->n81->n79->n63->n15->n34->n35->n74->n76->n78->n44->n41->n39->n38->n37->n65->n52->n51,5.37021e+09|4.0293e+11|1.56161e+12|4.63033e+10|3.76373e+13|2.58887e+10|1.47019e+10|6.55204e+12|8.77071e+11|4.7313e+12|5.77859e+11|5.8385e+13|4.21804e+13|3.25238e+10|5.26537e+13|3.95737e+11|3.34792e+13|1.16426e+13|2.79748e+13|1.12599e+09|1.02428e+10|7.46708e+11,8.19724e+08|1.89646e+11|3.02345e+11|3.30225e+10|2.34723e+13|8.36206e+09|4.87652e+09|2.63574e+12|1.06991e+11|1.15705e+12|4.88834e+11|7.35096e+12|1.15782e+13|2.30731e+10|2.86817e+13|1.47899e+11|1.12013e+13|1.19258e+12|4.96975e+12|3.2906e+08|2.07235e+09|5.06847e+11,0.000494453|5.21063e-05|0.00096308|0.000277161|1.86087e-05|0.000268232|0.000133131|0.000116235|0.000182949|0.000140889|0.000412952|0.000875739|1.88608e-05|0.000270955|0.000124649|2.35935e-05|5.53896e-05|1.04425e-05|1.06248e-05|1.96575e-05|0.00011644|0.000185382,0.000316017|0.000368678|0.00195589|0.00418014|0.000175452|0.000752991|0.000479664|0.00126856|0.00274771|0.000270551|0.00138752|0.00944671|0.00214239|0.00167497|0.00158999|0.00412419|0.0025393|0.00950649|0.000261291|0.000428116|0.00580301|0.00344885,0.0109342|0.0108696|0.00712365|0.00314906|0.015405|0.0481357|0.0252961|0.0100727|0.0207315|0.0276207|0.00215298|0.0280357|0.00156873|0.00569443|0.0486405|0.00451081|0.00111942|0.0263713|0.0457563|0.00118659|0.0398377|0.0365406,0.000178506|0.0181411|0.0414669|0.0470385|0.038157|0.00997263|0.0203026|0.0107197|0.0378122|0.0210615|0.0375959|0.0166219|0.0470058|0.0425349|0.00764508|0.00491436|0.0449458|0.00318517|0.0105712|0.00176737|0.0151024|0.0130093,0.973537|0.923215|0.971602|0.92176|0.947801|0.948836|0.966262|0.903245|0.910795|0.904866|0.952159|0.90082|0.989289|0.92832|0.932977|0.923722|0.924329|0.902547|0.964079|0.967717|0.965406|0.98883,4.63983|4.79469|3.14177|2.08786|4.11052|1.5908|3.41737|4.68449|1.89272|4.56594|5.24666|0.0974208|0.578949|3.3614|2.64532|4.11092|1.19952|5.09423|4.96174|4.1126|0.0104102|4.04415,90.7492|76.7594|88.4205|23.518|78.7627|26.55|16.1844|11.0615|27.3162|26.2497|67.7415|53.1277|69.3348|88.5528|12.7315|38.9947|52.0957|46.986|13.4252|56.1703|83.3731,0.215706|0.218425|0.232237|0.181099|0.170031|0.238834|0.22961|0.214255|0.231681|0.244194|0.161632|0.181342|0.194827|0.200088|0.246433|0.18226|0.199024|0.170599|0.230756|0.247907|0.197114,0.53635|0.515127|0.516177|0.741177|0.530775|0.957633|0.217843|0.692153|0.750497|0.307851|0.301798|0.519715|0.93416|0.134865|0.665882|0.988985|0.46236|0.662799|0.986996|0.827328|0.942894,0.869523,0.801463,0.117836,0.0993652,0.460468,0.534015,0.0732846,0.487967,0.198257,0.921169,51.6436,5.43263e-12,47756,0.887486,41.1981,1.06086e-12,38445,0.895553,0.876428,0.0878307,0.631141,0.996144,0.511517,0.22039,0.459803,0.228135,0.891603,87.9902,7.64954e-10,30733,0.967162,70.4477,9.04596e-11,52512
24,754,n1->n20->n21->n23->n77->n93->n64->n36->n38->n16->n18->n19->n17->n68->n66->n32->n33->n24->n26->n27->n52->n51,5.37021e+09|4.0293e+11|1.56161e+12|4.63033e+10|5.68112e+11|4.22601e+13|4.21034e+09|7.73972e+11|1.16426e+13|1.09193e+13|7.59179e+12|2.47533e+11|1.51096e+11|1.31753e+09|1.10072e+10|1.78367e+12|3.64323e+13|1.59557e+13|7.09351e+09|4.19351e+12|1.02428e+10|7.46708e+11,8.19724e+08|1.89646e+11|3.02345e+11|3.30225e+10|3.56307e+11|1.3774e+13|1.60867e+09|7.77593e+10|1.19258e+12|1.33827e+12|4.11836e+12|2.33399e+11|1.57582e+10|3.10679e+08|8.7665e+09|1.05491e+12|6.32377e+12|4.06569e+12|1.31666e+09|8.73344e+11|2.07235e+09|5.06847e+11,0.000494453|5.21063e-05|0.00096308|0.000277161|8.49487e-05|8.45967e-05|1.88732e-05|0.000426407|1.04425e-05|3.71682e-05|2.98936e-05|0.000261527|0.000261059|0.000223952|0.000237659|0.000179959|1.50316e-05|0.000193265|3.77967e-05|1.08528e-05|0.00011644|0.000185382,0.000316017|0.000368678|0.00195589|0.00418014|0.000906866|0.000162335|0.000135861|0.00396778|0.00950649|0.00174713|0.000681499|0.000768065|0.000513001|0.00843573|0.000470269|0.00292552|0.00213059|0.0012727|0.00522178|0.00262605|0.00580301|0.00344885,0.0109342|0.0108696|0.00712365|0.00314906|0.04851|0.0108045|0.0266797|0.00497013|0.0263713|0.0123696|0.0192976|0.0201979|0.0430027|0.0370095|0.0203827|0.00778345|0.00968695|0.0433038|0.0101688|0.0303206|0.0398377|0.0365406,0.000178506|0.0181411|0.0414669|0.0470385|0.0115254|0.0326183|0.0436548|0.0341912|0.00318517|0.0240438|0.0120519|0.0291803|0.00442808|0.00589983|0.0146278|0.0161829|0.0280967|0.00780618|0.0409649|0.0230682|0.0151024|0.0130093,0.973537|0.923215|0.971602|0.92176|0.949999|0.912097|0.933821|0.94998|0.902547|0.979533|0.946711|0.941018|0.974312|0.984554|0.978907|0.953313|0.923653|0.90929|0.981638|0.985376|0.965406|0.98883,4.63983|4.79469|3.14177|2.08786|0.722366|5.92115|5.77568|3.70656|5.09423|1.69436|4.38273|1.39448|5.11322|5.26958|3.10364|0.10397|1.04264|3.9732|2.91399|4.5695|0.0104102|4.04415,90.7492|76.7594|88.4205|39.0733|51.9256|32.5899|43.8659|61.2725|28.0546|72.2829|34.0839|10.3361|23.9015|70.8824|27.3217|61.2747|98.0873|83.4704|67.4197|46.2248|83.3731,0.215706|0.218425|0.232237|0.178948|0.247077|0.178102|0.241695|0.204351|0.17367|0.180241|0.248409|0.172286|0.236806|0.16183|0.199785|0.208144|0.239791|0.216464|0.171162|0.183493|0.197114,0.53635|0.515127|0.516177|0.23533|0.469529|0.548301|0.590576|0.413834|0.828443|0.553025|0.983209|0.559133|0.2818|0.215539|0.769012|0.704271|0.939209|0.583168|0.40751|0.657987|0.942894,0.869523,0.801463,0.117836,0.0993652,0.460468,0.534015,0.0732846,0.487967,0.198257,0.921169,51.6436,5.43263e-12,47756,0.887486,41.1981,1.06086e-12,38445,0.895553,0.876428,0.0878307,0.631141,0.996144,0.511517,0.22039,0.459803,0.228135,0.891603,87.9902,7.64954e-10,30733,0.967162,70.4477,9.04596e-11,52512
24,755,n1->n99->n98->n57->n83->n23->n77->n93->n91->n92->n94->n96->n97->n95->n89->n20->n21->n67->n64->n62->n61->n51,5.37021e+09|1.57108e+10|1.8266e+13|4.14288e+09|3.76373e+13|4.63033e+10|5.68112e+11|4.22601e+13|2.84652e+12|1.97334e+09|1.36531e+10|2.51165e+12|2.90604e+09|1.05601e+11|2.68119e+11|4.0293e+11|1.56161e+12|4.7483e+09|4.21034e+09|2.37342e+11|6.44979e+11|7.46708e+11,8.19724e+08|4.21389e+09|5.99087e+12|2.05006e+09|2.34723e+13|3.30225e+10|3.56307e+11|1.3774e+13|3.57264e+11|1.46451e+09|1.67171e+09|5.36324e+11|5.04144e+08|5.46554e+10|9.23423e+10|1.89646e+11|3.02345e+11|7.5553e+08|1.60867e+09|1.13053e+11|1.30372e+11|5.06847e+11,0.000494453|0.00089026|0.000410965|0.000173612|1.86087e-05|0.000277161|8.49487e-05|8.45967e-05|6.93267e-05|2.75832e-05|2.95455e-05|1.2987e-05|8.81202e-05|0.000260968|3.55201e-05|5.21063e-05|0.00096308|3.91885e-05|1.88732e-05|8.24006e-05|3.71253e-05|0.000185382,0.000316017|0.000350126|0.000548485|0.00271581|0.000175452|0.00418014|0.000906866|0.000162335|0.00599677|0.0052688|0.000125263|0.000286765|0.00494291|0.000186877|0.000111435|0.000368678|0.00195589|0.000640186|0.000135861|0.00794111|0.00313588|0.00344885,0.0109342|0.0362414|0.0295222|0.0328142|0.015405|0.00314906|0.04851|0.0108045|0.008036|0.0444618|0.00830448|0.0377902|0.0381696|0.00282907|0.0107812|0.0108696|0.00712365|0.029632|0.0266797|0.0242596|0.0266048|0.0365406,0.000178506|0.0472365|0.0297366|0.0437642|0.038157|0.0470385|0.0115254|0.0326183|0.015498|0.0387741|0.0293842|0.0195364|0.00800322|0.0420997|0.0401575|0.0181411|0.0414669|0.0482082|0.0436548|0.0480911|0.0179693|0.0130093,0.973537|0.953794|0.959539|0.983348|0.947801|0.92176|0.949999|0.912097|0.964407|0.987763|0.927471|0.951762|0.90679|0.966581|0.926416|0.923215|0.971602|0.924883|0.933821|0.98053|0.958619|0.98883,4.63983|3.07459|2.95405|1.93323|4.11052|2.08786|0.722366|5.92115|5.6679|6.03913|5.03384|0.85792|1.41691|1.09944|0.0868458|4.79469|3.14177|2.06342|5.77568|5.59786|2.63855|4.04415,66.2586|58.4557|98.2355|50.003|23.518|39.0733|51.9256|26.8753|32.3713|13.5087|71.0086|37.9513|11.8968|11.8194|18.2346|76.7594|42.5138|95.5844|93.0484|89.0369|66.5616,0.180129|0.227784|0.190047|0.1911|0.181099|0.178948|0.247077|0.203549|0.161013|0.230182|0.230021|0.246589|0.228013|0.168449|0.231355|0.218425|0.197352|0.248978|0.176232|0.198053|0.171721,0.323551|0.686264|0.757428|0.161388|0.741177|0.23533|0.469529|0.21516|0.940947|0.731663|0.131268|0.157157|0.342677|0.776387|0.595303|0.515127|0.602799|0.480161|0.182879|0.704733|0.235817,0.869523,0.801463,0.117836,0.0993652,0.460468,0.534015,0.0732846,0.487967,0.198257,0.921169,51.6436,5.43263e-12,47756,0.887486,41.1981,1.06086e-12,38445,0.895553,0.876428,0.0878307,0.631141,0.996144,0.511517,0.22039,0.459803,0.228135,0.891603,87.9902,7.64954e-10,30733,0.967162,70.4477,9.04596e-11,52512
24,756,n1->n20->n21->n22->n68->n19->n18->n16->n38->n39->n41->n43->n44->n78->n80->n82->n54->n73->n10->n63->n61->n51,5.37021e+09|4.0293e+11|1.56161e+12|1.47e+10|1.31753e+09|2.47533e+11|7.59179e+12|1.09193e+13|1.16426e+13|3.34792e+13|3.95737e+11|1.40931e+10|5.26537e+13|3.25238e+10|2.45686e+13|1.07979e+13|2.80961e+11|1.41706e+11|2.49624e+09|6.55204e+12|6.44979e+11|7.46708e+11,8.19724e+08|1.89646e+11|3.02345e+11|9.51029e+09|3.10679e+08|2.33399e+11|4.11836e+12|1.33827e+12|1.19258e+12|1.12013e+13|1.47899e+11|3.26577e+09|2.86817e+13|2.30731e+10|2.75437e+12|1.66379e+12|2.23178e+11|5.76853e+10|7.32581e+08|2.63574e+12|1.30372e+11|5.06847e+11,0.000494453|5.21063e-05|0.00096308|1.77434e-05|0.000223952|0.000261527|2.98936e-05|3.71682e-05|1.04425e-05|5.53896e-05|2.35935e-05|0.000955168|0.000124649|0.000270955|1.13052e-05|0.000837919|1.47667e-05|6.32916e-05|6.27016e-05|0.000116235|3.71253e-05|0.000185382,0.000316017|0.000368678|0.00195589|0.0006856|0.00843573|0.000768065|0.000681499|0.00174713|0.00950649|0.0025393|0.00412419|0.00344494|0.00158999|0.00167497|0.000238286|0.00271152|0.00549128|0.000807753|0.00113469|0.00126856|0.00313588|0.00344885,0.0109342|0.0108696|0.00712365|0.0408661|0.0370095|0.0201979|0.0192976|0.0123696|0.0263713|0.00111942|0.00451081|0.0168583|0.0486405|0.00569443|0.00592883|0.0278433|0.0334079|0.0455502|0.00597815|0.0100727|0.0266048|0.0365406,0.000178506|0.0181411|0.0414669|0.040072|0.00589983|0.0291803|0.0120519|0.0240438|0.00318517|0.0449458|0.00491436|0.0482719|0.00764508|0.0425349|0.0262948|0.0266174|0.00844474|0.028193|0.0245713|0.0107197|0.0179693|0.0130093,0.973537|0.923215|0.971602|0.95984|0.984554|0.941018|0.946711|0.979533|0.902547|0.924329|0.923722|0.943219|0.932977|0.92832|0.919013|0.934435|0.927525|0.909539|0.962416|0.903245|0.958619|0.98883,4.63983|4.79469|3.14177|0.048646|5.26958|1.39448|4.38273|1.69436|5.09423|1.19952|4.11092|2.3897|2.64532|3.3614|0.100836|0.132111|1.22009|3.29092|1.97158|4.68449|2.63855|4.04415,90.7492|76.7594|55.6995|15.3326|67.5745|34.0839|72.2829|28.0546|52.0957|38.9947|43.4967|69.1985|88.5528|66.5291|47.0365|41.1455|26.1465|29.3778|65.1286|47.0482|66.5616,0.215706|0.218425|0.206062|0.236297|0.2055|0.248409|0.180241|0.17367|0.199024|0.18226|0.160247|0.210513|0.200088|0.222935|0.231931|0.242874|0.196311|0.202302|0.203746|0.167884|0.171721,0.53635|0.515127|0.677391|0.655447|0.968257|0.983209|0.553025|0.828443|0.46236|0.988985|0.922117|0.374145|0.134865|0.109088|0.796307|0.378494|0.754315|0.747283|0.514129|0.410418|0.235817,0.869523,0.801463,0.117836,0.0993652,0.460468,0.534015,0.0732846,0.487967,0.198257,0.921169,51.6436,5.43263e-12,47756,0.887486,41.1981,1.06086e-12,38445,0.895553,0.876428,0.0878307,0.631141,0.996144,0.511517,0.22039,0.459803,0.228135,0.891603,87.9902,7.64954e-10,30733,0.967162,70.4477,9.04596e-11,52512
24,757,n1->n13->n11->n29->n15->n63->n79->n81->n80->n82->n84->n33->n6->n12->n14->n96->n94->n92->n93->n64->n49->n51,5.37021e+09|6.60497e+13|1.78735e+12|3.6336e+13|8.77071e+11|6.55204e+12|1.47019e+10|2.58887e+10|2.45686e+13|1.07979e+13|1.07392e+09|3.64323e+13|1.14208e+09|9.70597e+10|3.70261e+10|2.51165e+12|1.36531e+10|1.97334e+09|4.22601e+13|4.21034e+09|2.45005e+09|7.46708e+11,8.19724e+08|8.87204e+12|3.29521e+11|1.77292e+13|1.06991e+11|2.63574e+12|4.87652e+09|8.36206e+09|2.75437e+12|1.66379e+12|9.00899e+08|6.32377e+12|2.20459e+08|2.76143e+10|1.44234e+10|5.36324e+11|1.67171e+09|1.46451e+09|1.3774e+13|1.60867e+09|2.44458e+09|5.06847e+11,0.000494453|0.000787814|5.47786e-05|0.000125062|0.000182949|0.000116235|0.000133131|0.000268232|1.13052e-05|0.000837919|2.14473e-05|1.50316e-05|1.08483e-05|0.000201974|3.25754e-05|1.2987e-05|2.95455e-05|2.75832e-05|8.45967e-05|1.88732e-05|1.07426e-05|0.000185382,0.000316017|0.00788063|0.00652494|0.00231296|0.00274771|0.00126856|0.000479664|0.000752991|0.000238286|0.00271152|0.000434313|0.00213059|0.00010157|0.0016732|0.000181646|0.000286765|0.000125263|0.0052688|0.000162335|0.000135861|0.000979027|0.00344885,0.0109342|0.0476737|0.00125292|0.0255931|0.0207315|0.0100727|0.0252961|0.0481357|0.00592883|0.0278433|0.0473575|0.00968695|0.00160082|0.0313381|0.0426128|0.0377902|0.00830448|0.0444618|0.0108045|0.0266797|0.0183567|0.0365406,0.000178506|0.00335145|0.0136412|0.00291922|0.0378122|0.0107197|0.0203026|0.00997263|0.0262948|0.0266174|0.0366447|0.0280967|0.0260762|0.0470205|0.049061|0.0195364|0.0293842|0.0387741|0.0326183|0.0436548|0.0388066|0.0130093,0.973537|0.954869|0.988894|0.962742|0.910795|0.903245|0.966262|0.948836|0.919013|0.934435|0.948551|0.923653|0.908628|0.937315|0.906626|0.951762|0.927471|0.987763|0.912097|0.933821|0.969899|0.98883,4.63983|5.26639|0.923897|0.0327787|1.89272|4.68449|3.41737|1.5908|0.100836|0.132111|5.42186|1.04264|5.01633|3.07758|0.762282|0.85792|5.03384|6.03913|5.92115|5.77568|3.94615|4.04415,79.8117|13.9548|13.2112|32.2763|11.0615|16.1844|26.55|15.5679|47.0365|83.37|59.7094|50.0569|32.9383|51.9585|54.7186|71.0086|13.5087|61.035|32.5899|77.768|10.4661,0.246796|0.189728|0.219003|0.240047|0.214255|0.22961|0.238834|0.212149|0.231931|0.203763|0.183728|0.19306|0.230728|0.222459|0.208433|0.230021|0.230182|0.21409|0.178102|0.165457|0.216931,0.338018|0.801183|0.427028|0.895675|0.692153|0.217843|0.957633|0.870283|0.796307|0.808712|0.218166|0.116472|0.628307|0.326911|0.448351|0.131268|0.731663|0.722832|0.548301|0.348083|0.516407,0.869523,0.801463,0.117836,0.0993652,0.460468,0.534015,0.0732846,0.487967,0.198257,0.921169,51.6436,5.43263e-12,47756,0.887486,41.1981,1.06086e-12,38445,0.895553,0.876428,0.0878307,0.631141,0.996144,0.511517,0.22039,0.459803,0.228135,0.891603,87.9902,7.64954e-10,30733,0.967162,70.4477,9.04596e-11,52512
24,758,n1->n99->n77->n72->n45->n44->n41->n39->n37->n81->n83->n57->n55->n53->n52->n27->n26->n47->n46->n62->n61->n51,5.37021e+09|1.57108e+10|5.68112e+11|6.83442e+09|8.38488e+13|5.26537e+13|3.95737e+11|3.34792e+13|2.79748e+13|2.58887e+10|3.76373e+13|4.14288e+09|8.84081e+12|4.60474e+10|1.02428e+10|4.19351e+12|7.09351e+09|4.74236e+11|5.53417e+12|2.37342e+11|6.44979e+11|7.46708e+11,8.19724e+08|4.21389e+09|3.56307e+11|1.48353e+09|1.01787e+13|2.86817e+13|1.47899e+11|1.12013e+13|4.96975e+12|8.36206e+09|2.34723e+13|2.05006e+09|4.69454e+12|3.18273e+10|2.07235e+09|8.73344e+11|1.31666e+09|1.54765e+11|1.63629e+12|1.13053e+11|1.30372e+11|5.06847e+11,0.000494453|0.00089026|8.49487e-05|0.000159499|1.67225e-05|0.000124649|2.35935e-05|5.53896e-05|1.06248e-05|0.000268232|1.86087e-05|0.000173612|4.06274e-05|2.00633e-05|0.00011644|1.08528e-05|3.77967e-05|0.000202873|0.000489732|8.24006e-05|3.71253e-05|0.000185382,0.000316017|0.000350126|0.000906866|0.00384342|0.000742576|0.00158999|0.00412419|0.0025393|0.000261291|0.000752991|0.000175452|0.00271581|0.000128431|0.000509085|0.00580301|0.00262605|0.00522178|0.000266598|0.000159088|0.00794111|0.00313588|0.00344885,0.0109342|0.0362414|0.04851|0.0479977|0.00846218|0.0486405|0.00451081|0.00111942|0.0457563|0.0481357|0.015405|0.0328142|0.00843704|5.21659e-05|0.0398377|0.0303206|0.0101688|0.00898217|0.029055|0.0242596|0.0266048|0.0365406,0.000178506|0.0472365|0.0115254|0.0299903|0.0342415|0.00764508|0.00491436|0.0449458|0.0105712|0.00997263|0.038157|0.0437642|0.0314938|0.00115664|0.0151024|0.0230682|0.0409649|0.0488958|0.0302566|0.0480911|0.0179693|0.0130093,0.973537|0.953794|0.949999|0.96924|0.934264|0.932977|0.923722|0.924329|0.964079|0.948836|0.947801|0.983348|0.908585|0.913872|0.965406|0.985376|0.981638|0.9108|0.923372|0.98053|0.958619|0.98883,4.63983|3.07459|0.722366|3.90463|5.31688|2.64532|4.11092|1.19952|4.96174|1.5908|4.11052|1.93323|3.37071|0.640024|0.0104102|4.5695|2.91399|6.27947|0.31178|5.59786|2.63855|4.04415,66.2586|96.5216|92.3918|63.1262|57.1366|12.7315|38.9947|31.554|88.8597|78.7627|50.003|61.5999|30.3781|81.3721|46.2248|67.4197|70.8805|71.5316|56.7189|89.0369|66.5616,0.180129|0.241387|0.167022|0.243732|0.235241|0.246433|0.18226|0.195005|0.211898|0.170031|0.1911|0.220389|0.207992|0.184589|0.183493|0.171162|0.189485|0.196056|0.167864|0.198053|0.171721,0.323551|0.664018|0.776051|0.65643|0.218954|0.665882|0.988985|0.711047|0.430076|0.530775|0.161388|0.549818|0.646488|0.272111|0.657987|0.40751|0.757042|0.758317|0.624525|0.704733|0.235817,0.869523,0.801463,0.117836,0.0993652,0.460468,0.534015,0.0732846,0.487967,0.198257,0.921169,51.6436,5.43263e-12,47756,0.887486,41.1981,1.06086e-12,38445,0.895553,0.876428,0.0878307,0.631141,0.996144,0.511517,0.22039,0.459803,0.228135,0.891603,87.9902,7.64954e-10,30733,0.967162,70.4477,9.04596e-11,52512
24,759,n1->n20->n21->n67->n38->n16->n18->n70->n87->n86->n76->n69->n3->n5->n7->n2->n100->n73->n54->n53->n52->n51,5.37021e+09|4.0293e+11|1.56161e+12|4.7483e+09|1.16426e+13|1.09193e+13|7.59179e+12|6.87309e+13|7.3435e+12|3.85304e+10|4.21804e+13|8.81277e+09|2.78751e+13|2.91995e+11|3.81012e+11|5.94248e+10|4.01966e+09|1.41706e+11|2.80961e+11|4.60474e+10|1.02428e+10|7.46708e+11,8.19724e+08|1.89646e+11|3.02345e+11|7.5553e+08|1.19258e+12|1.33827e+12|4.11836e+12|9.78332e+12|2.79916e+12|4.69095e+09|1.15782e+13|7.57626e+09|1.44762e+13|4.67133e+10|6.70334e+10|3.74975e+10|2.27749e+09|5.76853e+10|2.23178e+11|3.18273e+10|2.07235e+09|5.06847e+11,0.000494453|5.21063e-05|0.00096308|3.91885e-05|1.04425e-05|3.71682e-05|2.98936e-05|5.13815e-05|0.000634307|6.21631e-05|1.88608e-05|0.000268039|0.00022361|7.03031e-05|0.000475679|1.10648e-05|0.000665246|6.32916e-05|1.47667e-05|2.00633e-05|0.00011644|0.000185382,0.000316017|0.000368678|0.00195589|0.000640186|0.00950649|0.00174713|0.000681499|0.00295865|0.00151267|0.00341054|0.00214239|0.00367819|0.00776667|0.000196916|0.00104538|0.00120557|0.00914892|0.000807753|0.00549128|0.000509085|0.00580301|0.00344885,0.0109342|0.0108696|0.00712365|0.029632|0.0263713|0.0123696|0.0192976|0.0286141|0.0186268|0.0237043|0.00156873|0.022957|0.0268705|0.00731162|0.01754|0.00369149|0.0100829|0.0455502|0.0334079|5.21659e-05|0.0398377|0.0365406,0.000178506|0.0181411|0.0414669|0.0482082|0.00318517|0.0240438|0.0120519|0.0216638|0.00979507|0.0488574|0.0470058|0.0100342|0.0326941|0.0421608|0.0283975|0.0127317|0.0460028|0.028193|0.00844474|0.00115664|0.0151024|0.0130093,0.973537|0.923215|0.971602|0.924883|0.902547|0.979533|0.946711|0.966653|0.977244|0.981332|0.989289|0.975915|0.982466|0.951514|0.963898|0.968894|0.935175|0.909539|0.927525|0.913872|0.965406|0.98883,4.63983|4.79469|3.14177|2.06342|5.09423|1.69436|4.38273|4.60778|2.33192|4.96971|0.578949|2.99986|4.79844|4.90362|3.51107|4.74216|3.89025|3.29092|1.22009|0.640024|0.0104102|4.04415,90.7492|76.7594|42.5138|59.2872|28.0546|72.2829|55.8812|39.9413|88.9922|37.5994|66.666|83.9106|10.4739|37.2729|88.6198|37.015|20.1165|26.1465|75.3264|81.3721|83.3731,0.215706|0.218425|0.197352|0.200548|0.17367|0.180241|0.234874|0.180359|0.246364|0.17745|0.212271|0.204476|0.163561|0.176784|0.228013|0.17211|0.175955|0.196311|0.191357|0.184589|0.197114,0.53635|0.515127|0.602799|0.127053|0.828443|0.553025|0.16843|0.129355|0.83582|0.871942|0.890059|0.65353|0.469027|0.943162|0.84397|0.315214|0.825877|0.754315|0.567841|0.272111|0.942894,0.869523,0.801463,0.117836,0.0993652,0.460468,0.534015,0.0732846,0.487967,0.198257,0.921169,51.6436,5.43263e-12,47756,0.887486,41.1981,1.06086e-12,38445,0.895553,0.876428,0.0878307,0.631141,0.996144,0.511517,0.22039,0.459803,0.228135,0.891603,87.9902,7.64954e-10,30733,0.967162,70.4477,9.04596e-11,52512
24,760,n1->n20->n89->n48->n46->n47->n26->n27->n29->n50->n60->n62->n64->n65->n37->n81->n80->n82->n95->n93->n94->n51,5.37021e+09|4.0293e+11|2.68119e+11|3.98001e+12|5.53417e+12|4.74236e+11|7.09351e+09|4.19351e+12|3.6336e+13|2.36425e+09|8.79841e+13|2.37342e+11|4.21034e+09|1.12599e+09|2.79748e+13|2.58887e+10|2.45686e+13|1.07979e+13|1.05601e+11|4.22601e+13|1.36531e+10|7.46708e+11,8.19724e+08|1.89646e+11|9.23423e+10|1.69514e+12|1.63629e+12|1.54765e+11|1.31666e+09|8.73344e+11|1.77292e+13|4.07889e+08|5.95756e+13|1.13053e+11|1.60867e+09|3.2906e+08|4.96975e+12|8.36206e+09|2.75437e+12|1.66379e+12|5.46554e+10|1.3774e+13|1.67171e+09|5.06847e+11,0.000494453|5.21063e-05|3.55201e-05|4.78153e-05|0.000489732|0.000202873|3.77967e-05|1.08528e-05|0.000125062|1.54283e-05|0.000731749|8.24006e-05|1.88732e-05|1.96575e-05|1.06248e-05|0.000268232|1.13052e-05|0.000837919|0.000260968|8.45967e-05|2.95455e-05|0.000185382,0.000316017|0.000368678|0.000111435|0.00544009|0.000159088|0.000266598|0.00522178|0.00262605|0.00231296|0.00907722|0.000248463|0.00794111|0.000135861|0.000428116|0.000261291|0.000752991|0.000238286|0.00271152|0.000186877|0.000162335|0.000125263|0.00344885,0.0109342|0.0108696|0.0107812|0.0455031|0.029055|0.00898217|0.0101688|0.0303206|0.0255931|0.00638914|0.0128442|0.0242596|0.0266797|0.00118659|0.0457563|0.0481357|0.00592883|0.0278433|0.00282907|0.0108045|0.00830448|0.0365406,0.000178506|0.0181411|0.0401575|0.0360942|0.0302566|0.0488958|0.0409649|0.0230682|0.00291922|0.0483596|0.0431033|0.0480911|0.0436548|0.00176737|0.0105712|0.00997263|0.0262948|0.0266174|0.0420997|0.0326183|0.0293842|0.0130093,0.973537|0.923215|0.926416|0.967439|0.923372|0.9108|0.981638|0.985376|0.962742|0.910708|0.945549|0.98053|0.933821|0.967717|0.964079|0.948836|0.919013|0.934435|0.966581|0.912097|0.927471|0.98883,4.63983|4.79469|0.0868458|3.09858|0.31178|6.27947|2.91399|4.5695|0.0327787|5.41755|4.50487|5.59786|5.77568|4.1126|4.96174|1.5908|0.100836|0.132111|1.09944|5.92115|5.03384|4.04415,90.7492|18.2346|94.0077|41.9872|71.5316|70.8805|67.4197|49.6282|37.0378|22.3088|48.3985|93.0484|56.7563|13.4252|88.8597|15.5679|47.0365|75.699|24.941|63.1349|11.2844,0.215706|0.231355|0.234363|0.178665|0.196056|0.189485|0.171162|0.180772|0.191256|0.190841|0.17162|0.176232|0.186349|0.230756|0.211898|0.212149|0.231931|0.21275|0.237661|0.209804|0.200895,0.53635|0.595303|0.948873|0.182289|0.758317|0.757042|0.40751|0.511755|0.182586|0.323935|0.641887|0.182879|0.927837|0.986996|0.430076|0.870283|0.796307|0.837867|0.985064|0.17375|0.836539,0.869523,0.801463,0.117836,0.0993652,0.460468,0.534015,0.0732846,0.487967,0.198257,0.921169,51.6436,5.43263e-12,47756,0.887486,41.1981,1.06086e-12,38445,0.895553,0.876428,0.0878307,0.631141,0.996144,0.511517,0.22039,0.459803,0.228135,0.891603,87.9902,7.64954e-10,30733,0.967162,70.4477,9.04596e-11,52512
24,761,n1->n13->n11->n9->n7->n8->n12->n14->n96->n20->n18->n17->n85->n78->n80->n82->n54->n40->n42->n63->n61->n51,5.37021e+09|6.60497e+13|1.78735e+12|1.49139e+12|3.81012e+11|4.61239e+13|9.70597e+10|3.70261e+10|2.51165e+12|4.0293e+11|7.59179e+12|1.51096e+11|2.02447e+09|3.25238e+10|2.45686e+13|1.07979e+13|2.80961e+11|3.58065e+10|2.42905e+09|6.55204e+12|6.44979e+11|7.46708e+11,8.19724e+08|8.87204e+12|3.29521e+11|3.79906e+11|6.70334e+10|1.04208e+13|2.76143e+10|1.44234e+10|5.36324e+11|1.89646e+11|4.11836e+12|1.57582e+10|2.41326e+08|2.30731e+10|2.75437e+12|1.66379e+12|2.23178e+11|4.14657e+09|2.47264e+08|2.63574e+12|1.30372e+11|5.06847e+11,0.000494453|0.000787814|5.47786e-05|1.80008e-05|0.000475679|6.6054e-05|0.000201974|3.25754e-05|1.2987e-05|5.21063e-05|2.98936e-05|0.000261059|2.04325e-05|0.000270955|1.13052e-05|0.000837919|1.47667e-05|6.01341e-05|8.79758e-05|0.000116235|3.71253e-05|0.000185382,0.000316017|0.00788063|0.00652494|0.00065196|0.00104538|0.00522046|0.0016732|0.000181646|0.000286765|0.000368678|0.000681499|0.000513001|0.000338175|0.00167497|0.000238286|0.00271152|0.00549128|0.00268841|0.000493531|0.00126856|0.00313588|0.00344885,0.0109342|0.0476737|0.00125292|0.0140743|0.01754|0.0318744|0.0313381|0.0426128|0.0377902|0.0108696|0.0192976|0.0430027|0.0354515|0.00569443|0.00592883|0.0278433|0.0334079|0.0249103|0.00783732|0.0100727|0.0266048|0.0365406,0.000178506|0.00335145|0.0136412|0.033904|0.0283975|0.0483133|0.0470205|0.049061|0.0195364|0.0181411|0.0120519|0.00442808|0.0266209|0.0425349|0.0262948|0.0266174|0.00844474|0.033399|0.0327962|0.0107197|0.0179693|0.0130093,0.973537|0.954869|0.988894|0.963574|0.963898|0.975256|0.937315|0.906626|0.951762|0.923215|0.946711|0.974312|0.940474|0.92832|0.919013|0.934435|0.927525|0.920308|0.960936|0.903245|0.958619|0.98883,4.63983|5.26639|0.923897|5.88966|3.51107|3.22282|3.07758|0.762282|0.85792|4.79469|4.38273|5.11322|4.91715|3.3614|0.100836|0.132111|1.22009|2.50002|0.765875|4.68449|2.63855|4.04415,79.8117|13.9548|99.0064|59.8148|55.4093|81.3396|51.9585|54.7186|58.7029|89.2299|43.2583|84.7043|67.1704|66.5291|47.0365|41.1455|12.2677|77.6192|97.0433|47.0482|66.5616,0.246796|0.189728|0.201409|0.18359|0.230451|0.186476|0.222459|0.208433|0.201188|0.247215|0.218822|0.225161|0.184721|0.222935|0.231931|0.242874|0.248162|0.243521|0.211509|0.167884|0.171721,0.338018|0.801183|0.439638|0.339058|0.745697|0.379326|0.326911|0.448351|0.666395|0.652252|0.981182|0.880608|0.609732|0.109088|0.796307|0.378494|0.812759|0.14346|0.758395|0.410418|0.235817,0.869523,0.801463,0.117836,0.0993652,0.460468,0.534015,0.0732846,0.487967,0.198257,0.921169,51.6436,5.43263e-12,47756,0.887486,41.1981,1.06086e-12,38445,0.895553,0.876428,0.0878307,0.631141,0.996144,0.511517,0.22039,0.459803,0.228135,0.891603,87.9902,7.64954e-10,30733,0.967162,70.4477,9.04596e-11,52512
24,762,n1->n13->n15->n63->n42->n44->n78->n76->n86->n87->n70->n72->n45->n43->n41->n39->n37->n38->n36->n64->n49->n51,5.37021e+09|6.60497e+13|8.77071e+11|6.55204e+12|2.42905e+09|5.26537e+13|3.25238e+10|4.21804e+13|3.85304e+10|7.3435e+12|6.87309e+13|6.83442e+09|8.38488e+13|1.40931e+10|3.95737e+11|3.34792e+13|2.79748e+13|1.16426e+13|7.73972e+11|4.21034e+09|2.45005e+09|7.46708e+11,8.19724e+08|8.87204e+12|1.06991e+11|2.63574e+12|2.47264e+08|2.86817e+13|2.30731e+10|1.15782e+13|4.69095e+09|2.79916e+12|9.78332e+12|1.48353e+09|1.01787e+13|3.26577e+09|1.47899e+11|1.12013e+13|4.96975e+12|1.19258e+12|7.77593e+10|1.60867e+09|2.44458e+09|5.06847e+11,0.000494453|0.000787814|0.000182949|0.000116235|8.79758e-05|0.000124649|0.000270955|1.88608e-05|6.21631e-05|0.000634307|5.13815e-05|0.000159499|1.67225e-05|0.000955168|2.35935e-05|5.53896e-05|1.06248e-05|1.04425e-05|0.000426407|1.88732e-05|1.07426e-05|0.000185382,0.000316017|0.00788063|0.00274771|0.00126856|0.000493531|0.00158999|0.00167497|0.00214239|0.00341054|0.00151267|0.00295865|0.00384342|0.000742576|0.00344494|0.00412419|0.0025393|0.000261291|0.00950649|0.00396778|0.000135861|0.000979027|0.00344885,0.0109342|0.0476737|0.0207315|0.0100727|0.00783732|0.0486405|0.00569443|0.00156873|0.0237043|0.0186268|0.0286141|0.0479977|0.00846218|0.0168583|0.00451081|0.00111942|0.0457563|0.0263713|0.00497013|0.0266797|0.0183567|0.0365406,0.000178506|0.00335145|0.0378122|0.0107197|0.0327962|0.00764508|0.0425349|0.0470058|0.0488574|0.00979507|0.0216638|0.0299903|0.0342415|0.0482719|0.00491436|0.0449458|0.0105712|0.00318517|0.0341912|0.0436548|0.0388066|0.0130093,0.973537|0.954869|0.910795|0.903245|0.960936|0.932977|0.92832|0.989289|0.981332|0.977244|0.966653|0.96924|0.934264|0.943219|0.923722|0.924329|0.964079|0.902547|0.94998|0.933821|0.969899|0.98883,4.63983|5.26639|1.89272|4.68449|0.765875|2.64532|3.3614|0.578949|4.96971|2.33192|4.60778|3.90463|5.31688|2.3897|4.11092|1.19952|4.96174|5.09423|3.70656|5.77568|3.94615|4.04415,79.8117|66.6304|11.0615|97.0433|21.0603|88.5528|69.3348|37.5994|88.9922|39.9413|97.4405|63.1262|48.5398|43.4967|38.9947|31.554|46.986|61.2725|43.8659|77.768|10.4661,0.246796|0.179788|0.214255|0.211509|0.23095|0.200088|0.194827|0.17745|0.246364|0.180359|0.180102|0.243732|0.218428|0.160247|0.18226|0.195005|0.170599|0.204351|0.241695|0.165457|0.216931,0.338018|0.275394|0.692153|0.758395|0.399278|0.134865|0.93416|0.871942|0.83582|0.129355|0.79408|0.65643|0.854577|0.922117|0.988985|0.711047|0.662799|0.413834|0.590576|0.348083|0.516407,0.869523,0.801463,0.117836,0.0993652,0.460468,0.534015,0.0732846,0.487967,0.198257,0.921169,51.6436,5.43263e-12,47756,0.887486,41.1981,1.06086e-12,38445,0.895553,0.876428,0.0878307,0.631141,0.996144,0.511517,0.22039,0.459803,0.228135,0.891603,87.9902,7.64954e-10,30733,0.967162,70.4477,9.04596e-11,52512
24,763,n1->n13->n14->n12->n8->n10->n39->n37->n81->n80->n78->n85->n17->n68->n58->n59->n90->n56->n55->n53->n52->n51,5.37021e+09|6.60497e+13|3.70261e+10|9.70597e+10|4.61239e+13|2.49624e+09|3.34792e+13|2.79748e+13|2.58887e+10|2.45686e+13|3.25238e+10|2.02447e+09|1.51096e+11|1.31753e+09|8.16696e+09|3.04563e+11|1.33273e+11|1.1605e+12|8.84081e+12|4.60474e+10|1.02428e+10|7.46708e+11,8.19724e+08|8.87204e+12|1.44234e+10|2.76143e+10|1.04208e+13|7.32581e+08|1.12013e+13|4.96975e+12|8.36206e+09|2.75437e+12|2.30731e+10|2.41326e+08|1.57582e+10|3.10679e+08|6.89506e+09|3.06423e+10|6.41526e+10|5.65456e+11|4.69454e+12|3.18273e+10|2.07235e+09|5.06847e+11,0.000494453|0.000787814|3.25754e-05|0.000201974|6.6054e-05|6.27016e-05|5.53896e-05|1.06248e-05|0.000268232|1.13052e-05|0.000270955|2.04325e-05|0.000261059|0.000223952|0.000266735|2.43107e-05|0.000319756|1.7812e-05|4.06274e-05|2.00633e-05|0.00011644|0.000185382,0.000316017|0.00788063|0.000181646|0.0016732|0.00522046|0.00113469|0.0025393|0.000261291|0.000752991|0.000238286|0.00167497|0.000338175|0.000513001|0.00843573|0.00874893|0.000202742|0.000672662|0.000830638|0.000128431|0.000509085|0.00580301|0.00344885,0.0109342|0.0476737|0.0426128|0.0313381|0.0318744|0.00597815|0.00111942|0.0457563|0.0481357|0.00592883|0.00569443|0.0354515|0.0430027|0.0370095|0.0248478|0.00304046|0.0285929|0.0231698|0.00843704|5.21659e-05|0.0398377|0.0365406,0.000178506|0.00335145|0.049061|0.0470205|0.0483133|0.0245713|0.0449458|0.0105712|0.00997263|0.0262948|0.0425349|0.0266209|0.00442808|0.00589983|0.0481122|0.0474075|0.0372754|0.0417641|0.0314938|0.00115664|0.0151024|0.0130093,0.973537|0.954869|0.906626|0.937315|0.975256|0.962416|0.924329|0.964079|0.948836|0.919013|0.92832|0.940474|0.974312|0.984554|0.911658|0.99171|0.984478|0.944528|0.908585|0.913872|0.965406|0.98883,4.63983|5.26639|0.762282|3.07758|3.22282|1.97158|1.19952|4.96174|1.5908|0.100836|3.3614|4.91715|5.11322|5.26958|3.70937|5.60303|4.02061|2.55597|3.37071|0.640024|0.0104102|4.04415,79.8117|92.5451|51.9585|81.3396|99.595|24.4191|31.554|88.8597|15.5679|66.5291|67.1704|84.7043|23.9015|56.905|56.397|62.2588|40.6061|95.3312|30.3781|81.3721|83.3731,0.246796|0.191459|0.222459|0.186476|0.184434|0.239532|0.195005|0.211898|0.212149|0.222935|0.184721|0.225161|0.236806|0.185169|0.21902|0.169222|0.166746|0.167906|0.207992|0.184589|0.197114,0.338018|0.161307|0.326911|0.379326|0.703378|0.991722|0.711047|0.430076|0.870283|0.109088|0.609732|0.880608|0.2818|0.476138|0.533324|0.361153|0.163177|0.402595|0.646488|0.272111|0.942894,0.869523,0.801463,0.117836,0.0993652,0.460468,0.534015,0.0732846,0.487967,0.198257,0.921169,51.6436,5.43263e-12,47756,0.887486,41.1981,1.06086e-12,38445,0.895553,0.876428,0.0878307,0.631141,0.996144,0.511517,0.22039,0.459803,0.228135,0.891603,87.9902,7.64954e-10,30733,0.967162,70.4477,9.04596e-11,52512
24,764,n1->n13->n15->n29->n31->n32->n34->n36->n38->n39->n37->n81->n80->n82->n95->n89->n88->n90->n56->n55->n53->n52->n51,5.37021e+09|6.60497e+13|8.77071e+11|3.6336e+13|4.79342e+12|1.78367e+12|4.7313e+12|7.73972e+11|1.16426e+13|3.34792e+13|2.79748e+13|2.58887e+10|2.45686e+13|1.07979e+13|1.05601e+11|2.68119e+11|9.00567e+12|1.33273e+11|1.1605e+12|8.84081e+12|4.60474e+10|1.02428e+10|7.46708e+11,8.19724e+08|8.87204e+12|1.06991e+11|1.77292e+13|4.42443e+12|1.05491e+12|1.15705e+12|7.77593e+10|1.19258e+12|1.12013e+13|4.96975e+12|8.36206e+09|2.75437e+12|1.66379e+12|5.46554e+10|9.23423e+10|8.66002e+12|6.41526e+10|5.65456e+11|4.69454e+12|3.18273e+10|2.07235e+09|5.06847e+11,0.000494453|0.000787814|0.000182949|0.000125062|0.00024651|0.000179959|0.000140889|0.000426407|1.04425e-05|5.53896e-05|1.06248e-05|0.000268232|1.13052e-05|0.000837919|0.000260968|3.55201e-05|6.2721e-05|0.000319756|1.7812e-05|4.06274e-05|2.00633e-05|0.00011644|0.000185382,0.000316017|0.00788063|0.00274771|0.00231296|0.00308746|0.00292552|0.000270551|0.00396778|0.00950649|0.0025393|0.000261291|0.000752991|0.000238286|0.00271152|0.000186877|0.000111435|0.000480267|0.000672662|0.000830638|0.000128431|0.000509085|0.00580301|0.00344885,0.0109342|0.0476737|0.0207315|0.0255931|0.0211034|0.00778345|0.0276207|0.00497013|0.0263713|0.00111942|0.0457563|0.0481357|0.00592883|0.0278433|0.00282907|0.0107812|0.00850464|0.0285929|0.0231698|0.00843704|5.21659e-05|0.0398377|0.0365406,0.000178506|0.00335145|0.0378122|0.00291922|0.0151027|0.0161829|0.0210615|0.0341912|0.00318517|0.0449458|0.0105712|0.00997263|0.0262948|0.0266174|0.0420997|0.0401575|0.0237676|0.0372754|0.0417641|0.0314938|0.00115664|0.0151024|0.0130093,0.973537|0.954869|0.910795|0.962742|0.943878|0.953313|0.904866|0.94998|0.902547|0.924329|0.964079|0.948836|0.919013|0.934435|0.966581|0.926416|0.962132|0.984478|0.944528|0.908585|0.913872|0.965406|0.98883,4.63983|5.26639|1.89272|0.0327787|4.82496|0.10397|4.56594|3.70656|5.09423|1.19952|4.96174|1.5908|0.100836|0.132111|1.09944|0.0868458|1.9653|4.02061|2.55597|3.37071|0.640024|0.0104102|4.04415,79.8117|66.6304|32.2763|70.4589|86.0567|23.0914|89.5651|61.2725|52.0957|31.554|88.8597|15.5679|47.0365|75.699|11.8194|92.4072|14.1987|40.6061|95.3312|30.3781|81.3721|83.3731,0.246796|0.179788|0.240047|0.246199|0.16799|0.18593|0.241996|0.204351|0.199024|0.195005|0.211898|0.212149|0.231931|0.21275|0.168449|0.203687|0.244274|0.166746|0.167906|0.207992|0.184589|0.197114,0.338018|0.275394|0.895675|0.415176|0.799966|0.12287|0.265381|0.413834|0.46236|0.711047|0.430076|0.870283|0.796307|0.837867|0.776387|0.876618|0.997795|0.163177|0.402595|0.646488|0.272111|0.942894,0.869523,0.801463,0.117836,0.0993652,0.460468,0.534015,0.0732846,0.487967,0.198257,0.921169,51.6436,5.43263e-12,47756,0.887486,41.1981,1.06086e-12,38445,0.895553,0.876428,0.0878307,0.631141,0.996144,0.511517,0.22039,0.459803,0.228135,0.891603,87.9902,7.64954e-10,30733,0.967162,70.4477,9.04596e-11,52512
24,765,n1->n99->n98->n57->n55->n53->n52->n27->n29->n31->n35->n74->n75->n4->n2->n100->n90->n89->n95->n97->n96->n94->n51,5.37021e+09|1.57108e+10|1.8266e+13|4.14288e+09|8.84081e+12|4.60474e+10|1.02428e+10|4.19351e+12|3.6336e+13|4.79342e+12|5.77859e+11|5.8385e+13|8.71921e+10|7.07339e+12|5.94248e+10|4.01966e+09|1.33273e+11|2.68119e+11|1.05601e+11|2.90604e+09|2.51165e+12|1.36531e+10|7.46708e+11,8.19724e+08|4.21389e+09|5.99087e+12|2.05006e+09|4.69454e+12|3.18273e+10|2.07235e+09|8.73344e+11|1.77292e+13|4.42443e+12|4.88834e+11|7.35096e+12|5.29113e+10|2.43435e+12|3.74975e+10|2.27749e+09|6.41526e+10|9.23423e+10|5.46554e+10|5.04144e+08|5.36324e+11|1.67171e+09|5.06847e+11,0.000494453|0.00089026|0.000410965|0.000173612|4.06274e-05|2.00633e-05|0.00011644|1.08528e-05|0.000125062|0.00024651|0.000412952|0.000875739|0.000766915|0.000113681|1.10648e-05|0.000665246|0.000319756|3.55201e-05|0.000260968|8.81202e-05|1.2987e-05|2.95455e-05|0.000185382,0.000316017|0.000350126|0.000548485|0.00271581|0.000128431|0.000509085|0.00580301|0.00262605|0.00231296|0.00308746|0.00138752|0.00944671|0.000203965|0.00198341|0.00120557|0.00914892|0.000672662|0.000111435|0.000186877|0.00494291|0.000286765|0.000125263|0.00344885,0.0109342|0.0362414|0.0295222|0.0328142|0.00843704|5.21659e-05|0.0398377|0.0303206|0.0255931|0.0211034|0.00215298|0.0280357|0.0243876|0.0350273|0.00369149|0.0100829|0.0285929|0.0107812|0.00282907|0.0381696|0.0377902|0.00830448|0.0365406,0.000178506|0.0472365|0.0297366|0.0437642|0.0314938|0.00115664|0.0151024|0.0230682|0.00291922|0.0151027|0.0375959|0.0166219|0.0250863|0.0273051|0.0127317|0.0460028|0.0372754|0.0401575|0.0420997|0.00800322|0.0195364|0.0293842|0.0130093,0.973537|0.953794|0.959539|0.983348|0.908585|0.913872|0.965406|0.985376|0.962742|0.943878|0.952159|0.90082|0.936129|0.917619|0.968894|0.935175|0.984478|0.926416|0.966581|0.90679|0.951762|0.927471|0.98883,4.63983|3.07459|2.95405|1.93323|3.37071|0.640024|0.0104102|4.5695|0.0327787|4.82496|5.24666|0.0974208|3.39264|1.56082|4.74216|3.89025|4.02061|0.0868458|1.09944|1.41691|0.85792|5.03384|4.04415,66.2586|58.4557|98.2355|61.5999|30.3781|81.3721|46.2248|49.6282|70.4589|91.3525|67.7415|64.3401|81.7362|30.2686|37.015|32.7492|12.726|11.8194|11.8968|37.9513|71.0086|11.2844,0.180129|0.227784|0.190047|0.220389|0.207992|0.184589|0.183493|0.180772|0.246199|0.243038|0.161632|0.220369|0.218556|0.239023|0.17211|0.191207|0.226099|0.168449|0.228013|0.246589|0.230021|0.200895,0.323551|0.686264|0.757428|0.549818|0.646488|0.272111|0.657987|0.511755|0.415176|0.658826|0.301798|0.119032|0.847503|0.514427|0.315214|0.878161|0.757755|0.776387|0.342677|0.157157|0.131268|0.836539,0.869523,0.801463,0.117836,0.0993652,0.460468,0.534015,0.0732846,0.487967,0.198257,0.921169,51.6436,5.43263e-12,47756,0.887486,41.1981,1.06086e-12,38445,0.895553,0.876428,0.0878307,0.631141,0.996144,0.511517,0.22039,0.459803,0.228135,0.891603,87.9902,7.64954e-10,30733,0.967162,70.4477,9.04596e-11,52512
24,766,n1->n99->n97->n95->n89->n90->n88->n87->n86->n76->n74->n57->n83->n85->n78->n44->n41->n43->n45->n47->n48->n50->n51,5.37021e+09|1.57108e+10|2.90604e+09|1.05601e+11|2.68119e+11|1.33273e+11|9.00567e+12|7.3435e+12|3.85304e+10|4.21804e+13|5.8385e+13|4.14288e+09|3.76373e+13|2.02447e+09|3.25238e+10|5.26537e+13|3.95737e+11|1.40931e+10|8.38488e+13|4.74236e+11|3.98001e+12|2.36425e+09|7.46708e+11,8.19724e+08|4.21389e+09|5.04144e+08|5.46554e+10|9.23423e+10|6.41526e+10|8.66002e+12|2.79916e+12|4.69095e+09|1.15782e+13|7.35096e+12|2.05006e+09|2.34723e+13|2.41326e+08|2.30731e+10|2.86817e+13|1.47899e+11|3.26577e+09|1.01787e+13|1.54765e+11|1.69514e+12|4.07889e+08|5.06847e+11,0.000494453|0.00089026|8.81202e-05|0.000260968|3.55201e-05|0.000319756|6.2721e-05|0.000634307|6.21631e-05|1.88608e-05|0.000875739|0.000173612|1.86087e-05|2.04325e-05|0.000270955|0.000124649|2.35935e-05|0.000955168|1.67225e-05|0.000202873|4.78153e-05|1.54283e-05|0.000185382,0.000316017|0.000350126|0.00494291|0.000186877|0.000111435|0.000672662|0.000480267|0.00151267|0.00341054|0.00214239|0.00944671|0.00271581|0.000175452|0.000338175|0.00167497|0.00158999|0.00412419|0.00344494|0.000742576|0.000266598|0.00544009|0.00907722|0.00344885,0.0109342|0.0362414|0.0381696|0.00282907|0.0107812|0.0285929|0.00850464|0.0186268|0.0237043|0.00156873|0.0280357|0.0328142|0.015405|0.0354515|0.00569443|0.0486405|0.00451081|0.0168583|0.00846218|0.00898217|0.0455031|0.00638914|0.0365406,0.000178506|0.0472365|0.00800322|0.0420997|0.0401575|0.0372754|0.0237676|0.00979507|0.0488574|0.0470058|0.0166219|0.0437642|0.038157|0.0266209|0.0425349|0.00764508|0.00491436|0.0482719|0.0342415|0.0488958|0.0360942|0.0483596|0.0130093,0.973537|0.953794|0.90679|0.966581|0.926416|0.984478|0.962132|0.977244|0.981332|0.989289|0.90082|0.983348|0.947801|0.940474|0.92832|0.932977|0.923722|0.943219|0.934264|0.9108|0.967439|0.910708|0.98883,4.63983|3.07459|1.41691|1.09944|0.0868458|4.02061|1.9653|2.33192|4.96971|0.578949|0.0974208|1.93323|4.11052|4.91715|3.3614|2.64532|4.11092|2.3897|5.31688|6.27947|3.09858|5.41755|4.04415,66.2586|94.4507|11.8968|11.8194|12.726|14.1987|57.0974|88.9922|37.5994|53.1277|95.6836|50.003|92.2019|67.1704|88.5528|12.7315|43.4967|48.5398|40.979|78.8723|23.5956|82.9474,0.180129|0.168303|0.228013|0.168449|0.226099|0.244274|0.227675|0.246364|0.17745|0.181342|0.169856|0.1911|0.231254|0.184721|0.200088|0.246433|0.160247|0.218428|0.216949|0.239998|0.191801|0.24308,0.323551|0.263233|0.342677|0.776387|0.757755|0.997795|0.396625|0.83582|0.871942|0.519715|0.815246|0.161388|0.604504|0.609732|0.134865|0.665882|0.922117|0.854577|0.317946|0.300482|0.688345|0.624607,0.869523,0.801463,0.117836,0.0993652,0.460468,0.534015,0.0732846,0.487967,0.198257,0.921169,51.6436,5.43263e-12,47756,0.887486,41.1981,1.06086e-12,38445,0.895553,0.876428,0.0878307,0.631141,0.996144,0.511517,0.22039,0.459803,0.228135,0.891603,87.9902,7.64954e-10,30733,0.967162,70.4477,9.04596e-11,52512
24,767,n1->n13->n11->n9->n10->n63->n42->n40->n54->n82->n95->n93->n92->n94->n96->n97->n99->n98->n57->n55->n53->n52->n51,5.37021e+09|6.60497e+13|1.78735e+12|1.49139e+12|2.49624e+09|6.55204e+12|2.42905e+09|3.58065e+10|2.80961e+11|1.07979e+13|1.05601e+11|4.22601e+13|1.97334e+09|1.36531e+10|2.51165e+12|2.90604e+09|1.57108e+10|1.8266e+13|4.14288e+09|8.84081e+12|4.60474e+10|1.02428e+10|7.46708e+11,8.19724e+08|8.87204e+12|3.29521e+11|3.79906e+11|7.32581e+08|2.63574e+12|2.47264e+08|4.14657e+09|2.23178e+11|1.66379e+12|5.46554e+10|1.3774e+13|1.46451e+09|1.67171e+09|5.36324e+11|5.04144e+08|4.21389e+09|5.99087e+12|2.05006e+09|4.69454e+12|3.18273e+10|2.07235e+09|5.06847e+11,0.000494453|0.000787814|5.47786e-05|1.80008e-05|6.27016e-05|0.000116235|8.79758e-05|6.01341e-05|1.47667e-05|0.000837919|0.000260968|8.45967e-05|2.75832e-05|2.95455e-05|1.2987e-05|8.81202e-05|0.00089026|0.000410965|0.000173612|4.06274e-05|2.00633e-05|0.00011644|0.000185382,0.000316017|0.00788063|0.00652494|0.00065196|0.00113469|0.00126856|0.000493531|0.00268841|0.00549128|0.00271152|0.000186877|0.000162335|0.0052688|0.000125263|0.000286765|0.00494291|0.000350126|0.000548485|0.00271581|0.000128431|0.000509085|0.00580301|0.00344885,0.0109342|0.0476737|0.00125292|0.0140743|0.00597815|0.0100727|0.00783732|0.0249103|0.0334079|0.0278433|0.00282907|0.0108045|0.0444618|0.00830448|0.0377902|0.0381696|0.0362414|0.0295222|0.0328142|0.00843704|5.21659e-05|0.0398377|0.0365406,0.000178506|0.00335145|0.0136412|0.033904|0.0245713|0.0107197|0.0327962|0.033399|0.00844474|0.0266174|0.0420997|0.0326183|0.0387741|0.0293842|0.0195364|0.00800322|0.0472365|0.0297366|0.0437642|0.0314938|0.00115664|0.0151024|0.0130093,0.973537|0.954869|0.988894|0.963574|0.962416|0.903245|0.960936|0.920308|0.927525|0.934435|0.966581|0.912097|0.987763|0.927471|0.951762|0.90679|0.953794|0.959539|0.983348|0.908585|0.913872|0.965406|0.98883,4.63983|5.26639|0.923897|5.88966|1.97158|4.68449|0.765875|2.50002|1.22009|0.132111|1.09944|5.92115|6.03913|5.03384|0.85792|1.41691|3.07459|2.95405|1.93323|3.37071|0.640024|0.0104102|4.04415,79.8117|13.9548|99.0064|65.9961|65.1286|97.0433|77.6192|12.2677|41.1455|75.699|24.941|61.035|13.5087|71.0086|37.9513|94.4507|58.4557|98.2355|61.5999|30.3781|81.3721|83.3731,0.246796|0.189728|0.201409|0.193896|0.203746|0.211509|0.243521|0.248162|0.242874|0.21275|0.237661|0.21409|0.230182|0.230021|0.246589|0.168303|0.227784|0.190047|0.220389|0.207992|0.184589|0.197114,0.338018|0.801183|0.439638|0.982181|0.514129|0.758395|0.14346|0.812759|0.378494|0.837867|0.985064|0.722832|0.731663|0.131268|0.157157|0.263233|0.686264|0.757428|0.549818|0.646488|0.272111|0.942894,0.869523,0.801463,0.117836,0.0993652,0.460468,0.534015,0.0732846,0.487967,0.198257,0.921169,51.6436,5.43263e-12,47756,0.887486,41.1981,1.06086e-12,38445,0.895553,0.876428,0.0878307,0.631141,0.996144,0.511517,0.22039,0.459803,0.228135,0.891603,87.9902,7.64954e-10,30733,0.967162,70.4477,9.04596e-11,52512
24,768,n1->n20->n21->n67->n38->n39->n10->n9->n7->n2->n100->n73->n72->n70->n87->n86->n76->n69->n3->n5->n65->n52->n51,5.37021e+09|4.0293e+11|1.56161e+12|4.7483e+09|1.16426e+13|3.34792e+13|2.49624e+09|1.49139e+12|3.81012e+11|5.94248e+10|4.01966e+09|1.41706e+11|6.83442e+09|6.87309e+13|7.3435e+12|3.85304e+10|4.21804e+13|8.81277e+09|2.78751e+13|2.91995e+11|1.12599e+09|1.02428e+10|7.46708e+11,8.19724e+08|1.89646e+11|3.02345e+11|7.5553e+08|1.19258e+12|1.12013e+13|7.32581e+08|3.79906e+11|6.70334e+10|3.74975e+10|2.27749e+09|5.76853e+10|1.48353e+09|9.78332e+12|2.79916e+12|4.69095e+09|1.15782e+13|7.57626e+09|1.44762e+13|4.67133e+10|3.2906e+08|2.07235e+09|5.06847e+11,0.000494453|5.21063e-05|0.00096308|3.91885e-05|1.04425e-05|5.53896e-05|6.27016e-05|1.80008e-05|0.000475679|1.10648e-05|0.000665246|6.32916e-05|0.000159499|5.13815e-05|0.000634307|6.21631e-05|1.88608e-05|0.000268039|0.00022361|7.03031e-05|1.96575e-05|0.00011644|0.000185382,0.000316017|0.000368678|0.00195589|0.000640186|0.00950649|0.0025393|0.00113469|0.00065196|0.00104538|0.00120557|0.00914892|0.000807753|0.00384342|0.00295865|0.00151267|0.00341054|0.00214239|0.00367819|0.00776667|0.000196916|0.000428116|0.00580301|0.00344885,0.0109342|0.0108696|0.00712365|0.029632|0.0263713|0.00111942|0.00597815|0.0140743|0.01754|0.00369149|0.0100829|0.0455502|0.0479977|0.0286141|0.0186268|0.0237043|0.00156873|0.022957|0.0268705|0.00731162|0.00118659|0.0398377|0.0365406,0.000178506|0.0181411|0.0414669|0.0482082|0.00318517|0.0449458|0.0245713|0.033904|0.0283975|0.0127317|0.0460028|0.028193|0.0299903|0.0216638|0.00979507|0.0488574|0.0470058|0.0100342|0.0326941|0.0421608|0.00176737|0.0151024|0.0130093,0.973537|0.923215|0.971602|0.924883|0.902547|0.924329|0.962416|0.963574|0.963898|0.968894|0.935175|0.909539|0.96924|0.966653|0.977244|0.981332|0.989289|0.975915|0.982466|0.951514|0.967717|0.965406|0.98883,4.63983|4.79469|3.14177|2.06342|5.09423|1.19952|1.97158|5.88966|3.51107|4.74216|3.89025|3.29092|3.90463|4.60778|2.33192|4.96971|0.578949|2.99986|4.79844|4.90362|4.1126|0.0104102|4.04415,90.7492|76.7594|42.5138|59.2872|52.0957|24.4191|65.9961|59.8148|88.6198|37.015|20.1165|29.1617|97.4405|39.9413|88.9922|37.5994|66.666|83.9106|10.4739|35.0583|56.1703|83.3731,0.215706|0.218425|0.197352|0.200548|0.199024|0.239532|0.193896|0.18359|0.228013|0.17211|0.175955|0.178937|0.180102|0.180359|0.246364|0.17745|0.212271|0.204476|0.163561|0.209201|0.247907|0.197114,0.53635|0.515127|0.602799|0.127053|0.46236|0.991722|0.982181|0.339058|0.84397|0.315214|0.825877|0.920295|0.79408|0.129355|0.83582|0.871942|0.890059|0.65353|0.469027|0.297185|0.827328|0.942894,0.869523,0.801463,0.117836,0.0993652,0.460468,0.534015,0.0732846,0.487967,0.198257,0.921169,51.6436,5.43263e-12,47756,0.887486,41.1981,1.06086e-12,38445,0.895553,0.876428,0.0878307,0.631141,0.996144,0.511517,0.22039,0.459803,0.228135,0.891603,87.9902,7.64954e-10,30733,0.967162,70.4477,9.04596e-11,52512
24,769,n1->n13->n15->n63->n61->n62->n64->n36->n38->n16->n18->n70->n69->n28->n29->n27->n26->n24->n23->n77->n93->n94->n51,5.37021e+09|6.60497e+13|8.77071e+11|6.55204e+12|6.44979e+11|2.37342e+11|4.21034e+09|7.73972e+11|1.16426e+13|1.09193e+13|7.59179e+12|6.87309e+13|8.81277e+09|1.34247e+11|3.6336e+13|4.19351e+12|7.09351e+09|1.59557e+13|4.63033e+10|5.68112e+11|4.22601e+13|1.36531e+10|7.46708e+11,8.19724e+08|8.87204e+12|1.06991e+11|2.63574e+12|1.30372e+11|1.13053e+11|1.60867e+09|7.77593e+10|1.19258e+12|1.33827e+12|4.11836e+12|9.78332e+12|7.57626e+09|1.51805e+10|1.77292e+13|8.73344e+11|1.31666e+09|4.06569e+12|3.30225e+10|3.56307e+11|1.3774e+13|1.67171e+09|5.06847e+11,0.000494453|0.000787814|0.000182949|0.000116235|3.71253e-05|8.24006e-05|1.88732e-05|0.000426407|1.04425e-05|3.71682e-05|2.98936e-05|5.13815e-05|0.000268039|0.00056516|0.000125062|1.08528e-05|3.77967e-05|0.000193265|0.000277161|8.49487e-05|8.45967e-05|2.95455e-05|0.000185382,0.000316017|0.00788063|0.00274771|0.00126856|0.00313588|0.00794111|0.000135861|0.00396778|0.00950649|0.00174713|0.000681499|0.00295865|0.00367819|0.0093172|0.00231296|0.00262605|0.00522178|0.0012727|0.00418014|0.000906866|0.000162335|0.000125263|0.00344885,0.0109342|0.0476737|0.0207315|0.0100727|0.0266048|0.0242596|0.0266797|0.00497013|0.0263713|0.0123696|0.0192976|0.0286141|0.022957|0.0317261|0.0255931|0.0303206|0.0101688|0.0433038|0.00314906|0.04851|0.0108045|0.00830448|0.0365406,0.000178506|0.00335145|0.0378122|0.0107197|0.0179693|0.0480911|0.0436548|0.0341912|0.00318517|0.0240438|0.0120519|0.0216638|0.0100342|0.03841|0.00291922|0.0230682|0.0409649|0.00780618|0.0470385|0.0115254|0.0326183|0.0293842|0.0130093,0.973537|0.954869|0.910795|0.903245|0.958619|0.98053|0.933821|0.94998|0.902547|0.979533|0.946711|0.966653|0.975915|0.948072|0.962742|0.985376|0.981638|0.90929|0.92176|0.949999|0.912097|0.927471|0.98883,4.63983|5.26639|1.89272|4.68449|2.63855|5.59786|5.77568|3.70656|5.09423|1.69436|4.38273|4.60778|2.99986|1.48687|0.0327787|4.5695|2.91399|3.9732|2.08786|0.722366|5.92115|5.03384|4.04415,79.8117|66.6304|11.0615|47.0482|89.0369|93.0484|43.8659|61.2725|28.0546|72.2829|55.8812|74.5377|97.1045|18.7034|49.6282|67.4197|83.4704|44.8869|39.0733|51.9256|63.1349|11.2844,0.246796|0.179788|0.214255|0.167884|0.198053|0.176232|0.241695|0.204351|0.17367|0.180241|0.234874|0.172691|0.207556|0.249902|0.180772|0.171162|0.216464|0.161116|0.178948|0.247077|0.209804|0.200895,0.338018|0.275394|0.692153|0.410418|0.704733|0.182879|0.590576|0.413834|0.828443|0.553025|0.16843|0.416585|0.438091|0.259002|0.511755|0.40751|0.583168|0.528582|0.23533|0.469529|0.17375|0.836539,0.869523,0.801463,0.117836,0.0993652,0.460468,0.534015,0.0732846,0.487967,0.198257,0.921169,51.6436,5.43263e-12,47756,0.887486,41.1981,1.06086e-12,38445,0.895553,0.876428,0.0878307,0.631141,0.996144,0.511517,0.22039,0.459803,0.228135,0.891603,87.9902,7.64954e-10,30733,0.967162,70.4477,9.04596e-11,52512
24,770,n1->n99->n77->n93->n95->n89->n90->n100->n2->n4->n75->n76->n69->n3->n5->n7->n9->n10->n73->n54->n53->n52->n51,5.37021e+09|1.57108e+10|5.68112e+11|4.22601e+13|1.05601e+11|2.68119e+11|1.33273e+11|4.01966e+09|5.94248e+10|7.07339e+12|8.71921e+10|4.21804e+13|8.81277e+09|2.78751e+13|2.91995e+11|3.81012e+11|1.49139e+12|2.49624e+09|1.41706e+11|2.80961e+11|4.60474e+10|1.02428e+10|7.46708e+11,8.19724e+08|4.21389e+09|3.56307e+11|1.3774e+13|5.46554e+10|9.23423e+10|6.41526e+10|2.27749e+09|3.74975e+10|2.43435e+12|5.29113e+10|1.15782e+13|7.57626e+09|1.44762e+13|4.67133e+10|6.70334e+10|3.79906e+11|7.32581e+08|5.76853e+10|2.23178e+11|3.18273e+10|2.07235e+09|5.06847e+11,0.000494453|0.00089026|8.49487e-05|8.45967e-05|0.000260968|3.55201e-05|0.000319756|0.000665246|1.10648e-05|0.000113681|0.000766915|1.88608e-05|0.000268039|0.00022361|7.03031e-05|0.000475679|1.80008e-05|6.27016e-05|6.32916e-05|1.47667e-05|2.00633e-05|0.00011644|0.000185382,0.000316017|0.000350126|0.000906866|0.000162335|0.000186877|0.000111435|0.000672662|0.00914892|0.00120557|0.00198341|0.000203965|0.00214239|0.00367819|0.00776667|0.000196916|0.00104538|0.00065196|0.00113469|0.000807753|0.00549128|0.000509085|0.00580301|0.00344885,0.0109342|0.0362414|0.04851|0.0108045|0.00282907|0.0107812|0.0285929|0.0100829|0.00369149|0.0350273|0.0243876|0.00156873|0.022957|0.0268705|0.00731162|0.01754|0.0140743|0.00597815|0.0455502|0.0334079|5.21659e-05|0.0398377|0.0365406,0.000178506|0.0472365|0.0115254|0.0326183|0.0420997|0.0401575|0.0372754|0.0460028|0.0127317|0.0273051|0.0250863|0.0470058|0.0100342|0.0326941|0.0421608|0.0283975|0.033904|0.0245713|0.028193|0.00844474|0.00115664|0.0151024|0.0130093,0.973537|0.953794|0.949999|0.912097|0.966581|0.926416|0.984478|0.935175|0.968894|0.917619|0.936129|0.989289|0.975915|0.982466|0.951514|0.963898|0.963574|0.962416|0.909539|0.927525|0.913872|0.965406|0.98883,4.63983|3.07459|0.722366|5.92115|1.09944|0.0868458|4.02061|3.89025|4.74216|1.56082|3.39264|0.578949|2.99986|4.79844|4.90362|3.51107|5.88966|1.97158|3.29092|1.22009|0.640024|0.0104102|4.04415,66.2586|96.5216|51.9256|24.941|11.8194|12.726|32.7492|37.015|30.2686|81.7362|63.5216|66.666|83.9106|10.4739|37.2729|59.8148|65.9961|29.3778|26.1465|75.3264|81.3721|83.3731,0.180129|0.241387|0.247077|0.237661|0.168449|0.226099|0.191207|0.17211|0.239023|0.218556|0.207806|0.212271|0.204476|0.163561|0.176784|0.18359|0.193896|0.202302|0.196311|0.191357|0.184589|0.197114,0.323551|0.664018|0.469529|0.985064|0.776387|0.757755|0.878161|0.315214|0.514427|0.847503|0.844544|0.890059|0.65353|0.469027|0.943162|0.339058|0.982181|0.747283|0.754315|0.567841|0.272111|0.942894,0.869523,0.801463,0.117836,0.0993652,0.460468,0.534015,0.0732846,0.487967,0.198257,0.921169,51.6436,5.43263e-12,47756,0.887486,41.1981,1.06086e-12,38445,0.895553,0.876428,0.0878307,0.631141,0.996144,0.511517,0.22039,0.459803,0.228135,0.891603,87.9902,7.64954e-10,30733,0.967162,70.4477,9.04596e-11,52512
24,771,n1->n99->n77->n93->n92->n94->n96->n97->n95->n82->n54->n56->n84->n85->n17->n18->n19->n20->n21->n67->n64->n49->n51,5.37021e+09|1.57108e+10|5.68112e+11|4.22601e+13|1.97334e+09|1.36531e+10|2.51165e+12|2.90604e+09|1.05601e+11|1.07979e+13|2.80961e+11|1.1605e+12|1.07392e+09|2.02447e+09|1.51096e+11|7.59179e+12|2.47533e+11|4.0293e+11|1.56161e+12|4.7483e+09|4.21034e+09|2.45005e+09|7.46708e+11,8.19724e+08|4.21389e+09|3.56307e+11|1.3774e+13|1.46451e+09|1.67171e+09|5.36324e+11|5.04144e+08|5.46554e+10|1.66379e+12|2.23178e+11|5.65456e+11|9.00899e+08|2.41326e+08|1.57582e+10|4.11836e+12|2.33399e+11|1.89646e+11|3.02345e+11|7.5553e+08|1.60867e+09|2.44458e+09|5.06847e+11,0.000494453|0.00089026|8.49487e-05|8.45967e-05|2.75832e-05|2.95455e-05|1.2987e-05|8.81202e-05|0.000260968|0.000837919|1.47667e-05|1.7812e-05|2.14473e-05|2.04325e-05|0.000261059|2.98936e-05|0.000261527|5.21063e-05|0.00096308|3.91885e-05|1.88732e-05|1.07426e-05|0.000185382,0.000316017|0.000350126|0.000906866|0.000162335|0.0052688|0.000125263|0.000286765|0.00494291|0.000186877|0.00271152|0.00549128|0.000830638|0.000434313|0.000338175|0.000513001|0.000681499|0.000768065|0.000368678|0.00195589|0.000640186|0.000135861|0.000979027|0.00344885,0.0109342|0.0362414|0.04851|0.0108045|0.0444618|0.00830448|0.0377902|0.0381696|0.00282907|0.0278433|0.0334079|0.0231698|0.0473575|0.0354515|0.0430027|0.0192976|0.0201979|0.0108696|0.00712365|0.029632|0.0266797|0.0183567|0.0365406,0.000178506|0.0472365|0.0115254|0.0326183|0.0387741|0.0293842|0.0195364|0.00800322|0.0420997|0.0266174|0.00844474|0.0417641|0.0366447|0.0266209|0.00442808|0.0120519|0.0291803|0.0181411|0.0414669|0.0482082|0.0436548|0.0388066|0.0130093,0.973537|0.953794|0.949999|0.912097|0.987763|0.927471|0.951762|0.90679|0.966581|0.934435|0.927525|0.944528|0.948551|0.940474|0.974312|0.946711|0.941018|0.923215|0.971602|0.924883|0.933821|0.969899|0.98883,4.63983|3.07459|0.722366|5.92115|6.03913|5.03384|0.85792|1.41691|1.09944|0.132111|1.22009|2.55597|5.42186|4.91715|5.11322|4.38273|1.39448|4.79469|3.14177|2.06342|5.77568|3.94615|4.04415,66.2586|96.5216|51.9256|61.035|13.5087|71.0086|37.9513|11.8968|75.699|41.1455|42.6814|34.4372|82.1833|84.7043|43.2583|34.0839|86.2435|76.7594|42.5138|95.5844|77.768|10.4661,0.180129|0.241387|0.247077|0.21409|0.230182|0.230021|0.246589|0.228013|0.21275|0.242874|0.167734|0.222961|0.216313|0.225161|0.218822|0.248409|0.182991|0.218425|0.197352|0.248978|0.165457|0.216931,0.323551|0.664018|0.469529|0.722832|0.731663|0.131268|0.157157|0.342677|0.837867|0.378494|0.927159|0.762891|0.528406|0.880608|0.981182|0.983209|0.182796|0.515127|0.602799|0.480161|0.348083|0.516407,0.869523,0.801463,0.117836,0.0993652,0.460468,0.534015,0.0732846,0.487967,0.198257,0.921169,51.6436,5.43263e-12,47756,0.887486,41.1981,1.06086e-12,38445,0.895553,0.876428,0.0878307,0.631141,0.996144,0.511517,0.22039,0.459803,0.228135,0.891603,87.9902,7.64954e-10,30733,0.967162,70.4477,9.04596e-11,52512
24,772,n1->n99->n77->n93->n92->n94->n96->n14->n12->n8->n10->n63->n79->n81->n83->n84->n85->n58->n59->n60->n62->n61->n51,5.37021e+09|1.57108e+10|5.68112e+11|4.22601e+13|1.97334e+09|1.36531e+10|2.51165e+12|3.70261e+10|9.70597e+10|4.61239e+13|2.49624e+09|6.55204e+12|1.47019e+10|2.58887e+10|3.76373e+13|1.07392e+09|2.02447e+09|8.16696e+09|3.04563e+11|8.79841e+13|2.37342e+11|6.44979e+11|7.46708e+11,8.19724e+08|4.21389e+09|3.56307e+11|1.3774e+13|1.46451e+09|1.67171e+09|5.36324e+11|1.44234e+10|2.76143e+10|1.04208e+13|7.32581e+08|2.63574e+12|4.87652e+09|8.36206e+09|2.34723e+13|9.00899e+08|2.41326e+08|6.89506e+09|3.06423e+10|5.95756e+13|1.13053e+11|1.30372e+11|5.06847e+11,0.000494453|0.00089026|8.49487e-05|8.45967e-05|2.75832e-05|2.95455e-05|1.2987e-05|3.25754e-05|0.000201974|6.6054e-05|6.27016e-05|0.000116235|0.000133131|0.000268232|1.86087e-05|2.14473e-05|2.04325e-05|0.000266735|2.43107e-05|0.000731749|8.24006e-05|3.71253e-05|0.000185382,0.000316017|0.000350126|0.000906866|0.000162335|0.0052688|0.000125263|0.000286765|0.000181646|0.0016732|0.00522046|0.00113469|0.00126856|0.000479664|0.000752991|0.000175452|0.000434313|0.000338175|0.00874893|0.000202742|0.000248463|0.00794111|0.00313588|0.00344885,0.0109342|0.0362414|0.04851|0.0108045|0.0444618|0.00830448|0.0377902|0.0426128|0.0313381|0.0318744|0.00597815|0.0100727|0.0252961|0.0481357|0.015405|0.0473575|0.0354515|0.0248478|0.00304046|0.0128442|0.0242596|0.0266048|0.0365406,0.000178506|0.0472365|0.0115254|0.0326183|0.0387741|0.0293842|0.0195364|0.049061|0.0470205|0.0483133|0.0245713|0.0107197|0.0203026|0.00997263|0.038157|0.0366447|0.0266209|0.0481122|0.0474075|0.0431033|0.0480911|0.0179693|0.0130093,0.973537|0.953794|0.949999|0.912097|0.987763|0.927471|0.951762|0.906626|0.937315|0.975256|0.962416|0.903245|0.966262|0.948836|0.947801|0.948551|0.940474|0.911658|0.99171|0.945549|0.98053|0.958619|0.98883,4.63983|3.07459|0.722366|5.92115|6.03913|5.03384|0.85792|0.762282|3.07758|3.22282|1.97158|4.68449|3.41737|1.5908|4.11052|5.42186|4.91715|3.70937|5.60303|4.50487|5.59786|2.63855|4.04415,66.2586|96.5216|51.9256|61.035|13.5087|71.0086|54.7186|51.9585|81.3396|99.595|65.1286|16.1844|26.55|78.7627|20.1884|82.1833|90.6886|56.397|76.8491|48.3985|89.0369|66.5616,0.180129|0.241387|0.247077|0.21409|0.230182|0.230021|0.208433|0.222459|0.186476|0.184434|0.203746|0.22961|0.238834|0.170031|0.246081|0.216313|0.194345|0.21902|0.204072|0.17162|0.198053|0.171721,0.323551|0.664018|0.469529|0.722832|0.731663|0.131268|0.448351|0.326911|0.379326|0.703378|0.514129|0.217843|0.957633|0.530775|0.599197|0.528406|0.45102|0.533324|0.509755|0.641887|0.704733|0.235817,0.869523,0.801463,0.117836,0.0993652,0.460468,0.534015,0.0732846,0.487967,0.198257,0.921169,51.6436,5.43263e-12,47756,0.887486,41.1981,1.06086e-12,38445,0.895553,0.876428,0.0878307,0.631141,0.996144,0.511517,0.22039,0.459803,0.228135,0.891603,87.9902,7.64954e-10,30733,0.967162,70.4477,9.04596e-11,52512
24,773,n1->n20->n21->n22->n68->n17->n19->n18->n16->n38->n39->n41->n43->n45->n44->n78->n80->n82->n54->n55->n53->n52->n51,5.37021e+09|4.0293e+11|1.56161e+12|1.47e+10|1.31753e+09|1.51096e+11|2.47533e+11|7.59179e+12|1.09193e+13|1.16426e+13|3.34792e+13|3.95737e+11|1.40931e+10|8.38488e+13|5.26537e+13|3.25238e+10|2.45686e+13|1.07979e+13|2.80961e+11|8.84081e+12|4.60474e+10|1.02428e+10|7.46708e+11,8.19724e+08|1.89646e+11|3.02345e+11|9.51029e+09|3.10679e+08|1.57582e+10|2.33399e+11|4.11836e+12|1.33827e+12|1.19258e+12|1.12013e+13|1.47899e+11|3.26577e+09|1.01787e+13|2.86817e+13|2.30731e+10|2.75437e+12|1.66379e+12|2.23178e+11|4.69454e+12|3.18273e+10|2.07235e+09|5.06847e+11,0.000494453|5.21063e-05|0.00096308|1.77434e-05|0.000223952|0.000261059|0.000261527|2.98936e-05|3.71682e-05|1.04425e-05|5.53896e-05|2.35935e-05|0.000955168|1.67225e-05|0.000124649|0.000270955|1.13052e-05|0.000837919|1.47667e-05|4.06274e-05|2.00633e-05|0.00011644|0.000185382,0.000316017|0.000368678|0.00195589|0.0006856|0.00843573|0.000513001|0.000768065|0.000681499|0.00174713|0.00950649|0.0025393|0.00412419|0.00344494|0.000742576|0.00158999|0.00167497|0.000238286|0.00271152|0.00549128|0.000128431|0.000509085|0.00580301|0.00344885,0.0109342|0.0108696|0.00712365|0.0408661|0.0370095|0.0430027|0.0201979|0.0192976|0.0123696|0.0263713|0.00111942|0.00451081|0.0168583|0.00846218|0.0486405|0.00569443|0.00592883|0.0278433|0.0334079|0.00843704|5.21659e-05|0.0398377|0.0365406,0.000178506|0.0181411|0.0414669|0.040072|0.00589983|0.00442808|0.0291803|0.0120519|0.0240438|0.00318517|0.0449458|0.00491436|0.0482719|0.0342415|0.00764508|0.0425349|0.0262948|0.0266174|0.00844474|0.0314938|0.00115664|0.0151024|0.0130093,0.973537|0.923215|0.971602|0.95984|0.984554|0.974312|0.941018|0.946711|0.979533|0.902547|0.924329|0.923722|0.943219|0.934264|0.932977|0.92832|0.919013|0.934435|0.927525|0.908585|0.913872|0.965406|0.98883,4.63983|4.79469|3.14177|0.048646|5.26958|5.11322|1.39448|4.38273|1.69436|5.09423|1.19952|4.11092|2.3897|5.31688|2.64532|3.3614|0.100836|0.132111|1.22009|3.37071|0.640024|0.0104102|4.04415,90.7492|76.7594|55.6995|15.3326|23.9015|10.3361|34.0839|72.2829|28.0546|52.0957|38.9947|43.4967|48.5398|57.1366|88.5528|66.5291|47.0365|41.1455|27.8669|30.3781|81.3721|83.3731,0.215706|0.218425|0.206062|0.236297|0.236806|0.172286|0.248409|0.180241|0.17367|0.199024|0.18226|0.160247|0.218428|0.235241|0.200088|0.222935|0.231931|0.242874|0.169326|0.207992|0.184589|0.197114,0.53635|0.515127|0.677391|0.655447|0.2818|0.559133|0.983209|0.553025|0.828443|0.46236|0.988985|0.922117|0.854577|0.218954|0.134865|0.109088|0.796307|0.378494|0.414082|0.646488|0.272111|0.942894,0.869523,0.801463,0.117836,0.0993652,0.460468,0.534015,0.0732846,0.487967,0.198257,0.921169,51.6436,5.43263e-12,47756,0.887486,41.1981,1.06086e-12,38445,0.895553,0.876428,0.0878307,0.631141,0.996144,0.511517,0.22039,0.459803,0.228135,0.891603,87.9902,7.64954e-10,30733,0.967162,70.4477,9.04596e-11,52512
24,774,n1->n20->n19->n17->n68->n58->n85->n78->n76->n69->n70->n18->n16->n38->n36->n34->n35->n33->n31->n30->n29->n50->n51,5.37021e+09|4.0293e+11|2.47533e+11|1.51096e+11|1.31753e+09|8.16696e+09|2.02447e+09|3.25238e+10|4.21804e+13|8.81277e+09|6.87309e+13|7.59179e+12|1.09193e+13|1.16426e+13|7.73972e+11|4.7313e+12|5.77859e+11|3.64323e+13|4.79342e+12|1.26395e+10|3.6336e+13|2.36425e+09|7.46708e+11,8.19724e+08|1.89646e+11|2.33399e+11|1.57582e+10|3.10679e+08|6.89506e+09|2.41326e+08|2.30731e+10|1.15782e+13|7.57626e+09|9.78332e+12|4.11836e+12|1.33827e+12|1.19258e+12|7.77593e+10|1.15705e+12|4.88834e+11|6.32377e+12|4.42443e+12|1.81012e+09|1.77292e+13|4.07889e+08|5.06847e+11,0.000494453|5.21063e-05|0.000261527|0.000261059|0.000223952|0.000266735|2.04325e-05|0.000270955|1.88608e-05|0.000268039|5.13815e-05|2.98936e-05|3.71682e-05|1.04425e-05|0.000426407|0.000140889|0.000412952|1.50316e-05|0.00024651|4.789e-05|0.000125062|1.54283e-05|0.000185382,0.000316017|0.000368678|0.000768065|0.000513001|0.00843573|0.00874893|0.000338175|0.00167497|0.00214239|0.00367819|0.00295865|0.000681499|0.00174713|0.00950649|0.00396778|0.000270551|0.00138752|0.00213059|0.00308746|0.00655588|0.00231296|0.00907722|0.00344885,0.0109342|0.0108696|0.0201979|0.0430027|0.0370095|0.0248478|0.0354515|0.00569443|0.00156873|0.022957|0.0286141|0.0192976|0.0123696|0.0263713|0.00497013|0.0276207|0.00215298|0.00968695|0.0211034|0.00398508|0.0255931|0.00638914|0.0365406,0.000178506|0.0181411|0.0291803|0.00442808|0.00589983|0.0481122|0.0266209|0.0425349|0.0470058|0.0100342|0.0216638|0.0120519|0.0240438|0.00318517|0.0341912|0.0210615|0.0375959|0.0280967|0.0151027|0.0178703|0.00291922|0.0483596|0.0130093,0.973537|0.923215|0.941018|0.974312|0.984554|0.911658|0.940474|0.92832|0.989289|0.975915|0.966653|0.946711|0.979533|0.902547|0.94998|0.904866|0.952159|0.923653|0.943878|0.972158|0.962742|0.910708|0.98883,4.63983|4.79469|1.39448|5.11322|5.26958|3.70937|4.91715|3.3614|0.578949|2.99986|4.60778|4.38273|1.69436|5.09423|3.70656|4.56594|5.24666|1.04264|4.82496|5.42296|0.0327787|5.41755|4.04415,90.7492|86.2435|10.3361|23.9015|56.905|90.6886|67.1704|69.3348|66.666|74.5377|55.8812|72.2829|28.0546|61.2725|89.5651|26.2497|93.5115|95.0453|88.6669|29.3504|37.0378|82.9474,0.215706|0.182991|0.172286|0.236806|0.185169|0.194345|0.184721|0.194827|0.212271|0.172691|0.234874|0.180241|0.17367|0.204351|0.241996|0.244194|0.242679|0.234751|0.215598|0.179657|0.191256|0.24308,0.53635|0.182796|0.559133|0.2818|0.476138|0.45102|0.609732|0.93416|0.890059|0.416585|0.16843|0.553025|0.828443|0.413834|0.265381|0.307851|0.487093|0.258586|0.123891|0.887943|0.182586|0.624607,0.869523,0.801463,0.117836,0.0993652,0.460468,0.534015,0.0732846,0.487967,0.198257,0.921169,51.6436,5.43263e-12,47756,0.887486,41.1981,1.06086e-12,38445,0.895553,0.876428,0.0878307,0.631141,0.996144,0.511517,0.22039,0.459803,0.228135,0.891603,87.9902,7.64954e-10,30733,0.967162,70.4477,9.04596e-11,52512
24,775,n1->n13->n11->n9->n10->n73->n72->n45->n44->n78->n80->n82->n95->n89->n90->n100->n2->n4->n27->n28->n29->n50->n51,5.37021e+09|6.60497e+13|1.78735e+12|1.49139e+12|2.49624e+09|1.41706e+11|6.83442e+09|8.38488e+13|5.26537e+13|3.25238e+10|2.45686e+13|1.07979e+13|1.05601e+11|2.68119e+11|1.33273e+11|4.01966e+09|5.94248e+10|7.07339e+12|4.19351e+12|1.34247e+11|3.6336e+13|2.36425e+09|7.46708e+11,8.19724e+08|8.87204e+12|3.29521e+11|3.79906e+11|7.32581e+08|5.76853e+10|1.48353e+09|1.01787e+13|2.86817e+13|2.30731e+10|2.75437e+12|1.66379e+12|5.46554e+10|9.23423e+10|6.41526e+10|2.27749e+09|3.74975e+10|2.43435e+12|8.73344e+11|1.51805e+10|1.77292e+13|4.07889e+08|5.06847e+11,0.000494453|0.000787814|5.47786e-05|1.80008e-05|6.27016e-05|6.32916e-05|0.000159499|1.67225e-05|0.000124649|0.000270955|1.13052e-05|0.000837919|0.000260968|3.55201e-05|0.000319756|0.000665246|1.10648e-05|0.000113681|1.08528e-05|0.00056516|0.000125062|1.54283e-05|0.000185382,0.000316017|0.00788063|0.00652494|0.00065196|0.00113469|0.000807753|0.00384342|0.000742576|0.00158999|0.00167497|0.000238286|0.00271152|0.000186877|0.000111435|0.000672662|0.00914892|0.00120557|0.00198341|0.00262605|0.0093172|0.00231296|0.00907722|0.00344885,0.0109342|0.0476737|0.00125292|0.0140743|0.00597815|0.0455502|0.0479977|0.00846218|0.0486405|0.00569443|0.00592883|0.0278433|0.00282907|0.0107812|0.0285929|0.0100829|0.00369149|0.0350273|0.0303206|0.0317261|0.0255931|0.00638914|0.0365406,0.000178506|0.00335145|0.0136412|0.033904|0.0245713|0.028193|0.0299903|0.0342415|0.00764508|0.0425349|0.0262948|0.0266174|0.0420997|0.0401575|0.0372754|0.0460028|0.0127317|0.0273051|0.0230682|0.03841|0.00291922|0.0483596|0.0130093,0.973537|0.954869|0.988894|0.963574|0.962416|0.909539|0.96924|0.934264|0.932977|0.92832|0.919013|0.934435|0.966581|0.926416|0.984478|0.935175|0.968894|0.917619|0.985376|0.948072|0.962742|0.910708|0.98883,4.63983|5.26639|0.923897|5.88966|1.97158|3.29092|3.90463|5.31688|2.64532|3.3614|0.100836|0.132111|1.09944|0.0868458|4.02061|3.89025|4.74216|1.56082|4.5695|1.48687|0.0327787|5.41755|4.04415,79.8117|13.9548|99.0064|65.9961|29.3778|29.1617|63.1262|57.1366|88.5528|66.5291|47.0365|75.699|11.8194|12.726|32.7492|37.015|30.2686|52.1141|23.5709|18.7034|37.0378|82.9474,0.246796|0.189728|0.201409|0.193896|0.202302|0.178937|0.243732|0.235241|0.200088|0.222935|0.231931|0.21275|0.168449|0.226099|0.191207|0.17211|0.239023|0.184605|0.207151|0.249902|0.191256|0.24308,0.338018|0.801183|0.439638|0.982181|0.747283|0.920295|0.65643|0.218954|0.134865|0.109088|0.796307|0.837867|0.776387|0.757755|0.878161|0.315214|0.514427|0.200735|0.340196|0.259002|0.182586|0.624607,0.869523,0.801463,0.117836,0.0993652,0.460468,0.534015,0.0732846,0.487967,0.198257,0.921169,51.6436,5.43263e-12,47756,0.887486,41.1981,1.06086e-12,38445,0.895553,0.876428,0.0878307,0.631141,0.996144,0.511517,0.22039,0.459803,0.228135,0.891603,87.9902,7.64954e-10,30733,0.967162,70.4477,9.04596e-11,52512
24,776,n1->n20->n21->n22->n74->n35->n34->n15->n29->n27->n28->n69->n76->n86->n87->n70->n18->n17->n85->n65->n64->n49->n51,5.37021e+09|4.0293e+11|1.56161e+12|1.47e+10|5.8385e+13|5.77859e+11|4.7313e+12|8.77071e+11|3.6336e+13|4.19351e+12|1.34247e+11|8.81277e+09|4.21804e+13|3.85304e+10|7.3435e+12|6.87309e+13|7.59179e+12|1.51096e+11|2.02447e+09|1.12599e+09|4.21034e+09|2.45005e+09|7.46708e+11,8.19724e+08|1.89646e+11|3.02345e+11|9.51029e+09|7.35096e+12|4.88834e+11|1.15705e+12|1.06991e+11|1.77292e+13|8.73344e+11|1.51805e+10|7.57626e+09|1.15782e+13|4.69095e+09|2.79916e+12|9.78332e+12|4.11836e+12|1.57582e+10|2.41326e+08|3.2906e+08|1.60867e+09|2.44458e+09|5.06847e+11,0.000494453|5.21063e-05|0.00096308|1.77434e-05|0.000875739|0.000412952|0.000140889|0.000182949|0.000125062|1.08528e-05|0.00056516|0.000268039|1.88608e-05|6.21631e-05|0.000634307|5.13815e-05|2.98936e-05|0.000261059|2.04325e-05|1.96575e-05|1.88732e-05|1.07426e-05|0.000185382,0.000316017|0.000368678|0.00195589|0.0006856|0.00944671|0.00138752|0.000270551|0.00274771|0.00231296|0.00262605|0.0093172|0.00367819|0.00214239|0.00341054|0.00151267|0.00295865|0.000681499|0.000513001|0.000338175|0.000428116|0.000135861|0.000979027|0.00344885,0.0109342|0.0108696|0.00712365|0.0408661|0.0280357|0.00215298|0.0276207|0.0207315|0.0255931|0.0303206|0.0317261|0.022957|0.00156873|0.0237043|0.0186268|0.0286141|0.0192976|0.0430027|0.0354515|0.00118659|0.0266797|0.0183567|0.0365406,0.000178506|0.0181411|0.0414669|0.040072|0.0166219|0.0375959|0.0210615|0.0378122|0.00291922|0.0230682|0.03841|0.0100342|0.0470058|0.0488574|0.00979507|0.0216638|0.0120519|0.00442808|0.0266209|0.00176737|0.0436548|0.0388066|0.0130093,0.973537|0.923215|0.971602|0.95984|0.90082|0.952159|0.904866|0.910795|0.962742|0.985376|0.948072|0.975915|0.989289|0.981332|0.977244|0.966653|0.946711|0.974312|0.940474|0.967717|0.933821|0.969899|0.98883,4.63983|4.79469|3.14177|0.048646|0.0974208|5.24666|4.56594|1.89272|0.0327787|4.5695|1.48687|2.99986|0.578949|4.96971|2.33192|4.60778|4.38273|5.11322|4.91715|4.1126|5.77568|3.94615|4.04415,90.7492|76.7594|55.6995|63.8366|67.7415|26.2497|27.3162|32.2763|49.6282|23.5709|97.1045|66.666|37.5994|88.9922|39.9413|55.8812|43.2583|84.7043|82.5435|56.7563|77.768|10.4661,0.215706|0.218425|0.206062|0.241428|0.161632|0.244194|0.231681|0.240047|0.180772|0.207151|0.207556|0.212271|0.17745|0.246364|0.180359|0.234874|0.218822|0.225161|0.20461|0.186349|0.165457|0.216931,0.53635|0.515127|0.677391|0.480684|0.301798|0.307851|0.750497|0.895675|0.511755|0.340196|0.438091|0.890059|0.871942|0.83582|0.129355|0.16843|0.981182|0.880608|0.519435|0.927837|0.348083|0.516407,0.869523,0.801463,0.117836,0.0993652,0.460468,0.534015,0.0732846,0.487967,0.198257,0.921169,51.6436,5.43263e-12,47756,0.887486,41.1981,1.06086e-12,38445,0.895553,0.876428,0.0878307,0.631141,0.996144,0.511517,0.22039,0.459803,0.228135,0.891603,87.9902,7.64954e-10,30733,0.967162,70.4477,9.04596e-11,52512
24,777,n1->n20->n21->n22->n68->n19->n17->n18->n16->n38->n67->n64->n36->n34->n15->n13->n14->n12->n8->n10->n63->n61->n51,5.37021e+09|4.0293e+11|1.56161e+12|1.47e+10|1.31753e+09|2.47533e+11|1.51096e+11|7.59179e+12|1.09193e+13|1.16426e+13|4.7483e+09|4.21034e+09|7.73972e+11|4.7313e+12|8.77071e+11|6.60497e+13|3.70261e+10|9.70597e+10|4.61239e+13|2.49624e+09|6.55204e+12|6.44979e+11|7.46708e+11,8.19724e+08|1.89646e+11|3.02345e+11|9.51029e+09|3.10679e+08|2.33399e+11|1.57582e+10|4.11836e+12|1.33827e+12|1.19258e+12|7.5553e+08|1.60867e+09|7.77593e+10|1.15705e+12|1.06991e+11|8.87204e+12|1.44234e+10|2.76143e+10|1.04208e+13|7.32581e+08|2.63574e+12|1.30372e+11|5.06847e+11,0.000494453|5.21063e-05|0.00096308|1.77434e-05|0.000223952|0.000261527|0.000261059|2.98936e-05|3.71682e-05|1.04425e-05|3.91885e-05|1.88732e-05|0.000426407|0.000140889|0.000182949|0.000787814|3.25754e-05|0.000201974|6.6054e-05|6.27016e-05|0.000116235|3.71253e-05|0.000185382,0.000316017|0.000368678|0.00195589|0.0006856|0.00843573|0.000768065|0.000513001|0.000681499|0.00174713|0.00950649|0.000640186|0.000135861|0.00396778|0.000270551|0.00274771|0.00788063|0.000181646|0.0016732|0.00522046|0.00113469|0.00126856|0.00313588|0.00344885,0.0109342|0.0108696|0.00712365|0.0408661|0.0370095|0.0201979|0.0430027|0.0192976|0.0123696|0.0263713|0.029632|0.0266797|0.00497013|0.0276207|0.0207315|0.0476737|0.0426128|0.0313381|0.0318744|0.00597815|0.0100727|0.0266048|0.0365406,0.000178506|0.0181411|0.0414669|0.040072|0.00589983|0.0291803|0.00442808|0.0120519|0.0240438|0.00318517|0.0482082|0.0436548|0.0341912|0.0210615|0.0378122|0.00335145|0.049061|0.0470205|0.0483133|0.0245713|0.0107197|0.0179693|0.0130093,0.973537|0.923215|0.971602|0.95984|0.984554|0.941018|0.974312|0.946711|0.979533|0.902547|0.924883|0.933821|0.94998|0.904866|0.910795|0.954869|0.906626|0.937315|0.975256|0.962416|0.903245|0.958619|0.98883,4.63983|4.79469|3.14177|0.048646|5.26958|1.39448|5.11322|4.38273|1.69436|5.09423|2.06342|5.77568|3.70656|4.56594|1.89272|5.26639|0.762282|3.07758|3.22282|1.97158|4.68449|2.63855|4.04415,90.7492|76.7594|55.6995|15.3326|67.5745|10.3361|43.2583|72.2829|28.0546|59.2872|95.5844|43.8659|89.5651|27.3162|66.6304|92.5451|51.9585|81.3396|99.595|65.1286|47.0482|66.5616,0.215706|0.218425|0.206062|0.236297|0.2055|0.172286|0.218822|0.180241|0.17367|0.200548|0.248978|0.241695|0.241996|0.231681|0.179788|0.191459|0.222459|0.186476|0.184434|0.203746|0.167884|0.171721,0.53635|0.515127|0.677391|0.655447|0.968257|0.559133|0.981182|0.553025|0.828443|0.127053|0.480161|0.590576|0.265381|0.750497|0.275394|0.161307|0.326911|0.379326|0.703378|0.514129|0.410418|0.235817,0.869523,0.801463,0.117836,0.0993652,0.460468,0.534015,0.0732846,0.487967,0.198257,0.921169,51.6436,5.43263e-12,47756,0.887486,41.1981,1.06086e-12,38445,0.895553,0.876428,0.0878307,0.631141,0.996144,0.511517,0.22039,0.459803,0.228135,0.891603,87.9902,7.64954e-10,30733,0.967162,70.4477,9.04596e-11,52512
24,778,n1->n20->n96->n97->n27->n4->n2->n7->n8->n12->n6->n33->n31->n35->n74->n75->n71->n73->n100->n90->n59->n50->n51,5.37021e+09|4.0293e+11|2.51165e+12|2.90604e+09|4.19351e+12|7.07339e+12|5.94248e+10|3.81012e+11|4.61239e+13|9.70597e+10|1.14208e+09|3.64323e+13|4.79342e+12|5.77859e+11|5.8385e+13|8.71921e+10|7.70008e+11|1.41706e+11|4.01966e+09|1.33273e+11|3.04563e+11|2.36425e+09|7.46708e+11,8.19724e+08|1.89646e+11|5.36324e+11|5.04144e+08|8.73344e+11|2.43435e+12|3.74975e+10|6.70334e+10|1.04208e+13|2.76143e+10|2.20459e+08|6.32377e+12|4.42443e+12|4.88834e+11|7.35096e+12|5.29113e+10|1.60546e+11|5.76853e+10|2.27749e+09|6.41526e+10|3.06423e+10|4.07889e+08|5.06847e+11,0.000494453|5.21063e-05|1.2987e-05|8.81202e-05|1.08528e-05|0.000113681|1.10648e-05|0.000475679|6.6054e-05|0.000201974|1.08483e-05|1.50316e-05|0.00024651|0.000412952|0.000875739|0.000766915|0.00017279|6.32916e-05|0.000665246|0.000319756|2.43107e-05|1.54283e-05|0.000185382,0.000316017|0.000368678|0.000286765|0.00494291|0.00262605|0.00198341|0.00120557|0.00104538|0.00522046|0.0016732|0.00010157|0.00213059|0.00308746|0.00138752|0.00944671|0.000203965|0.00123164|0.000807753|0.00914892|0.000672662|0.000202742|0.00907722|0.00344885,0.0109342|0.0108696|0.0377902|0.0381696|0.0303206|0.0350273|0.00369149|0.01754|0.0318744|0.0313381|0.00160082|0.00968695|0.0211034|0.00215298|0.0280357|0.0243876|0.0398828|0.0455502|0.0100829|0.0285929|0.00304046|0.00638914|0.0365406,0.000178506|0.0181411|0.0195364|0.00800322|0.0230682|0.0273051|0.0127317|0.0283975|0.0483133|0.0470205|0.0260762|0.0280967|0.0151027|0.0375959|0.0166219|0.0250863|0.0326729|0.028193|0.0460028|0.0372754|0.0474075|0.0483596|0.0130093,0.973537|0.923215|0.951762|0.90679|0.985376|0.917619|0.968894|0.963898|0.975256|0.937315|0.908628|0.923653|0.943878|0.952159|0.90082|0.936129|0.947193|0.909539|0.935175|0.984478|0.99171|0.910708|0.98883,4.63983|4.79469|0.85792|1.41691|4.5695|1.56082|4.74216|3.51107|3.22282|3.07758|5.01633|1.04264|4.82496|5.24666|0.0974208|3.39264|0.117525|3.29092|3.89025|4.02061|5.60303|5.41755|4.04415,90.7492|58.7029|37.9513|31.5608|52.1141|30.2686|88.6198|55.4093|81.3396|32.9383|50.0569|95.0453|91.3525|67.7415|64.3401|14.5634|28.2621|20.1165|32.7492|62.2588|47.7013|82.9474,0.215706|0.201188|0.246589|0.219936|0.184605|0.239023|0.228013|0.230451|0.186476|0.230728|0.19306|0.234751|0.243038|0.161632|0.220369|0.169453|0.242769|0.175955|0.191207|0.169222|0.170229|0.24308,0.53635|0.666395|0.157157|0.557853|0.200735|0.514427|0.84397|0.745697|0.379326|0.628307|0.116472|0.258586|0.658826|0.301798|0.119032|0.275247|0.940077|0.825877|0.878161|0.361153|0.776444|0.624607,0.869523,0.801463,0.117836,0.0993652,0.460468,0.534015,0.0732846,0.487967,0.198257,0.921169,51.6436,5.43263e-12,47756,0.887486,41.1981,1.06086e-12,38445,0.895553,0.876428,0.0878307,0.631141,0.996144,0.511517,0.22039,0.459803,0.228135,0.891603,87.9902,7.64954e-10,30733,0.967162,70.4477,9.04596e-11,52512
24,779,n1->n20->n96->n94->n92->n91->n93->n77->n23->n24->n26->n25->n27->n4->n75->n74->n57->n55->n54->n82->n63->n61->n51,5.37021e+09|4.0293e+11|2.51165e+12|1.36531e+10|1.97334e+09|2.84652e+12|4.22601e+13|5.68112e+11|4.63033e+10|1.59557e+13|7.09351e+09|1.67189e+13|4.19351e+12|7.07339e+12|8.71921e+10|5.8385e+13|4.14288e+09|8.84081e+12|2.80961e+11|1.07979e+13|6.55204e+12|6.44979e+11|7.46708e+11,8.19724e+08|1.89646e+11|5.36324e+11|1.67171e+09|1.46451e+09|3.57264e+11|1.3774e+13|3.56307e+11|3.30225e+10|4.06569e+12|1.31666e+09|1.40059e+13|8.73344e+11|2.43435e+12|5.29113e+10|7.35096e+12|2.05006e+09|4.69454e+12|2.23178e+11|1.66379e+12|2.63574e+12|1.30372e+11|5.06847e+11,0.000494453|5.21063e-05|1.2987e-05|2.95455e-05|2.75832e-05|6.93267e-05|8.45967e-05|8.49487e-05|0.000277161|0.000193265|3.77967e-05|6.30741e-05|1.08528e-05|0.000113681|0.000766915|0.000875739|0.000173612|4.06274e-05|1.47667e-05|0.000837919|0.000116235|3.71253e-05|0.000185382,0.000316017|0.000368678|0.000286765|0.000125263|0.0052688|0.00599677|0.000162335|0.000906866|0.00418014|0.0012727|0.00522178|0.00294926|0.00262605|0.00198341|0.000203965|0.00944671|0.00271581|0.000128431|0.00549128|0.00271152|0.00126856|0.00313588|0.00344885,0.0109342|0.0108696|0.0377902|0.00830448|0.0444618|0.008036|0.0108045|0.04851|0.00314906|0.0433038|0.0101688|0.0195393|0.0303206|0.0350273|0.0243876|0.0280357|0.0328142|0.00843704|0.0334079|0.0278433|0.0100727|0.0266048|0.0365406,0.000178506|0.0181411|0.0195364|0.0293842|0.0387741|0.015498|0.0326183|0.0115254|0.0470385|0.00780618|0.0409649|0.0159438|0.0230682|0.0273051|0.0250863|0.0166219|0.0437642|0.0314938|0.00844474|0.0266174|0.0107197|0.0179693|0.0130093,0.973537|0.923215|0.951762|0.927471|0.987763|0.964407|0.912097|0.949999|0.92176|0.90929|0.981638|0.9023|0.985376|0.917619|0.936129|0.90082|0.983348|0.908585|0.927525|0.934435|0.903245|0.958619|0.98883,4.63983|4.79469|0.85792|5.03384|6.03913|5.6679|5.92115|0.722366|2.08786|3.9732|2.91399|1.57149|4.5695|1.56082|3.39264|0.0974208|1.93323|3.37071|1.22009|0.132111|4.68449|2.63855|4.04415,90.7492|58.7029|71.0086|13.5087|32.3713|26.8753|51.9256|39.0733|44.8869|83.4704|63.0993|64.4551|52.1141|81.7362|64.3401|95.6836|61.5999|27.8669|41.1455|48.6997|47.0482|66.5616,0.215706|0.201188|0.230021|0.230182|0.161013|0.203549|0.247077|0.178948|0.161116|0.216464|0.228799|0.242248|0.184605|0.218556|0.220369|0.169856|0.220389|0.169326|0.242874|0.175742|0.167884|0.171721,0.53635|0.666395|0.131268|0.731663|0.940947|0.21516|0.469529|0.23533|0.528582|0.583168|0.359402|0.837222|0.200735|0.847503|0.119032|0.815246|0.549818|0.414082|0.378494|0.4301|0.410418|0.235817,0.869523,0.801463,0.117836,0.0993652,0.460468,0.534015,0.0732846,0.487967,0.198257,0.921169,51.6436,5.43263e-12,47756,0.887486,41.1981,1.06086e-12,38445,0.895553,0.876428,0.0878307,0.631141,0.996144,0.511517,0.22039,0.459803,0.228135,0.891603,87.9902,7.64954e-10,30733,0.967162,70.4477,9.04596e-11,52512
24,780,n1->n13->n15->n29->n31->n35->n33->n6->n12->n14->n96->n94->n92->n91->n93->n77->n72->n73->n100->n90->n59->n50->n51,5.37021e+09|6.60497e+13|8.77071e+11|3.6336e+13|4.79342e+12|5.77859e+11|3.64323e+13|1.14208e+09|9.70597e+10|3.70261e+10|2.51165e+12|1.36531e+10|1.97334e+09|2.84652e+12|4.22601e+13|5.68112e+11|6.83442e+09|1.41706e+11|4.01966e+09|1.33273e+11|3.04563e+11|2.36425e+09|7.46708e+11,8.19724e+08|8.87204e+12|1.06991e+11|1.77292e+13|4.42443e+12|4.88834e+11|6.32377e+12|2.20459e+08|2.76143e+10|1.44234e+10|5.36324e+11|1.67171e+09|1.46451e+09|3.57264e+11|1.3774e+13|3.56307e+11|1.48353e+09|5.76853e+10|2.27749e+09|6.41526e+10|3.06423e+10|4.07889e+08|5.06847e+11,0.000494453|0.000787814|0.000182949|0.000125062|0.00024651|0.000412952|1.50316e-05|1.08483e-05|0.000201974|3.25754e-05|1.2987e-05|2.95455e-05|2.75832e-05|6.93267e-05|8.45967e-05|8.49487e-05|0.000159499|6.32916e-05|0.000665246|0.000319756|2.43107e-05|1.54283e-05|0.000185382,0.000316017|0.00788063|0.00274771|0.00231296|0.00308746|0.00138752|0.00213059|0.00010157|0.0016732|0.000181646|0.000286765|0.000125263|0.0052688|0.00599677|0.000162335|0.000906866|0.00384342|0.000807753|0.00914892|0.000672662|0.000202742|0.00907722|0.00344885,0.0109342|0.0476737|0.0207315|0.0255931|0.0211034|0.00215298|0.00968695|0.00160082|0.0313381|0.0426128|0.0377902|0.00830448|0.0444618|0.008036|0.0108045|0.04851|0.0479977|0.0455502|0.0100829|0.0285929|0.00304046|0.00638914|0.0365406,0.000178506|0.00335145|0.0378122|0.00291922|0.0151027|0.0375959|0.0280967|0.0260762|0.0470205|0.049061|0.0195364|0.0293842|0.0387741|0.015498|0.0326183|0.0115254|0.0299903|0.028193|0.0460028|0.0372754|0.0474075|0.0483596|0.0130093,0.973537|0.954869|0.910795|0.962742|0.943878|0.952159|0.923653|0.908628|0.937315|0.906626|0.951762|0.927471|0.987763|0.964407|0.912097|0.949999|0.96924|0.909539|0.935175|0.984478|0.99171|0.910708|0.98883,4.63983|5.26639|1.89272|0.0327787|4.82496|5.24666|1.04264|5.01633|3.07758|0.762282|0.85792|5.03384|6.03913|5.6679|5.92115|0.722366|3.90463|3.29092|3.89025|4.02061|5.60303|5.41755|4.04415,79.8117|66.6304|32.2763|70.4589|91.3525|93.5115|50.0569|32.9383|51.9585|54.7186|71.0086|13.5087|32.3713|26.8753|51.9256|92.3918|29.1617|20.1165|32.7492|62.2588|47.7013|82.9474,0.246796|0.179788|0.240047|0.246199|0.243038|0.242679|0.19306|0.230728|0.222459|0.208433|0.230021|0.230182|0.161013|0.203549|0.247077|0.167022|0.178937|0.175955|0.191207|0.169222|0.170229|0.24308,0.338018|0.275394|0.895675|0.415176|0.658826|0.487093|0.116472|0.628307|0.326911|0.448351|0.131268|0.731663|0.940947|0.21516|0.469529|0.776051|0.920295|0.825877|0.878161|0.361153|0.776444|0.624607,0.869523,0.801463,0.117836,0.0993652,0.460468,0.534015,0.0732846,0.487967,0.198257,0.921169,51.6436,5.43263e-12,47756,0.887486,41.1981,1.06086e-12,38445,0.895553,0.876428,0.0878307,0.631141,0.996144,0.511517,0.22039,0.459803,0.228135,0.891603,87.9902,7.64954e-10,30733,0.967162,70.4477,9.04596e-11,52512
24,781,n1->n13->n11->n29->n27->n28->n69->n3->n5->n7->n8->n12->n14->n75->n4->n2->n100->n90->n56->n55->n53->n52->n51,5.37021e+09|6.60497e+13|1.78735e+12|3.6336e+13|4.19351e+12|1.34247e+11|8.81277e+09|2.78751e+13|2.91995e+11|3.81012e+11|4.61239e+13|9.70597e+10|3.70261e+10|8.71921e+10|7.07339e+12|5.94248e+10|4.01966e+09|1.33273e+11|1.1605e+12|8.84081e+12|4.60474e+10|1.02428e+10|7.46708e+11,8.19724e+08|8.87204e+12|3.29521e+11|1.77292e+13|8.73344e+11|1.51805e+10|7.57626e+09|1.44762e+13|4.67133e+10|6.70334e+10|1.04208e+13|2.76143e+10|1.44234e+10|5.29113e+10|2.43435e+12|3.74975e+10|2.27749e+09|6.41526e+10|5.65456e+11|4.69454e+12|3.18273e+10|2.07235e+09|5.06847e+11,0.000494453|0.000787814|5.47786e-05|0.000125062|1.08528e-05|0.00056516|0.000268039|0.00022361|7.03031e-05|0.000475679|6.6054e-05|0.000201974|3.25754e-05|0.000766915|0.000113681|1.10648e-05|0.000665246|0.000319756|1.7812e-05|4.06274e-05|2.00633e-05|0.00011644|0.000185382,0.000316017|0.00788063|0.00652494|0.00231296|0.00262605|0.0093172|0.00367819|0.00776667|0.000196916|0.00104538|0.00522046|0.0016732|0.000181646|0.000203965|0.00198341|0.00120557|0.00914892|0.000672662|0.000830638|0.000128431|0.000509085|0.00580301|0.00344885,0.0109342|0.0476737|0.00125292|0.0255931|0.0303206|0.0317261|0.022957|0.0268705|0.00731162|0.01754|0.0318744|0.0313381|0.0426128|0.0243876|0.0350273|0.00369149|0.0100829|0.0285929|0.0231698|0.00843704|5.21659e-05|0.0398377|0.0365406,0.000178506|0.00335145|0.0136412|0.00291922|0.0230682|0.03841|0.0100342|0.0326941|0.0421608|0.0283975|0.0483133|0.0470205|0.049061|0.0250863|0.0273051|0.0127317|0.0460028|0.0372754|0.0417641|0.0314938|0.00115664|0.0151024|0.0130093,0.973537|0.954869|0.988894|0.962742|0.985376|0.948072|0.975915|0.982466|0.951514|0.963898|0.975256|0.937315|0.906626|0.936129|0.917619|0.968894|0.935175|0.984478|0.944528|0.908585|0.913872|0.965406|0.98883,4.63983|5.26639|0.923897|0.0327787|4.5695|1.48687|2.99986|4.79844|4.90362|3.51107|3.22282|3.07758|0.762282|3.39264|1.56082|4.74216|3.89025|4.02061|2.55597|3.37071|0.640024|0.0104102|4.04415,79.8117|13.9548|13.2112|49.6282|23.5709|97.1045|83.9106|10.4739|37.2729|55.4093|81.3396|51.9585|56.2706|81.7362|30.2686|37.015|32.7492|40.6061|95.3312|30.3781|81.3721|83.3731,0.246796|0.189728|0.219003|0.180772|0.207151|0.207556|0.204476|0.163561|0.176784|0.230451|0.186476|0.222459|0.226178|0.218556|0.239023|0.17211|0.191207|0.166746|0.167906|0.207992|0.184589|0.197114,0.338018|0.801183|0.427028|0.511755|0.340196|0.438091|0.65353|0.469027|0.943162|0.745697|0.379326|0.326911|0.725021|0.847503|0.514427|0.315214|0.878161|0.163177|0.402595|0.646488|0.272111|0.942894,0.869523,0.801463,0.117836,0.0993652,0.460468,0.534015,0.0732846,0.487967,0.198257,0.921169,51.6436,5.43263e-12,47756,0.887486,41.1981,1.06086e-12,38445,0.895553,0.876428,0.0878307,0.631141,0.996144,0.511517,0.22039,0.459803,0.228135,0.891603,87.9902,7.64954e-10,30733,0.967162,70.4477,9.04596e-11,52512
24,782,n1->n99->n98->n57->n55->n53->n54->n56->n90->n100->n2->n7->n9->n11->n13->n15->n29->n27->n25->n26->n47->n49->n51,5.37021e+09|1.57108e+10|1.8266e+13|4.14288e+09|8.84081e+12|4.60474e+10|2.80961e+11|1.1605e+12|1.33273e+11|4.01966e+09|5.94248e+10|3.81012e+11|1.49139e+12|1.78735e+12|6.60497e+13|8.77071e+11|3.6336e+13|4.19351e+12|1.67189e+13|7.09351e+09|4.74236e+11|2.45005e+09|7.46708e+11,8.19724e+08|4.21389e+09|5.99087e+12|2.05006e+09|4.69454e+12|3.18273e+10|2.23178e+11|5.65456e+11|6.41526e+10|2.27749e+09|3.74975e+10|6.70334e+10|3.79906e+11|3.29521e+11|8.87204e+12|1.06991e+11|1.77292e+13|8.73344e+11|1.40059e+13|1.31666e+09|1.54765e+11|2.44458e+09|5.06847e+11,0.000494453|0.00089026|0.000410965|0.000173612|4.06274e-05|2.00633e-05|1.47667e-05|1.7812e-05|0.000319756|0.000665246|1.10648e-05|0.000475679|1.80008e-05|5.47786e-05|0.000787814|0.000182949|0.000125062|1.08528e-05|6.30741e-05|3.77967e-05|0.000202873|1.07426e-05|0.000185382,0.000316017|0.000350126|0.000548485|0.00271581|0.000128431|0.000509085|0.00549128|0.000830638|0.000672662|0.00914892|0.00120557|0.00104538|0.00065196|0.00652494|0.00788063|0.00274771|0.00231296|0.00262605|0.00294926|0.00522178|0.000266598|0.000979027|0.00344885,0.0109342|0.0362414|0.0295222|0.0328142|0.00843704|5.21659e-05|0.0334079|0.0231698|0.0285929|0.0100829|0.00369149|0.01754|0.0140743|0.00125292|0.0476737|0.0207315|0.0255931|0.0303206|0.0195393|0.0101688|0.00898217|0.0183567|0.0365406,0.000178506|0.0472365|0.0297366|0.0437642|0.0314938|0.00115664|0.00844474|0.0417641|0.0372754|0.0460028|0.0127317|0.0283975|0.033904|0.0136412|0.00335145|0.0378122|0.00291922|0.0230682|0.0159438|0.0409649|0.0488958|0.0388066|0.0130093,0.973537|0.953794|0.959539|0.983348|0.908585|0.913872|0.927525|0.944528|0.984478|0.935175|0.968894|0.963898|0.963574|0.988894|0.954869|0.910795|0.962742|0.985376|0.9023|0.981638|0.9108|0.969899|0.98883,4.63983|3.07459|2.95405|1.93323|3.37071|0.640024|1.22009|2.55597|4.02061|3.89025|4.74216|3.51107|5.88966|0.923897|5.26639|1.89272|0.0327787|4.5695|1.57149|2.91399|6.27947|3.94615|4.04415,66.2586|58.4557|98.2355|61.5999|30.3781|75.3264|42.6814|40.6061|32.7492|37.015|88.6198|59.8148|99.0064|13.9548|66.6304|32.2763|49.6282|64.4551|63.0993|70.8805|91.8261|10.4661,0.180129|0.227784|0.190047|0.220389|0.207992|0.191357|0.167734|0.166746|0.191207|0.17211|0.228013|0.18359|0.201409|0.189728|0.179788|0.240047|0.180772|0.242248|0.228799|0.189485|0.228404|0.216931,0.323551|0.686264|0.757428|0.549818|0.646488|0.567841|0.927159|0.163177|0.878161|0.315214|0.84397|0.339058|0.439638|0.801183|0.275394|0.895675|0.511755|0.837222|0.359402|0.757042|0.133861|0.516407,0.869523,0.801463,0.117836,0.0993652,0.460468,0.534015,0.0732846,0.487967,0.198257,0.921169,51.6436,5.43263e-12,47756,0.887486,41.1981,1.06086e-12,38445,0.895553,0.876428,0.0878307,0.631141,0.996144,0.511517,0.22039,0.459803,0.228135,0.891603,87.9902,7.64954e-10,30733,0.967162,70.4477,9.04596e-11,52512
24,783,n1->n99->n97->n27->n25->n26->n47->n46->n48->n89->n88->n90->n59->n60->n62->n61->n63->n15->n34->n36->n64->n49->n51,5.37021e+09|1.57108e+10|2.90604e+09|4.19351e+12|1.67189e+13|7.09351e+09|4.74236e+11|5.53417e+12|3.98001e+12|2.68119e+11|9.00567e+12|1.33273e+11|3.04563e+11|8.79841e+13|2.37342e+11|6.44979e+11|6.55204e+12|8.77071e+11|4.7313e+12|7.73972e+11|4.21034e+09|2.45005e+09|7.46708e+11,8.19724e+08|4.21389e+09|5.04144e+08|8.73344e+11|1.40059e+13|1.31666e+09|1.54765e+11|1.63629e+12|1.69514e+12|9.23423e+10|8.66002e+12|6.41526e+10|3.06423e+10|5.95756e+13|1.13053e+11|1.30372e+11|2.63574e+12|1.06991e+11|1.15705e+12|7.77593e+10|1.60867e+09|2.44458e+09|5.06847e+11,0.000494453|0.00089026|8.81202e-05|1.08528e-05|6.30741e-05|3.77967e-05|0.000202873|0.000489732|4.78153e-05|3.55201e-05|6.2721e-05|0.000319756|2.43107e-05|0.000731749|8.24006e-05|3.71253e-05|0.000116235|0.000182949|0.000140889|0.000426407|1.88732e-05|1.07426e-05|0.000185382,0.000316017|0.000350126|0.00494291|0.00262605|0.00294926|0.00522178|0.000266598|0.000159088|0.00544009|0.000111435|0.000480267|0.000672662|0.000202742|0.000248463|0.00794111|0.00313588|0.00126856|0.00274771|0.000270551|0.00396778|0.000135861|0.000979027|0.00344885,0.0109342|0.0362414|0.0381696|0.0303206|0.0195393|0.0101688|0.00898217|0.029055|0.0455031|0.0107812|0.00850464|0.0285929|0.00304046|0.0128442|0.0242596|0.0266048|0.0100727|0.0207315|0.0276207|0.00497013|0.0266797|0.0183567|0.0365406,0.000178506|0.0472365|0.00800322|0.0230682|0.0159438|0.0409649|0.0488958|0.0302566|0.0360942|0.0401575|0.0237676|0.0372754|0.0474075|0.0431033|0.0480911|0.0179693|0.0107197|0.0378122|0.0210615|0.0341912|0.0436548|0.0388066|0.0130093,0.973537|0.953794|0.90679|0.985376|0.9023|0.981638|0.9108|0.923372|0.967439|0.926416|0.962132|0.984478|0.99171|0.945549|0.98053|0.958619|0.903245|0.910795|0.904866|0.94998|0.933821|0.969899|0.98883,4.63983|3.07459|1.41691|4.5695|1.57149|2.91399|6.27947|0.31178|3.09858|0.0868458|1.9653|4.02061|5.60303|4.50487|5.59786|2.63855|4.68449|1.89272|4.56594|3.70656|5.77568|3.94615|4.04415,66.2586|94.4507|31.5608|64.4551|63.0993|70.8805|71.5316|41.9872|94.0077|92.4072|14.1987|62.2588|76.8491|48.3985|89.0369|47.0482|11.0615|27.3162|89.5651|43.8659|77.768|10.4661,0.180129|0.168303|0.219936|0.242248|0.228799|0.189485|0.196056|0.178665|0.234363|0.203687|0.244274|0.169222|0.204072|0.17162|0.198053|0.167884|0.214255|0.231681|0.241996|0.241695|0.165457|0.216931,0.323551|0.263233|0.557853|0.837222|0.359402|0.757042|0.758317|0.182289|0.948873|0.876618|0.997795|0.361153|0.509755|0.641887|0.704733|0.410418|0.692153|0.750497|0.265381|0.590576|0.348083|0.516407,0.869523,0.801463,0.117836,0.0993652,0.460468,0.534015,0.0732846,0.487967,0.198257,0.921169,51.6436,5.43263e-12,47756,0.887486,41.1981,1.06086e-12,38445,0.895553,0.876428,0.0878307,0.631141,0.996144,0.511517,0.22039,0.459803,0.228135,0.891603,87.9902,7.64954e-10,30733,0.967162,70.4477,9.04596e-11,52512
24,784,n1->n99->n98->n57->n55->n53->n54->n56->n90->n59->n58->n68->n17->n85->n84->n83->n23->n21->n67->n64->n65->n52->n51,5.37021e+09|1.57108e+10|1.8266e+13|4.14288e+09|8.84081e+12|4.60474e+10|2.80961e+11|1.1605e+12|1.33273e+11|3.04563e+11|8.16696e+09|1.31753e+09|1.51096e+11|2.02447e+09|1.07392e+09|3.76373e+13|4.63033e+10|1.56161e+12|4.7483e+09|4.21034e+09|1.12599e+09|1.02428e+10|7.46708e+11,8.19724e+08|4.21389e+09|5.99087e+12|2.05006e+09|4.69454e+12|3.18273e+10|2.23178e+11|5.65456e+11|6.41526e+10|3.06423e+10|6.89506e+09|3.10679e+08|1.57582e+10|2.41326e+08|9.00899e+08|2.34723e+13|3.30225e+10|3.02345e+11|7.5553e+08|1.60867e+09|3.2906e+08|2.07235e+09|5.06847e+11,0.000494453|0.00089026|0.000410965|0.000173612|4.06274e-05|2.00633e-05|1.47667e-05|1.7812e-05|0.000319756|2.43107e-05|0.000266735|0.000223952|0.000261059|2.04325e-05|2.14473e-05|1.86087e-05|0.000277161|0.00096308|3.91885e-05|1.88732e-05|1.96575e-05|0.00011644|0.000185382,0.000316017|0.000350126|0.000548485|0.00271581|0.000128431|0.000509085|0.00549128|0.000830638|0.000672662|0.000202742|0.00874893|0.00843573|0.000513001|0.000338175|0.000434313|0.000175452|0.00418014|0.00195589|0.000640186|0.000135861|0.000428116|0.00580301|0.00344885,0.0109342|0.0362414|0.0295222|0.0328142|0.00843704|5.21659e-05|0.0334079|0.0231698|0.0285929|0.00304046|0.0248478|0.0370095|0.0430027|0.0354515|0.0473575|0.015405|0.00314906|0.00712365|0.029632|0.0266797|0.00118659|0.0398377|0.0365406,0.000178506|0.0472365|0.0297366|0.0437642|0.0314938|0.00115664|0.00844474|0.0417641|0.0372754|0.0474075|0.0481122|0.00589983|0.00442808|0.0266209|0.0366447|0.038157|0.0470385|0.0414669|0.0482082|0.0436548|0.00176737|0.0151024|0.0130093,0.973537|0.953794|0.959539|0.983348|0.908585|0.913872|0.927525|0.944528|0.984478|0.99171|0.911658|0.984554|0.974312|0.940474|0.948551|0.947801|0.92176|0.971602|0.924883|0.933821|0.967717|0.965406|0.98883,4.63983|3.07459|2.95405|1.93323|3.37071|0.640024|1.22009|2.55597|4.02061|5.60303|3.70937|5.26958|5.11322|4.91715|5.42186|4.11052|2.08786|3.14177|2.06342|5.77568|4.1126|0.0104102|4.04415,66.2586|58.4557|98.2355|61.5999|30.3781|75.3264|42.6814|40.6061|62.2588|56.397|56.905|23.9015|84.7043|82.1833|20.1884|23.518|88.4205|42.5138|95.5844|56.7563|56.1703|83.3731,0.180129|0.227784|0.190047|0.220389|0.207992|0.191357|0.167734|0.166746|0.169222|0.21902|0.185169|0.236806|0.225161|0.216313|0.246081|0.181099|0.232237|0.197352|0.248978|0.186349|0.247907|0.197114,0.323551|0.686264|0.757428|0.549818|0.646488|0.567841|0.927159|0.163177|0.361153|0.533324|0.476138|0.2818|0.880608|0.528406|0.599197|0.741177|0.516177|0.602799|0.480161|0.927837|0.827328|0.942894,0.869523,0.801463,0.117836,0.0993652,0.460468,0.534015,0.0732846,0.487967,0.198257,0.921169,51.6436,5.43263e-12,47756,0.887486,41.1981,1.06086e-12,38445,0.895553,0.876428,0.0878307,0.631141,0.996144,0.511517,0.22039,0.459803,0.228135,0.891603,87.9902,7.64954e-10,30733,0.967162,70.4477,9.04596e-11,52512
24,785,n1->n99->n77->n93->n95->n89->n20->n18->n16->n38->n36->n64->n65->n85->n84->n83->n81->n37->n39->n10->n63->n61->n51,5.37021e+09|1.57108e+10|5.68112e+11|4.22601e+13|1.05601e+11|2.68119e+11|4.0293e+11|7.59179e+12|1.09193e+13|1.16426e+13|7.73972e+11|4.21034e+09|1.12599e+09|2.02447e+09|1.07392e+09|3.76373e+13|2.58887e+10|2.79748e+13|3.34792e+13|2.49624e+09|6.55204e+12|6.44979e+11|7.46708e+11,8.19724e+08|4.21389e+09|3.56307e+11|1.3774e+13|5.46554e+10|9.23423e+10|1.89646e+11|4.11836e+12|1.33827e+12|1.19258e+12|7.77593e+10|1.60867e+09|3.2906e+08|2.41326e+08|9.00899e+08|2.34723e+13|8.36206e+09|4.96975e+12|1.12013e+13|7.32581e+08|2.63574e+12|1.30372e+11|5.06847e+11,0.000494453|0.00089026|8.49487e-05|8.45967e-05|0.000260968|3.55201e-05|5.21063e-05|2.98936e-05|3.71682e-05|1.04425e-05|0.000426407|1.88732e-05|1.96575e-05|2.04325e-05|2.14473e-05|1.86087e-05|0.000268232|1.06248e-05|5.53896e-05|6.27016e-05|0.000116235|3.71253e-05|0.000185382,0.000316017|0.000350126|0.000906866|0.000162335|0.000186877|0.000111435|0.000368678|0.000681499|0.00174713|0.00950649|0.00396778|0.000135861|0.000428116|0.000338175|0.000434313|0.000175452|0.000752991|0.000261291|0.0025393|0.00113469|0.00126856|0.00313588|0.00344885,0.0109342|0.0362414|0.04851|0.0108045|0.00282907|0.0107812|0.0108696|0.0192976|0.0123696|0.0263713|0.00497013|0.0266797|0.00118659|0.0354515|0.0473575|0.015405|0.0481357|0.0457563|0.00111942|0.00597815|0.0100727|0.0266048|0.0365406,0.000178506|0.0472365|0.0115254|0.0326183|0.0420997|0.0401575|0.0181411|0.0120519|0.0240438|0.00318517|0.0341912|0.0436548|0.00176737|0.0266209|0.0366447|0.038157|0.00997263|0.0105712|0.0449458|0.0245713|0.0107197|0.0179693|0.0130093,0.973537|0.953794|0.949999|0.912097|0.966581|0.926416|0.923215|0.946711|0.979533|0.902547|0.94998|0.933821|0.967717|0.940474|0.948551|0.947801|0.948836|0.964079|0.924329|0.962416|0.903245|0.958619|0.98883,4.63983|3.07459|0.722366|5.92115|1.09944|0.0868458|4.79469|4.38273|1.69436|5.09423|3.70656|5.77568|4.1126|4.91715|5.42186|4.11052|1.5908|4.96174|1.19952|1.97158|4.68449|2.63855|4.04415,66.2586|96.5216|51.9256|24.941|11.8194|18.2346|89.2299|72.2829|28.0546|61.2725|43.8659|56.7563|82.5435|82.1833|20.1884|78.7627|88.8597|31.554|24.4191|65.1286|47.0482|66.5616,0.180129|0.241387|0.247077|0.237661|0.168449|0.231355|0.247215|0.180241|0.17367|0.204351|0.241695|0.186349|0.20461|0.216313|0.246081|0.170031|0.211898|0.195005|0.239532|0.203746|0.167884|0.171721,0.323551|0.664018|0.469529|0.985064|0.776387|0.595303|0.652252|0.553025|0.828443|0.413834|0.590576|0.927837|0.519435|0.528406|0.599197|0.530775|0.430076|0.711047|0.991722|0.514129|0.410418|0.235817,0.869523,0.801463,0.117836,0.0993652,0.460468,0.534015,0.0732846,0.487967,0.198257,0.921169,51.6436,5.43263e-12,47756,0.887486,41.1981,1.06086e-12,38445,0.895553,0.876428,0.0878307,0.631141,0.996144,0.511517,0.22039,0.459803,0.228135,0.891603,87.9902,7.64954e-10,30733,0.967162,70.4477,9.04596e-11,52512
24,786,n1->n99->n97->n96->n20->n89->n48->n46->n47->n45->n44->n42->n63->n15->n13->n14->n12->n8->n7->n5->n65->n52->n51,5.37021e+09|1.57108e+10|2.90604e+09|2.51165e+12|4.0293e+11|2.68119e+11|3.98001e+12|5.53417e+12|4.74236e+11|8.38488e+13|5.26537e+13|2.42905e+09|6.55204e+12|8.77071e+11|6.60497e+13|3.70261e+10|9.70597e+10|4.61239e+13|3.81012e+11|2.91995e+11|1.12599e+09|1.02428e+10|7.46708e+11,8.19724e+08|4.21389e+09|5.04144e+08|5.36324e+11|1.89646e+11|9.23423e+10|1.69514e+12|1.63629e+12|1.54765e+11|1.01787e+13|2.86817e+13|2.47264e+08|2.63574e+12|1.06991e+11|8.87204e+12|1.44234e+10|2.76143e+10|1.04208e+13|6.70334e+10|4.67133e+10|3.2906e+08|2.07235e+09|5.06847e+11,0.000494453|0.00089026|8.81202e-05|1.2987e-05|5.21063e-05|3.55201e-05|4.78153e-05|0.000489732|0.000202873|1.67225e-05|0.000124649|8.79758e-05|0.000116235|0.000182949|0.000787814|3.25754e-05|0.000201974|6.6054e-05|0.000475679|7.03031e-05|1.96575e-05|0.00011644|0.000185382,0.000316017|0.000350126|0.00494291|0.000286765|0.000368678|0.000111435|0.00544009|0.000159088|0.000266598|0.000742576|0.00158999|0.000493531|0.00126856|0.00274771|0.00788063|0.000181646|0.0016732|0.00522046|0.00104538|0.000196916|0.000428116|0.00580301|0.00344885,0.0109342|0.0362414|0.0381696|0.0377902|0.0108696|0.0107812|0.0455031|0.029055|0.00898217|0.00846218|0.0486405|0.00783732|0.0100727|0.0207315|0.0476737|0.0426128|0.0313381|0.0318744|0.01754|0.00731162|0.00118659|0.0398377|0.0365406,0.000178506|0.0472365|0.00800322|0.0195364|0.0181411|0.0401575|0.0360942|0.0302566|0.0488958|0.0342415|0.00764508|0.0327962|0.0107197|0.0378122|0.00335145|0.049061|0.0470205|0.0483133|0.0283975|0.0421608|0.00176737|0.0151024|0.0130093,0.973537|0.953794|0.90679|0.951762|0.923215|0.926416|0.967439|0.923372|0.9108|0.934264|0.932977|0.960936|0.903245|0.910795|0.954869|0.906626|0.937315|0.975256|0.963898|0.951514|0.967717|0.965406|0.98883,4.63983|3.07459|1.41691|0.85792|4.79469|0.0868458|3.09858|0.31178|6.27947|5.31688|2.64532|0.765875|4.68449|1.89272|5.26639|0.762282|3.07758|3.22282|3.51107|4.90362|4.1126|0.0104102|4.04415,66.2586|94.4507|37.9513|58.7029|18.2346|94.0077|41.9872|71.5316|40.979|57.1366|21.0603|97.0433|11.0615|66.6304|92.5451|51.9585|81.3396|55.4093|37.2729|35.0583|56.1703|83.3731,0.180129|0.168303|0.246589|0.201188|0.231355|0.234363|0.178665|0.196056|0.216949|0.235241|0.23095|0.211509|0.214255|0.179788|0.191459|0.222459|0.186476|0.230451|0.176784|0.209201|0.247907|0.197114,0.323551|0.263233|0.157157|0.666395|0.595303|0.948873|0.182289|0.758317|0.317946|0.218954|0.399278|0.758395|0.692153|0.275394|0.161307|0.326911|0.379326|0.745697|0.943162|0.297185|0.827328|0.942894,0.869523,0.801463,0.117836,0.0993652,0.460468,0.534015,0.0732846,0.487967,0.198257,0.921169,51.6436,5.43263e-12,47756,0.887486,41.1981,1.06086e-12,38445,0.895553,0.876428,0.0878307,0.631141,0.996144,0.511517,0.22039,0.459803,0.228135,0.891603,87.9902,7.64954e-10,30733,0.967162,70.4477,9.04596e-11,52512
24,787,n1->n20->n18->n70->n69->n76->n78->n44->n42->n63->n79->n81->n83->n57->n55->n56->n54->n53->n52->n27->n29->n50->n51,5.37021e+09|4.0293e+11|7.59179e+12|6.87309e+13|8.81277e+09|4.21804e+13|3.25238e+10|5.26537e+13|2.42905e+09|6.55204e+12|1.47019e+10|2.58887e+10|3.76373e+13|4.14288e+09|8.84081e+12|1.1605e+12|2.80961e+11|4.60474e+10|1.02428e+10|4.19351e+12|3.6336e+13|2.36425e+09|7.46708e+11,8.19724e+08|1.89646e+11|4.11836e+12|9.78332e+12|7.57626e+09|1.15782e+13|2.30731e+10|2.86817e+13|2.47264e+08|2.63574e+12|4.87652e+09|8.36206e+09|2.34723e+13|2.05006e+09|4.69454e+12|5.65456e+11|2.23178e+11|3.18273e+10|2.07235e+09|8.73344e+11|1.77292e+13|4.07889e+08|5.06847e+11,0.000494453|5.21063e-05|2.98936e-05|5.13815e-05|0.000268039|1.88608e-05|0.000270955|0.000124649|8.79758e-05|0.000116235|0.000133131|0.000268232|1.86087e-05|0.000173612|4.06274e-05|1.7812e-05|1.47667e-05|2.00633e-05|0.00011644|1.08528e-05|0.000125062|1.54283e-05|0.000185382,0.000316017|0.000368678|0.000681499|0.00295865|0.00367819|0.00214239|0.00167497|0.00158999|0.000493531|0.00126856|0.000479664|0.000752991|0.000175452|0.00271581|0.000128431|0.000830638|0.00549128|0.000509085|0.00580301|0.00262605|0.00231296|0.00907722|0.00344885,0.0109342|0.0108696|0.0192976|0.0286141|0.022957|0.00156873|0.00569443|0.0486405|0.00783732|0.0100727|0.0252961|0.0481357|0.015405|0.0328142|0.00843704|0.0231698|0.0334079|5.21659e-05|0.0398377|0.0303206|0.0255931|0.00638914|0.0365406,0.000178506|0.0181411|0.0120519|0.0216638|0.0100342|0.0470058|0.0425349|0.00764508|0.0327962|0.0107197|0.0203026|0.00997263|0.038157|0.0437642|0.0314938|0.0417641|0.00844474|0.00115664|0.0151024|0.0230682|0.00291922|0.0483596|0.0130093,0.973537|0.923215|0.946711|0.966653|0.975915|0.989289|0.92832|0.932977|0.960936|0.903245|0.966262|0.948836|0.947801|0.983348|0.908585|0.944528|0.927525|0.913872|0.965406|0.985376|0.962742|0.910708|0.98883,4.63983|4.79469|4.38273|4.60778|2.99986|0.578949|3.3614|2.64532|0.765875|4.68449|3.41737|1.5908|4.11052|1.93323|3.37071|2.55597|1.22009|0.640024|0.0104102|4.5695|0.0327787|5.41755|4.04415,90.7492|89.2299|55.8812|74.5377|66.666|69.3348|88.5528|21.0603|97.0433|16.1844|26.55|78.7627|50.003|61.5999|95.3312|42.6814|75.3264|81.3721|46.2248|49.6282|37.0378|82.9474,0.215706|0.247215|0.234874|0.172691|0.212271|0.194827|0.200088|0.23095|0.211509|0.22961|0.238834|0.170031|0.1911|0.220389|0.167906|0.167734|0.191357|0.184589|0.183493|0.180772|0.191256|0.24308,0.53635|0.652252|0.16843|0.416585|0.890059|0.93416|0.134865|0.399278|0.758395|0.217843|0.957633|0.530775|0.161388|0.549818|0.402595|0.927159|0.567841|0.272111|0.657987|0.511755|0.182586|0.624607,0.869523,0.801463,0.117836,0.0993652,0.460468,0.534015,0.0732846,0.487967,0.198257,0.921169,51.6436,5.43263e-12,47756,0.887486,41.1981,1.06086e-12,38445,0.895553,0.876428,0.0878307,0.631141,0.996144,0.511517,0.22039,0.459803,0.228135,0.891603,87.9902,7.64954e-10,30733,0.967162,70.4477,9.04596e-11,52512
24,788,n1->n13->n12->n8->n10->n63->n15->n34->n36->n64->n65->n37->n38->n16->n18->n70->n87->n88->n89->n90->n59->n50->n51,5.37021e+09|6.60497e+13|9.70597e+10|4.61239e+13|2.49624e+09|6.55204e+12|8.77071e+11|4.7313e+12|7.73972e+11|4.21034e+09|1.12599e+09|2.79748e+13|1.16426e+13|1.09193e+13|7.59179e+12|6.87309e+13|7.3435e+12|9.00567e+12|2.68119e+11|1.33273e+11|3.04563e+11|2.36425e+09|7.46708e+11,8.19724e+08|8.87204e+12|2.76143e+10|1.04208e+13|7.32581e+08|2.63574e+12|1.06991e+11|1.15705e+12|7.77593e+10|1.60867e+09|3.2906e+08|4.96975e+12|1.19258e+12|1.33827e+12|4.11836e+12|9.78332e+12|2.79916e+12|8.66002e+12|9.23423e+10|6.41526e+10|3.06423e+10|4.07889e+08|5.06847e+11,0.000494453|0.000787814|0.000201974|6.6054e-05|6.27016e-05|0.000116235|0.000182949|0.000140889|0.000426407|1.88732e-05|1.96575e-05|1.06248e-05|1.04425e-05|3.71682e-05|2.98936e-05|5.13815e-05|0.000634307|6.2721e-05|3.55201e-05|0.000319756|2.43107e-05|1.54283e-05|0.000185382,0.000316017|0.00788063|0.0016732|0.00522046|0.00113469|0.00126856|0.00274771|0.000270551|0.00396778|0.000135861|0.000428116|0.000261291|0.00950649|0.00174713|0.000681499|0.00295865|0.00151267|0.000480267|0.000111435|0.000672662|0.000202742|0.00907722|0.00344885,0.0109342|0.0476737|0.0313381|0.0318744|0.00597815|0.0100727|0.0207315|0.0276207|0.00497013|0.0266797|0.00118659|0.0457563|0.0263713|0.0123696|0.0192976|0.0286141|0.0186268|0.00850464|0.0107812|0.0285929|0.00304046|0.00638914|0.0365406,0.000178506|0.00335145|0.0470205|0.0483133|0.0245713|0.0107197|0.0378122|0.0210615|0.0341912|0.0436548|0.00176737|0.0105712|0.00318517|0.0240438|0.0120519|0.0216638|0.00979507|0.0237676|0.0401575|0.0372754|0.0474075|0.0483596|0.0130093,0.973537|0.954869|0.937315|0.975256|0.962416|0.903245|0.910795|0.904866|0.94998|0.933821|0.967717|0.964079|0.902547|0.979533|0.946711|0.966653|0.977244|0.962132|0.926416|0.984478|0.99171|0.910708|0.98883,4.63983|5.26639|3.07758|3.22282|1.97158|4.68449|1.89272|4.56594|3.70656|5.77568|4.1126|4.96174|5.09423|1.69436|4.38273|4.60778|2.33192|1.9653|0.0868458|4.02061|5.60303|5.41755|4.04415,79.8117|56.34|81.3396|99.595|65.1286|11.0615|27.3162|89.5651|43.8659|56.7563|13.4252|46.986|28.0546|72.2829|55.8812|39.9413|57.0974|92.4072|12.726|62.2588|47.7013|82.9474,0.246796|0.206669|0.186476|0.184434|0.203746|0.214255|0.231681|0.241996|0.241695|0.186349|0.230756|0.170599|0.17367|0.180241|0.234874|0.180359|0.227675|0.203687|0.226099|0.169222|0.170229|0.24308,0.338018|0.285239|0.379326|0.703378|0.514129|0.692153|0.750497|0.265381|0.590576|0.927837|0.986996|0.662799|0.828443|0.553025|0.16843|0.129355|0.396625|0.876618|0.757755|0.361153|0.776444|0.624607,0.869523,0.801463,0.117836,0.0993652,0.460468,0.534015,0.0732846,0.487967,0.198257,0.921169,51.6436,5.43263e-12,47756,0.887486,41.1981,1.06086e-12,38445,0.895553,0.876428,0.0878307,0.631141,0.996144,0.511517,0.22039,0.459803,0.228135,0.891603,87.9902,7.64954e-10,30733,0.967162,70.4477,9.04596e-11,52512
24,789,n1->n99->n98->n57->n83->n23->n77->n72->n45->n43->n44->n41->n39->n37->n38->n36->n34->n35->n31->n30->n29->n50->n51,5.37021e+09|1.57108e+10|1.8266e+13|4.14288e+09|3.76373e+13|4.63033e+10|5.68112e+11|6.83442e+09|8.38488e+13|1.40931e+10|5.26537e+13|3.95737e+11|3.34792e+13|2.79748e+13|1.16426e+13|7.73972e+11|4.7313e+12|5.77859e+11|4.79342e+12|1.26395e+10|3.6336e+13|2.36425e+09|7.46708e+11,8.19724e+08|4.21389e+09|5.99087e+12|2.05006e+09|2.34723e+13|3.30225e+10|3.56307e+11|1.48353e+09|1.01787e+13|3.26577e+09|2.86817e+13|1.47899e+11|1.12013e+13|4.96975e+12|1.19258e+12|7.77593e+10|1.15705e+12|4.88834e+11|4.42443e+12|1.81012e+09|1.77292e+13|4.07889e+08|5.06847e+11,0.000494453|0.00089026|0.000410965|0.000173612|1.86087e-05|0.000277161|8.49487e-05|0.000159499|1.67225e-05|0.000955168|0.000124649|2.35935e-05|5.53896e-05|1.06248e-05|1.04425e-05|0.000426407|0.000140889|0.000412952|0.00024651|4.789e-05|0.000125062|1.54283e-05|0.000185382,0.000316017|0.000350126|0.000548485|0.00271581|0.000175452|0.00418014|0.000906866|0.00384342|0.000742576|0.00344494|0.00158999|0.00412419|0.0025393|0.000261291|0.00950649|0.00396778|0.000270551|0.00138752|0.00308746|0.00655588|0.00231296|0.00907722|0.00344885,0.0109342|0.0362414|0.0295222|0.0328142|0.015405|0.00314906|0.04851|0.0479977|0.00846218|0.0168583|0.0486405|0.00451081|0.00111942|0.0457563|0.0263713|0.00497013|0.0276207|0.00215298|0.0211034|0.00398508|0.0255931|0.00638914|0.0365406,0.000178506|0.0472365|0.0297366|0.0437642|0.038157|0.0470385|0.0115254|0.0299903|0.0342415|0.0482719|0.00764508|0.00491436|0.0449458|0.0105712|0.00318517|0.0341912|0.0210615|0.0375959|0.0151027|0.0178703|0.00291922|0.0483596|0.0130093,0.973537|0.953794|0.959539|0.983348|0.947801|0.92176|0.949999|0.96924|0.934264|0.943219|0.932977|0.923722|0.924329|0.964079|0.902547|0.94998|0.904866|0.952159|0.943878|0.972158|0.962742|0.910708|0.98883,4.63983|3.07459|2.95405|1.93323|4.11052|2.08786|0.722366|3.90463|5.31688|2.3897|2.64532|4.11092|1.19952|4.96174|5.09423|3.70656|4.56594|5.24666|4.82496|5.42296|0.0327787|5.41755|4.04415,66.2586|58.4557|98.2355|50.003|23.518|39.0733|92.3918|63.1262|48.5398|69.1985|12.7315|38.9947|31.554|46.986|61.2725|89.5651|26.2497|91.3525|88.6669|29.3504|37.0378|82.9474,0.180129|0.227784|0.190047|0.1911|0.181099|0.178948|0.167022|0.243732|0.218428|0.210513|0.246433|0.18226|0.195005|0.170599|0.204351|0.241996|0.244194|0.243038|0.215598|0.179657|0.191256|0.24308,0.323551|0.686264|0.757428|0.161388|0.741177|0.23533|0.776051|0.65643|0.854577|0.374145|0.665882|0.988985|0.711047|0.662799|0.413834|0.265381|0.307851|0.658826|0.123891|0.887943|0.182586|0.624607,0.869523,0.801463,0.117836,0.0993652,0.460468,0.534015,0.0732846,0.487967,0.198257,0.921169,51.6436,5.43263e-12,47756,0.887486,41.1981,1.06086e-12,38445,0.895553,0.876428,0.0878307,0.631141,0.996144,0.511517,0.22039,0.459803,0.228135,0.891603,87.9902,7.64954e-10,30733,0.967162,70.4477,9.04596e-11,52512
24,790,n1->n99->n97->n27->n25->n26->n24->n33->n6->n12->n13->n14->n75->n71->n73->n10->n39->n38->n36->n64->n65->n52->n51,5.37021e+09|1.57108e+10|2.90604e+09|4.19351e+12|1.67189e+13|7.09351e+09|1.59557e+13|3.64323e+13|1.14208e+09|9.70597e+10|6.60497e+13|3.70261e+10|8.71921e+10|7.70008e+11|1.41706e+11|2.49624e+09|3.34792e+13|1.16426e+13|7.73972e+11|4.21034e+09|1.12599e+09|1.02428e+10|7.46708e+11,8.19724e+08|4.21389e+09|5.04144e+08|8.73344e+11|1.40059e+13|1.31666e+09|4.06569e+12|6.32377e+12|2.20459e+08|2.76143e+10|8.87204e+12|1.44234e+10|5.29113e+10|1.60546e+11|5.76853e+10|7.32581e+08|1.12013e+13|1.19258e+12|7.77593e+10|1.60867e+09|3.2906e+08|2.07235e+09|5.06847e+11,0.000494453|0.00089026|8.81202e-05|1.08528e-05|6.30741e-05|3.77967e-05|0.000193265|1.50316e-05|1.08483e-05|0.000201974|0.000787814|3.25754e-05|0.000766915|0.00017279|6.32916e-05|6.27016e-05|5.53896e-05|1.04425e-05|0.000426407|1.88732e-05|1.96575e-05|0.00011644|0.000185382,0.000316017|0.000350126|0.00494291|0.00262605|0.00294926|0.00522178|0.0012727|0.00213059|0.00010157|0.0016732|0.00788063|0.000181646|0.000203965|0.00123164|0.000807753|0.00113469|0.0025393|0.00950649|0.00396778|0.000135861|0.000428116|0.00580301|0.00344885,0.0109342|0.0362414|0.0381696|0.0303206|0.0195393|0.0101688|0.0433038|0.00968695|0.00160082|0.0313381|0.0476737|0.0426128|0.0243876|0.0398828|0.0455502|0.00597815|0.00111942|0.0263713|0.00497013|0.0266797|0.00118659|0.0398377|0.0365406,0.000178506|0.0472365|0.00800322|0.0230682|0.0159438|0.0409649|0.00780618|0.0280967|0.0260762|0.0470205|0.00335145|0.049061|0.0250863|0.0326729|0.028193|0.0245713|0.0449458|0.00318517|0.0341912|0.0436548|0.00176737|0.0151024|0.0130093,0.973537|0.953794|0.90679|0.985376|0.9023|0.981638|0.90929|0.923653|0.908628|0.937315|0.954869|0.906626|0.936129|0.947193|0.909539|0.962416|0.924329|0.902547|0.94998|0.933821|0.967717|0.965406|0.98883,4.63983|3.07459|1.41691|4.5695|1.57149|2.91399|3.9732|1.04264|5.01633|3.07758|5.26639|0.762282|3.39264|0.117525|3.29092|1.97158|1.19952|5.09423|3.70656|5.77568|4.1126|0.0104102|4.04415,66.2586|94.4507|31.5608|64.4551|63.0993|83.4704|98.0873|50.0569|32.9383|56.34|92.5451|56.2706|14.5634|28.2621|29.3778|24.4191|52.0957|61.2725|43.8659|56.7563|56.1703|83.3731,0.180129|0.168303|0.219936|0.242248|0.228799|0.216464|0.239791|0.19306|0.230728|0.206669|0.191459|0.226178|0.169453|0.242769|0.202302|0.239532|0.199024|0.204351|0.241695|0.186349|0.247907|0.197114,0.323551|0.263233|0.557853|0.837222|0.359402|0.583168|0.939209|0.116472|0.628307|0.285239|0.161307|0.725021|0.275247|0.940077|0.747283|0.991722|0.46236|0.413834|0.590576|0.927837|0.827328|0.942894,0.869523,0.801463,0.117836,0.0993652,0.460468,0.534015,0.0732846,0.487967,0.198257,0.921169,51.6436,5.43263e-12,47756,0.887486,41.1981,1.06086e-12,38445,0.895553,0.876428,0.0878307,0.631141,0.996144,0.511517,0.22039,0.459803,0.228135,0.891603,87.9902,7.64954e-10,30733,0.967162,70.4477,9.04596e-11,52512
24,791,n1->n99->n77->n72->n70->n87->n88->n90->n59->n58->n85->n17->n19->n18->n20->n89->n48->n47->n26->n25->n27->n52->n51,5.37021e+09|1.57108e+10|5.68112e+11|6.83442e+09|6.87309e+13|7.3435e+12|9.00567e+12|1.33273e+11|3.04563e+11|8.16696e+09|2.02447e+09|1.51096e+11|2.47533e+11|7.59179e+12|4.0293e+11|2.68119e+11|3.98001e+12|4.74236e+11|7.09351e+09|1.67189e+13|4.19351e+12|1.02428e+10|7.46708e+11,8.19724e+08|4.21389e+09|3.56307e+11|1.48353e+09|9.78332e+12|2.79916e+12|8.66002e+12|6.41526e+10|3.06423e+10|6.89506e+09|2.41326e+08|1.57582e+10|2.33399e+11|4.11836e+12|1.89646e+11|9.23423e+10|1.69514e+12|1.54765e+11|1.31666e+09|1.40059e+13|8.73344e+11|2.07235e+09|5.06847e+11,0.000494453|0.00089026|8.49487e-05|0.000159499|5.13815e-05|0.000634307|6.2721e-05|0.000319756|2.43107e-05|0.000266735|2.04325e-05|0.000261059|0.000261527|2.98936e-05|5.21063e-05|3.55201e-05|4.78153e-05|0.000202873|3.77967e-05|6.30741e-05|1.08528e-05|0.00011644|0.000185382,0.000316017|0.000350126|0.000906866|0.00384342|0.00295865|0.00151267|0.000480267|0.000672662|0.000202742|0.00874893|0.000338175|0.000513001|0.000768065|0.000681499|0.000368678|0.000111435|0.00544009|0.000266598|0.00522178|0.00294926|0.00262605|0.00580301|0.00344885,0.0109342|0.0362414|0.04851|0.0479977|0.0286141|0.0186268|0.00850464|0.0285929|0.00304046|0.0248478|0.0354515|0.0430027|0.0201979|0.0192976|0.0108696|0.0107812|0.0455031|0.00898217|0.0101688|0.0195393|0.0303206|0.0398377|0.0365406,0.000178506|0.0472365|0.0115254|0.0299903|0.0216638|0.00979507|0.0237676|0.0372754|0.0474075|0.0481122|0.0266209|0.00442808|0.0291803|0.0120519|0.0181411|0.0401575|0.0360942|0.0488958|0.0409649|0.0159438|0.0230682|0.0151024|0.0130093,0.973537|0.953794|0.949999|0.96924|0.966653|0.977244|0.962132|0.984478|0.99171|0.911658|0.940474|0.974312|0.941018|0.946711|0.923215|0.926416|0.967439|0.9108|0.981638|0.9023|0.985376|0.965406|0.98883,4.63983|3.07459|0.722366|3.90463|4.60778|2.33192|1.9653|4.02061|5.60303|3.70937|4.91715|5.11322|1.39448|4.38273|4.79469|0.0868458|3.09858|6.27947|2.91399|1.57149|4.5695|0.0104102|4.04415,66.2586|96.5216|92.3918|97.4405|39.9413|57.0974|14.1987|62.2588|56.397|90.6886|84.7043|10.3361|34.0839|89.2299|18.2346|94.0077|78.8723|70.8805|63.0993|64.4551|46.2248|83.3731,0.180129|0.241387|0.167022|0.180102|0.180359|0.227675|0.244274|0.169222|0.21902|0.194345|0.225161|0.172286|0.248409|0.247215|0.231355|0.234363|0.239998|0.189485|0.228799|0.242248|0.183493|0.197114,0.323551|0.664018|0.776051|0.79408|0.129355|0.396625|0.997795|0.361153|0.533324|0.45102|0.880608|0.559133|0.983209|0.652252|0.595303|0.948873|0.300482|0.757042|0.359402|0.837222|0.657987|0.942894,0.869523,0.801463,0.117836,0.0993652,0.460468,0.534015,0.0732846,0.487967,0.198257,0.921169,51.6436,5.43263e-12,47756,0.887486,41.1981,1.06086e-12,38445,0.895553,0.876428,0.0878307,0.631141,0.996144,0.511517,0.22039,0.459803,0.228135,0.891603,87.9902,7.64954e-10,30733,0.967162,70.4477,9.04596e-11,52512
24,792,n1->n13->n15->n34->n32->n66->n68->n58->n59->n60->n50->n29->n11->n9->n7->n5->n65->n37->n39->n10->n63->n61->n51,5.37021e+09|6.60497e+13|8.77071e+11|4.7313e+12|1.78367e+12|1.10072e+10|1.31753e+09|8.16696e+09|3.04563e+11|8.79841e+13|2.36425e+09|3.6336e+13|1.78735e+12|1.49139e+12|3.81012e+11|2.91995e+11|1.12599e+09|2.79748e+13|3.34792e+13|2.49624e+09|6.55204e+12|6.44979e+11|7.46708e+11,8.19724e+08|8.87204e+12|1.06991e+11|1.15705e+12|1.05491e+12|8.7665e+09|3.10679e+08|6.89506e+09|3.06423e+10|5.95756e+13|4.07889e+08|1.77292e+13|3.29521e+11|3.79906e+11|6.70334e+10|4.67133e+10|3.2906e+08|4.96975e+12|1.12013e+13|7.32581e+08|2.63574e+12|1.30372e+11|5.06847e+11,0.000494453|0.000787814|0.000182949|0.000140889|0.000179959|0.000237659|0.000223952|0.000266735|2.43107e-05|0.000731749|1.54283e-05|0.000125062|5.47786e-05|1.80008e-05|0.000475679|7.03031e-05|1.96575e-05|1.06248e-05|5.53896e-05|6.27016e-05|0.000116235|3.71253e-05|0.000185382,0.000316017|0.00788063|0.00274771|0.000270551|0.00292552|0.000470269|0.00843573|0.00874893|0.000202742|0.000248463|0.00907722|0.00231296|0.00652494|0.00065196|0.00104538|0.000196916|0.000428116|0.000261291|0.0025393|0.00113469|0.00126856|0.00313588|0.00344885,0.0109342|0.0476737|0.0207315|0.0276207|0.00778345|0.0203827|0.0370095|0.0248478|0.00304046|0.0128442|0.00638914|0.0255931|0.00125292|0.0140743|0.01754|0.00731162|0.00118659|0.0457563|0.00111942|0.00597815|0.0100727|0.0266048|0.0365406,0.000178506|0.00335145|0.0378122|0.0210615|0.0161829|0.0146278|0.00589983|0.0481122|0.0474075|0.0431033|0.0483596|0.00291922|0.0136412|0.033904|0.0283975|0.0421608|0.00176737|0.0105712|0.0449458|0.0245713|0.0107197|0.0179693|0.0130093,0.973537|0.954869|0.910795|0.904866|0.953313|0.978907|0.984554|0.911658|0.99171|0.945549|0.910708|0.962742|0.988894|0.963574|0.963898|0.951514|0.967717|0.964079|0.924329|0.962416|0.903245|0.958619|0.98883,4.63983|5.26639|1.89272|4.56594|0.10397|3.10364|5.26958|3.70937|5.60303|4.50487|5.41755|0.0327787|0.923897|5.88966|3.51107|4.90362|4.1126|4.96174|1.19952|1.97158|4.68449|2.63855|4.04415,79.8117|66.6304|27.3162|23.0914|27.3217|70.8824|56.905|56.397|76.8491|22.3088|37.0378|13.2112|99.0064|59.8148|37.2729|35.0583|13.4252|31.554|24.4191|65.1286|47.0482|66.5616,0.246796|0.179788|0.231681|0.18593|0.199785|0.16183|0.185169|0.21902|0.204072|0.190841|0.191256|0.219003|0.201409|0.18359|0.176784|0.209201|0.230756|0.195005|0.239532|0.203746|0.167884|0.171721,0.338018|0.275394|0.750497|0.12287|0.769012|0.215539|0.476138|0.533324|0.509755|0.323935|0.182586|0.427028|0.439638|0.339058|0.943162|0.297185|0.986996|0.711047|0.991722|0.514129|0.410418|0.235817,0.869523,0.801463,0.117836,0.0993652,0.460468,0.534015,0.0732846,0.487967,0.198257,0.921169,51.6436,5.43263e-12,47756,0.887486,41.1981,1.06086e-12,38445,0.895553,0.876428,0.0878307,0.631141,0.996144,0.511517,0.22039,0.459803,0.228135,0.891603,87.9902,7.64954e-10,30733,0.967162,70.4477,9.04596e-11,52512
24,793,n1->n13->n12->n14->n75->n71->n24->n23->n83->n57->n74->n22->n68->n19->n20->n96->n94->n92->n91->n93->n64->n49->n51,5.37021e+09|6.60497e+13|9.70597e+10|3.70261e+10|8.71921e+10|7.70008e+11|1.59557e+13|4.63033e+10|3.76373e+13|4.14288e+09|5.8385e+13|1.47e+10|1.31753e+09|2.47533e+11|4.0293e+11|2.51165e+12|1.36531e+10|1.97334e+09|2.84652e+12|4.22601e+13|4.21034e+09|2.45005e+09|7.46708e+11,8.19724e+08|8.87204e+12|2.76143e+10|1.44234e+10|5.29113e+10|1.60546e+11|4.06569e+12|3.30225e+10|2.34723e+13|2.05006e+09|7.35096e+12|9.51029e+09|3.10679e+08|2.33399e+11|1.89646e+11|5.36324e+11|1.67171e+09|1.46451e+09|3.57264e+11|1.3774e+13|1.60867e+09|2.44458e+09|5.06847e+11,0.000494453|0.000787814|0.000201974|3.25754e-05|0.000766915|0.00017279|0.000193265|0.000277161|1.86087e-05|0.000173612|0.000875739|1.77434e-05|0.000223952|0.000261527|5.21063e-05|1.2987e-05|2.95455e-05|2.75832e-05|6.93267e-05|8.45967e-05|1.88732e-05|1.07426e-05|0.000185382,0.000316017|0.00788063|0.0016732|0.000181646|0.000203965|0.00123164|0.0012727|0.00418014|0.000175452|0.00271581|0.00944671|0.0006856|0.00843573|0.000768065|0.000368678|0.000286765|0.000125263|0.0052688|0.00599677|0.000162335|0.000135861|0.000979027|0.00344885,0.0109342|0.0476737|0.0313381|0.0426128|0.0243876|0.0398828|0.0433038|0.00314906|0.015405|0.0328142|0.0280357|0.0408661|0.0370095|0.0201979|0.0108696|0.0377902|0.00830448|0.0444618|0.008036|0.0108045|0.0266797|0.0183567|0.0365406,0.000178506|0.00335145|0.0470205|0.049061|0.0250863|0.0326729|0.00780618|0.0470385|0.038157|0.0437642|0.0166219|0.040072|0.00589983|0.0291803|0.0181411|0.0195364|0.0293842|0.0387741|0.015498|0.0326183|0.0436548|0.0388066|0.0130093,0.973537|0.954869|0.937315|0.906626|0.936129|0.947193|0.90929|0.92176|0.947801|0.983348|0.90082|0.95984|0.984554|0.941018|0.923215|0.951762|0.927471|0.987763|0.964407|0.912097|0.933821|0.969899|0.98883,4.63983|5.26639|3.07758|0.762282|3.39264|0.117525|3.9732|2.08786|4.11052|1.93323|0.0974208|0.048646|5.26958|1.39448|4.79469|0.85792|5.03384|6.03913|5.6679|5.92115|5.77568|3.94615|4.04415,79.8117|56.34|51.9585|56.2706|14.5634|44.1502|44.8869|23.518|50.003|95.6836|63.8366|15.3326|67.5745|86.2435|58.7029|71.0086|13.5087|32.3713|26.8753|32.5899|77.768|10.4661,0.246796|0.206669|0.222459|0.226178|0.169453|0.204574|0.161116|0.181099|0.1911|0.169856|0.241428|0.236297|0.2055|0.182991|0.201188|0.230021|0.230182|0.161013|0.203549|0.178102|0.165457|0.216931,0.338018|0.285239|0.326911|0.725021|0.275247|0.45026|0.528582|0.741177|0.161388|0.815246|0.480684|0.655447|0.968257|0.182796|0.666395|0.131268|0.731663|0.940947|0.21516|0.548301|0.348083|0.516407,0.869523,0.801463,0.117836,0.0993652,0.460468,0.534015,0.0732846,0.487967,0.198257,0.921169,51.6436,5.43263e-12,47756,0.887486,41.1981,1.06086e-12,38445,0.895553,0.876428,0.0878307,0.631141,0.996144,0.511517,0.22039,0.459803,0.228135,0.891603,87.9902,7.64954e-10,30733,0.967162,70.4477,9.04596e-11,52512
24,794,n1->n13->n12->n8->n10->n63->n42->n40->n54->n82->n95->n93->n77->n99->n97->n27->n26->n47->n49->n64->n65->n52->n51,5.37021e+09|6.60497e+13|9.70597e+10|4.61239e+13|2.49624e+09|6.55204e+12|2.42905e+09|3.58065e+10|2.80961e+11|1.07979e+13|1.05601e+11|4.22601e+13|5.68112e+11|1.57108e+10|2.90604e+09|4.19351e+12|7.09351e+09|4.74236e+11|2.45005e+09|4.21034e+09|1.12599e+09|1.02428e+10|7.46708e+11,8.19724e+08|8.87204e+12|2.76143e+10|1.04208e+13|7.32581e+08|2.63574e+12|2.47264e+08|4.14657e+09|2.23178e+11|1.66379e+12|5.46554e+10|1.3774e+13|3.56307e+11|4.21389e+09|5.04144e+08|8.73344e+11|1.31666e+09|1.54765e+11|2.44458e+09|1.60867e+09|3.2906e+08|2.07235e+09|5.06847e+11,0.000494453|0.000787814|0.000201974|6.6054e-05|6.27016e-05|0.000116235|8.79758e-05|6.01341e-05|1.47667e-05|0.000837919|0.000260968|8.45967e-05|8.49487e-05|0.00089026|8.81202e-05|1.08528e-05|3.77967e-05|0.000202873|1.07426e-05|1.88732e-05|1.96575e-05|0.00011644|0.000185382,0.000316017|0.00788063|0.0016732|0.00522046|0.00113469|0.00126856|0.000493531|0.00268841|0.00549128|0.00271152|0.000186877|0.000162335|0.000906866|0.000350126|0.00494291|0.00262605|0.00522178|0.000266598|0.000979027|0.000135861|0.000428116|0.00580301|0.00344885,0.0109342|0.0476737|0.0313381|0.0318744|0.00597815|0.0100727|0.00783732|0.0249103|0.0334079|0.0278433|0.00282907|0.0108045|0.04851|0.0362414|0.0381696|0.0303206|0.0101688|0.00898217|0.0183567|0.0266797|0.00118659|0.0398377|0.0365406,0.000178506|0.00335145|0.0470205|0.0483133|0.0245713|0.0107197|0.0327962|0.033399|0.00844474|0.0266174|0.0420997|0.0326183|0.0115254|0.0472365|0.00800322|0.0230682|0.0409649|0.0488958|0.0388066|0.0436548|0.00176737|0.0151024|0.0130093,0.973537|0.954869|0.937315|0.975256|0.962416|0.903245|0.960936|0.920308|0.927525|0.934435|0.966581|0.912097|0.949999|0.953794|0.90679|0.985376|0.981638|0.9108|0.969899|0.933821|0.967717|0.965406|0.98883,4.63983|5.26639|3.07758|3.22282|1.97158|4.68449|0.765875|2.50002|1.22009|0.132111|1.09944|5.92115|0.722366|3.07459|1.41691|4.5695|2.91399|6.27947|3.94615|5.77568|4.1126|0.0104102|4.04415,79.8117|56.34|81.3396|99.595|65.1286|97.0433|77.6192|12.2677|41.1455|75.699|24.941|51.9256|96.5216|94.4507|31.5608|67.4197|70.8805|91.8261|77.768|56.7563|56.1703|83.3731,0.246796|0.206669|0.186476|0.184434|0.203746|0.211509|0.243521|0.248162|0.242874|0.21275|0.237661|0.247077|0.241387|0.168303|0.219936|0.171162|0.189485|0.228404|0.165457|0.186349|0.247907|0.197114,0.338018|0.285239|0.379326|0.703378|0.514129|0.758395|0.14346|0.812759|0.378494|0.837867|0.985064|0.469529|0.664018|0.263233|0.557853|0.40751|0.757042|0.133861|0.348083|0.927837|0.827328|0.942894,0.869523,0.801463,0.117836,0.0993652,0.460468,0.534015,0.0732846,0.487967,0.198257,0.921169,51.6436,5.43263e-12,47756,0.887486,41.1981,1.06086e-12,38445,0.895553,0.876428,0.0878307,0.631141,0.996144,0.511517,0.22039,0.459803,0.228135,0.891603,87.9902,7.64954e-10,30733,0.967162,70.4477,9.04596e-11,52512
24,795,n1->n20->n96->n14->n13->n15->n29->n31->n35->n34->n32->n30->n76->n75->n73->n71->n72->n77->n99->n97->n27->n52->n51,5.37021e+09|4.0293e+11|2.51165e+12|3.70261e+10|6.60497e+13|8.77071e+11|3.6336e+13|4.79342e+12|5.77859e+11|4.7313e+12|1.78367e+12|1.26395e+10|4.21804e+13|8.71921e+10|1.41706e+11|7.70008e+11|6.83442e+09|5.68112e+11|1.57108e+10|2.90604e+09|4.19351e+12|1.02428e+10|7.46708e+11,8.19724e+08|1.89646e+11|5.36324e+11|1.44234e+10|8.87204e+12|1.06991e+11|1.77292e+13|4.42443e+12|4.88834e+11|1.15705e+12|1.05491e+12|1.81012e+09|1.15782e+13|5.29113e+10|5.76853e+10|1.60546e+11|1.48353e+09|3.56307e+11|4.21389e+09|5.04144e+08|8.73344e+11|2.07235e+09|5.06847e+11,0.000494453|5.21063e-05|1.2987e-05|3.25754e-05|0.000787814|0.000182949|0.000125062|0.00024651|0.000412952|0.000140889|0.000179959|4.789e-05|1.88608e-05|0.000766915|6.32916e-05|0.00017279|0.000159499|8.49487e-05|0.00089026|8.81202e-05|1.08528e-05|0.00011644|0.000185382,0.000316017|0.000368678|0.000286765|0.000181646|0.00788063|0.00274771|0.00231296|0.00308746|0.00138752|0.000270551|0.00292552|0.00655588|0.00214239|0.000203965|0.000807753|0.00123164|0.00384342|0.000906866|0.000350126|0.00494291|0.00262605|0.00580301|0.00344885,0.0109342|0.0108696|0.0377902|0.0426128|0.0476737|0.0207315|0.0255931|0.0211034|0.00215298|0.0276207|0.00778345|0.00398508|0.00156873|0.0243876|0.0455502|0.0398828|0.0479977|0.04851|0.0362414|0.0381696|0.0303206|0.0398377|0.0365406,0.000178506|0.0181411|0.0195364|0.049061|0.00335145|0.0378122|0.00291922|0.0151027|0.0375959|0.0210615|0.0161829|0.0178703|0.0470058|0.0250863|0.028193|0.0326729|0.0299903|0.0115254|0.0472365|0.00800322|0.0230682|0.0151024|0.0130093,0.973537|0.923215|0.951762|0.906626|0.954869|0.910795|0.962742|0.943878|0.952159|0.904866|0.953313|0.972158|0.989289|0.936129|0.909539|0.947193|0.96924|0.949999|0.953794|0.90679|0.985376|0.965406|0.98883,4.63983|4.79469|0.85792|0.762282|5.26639|1.89272|0.0327787|4.82496|5.24666|4.56594|0.10397|5.42296|0.578949|3.39264|3.29092|0.117525|3.90463|0.722366|3.07459|1.41691|4.5695|0.0104102|4.04415,90.7492|58.7029|54.7186|92.5451|66.6304|32.2763|70.4589|91.3525|26.2497|23.0914|69.5993|21.8454|63.5216|85.6152|28.2621|45.8448|92.3918|96.5216|94.4507|31.5608|46.2248|83.3731,0.215706|0.201188|0.208433|0.191459|0.179788|0.240047|0.246199|0.243038|0.244194|0.18593|0.204659|0.220509|0.207806|0.185893|0.242769|0.218487|0.167022|0.241387|0.168303|0.219936|0.183493|0.197114,0.53635|0.666395|0.448351|0.161307|0.275394|0.895675|0.415176|0.658826|0.307851|0.12287|0.237533|0.936019|0.844544|0.624191|0.940077|0.29317|0.776051|0.664018|0.263233|0.557853|0.657987|0.942894,0.869523,0.801463,0.117836,0.0993652,0.460468,0.534015,0.0732846,0.487967,0.198257,0.921169,51.6436,5.43263e-12,47756,0.887486,41.1981,1.06086e-12,38445,0.895553,0.876428,0.0878307,0.631141,0.996144,0.511517,0.22039,0.459803,0.228135,0.891603,87.9902,7.64954e-10,30733,0.967162,70.4477,9.04596e-11,52512
24,796,n1->n13->n14->n96->n94->n92->n93->n77->n72->n70->n18->n19->n17->n68->n22->n74->n76->n75->n4->n27->n29->n50->n51,5.37021e+09|6.60497e+13|3.70261e+10|2.51165e+12|1.36531e+10|1.97334e+09|4.22601e+13|5.68112e+11|6.83442e+09|6.87309e+13|7.59179e+12|2.47533e+11|1.51096e+11|1.31753e+09|1.47e+10|5.8385e+13|4.21804e+13|8.71921e+10|7.07339e+12|4.19351e+12|3.6336e+13|2.36425e+09|7.46708e+11,8.19724e+08|8.87204e+12|1.44234e+10|5.36324e+11|1.67171e+09|1.46451e+09|1.3774e+13|3.56307e+11|1.48353e+09|9.78332e+12|4.11836e+12|2.33399e+11|1.57582e+10|3.10679e+08|9.51029e+09|7.35096e+12|1.15782e+13|5.29113e+10|2.43435e+12|8.73344e+11|1.77292e+13|4.07889e+08|5.06847e+11,0.000494453|0.000787814|3.25754e-05|1.2987e-05|2.95455e-05|2.75832e-05|8.45967e-05|8.49487e-05|0.000159499|5.13815e-05|2.98936e-05|0.000261527|0.000261059|0.000223952|1.77434e-05|0.000875739|1.88608e-05|0.000766915|0.000113681|1.08528e-05|0.000125062|1.54283e-05|0.000185382,0.000316017|0.00788063|0.000181646|0.000286765|0.000125263|0.0052688|0.000162335|0.000906866|0.00384342|0.00295865|0.000681499|0.000768065|0.000513001|0.00843573|0.0006856|0.00944671|0.00214239|0.000203965|0.00198341|0.00262605|0.00231296|0.00907722|0.00344885,0.0109342|0.0476737|0.0426128|0.0377902|0.00830448|0.0444618|0.0108045|0.04851|0.0479977|0.0286141|0.0192976|0.0201979|0.0430027|0.0370095|0.0408661|0.0280357|0.00156873|0.0243876|0.0350273|0.0303206|0.0255931|0.00638914|0.0365406,0.000178506|0.00335145|0.049061|0.0195364|0.0293842|0.0387741|0.0326183|0.0115254|0.0299903|0.0216638|0.0120519|0.0291803|0.00442808|0.00589983|0.040072|0.0166219|0.0470058|0.0250863|0.0273051|0.0230682|0.00291922|0.0483596|0.0130093,0.973537|0.954869|0.906626|0.951762|0.927471|0.987763|0.912097|0.949999|0.96924|0.966653|0.946711|0.941018|0.974312|0.984554|0.95984|0.90082|0.989289|0.936129|0.917619|0.985376|0.962742|0.910708|0.98883,4.63983|5.26639|0.762282|0.85792|5.03384|6.03913|5.92115|0.722366|3.90463|4.60778|4.38273|1.39448|5.11322|5.26958|0.048646|0.0974208|0.578949|3.39264|1.56082|4.5695|0.0327787|5.41755|4.04415,79.8117|92.5451|54.7186|71.0086|13.5087|61.035|51.9256|92.3918|97.4405|55.8812|34.0839|10.3361|23.9015|15.3326|63.8366|53.1277|63.5216|81.7362|52.1141|49.6282|37.0378|82.9474,0.246796|0.191459|0.208433|0.230021|0.230182|0.21409|0.247077|0.167022|0.180102|0.234874|0.248409|0.172286|0.236806|0.236297|0.241428|0.181342|0.207806|0.218556|0.184605|0.180772|0.191256|0.24308,0.338018|0.161307|0.448351|0.131268|0.731663|0.722832|0.469529|0.776051|0.79408|0.16843|0.983209|0.559133|0.2818|0.655447|0.480684|0.519715|0.844544|0.847503|0.200735|0.511755|0.182586|0.624607,0.869523,0.801463,0.117836,0.0993652,0.460468,0.534015,0.0732846,0.487967,0.198257,0.921169,51.6436,5.43263e-12,47756,0.887486,41.1981,1.06086e-12,38445,0.895553,0.876428,0.0878307,0.631141,0.996144,0.511517,0.22039,0.459803,0.228135,0.891603,87.9902,7.64954e-10,30733,0.967162,70.4477,9.04596e-11,52512
24,797,n1->n20->n18->n17->n85->n83->n57->n55->n56->n90->n88->n89->n95->n82->n84->n33->n35->n74->n75->n4->n27->n52->n51,5.37021e+09|4.0293e+11|7.59179e+12|1.51096e+11|2.02447e+09|3.76373e+13|4.14288e+09|8.84081e+12|1.1605e+12|1.33273e+11|9.00567e+12|2.68119e+11|1.05601e+11|1.07979e+13|1.07392e+09|3.64323e+13|5.77859e+11|5.8385e+13|8.71921e+10|7.07339e+12|4.19351e+12|1.02428e+10|7.46708e+11,8.19724e+08|1.89646e+11|4.11836e+12|1.57582e+10|2.41326e+08|2.34723e+13|2.05006e+09|4.69454e+12|5.65456e+11|6.41526e+10|8.66002e+12|9.23423e+10|5.46554e+10|1.66379e+12|9.00899e+08|6.32377e+12|4.88834e+11|7.35096e+12|5.29113e+10|2.43435e+12|8.73344e+11|2.07235e+09|5.06847e+11,0.000494453|5.21063e-05|2.98936e-05|0.000261059|2.04325e-05|1.86087e-05|0.000173612|4.06274e-05|1.7812e-05|0.000319756|6.2721e-05|3.55201e-05|0.000260968|0.000837919|2.14473e-05|1.50316e-05|0.000412952|0.000875739|0.000766915|0.000113681|1.08528e-05|0.00011644|0.000185382,0.000316017|0.000368678|0.000681499|0.000513001|0.000338175|0.000175452|0.00271581|0.000128431|0.000830638|0.000672662|0.000480267|0.000111435|0.000186877|0.00271152|0.000434313|0.00213059|0.00138752|0.00944671|0.000203965|0.00198341|0.00262605|0.00580301|0.00344885,0.0109342|0.0108696|0.0192976|0.0430027|0.0354515|0.015405|0.0328142|0.00843704|0.0231698|0.0285929|0.00850464|0.0107812|0.00282907|0.0278433|0.0473575|0.00968695|0.00215298|0.0280357|0.0243876|0.0350273|0.0303206|0.0398377|0.0365406,0.000178506|0.0181411|0.0120519|0.00442808|0.0266209|0.038157|0.0437642|0.0314938|0.0417641|0.0372754|0.0237676|0.0401575|0.0420997|0.0266174|0.0366447|0.0280967|0.0375959|0.0166219|0.0250863|0.0273051|0.0230682|0.0151024|0.0130093,0.973537|0.923215|0.946711|0.974312|0.940474|0.947801|0.983348|0.908585|0.944528|0.984478|0.962132|0.926416|0.966581|0.934435|0.948551|0.923653|0.952159|0.90082|0.936129|0.917619|0.985376|0.965406|0.98883,4.63983|4.79469|4.38273|5.11322|4.91715|4.11052|1.93323|3.37071|2.55597|4.02061|1.9653|0.0868458|1.09944|0.132111|5.42186|1.04264|5.24666|0.0974208|3.39264|1.56082|4.5695|0.0104102|4.04415,90.7492|89.2299|43.2583|84.7043|92.2019|50.003|61.5999|95.3312|40.6061|14.1987|92.4072|11.8194|75.699|83.37|59.7094|93.5115|67.7415|64.3401|81.7362|52.1141|46.2248|83.3731,0.215706|0.247215|0.218822|0.225161|0.231254|0.1911|0.220389|0.167906|0.166746|0.244274|0.203687|0.168449|0.21275|0.203763|0.183728|0.242679|0.161632|0.220369|0.218556|0.184605|0.183493|0.197114,0.53635|0.652252|0.981182|0.880608|0.604504|0.161388|0.549818|0.402595|0.163177|0.997795|0.876618|0.776387|0.837867|0.808712|0.218166|0.487093|0.301798|0.119032|0.847503|0.200735|0.657987|0.942894,0.869523,0.801463,0.117836,0.0993652,0.460468,0.534015,0.0732846,0.487967,0.198257,0.921169,51.6436,5.43263e-12,47756,0.887486,41.1981,1.06086e-12,38445,0.895553,0.876428,0.0878307,0.631141,0.996144,0.511517,0.22039,0.459803,0.228135,0.891603,87.9902,7.64954e-10,30733,0.967162,70.4477,9.04596e-11,52512
24,798,n1->n99->n98->n57->n83->n84->n82->n80->n78->n44->n41->n43->n45->n72->n71->n24->n33->n32->n34->n15->n63->n61->n51,5.37021e+09|1.57108e+10|1.8266e+13|4.14288e+09|3.76373e+13|1.07392e+09|1.07979e+13|2.45686e+13|3.25238e+10|5.26537e+13|3.95737e+11|1.40931e+10|8.38488e+13|6.83442e+09|7.70008e+11|1.59557e+13|3.64323e+13|1.78367e+12|4.7313e+12|8.77071e+11|6.55204e+12|6.44979e+11|7.46708e+11,8.19724e+08|4.21389e+09|5.99087e+12|2.05006e+09|2.34723e+13|9.00899e+08|1.66379e+12|2.75437e+12|2.30731e+10|2.86817e+13|1.47899e+11|3.26577e+09|1.01787e+13|1.48353e+09|1.60546e+11|4.06569e+12|6.32377e+12|1.05491e+12|1.15705e+12|1.06991e+11|2.63574e+12|1.30372e+11|5.06847e+11,0.000494453|0.00089026|0.000410965|0.000173612|1.86087e-05|2.14473e-05|0.000837919|1.13052e-05|0.000270955|0.000124649|2.35935e-05|0.000955168|1.67225e-05|0.000159499|0.00017279|0.000193265|1.50316e-05|0.000179959|0.000140889|0.000182949|0.000116235|3.71253e-05|0.000185382,0.000316017|0.000350126|0.000548485|0.00271581|0.000175452|0.000434313|0.00271152|0.000238286|0.00167497|0.00158999|0.00412419|0.00344494|0.000742576|0.00384342|0.00123164|0.0012727|0.00213059|0.00292552|0.000270551|0.00274771|0.00126856|0.00313588|0.00344885,0.0109342|0.0362414|0.0295222|0.0328142|0.015405|0.0473575|0.0278433|0.00592883|0.00569443|0.0486405|0.00451081|0.0168583|0.00846218|0.0479977|0.0398828|0.0433038|0.00968695|0.00778345|0.0276207|0.0207315|0.0100727|0.0266048|0.0365406,0.000178506|0.0472365|0.0297366|0.0437642|0.038157|0.0366447|0.0266174|0.0262948|0.0425349|0.00764508|0.00491436|0.0482719|0.0342415|0.0299903|0.0326729|0.00780618|0.0280967|0.0161829|0.0210615|0.0378122|0.0107197|0.0179693|0.0130093,0.973537|0.953794|0.959539|0.983348|0.947801|0.948551|0.934435|0.919013|0.92832|0.932977|0.923722|0.943219|0.934264|0.96924|0.947193|0.90929|0.923653|0.953313|0.904866|0.910795|0.903245|0.958619|0.98883,4.63983|3.07459|2.95405|1.93323|4.11052|5.42186|0.132111|0.100836|3.3614|2.64532|4.11092|2.3897|5.31688|3.90463|0.117525|3.9732|1.04264|0.10397|4.56594|1.89272|4.68449|2.63855|4.04415,66.2586|58.4557|98.2355|50.003|20.1884|83.37|47.0365|66.5291|88.5528|12.7315|43.4967|48.5398|63.1262|45.8448|44.1502|98.0873|61.2747|23.0914|27.3162|11.0615|47.0482|66.5616,0.180129|0.227784|0.190047|0.1911|0.246081|0.203763|0.231931|0.222935|0.200088|0.246433|0.160247|0.218428|0.243732|0.218487|0.204574|0.239791|0.208144|0.18593|0.231681|0.214255|0.167884|0.171721,0.323551|0.686264|0.757428|0.161388|0.599197|0.808712|0.796307|0.109088|0.134865|0.665882|0.922117|0.854577|0.65643|0.29317|0.45026|0.939209|0.704271|0.12287|0.750497|0.692153|0.410418|0.235817,0.869523,0.801463,0.117836,0.0993652,0.460468,0.534015,0.0732846,0.487967,0.198257,0.921169,51.6436,5.43263e-12,47756,0.887486,41.1981,1.06086e-12,38445,0.895553,0.876428,0.0878307,0.631141,0.996144,0.511517,0.22039,0.459803,0.228135,0.891603,87.9902,7.64954e-10,30733,0.967162,70.4477,9.04596e-11,52512
24,799,n1->n99->n97->n27->n28->n69->n70->n72->n45->n43->n44->n41->n39->n38->n36->n64->n65->n37->n81->n79->n63->n61->n51,5.37021e+09|1.57108e+10|2.90604e+09|4.19351e+12|1.34247e+11|8.81277e+09|6.87309e+13|6.83442e+09|8.38488e+13|1.40931e+10|5.26537e+13|3.95737e+11|3.34792e+13|1.16426e+13|7.73972e+11|4.21034e+09|1.12599e+09|2.79748e+13|2.58887e+10|1.47019e+10|6.55204e+12|6.44979e+11|7.46708e+11,8.19724e+08|4.21389e+09|5.04144e+08|8.73344e+11|1.51805e+10|7.57626e+09|9.78332e+12|1.48353e+09|1.01787e+13|3.26577e+09|2.86817e+13|1.47899e+11|1.12013e+13|1.19258e+12|7.77593e+10|1.60867e+09|3.2906e+08|4.96975e+12|8.36206e+09|4.87652e+09|2.63574e+12|1.30372e+11|5.06847e+11,0.000494453|0.00089026|8.81202e-05|1.08528e-05|0.00056516|0.000268039|5.13815e-05|0.000159499|1.67225e-05|0.000955168|0.000124649|2.35935e-05|5.53896e-05|1.04425e-05|0.000426407|1.88732e-05|1.96575e-05|1.06248e-05|0.000268232|0.000133131|0.000116235|3.71253e-05|0.000185382,0.000316017|0.000350126|0.00494291|0.00262605|0.0093172|0.00367819|0.00295865|0.00384342|0.000742576|0.00344494|0.00158999|0.00412419|0.0025393|0.00950649|0.00396778|0.000135861|0.000428116|0.000261291|0.000752991|0.000479664|0.00126856|0.00313588|0.00344885,0.0109342|0.0362414|0.0381696|0.0303206|0.0317261|0.022957|0.0286141|0.0479977|0.00846218|0.0168583|0.0486405|0.00451081|0.00111942|0.0263713|0.00497013|0.0266797|0.00118659|0.0457563|0.0481357|0.0252961|0.0100727|0.0266048|0.0365406,0.000178506|0.0472365|0.00800322|0.0230682|0.03841|0.0100342|0.0216638|0.0299903|0.0342415|0.0482719|0.00764508|0.00491436|0.0449458|0.00318517|0.0341912|0.0436548|0.00176737|0.0105712|0.00997263|0.0203026|0.0107197|0.0179693|0.0130093,0.973537|0.953794|0.90679|0.985376|0.948072|0.975915|0.966653|0.96924|0.934264|0.943219|0.932977|0.923722|0.924329|0.902547|0.94998|0.933821|0.967717|0.964079|0.948836|0.966262|0.903245|0.958619|0.98883,4.63983|3.07459|1.41691|4.5695|1.48687|2.99986|4.60778|3.90463|5.31688|2.3897|2.64532|4.11092|1.19952|5.09423|3.70656|5.77568|4.1126|4.96174|1.5908|3.41737|4.68449|2.63855|4.04415,66.2586|94.4507|31.5608|23.5709|97.1045|74.5377|97.4405|63.1262|48.5398|69.1985|12.7315|38.9947|52.0957|61.2725|43.8659|56.7563|13.4252|88.8597|26.55|16.1844|47.0482|66.5616,0.180129|0.168303|0.219936|0.207151|0.207556|0.172691|0.180102|0.243732|0.218428|0.210513|0.246433|0.18226|0.199024|0.204351|0.241695|0.186349|0.230756|0.211898|0.238834|0.22961|0.167884|0.171721,0.323551|0.263233|0.557853|0.340196|0.438091|0.416585|0.79408|0.65643|0.854577|0.374145|0.665882|0.988985|0.46236|0.413834|0.590576|0.927837|0.986996|0.430076|0.957633|0.217843|0.410418|0.235817,0.869523,0.801463,0.117836,0.0993652,0.460468,0.534015,0.0732846,0.487967,0.198257,0.921169,51.6436,5.43263e-12,47756,0.887486,41.1981,1.06086e-12,38445,0.895553,0.876428,0.0878307,0.631141,0.996144,0.511517,0.22039,0.459803,0.228135,0.891603,87.9902,7.64954e-10,30733,0.967162,70.4477,9.04596e-11,52512
24,800,n1->n99->n77->n72->n70->n87->n86->n76->n75->n74->n57->n83->n81->n79->n63->n15->n34->n32->n31->n30->n29->n50->n51,5.37021e+09|1.57108e+10|5.68112e+11|6.83442e+09|6.87309e+13|7.3435e+12|3.85304e+10|4.21804e+13|8.71921e+10|5.8385e+13|4.14288e+09|3.76373e+13|2.58887e+10|1.47019e+10|6.55204e+12|8.77071e+11|4.7313e+12|1.78367e+12|4.79342e+12|1.26395e+10|3.6336e+13|2.36425e+09|7.46708e+11,8.19724e+08|4.21389e+09|3.56307e+11|1.48353e+09|9.78332e+12|2.79916e+12|4.69095e+09|1.15782e+13|5.29113e+10|7.35096e+12|2.05006e+09|2.34723e+13|8.36206e+09|4.87652e+09|2.63574e+12|1.06991e+11|1.15705e+12|1.05491e+12|4.42443e+12|1.81012e+09|1.77292e+13|4.07889e+08|5.06847e+11,0.000494453|0.00089026|8.49487e-05|0.000159499|5.13815e-05|0.000634307|6.21631e-05|1.88608e-05|0.000766915|0.000875739|0.000173612|1.86087e-05|0.000268232|0.000133131|0.000116235|0.000182949|0.000140889|0.000179959|0.00024651|4.789e-05|0.000125062|1.54283e-05|0.000185382,0.000316017|0.000350126|0.000906866|0.00384342|0.00295865|0.00151267|0.00341054|0.00214239|0.000203965|0.00944671|0.00271581|0.000175452|0.000752991|0.000479664|0.00126856|0.00274771|0.000270551|0.00292552|0.00308746|0.00655588|0.00231296|0.00907722|0.00344885,0.0109342|0.0362414|0.04851|0.0479977|0.0286141|0.0186268|0.0237043|0.00156873|0.0243876|0.0280357|0.0328142|0.015405|0.0481357|0.0252961|0.0100727|0.0207315|0.0276207|0.00778345|0.0211034|0.00398508|0.0255931|0.00638914|0.0365406,0.000178506|0.0472365|0.0115254|0.0299903|0.0216638|0.00979507|0.0488574|0.0470058|0.0250863|0.0166219|0.0437642|0.038157|0.00997263|0.0203026|0.0107197|0.0378122|0.0210615|0.0161829|0.0151027|0.0178703|0.00291922|0.0483596|0.0130093,0.973537|0.953794|0.949999|0.96924|0.966653|0.977244|0.981332|0.989289|0.936129|0.90082|0.983348|0.947801|0.948836|0.966262|0.903245|0.910795|0.904866|0.953313|0.943878|0.972158|0.962742|0.910708|0.98883,4.63983|3.07459|0.722366|3.90463|4.60778|2.33192|4.96971|0.578949|3.39264|0.0974208|1.93323|4.11052|1.5908|3.41737|4.68449|1.89272|4.56594|0.10397|4.82496|5.42296|0.0327787|5.41755|4.04415,66.2586|96.5216|92.3918|97.4405|39.9413|88.9922|37.5994|63.5216|64.3401|95.6836|50.003|78.7627|26.55|16.1844|11.0615|27.3162|23.0914|86.0567|88.6669|29.3504|37.0378|82.9474,0.180129|0.241387|0.167022|0.180102|0.180359|0.246364|0.17745|0.207806|0.220369|0.169856|0.1911|0.170031|0.238834|0.22961|0.214255|0.231681|0.18593|0.16799|0.215598|0.179657|0.191256|0.24308,0.323551|0.664018|0.776051|0.79408|0.129355|0.83582|0.871942|0.844544|0.119032|0.815246|0.161388|0.530775|0.957633|0.217843|0.692153|0.750497|0.12287|0.799966|0.123891|0.887943|0.182586|0.624607,0.869523,0.801463,0.117836,0.0993652,0.460468,0.534015,0.0732846,0.487967,0.198257,0.921169,51.6436,5.43263e-12,47756,0.887486,41.1981,1.06086e-12,38445,0.895553,0.876428,0.0878307,0.631141,0.996144,0.511517,0.22039,0.459803,0.228135,0.891603,87.9902,7.64954e-10,30733,0.967162,70.4477,9.04596e-11,52512
24,801,n1->n20->n18->n70->n69->n76->n30->n31->n33->n24->n23->n77->n93->n91->n92->n94->n96->n14->n13->n15->n29->n50->n51,5.37021e+09|4.0293e+11|7.59179e+12|6.87309e+13|8.81277e+09|4.21804e+13|1.26395e+10|4.79342e+12|3.64323e+13|1.59557e+13|4.63033e+10|5.68112e+11|4.22601e+13|2.84652e+12|1.97334e+09|1.36531e+10|2.51165e+12|3.70261e+10|6.60497e+13|8.77071e+11|3.6336e+13|2.36425e+09|7.46708e+11,8.19724e+08|1.89646e+11|4.11836e+12|9.78332e+12|7.57626e+09|1.15782e+13|1.81012e+09|4.42443e+12|6.32377e+12|4.06569e+12|3.30225e+10|3.56307e+11|1.3774e+13|3.57264e+11|1.46451e+09|1.67171e+09|5.36324e+11|1.44234e+10|8.87204e+12|1.06991e+11|1.77292e+13|4.07889e+08|5.06847e+11,0.000494453|5.21063e-05|2.98936e-05|5.13815e-05|0.000268039|1.88608e-05|4.789e-05|0.00024651|1.50316e-05|0.000193265|0.000277161|8.49487e-05|8.45967e-05|6.93267e-05|2.75832e-05|2.95455e-05|1.2987e-05|3.25754e-05|0.000787814|0.000182949|0.000125062|1.54283e-05|0.000185382,0.000316017|0.000368678|0.000681499|0.00295865|0.00367819|0.00214239|0.00655588|0.00308746|0.00213059|0.0012727|0.00418014|0.000906866|0.000162335|0.00599677|0.0052688|0.000125263|0.000286765|0.000181646|0.00788063|0.00274771|0.00231296|0.00907722|0.00344885,0.0109342|0.0108696|0.0192976|0.0286141|0.022957|0.00156873|0.00398508|0.0211034|0.00968695|0.0433038|0.00314906|0.04851|0.0108045|0.008036|0.0444618|0.00830448|0.0377902|0.0426128|0.0476737|0.0207315|0.0255931|0.00638914|0.0365406,0.000178506|0.0181411|0.0120519|0.0216638|0.0100342|0.0470058|0.0178703|0.0151027|0.0280967|0.00780618|0.0470385|0.0115254|0.0326183|0.015498|0.0387741|0.0293842|0.0195364|0.049061|0.00335145|0.0378122|0.00291922|0.0483596|0.0130093,0.973537|0.923215|0.946711|0.966653|0.975915|0.989289|0.972158|0.943878|0.923653|0.90929|0.92176|0.949999|0.912097|0.964407|0.987763|0.927471|0.951762|0.906626|0.954869|0.910795|0.962742|0.910708|0.98883,4.63983|4.79469|4.38273|4.60778|2.99986|0.578949|5.42296|4.82496|1.04264|3.9732|2.08786|0.722366|5.92115|5.6679|6.03913|5.03384|0.85792|0.762282|5.26639|1.89272|0.0327787|5.41755|4.04415,90.7492|89.2299|55.8812|74.5377|66.666|21.8454|88.6669|95.0453|98.0873|44.8869|39.0733|51.9256|26.8753|32.3713|13.5087|71.0086|54.7186|92.5451|66.6304|32.2763|37.0378|82.9474,0.215706|0.247215|0.234874|0.172691|0.212271|0.220509|0.215598|0.234751|0.239791|0.161116|0.178948|0.247077|0.203549|0.161013|0.230182|0.230021|0.208433|0.191459|0.179788|0.240047|0.191256|0.24308,0.53635|0.652252|0.16843|0.416585|0.890059|0.936019|0.123891|0.258586|0.939209|0.528582|0.23533|0.469529|0.21516|0.940947|0.731663|0.131268|0.448351|0.161307|0.275394|0.895675|0.182586|0.624607,0.869523,0.801463,0.117836,0.0993652,0.460468,0.534015,0.0732846,0.487967,0.198257,0.921169,51.6436,5.43263e-12,47756,0.887486,41.1981,1.06086e-12,38445,0.895553,0.876428,0.0878307,0.631141,0.996144,0.511517,0.22039,0.459803,0.228135,0.891603,87.9902,7.64954e-10,30733,0.967162,70.4477,9.04596e-11,52512
24,802,n1->n13->n11->n29->n28->n27->n97->n95->n89->n48->n46->n47->n26->n24->n71->n72->n45->n43->n44->n42->n63->n61->n51,5.37021e+09|6.60497e+13|1.78735e+12|3.6336e+13|1.34247e+11|4.19351e+12|2.90604e+09|1.05601e+11|2.68119e+11|3.98001e+12|5.53417e+12|4.74236e+11|7.09351e+09|1.59557e+13|7.70008e+11|6.83442e+09|8.38488e+13|1.40931e+10|5.26537e+13|2.42905e+09|6.55204e+12|6.44979e+11|7.46708e+11,8.19724e+08|8.87204e+12|3.29521e+11|1.77292e+13|1.51805e+10|8.73344e+11|5.04144e+08|5.46554e+10|9.23423e+10|1.69514e+12|1.63629e+12|1.54765e+11|1.31666e+09|4.06569e+12|1.60546e+11|1.48353e+09|1.01787e+13|3.26577e+09|2.86817e+13|2.47264e+08|2.63574e+12|1.30372e+11|5.06847e+11,0.000494453|0.000787814|5.47786e-05|0.000125062|0.00056516|1.08528e-05|8.81202e-05|0.000260968|3.55201e-05|4.78153e-05|0.000489732|0.000202873|3.77967e-05|0.000193265|0.00017279|0.000159499|1.67225e-05|0.000955168|0.000124649|8.79758e-05|0.000116235|3.71253e-05|0.000185382,0.000316017|0.00788063|0.00652494|0.00231296|0.0093172|0.00262605|0.00494291|0.000186877|0.000111435|0.00544009|0.000159088|0.000266598|0.00522178|0.0012727|0.00123164|0.00384342|0.000742576|0.00344494|0.00158999|0.000493531|0.00126856|0.00313588|0.00344885,0.0109342|0.0476737|0.00125292|0.0255931|0.0317261|0.0303206|0.0381696|0.00282907|0.0107812|0.0455031|0.029055|0.00898217|0.0101688|0.0433038|0.0398828|0.0479977|0.00846218|0.0168583|0.0486405|0.00783732|0.0100727|0.0266048|0.0365406,0.000178506|0.00335145|0.0136412|0.00291922|0.03841|0.0230682|0.00800322|0.0420997|0.0401575|0.0360942|0.0302566|0.0488958|0.0409649|0.00780618|0.0326729|0.0299903|0.0342415|0.0482719|0.00764508|0.0327962|0.0107197|0.0179693|0.0130093,0.973537|0.954869|0.988894|0.962742|0.948072|0.985376|0.90679|0.966581|0.926416|0.967439|0.923372|0.9108|0.981638|0.90929|0.947193|0.96924|0.934264|0.943219|0.932977|0.960936|0.903245|0.958619|0.98883,4.63983|5.26639|0.923897|0.0327787|1.48687|4.5695|1.41691|1.09944|0.0868458|3.09858|0.31178|6.27947|2.91399|3.9732|0.117525|3.90463|5.31688|2.3897|2.64532|0.765875|4.68449|2.63855|4.04415,79.8117|13.9548|13.2112|18.7034|23.5709|31.5608|11.8968|11.8194|94.0077|41.9872|71.5316|70.8805|83.4704|44.1502|45.8448|63.1262|48.5398|69.1985|21.0603|97.0433|47.0482|66.5616,0.246796|0.189728|0.219003|0.249902|0.207151|0.219936|0.228013|0.168449|0.234363|0.178665|0.196056|0.189485|0.216464|0.204574|0.218487|0.243732|0.218428|0.210513|0.23095|0.211509|0.167884|0.171721,0.338018|0.801183|0.427028|0.259002|0.340196|0.557853|0.342677|0.776387|0.948873|0.182289|0.758317|0.757042|0.583168|0.45026|0.29317|0.65643|0.854577|0.374145|0.399278|0.758395|0.410418|0.235817,0.869523,0.801463,0.117836,0.0993652,0.460468,0.534015,0.0732846,0.487967,0.198257,0.921169,51.6436,5.43263e-12,47756,0.887486,41.1981,1.06086e-12,38445,0.895553,0.876428,0.0878307,0.631141,0.996144,0.511517,0.22039,0.459803,0.228135,0.891603,87.9902,7.64954e-10,30733,0.967162,70.4477,9.04596e-11,52512
24,803,n1->n20->n96->n94->n93->n77->n23->n83->n57->n74->n75->n71->n72->n45->n44->n42->n40->n54->n73->n10->n63->n61->n51,5.37021e+09|4.0293e+11|2.51165e+12|1.36531e+10|4.22601e+13|5.68112e+11|4.63033e+10|3.76373e+13|4.14288e+09|5.8385e+13|8.71921e+10|7.70008e+11|6.83442e+09|8.38488e+13|5.26537e+13|2.42905e+09|3.58065e+10|2.80961e+11|1.41706e+11|2.49624e+09|6.55204e+12|6.44979e+11|7.46708e+11,8.19724e+08|1.89646e+11|5.36324e+11|1.67171e+09|1.3774e+13|3.56307e+11|3.30225e+10|2.34723e+13|2.05006e+09|7.35096e+12|5.29113e+10|1.60546e+11|1.48353e+09|1.01787e+13|2.86817e+13|2.47264e+08|4.14657e+09|2.23178e+11|5.76853e+10|7.32581e+08|2.63574e+12|1.30372e+11|5.06847e+11,0.000494453|5.21063e-05|1.2987e-05|2.95455e-05|8.45967e-05|8.49487e-05|0.000277161|1.86087e-05|0.000173612|0.000875739|0.000766915|0.00017279|0.000159499|1.67225e-05|0.000124649|8.79758e-05|6.01341e-05|1.47667e-05|6.32916e-05|6.27016e-05|0.000116235|3.71253e-05|0.000185382,0.000316017|0.000368678|0.000286765|0.000125263|0.000162335|0.000906866|0.00418014|0.000175452|0.00271581|0.00944671|0.000203965|0.00123164|0.00384342|0.000742576|0.00158999|0.000493531|0.00268841|0.00549128|0.000807753|0.00113469|0.00126856|0.00313588|0.00344885,0.0109342|0.0108696|0.0377902|0.00830448|0.0108045|0.04851|0.00314906|0.015405|0.0328142|0.0280357|0.0243876|0.0398828|0.0479977|0.00846218|0.0486405|0.00783732|0.0249103|0.0334079|0.0455502|0.00597815|0.0100727|0.0266048|0.0365406,0.000178506|0.0181411|0.0195364|0.0293842|0.0326183|0.0115254|0.0470385|0.038157|0.0437642|0.0166219|0.0250863|0.0326729|0.0299903|0.0342415|0.00764508|0.0327962|0.033399|0.00844474|0.028193|0.0245713|0.0107197|0.0179693|0.0130093,0.973537|0.923215|0.951762|0.927471|0.912097|0.949999|0.92176|0.947801|0.983348|0.90082|0.936129|0.947193|0.96924|0.934264|0.932977|0.960936|0.920308|0.927525|0.909539|0.962416|0.903245|0.958619|0.98883,4.63983|4.79469|0.85792|5.03384|5.92115|0.722366|2.08786|4.11052|1.93323|0.0974208|3.39264|0.117525|3.90463|5.31688|2.64532|0.765875|2.50002|1.22009|3.29092|1.97158|4.68449|2.63855|4.04415,90.7492|58.7029|71.0086|63.1349|51.9256|39.0733|23.518|50.003|95.6836|64.3401|14.5634|45.8448|63.1262|57.1366|21.0603|77.6192|12.2677|26.1465|29.3778|65.1286|47.0482|66.5616,0.215706|0.201188|0.230021|0.209804|0.247077|0.178948|0.181099|0.1911|0.169856|0.220369|0.169453|0.218487|0.243732|0.235241|0.23095|0.243521|0.248162|0.196311|0.202302|0.203746|0.167884|0.171721,0.53635|0.666395|0.131268|0.17375|0.469529|0.23533|0.741177|0.161388|0.815246|0.119032|0.275247|0.29317|0.65643|0.218954|0.399278|0.14346|0.812759|0.754315|0.747283|0.514129|0.410418|0.235817,0.869523,0.801463,0.117836,0.0993652,0.460468,0.534015,0.0732846,0.487967,0.198257,0.921169,51.6436,5.43263e-12,47756,0.887486,41.1981,1.06086e-12,38445,0.895553,0.876428,0.0878307,0.631141,0.996144,0.511517,0.22039,0.459803,0.228135,0.891603,87.9902,7.64954e-10,30733,0.967162,70.4477,9.04596e-11,52512
24,804,n1->n13->n15->n29->n28->n69->n70->n72->n77->n93->n64->n62->n61->n63->n42->n40->n54->n55->n56->n90->n59->n50->n51,5.37021e+09|6.60497e+13|8.77071e+11|3.6336e+13|1.34247e+11|8.81277e+09|6.87309e+13|6.83442e+09|5.68112e+11|4.22601e+13|4.21034e+09|2.37342e+11|6.44979e+11|6.55204e+12|2.42905e+09|3.58065e+10|2.80961e+11|8.84081e+12|1.1605e+12|1.33273e+11|3.04563e+11|2.36425e+09|7.46708e+11,8.19724e+08|8.87204e+12|1.06991e+11|1.77292e+13|1.51805e+10|7.57626e+09|9.78332e+12|1.48353e+09|3.56307e+11|1.3774e+13|1.60867e+09|1.13053e+11|1.30372e+11|2.63574e+12|2.47264e+08|4.14657e+09|2.23178e+11|4.69454e+12|5.65456e+11|6.41526e+10|3.06423e+10|4.07889e+08|5.06847e+11,0.000494453|0.000787814|0.000182949|0.000125062|0.00056516|0.000268039|5.13815e-05|0.000159499|8.49487e-05|8.45967e-05|1.88732e-05|8.24006e-05|3.71253e-05|0.000116235|8.79758e-05|6.01341e-05|1.47667e-05|4.06274e-05|1.7812e-05|0.000319756|2.43107e-05|1.54283e-05|0.000185382,0.000316017|0.00788063|0.00274771|0.00231296|0.0093172|0.00367819|0.00295865|0.00384342|0.000906866|0.000162335|0.000135861|0.00794111|0.00313588|0.00126856|0.000493531|0.00268841|0.00549128|0.000128431|0.000830638|0.000672662|0.000202742|0.00907722|0.00344885,0.0109342|0.0476737|0.0207315|0.0255931|0.0317261|0.022957|0.0286141|0.0479977|0.04851|0.0108045|0.0266797|0.0242596|0.0266048|0.0100727|0.00783732|0.0249103|0.0334079|0.00843704|0.0231698|0.0285929|0.00304046|0.00638914|0.0365406,0.000178506|0.00335145|0.0378122|0.00291922|0.03841|0.0100342|0.0216638|0.0299903|0.0115254|0.0326183|0.0436548|0.0480911|0.0179693|0.0107197|0.0327962|0.033399|0.00844474|0.0314938|0.0417641|0.0372754|0.0474075|0.0483596|0.0130093,0.973537|0.954869|0.910795|0.962742|0.948072|0.975915|0.966653|0.96924|0.949999|0.912097|0.933821|0.98053|0.958619|0.903245|0.960936|0.920308|0.927525|0.908585|0.944528|0.984478|0.99171|0.910708|0.98883,4.63983|5.26639|1.89272|0.0327787|1.48687|2.99986|4.60778|3.90463|0.722366|5.92115|5.77568|5.59786|2.63855|4.68449|0.765875|2.50002|1.22009|3.37071|2.55597|4.02061|5.60303|5.41755|4.04415,79.8117|66.6304|32.2763|18.7034|97.1045|74.5377|97.4405|92.3918|51.9256|32.5899|93.0484|89.0369|47.0482|97.0433|77.6192|12.2677|27.8669|95.3312|40.6061|62.2588|47.7013|82.9474,0.246796|0.179788|0.240047|0.249902|0.207556|0.172691|0.180102|0.167022|0.247077|0.178102|0.176232|0.198053|0.167884|0.211509|0.243521|0.248162|0.169326|0.167906|0.166746|0.169222|0.170229|0.24308,0.338018|0.275394|0.895675|0.259002|0.438091|0.416585|0.79408|0.776051|0.469529|0.548301|0.182879|0.704733|0.410418|0.758395|0.14346|0.812759|0.414082|0.402595|0.163177|0.361153|0.776444|0.624607,0.869523,0.801463,0.117836,0.0993652,0.460468,0.534015,0.0732846,0.487967,0.198257,0.921169,51.6436,5.43263e-12,47756,0.887486,41.1981,1.06086e-12,38445,0.895553,0.876428,0.0878307,0.631141,0.996144,0.511517,0.22039,0.459803,0.228135,0.891603,87.9902,7.64954e-10,30733,0.967162,70.4477,9.04596e-11,52512
24,805,n1->n20->n89->n88->n87->n86->n76->n78->n80->n82->n63->n42->n40->n54->n55->n56->n90->n59->n60->n62->n64->n49->n51,5.37021e+09|4.0293e+11|2.68119e+11|9.00567e+12|7.3435e+12|3.85304e+10|4.21804e+13|3.25238e+10|2.45686e+13|1.07979e+13|6.55204e+12|2.42905e+09|3.58065e+10|2.80961e+11|8.84081e+12|1.1605e+12|1.33273e+11|3.04563e+11|8.79841e+13|2.37342e+11|4.21034e+09|2.45005e+09|7.46708e+11,8.19724e+08|1.89646e+11|9.23423e+10|8.66002e+12|2.79916e+12|4.69095e+09|1.15782e+13|2.30731e+10|2.75437e+12|1.66379e+12|2.63574e+12|2.47264e+08|4.14657e+09|2.23178e+11|4.69454e+12|5.65456e+11|6.41526e+10|3.06423e+10|5.95756e+13|1.13053e+11|1.60867e+09|2.44458e+09|5.06847e+11,0.000494453|5.21063e-05|3.55201e-05|6.2721e-05|0.000634307|6.21631e-05|1.88608e-05|0.000270955|1.13052e-05|0.000837919|0.000116235|8.79758e-05|6.01341e-05|1.47667e-05|4.06274e-05|1.7812e-05|0.000319756|2.43107e-05|0.000731749|8.24006e-05|1.88732e-05|1.07426e-05|0.000185382,0.000316017|0.000368678|0.000111435|0.000480267|0.00151267|0.00341054|0.00214239|0.00167497|0.000238286|0.00271152|0.00126856|0.000493531|0.00268841|0.00549128|0.000128431|0.000830638|0.000672662|0.000202742|0.000248463|0.00794111|0.000135861|0.000979027|0.00344885,0.0109342|0.0108696|0.0107812|0.00850464|0.0186268|0.0237043|0.00156873|0.00569443|0.00592883|0.0278433|0.0100727|0.00783732|0.0249103|0.0334079|0.00843704|0.0231698|0.0285929|0.00304046|0.0128442|0.0242596|0.0266797|0.0183567|0.0365406,0.000178506|0.0181411|0.0401575|0.0237676|0.00979507|0.0488574|0.0470058|0.0425349|0.0262948|0.0266174|0.0107197|0.0327962|0.033399|0.00844474|0.0314938|0.0417641|0.0372754|0.0474075|0.0431033|0.0480911|0.0436548|0.0388066|0.0130093,0.973537|0.923215|0.926416|0.962132|0.977244|0.981332|0.989289|0.92832|0.919013|0.934435|0.903245|0.960936|0.920308|0.927525|0.908585|0.944528|0.984478|0.99171|0.945549|0.98053|0.933821|0.969899|0.98883,4.63983|4.79469|0.0868458|1.9653|2.33192|4.96971|0.578949|3.3614|0.100836|0.132111|4.68449|0.765875|2.50002|1.22009|3.37071|2.55597|4.02061|5.60303|4.50487|5.59786|5.77568|3.94615|4.04415,90.7492|18.2346|92.4072|57.0974|88.9922|37.5994|69.3348|66.5291|47.0365|48.6997|97.0433|77.6192|12.2677|27.8669|95.3312|40.6061|62.2588|76.8491|48.3985|93.0484|77.768|10.4661,0.215706|0.231355|0.203687|0.227675|0.246364|0.17745|0.194827|0.222935|0.231931|0.175742|0.211509|0.243521|0.248162|0.169326|0.167906|0.166746|0.169222|0.204072|0.17162|0.176232|0.165457|0.216931,0.53635|0.595303|0.876618|0.396625|0.83582|0.871942|0.93416|0.109088|0.796307|0.4301|0.758395|0.14346|0.812759|0.414082|0.402595|0.163177|0.361153|0.509755|0.641887|0.182879|0.348083|0.516407,0.869523,0.801463,0.117836,0.0993652,0.460468,0.534015,0.0732846,0.487967,0.198257,0.921169,51.6436,5.43263e-12,47756,0.887486,41.1981,1.06086e-12,38445,0.895553,0.876428,0.0878307,0.631141,0.996144,0.511517,0.22039,0.459803,0.228135,0.891603,87.9902,7.64954e-10,30733,0.967162,70.4477,9.04596e-11,52512
24,806,n1->n13->n12->n14->n75->n74->n57->n83->n84->n56->n90->n89->n88->n87->n70->n72->n45->n47->n26->n25->n27->n52->n51,5.37021e+09|6.60497e+13|9.70597e+10|3.70261e+10|8.71921e+10|5.8385e+13|4.14288e+09|3.76373e+13|1.07392e+09|1.1605e+12|1.33273e+11|2.68119e+11|9.00567e+12|7.3435e+12|6.87309e+13|6.83442e+09|8.38488e+13|4.74236e+11|7.09351e+09|1.67189e+13|4.19351e+12|1.02428e+10|7.46708e+11,8.19724e+08|8.87204e+12|2.76143e+10|1.44234e+10|5.29113e+10|7.35096e+12|2.05006e+09|2.34723e+13|9.00899e+08|5.65456e+11|6.41526e+10|9.23423e+10|8.66002e+12|2.79916e+12|9.78332e+12|1.48353e+09|1.01787e+13|1.54765e+11|1.31666e+09|1.40059e+13|8.73344e+11|2.07235e+09|5.06847e+11,0.000494453|0.000787814|0.000201974|3.25754e-05|0.000766915|0.000875739|0.000173612|1.86087e-05|2.14473e-05|1.7812e-05|0.000319756|3.55201e-05|6.2721e-05|0.000634307|5.13815e-05|0.000159499|1.67225e-05|0.000202873|3.77967e-05|6.30741e-05|1.08528e-05|0.00011644|0.000185382,0.000316017|0.00788063|0.0016732|0.000181646|0.000203965|0.00944671|0.00271581|0.000175452|0.000434313|0.000830638|0.000672662|0.000111435|0.000480267|0.00151267|0.00295865|0.00384342|0.000742576|0.000266598|0.00522178|0.00294926|0.00262605|0.00580301|0.00344885,0.0109342|0.0476737|0.0313381|0.0426128|0.0243876|0.0280357|0.0328142|0.015405|0.0473575|0.0231698|0.0285929|0.0107812|0.00850464|0.0186268|0.0286141|0.0479977|0.00846218|0.00898217|0.0101688|0.0195393|0.0303206|0.0398377|0.0365406,0.000178506|0.00335145|0.0470205|0.049061|0.0250863|0.0166219|0.0437642|0.038157|0.0366447|0.0417641|0.0372754|0.0401575|0.0237676|0.00979507|0.0216638|0.0299903|0.0342415|0.0488958|0.0409649|0.0159438|0.0230682|0.0151024|0.0130093,0.973537|0.954869|0.937315|0.906626|0.936129|0.90082|0.983348|0.947801|0.948551|0.944528|0.984478|0.926416|0.962132|0.977244|0.966653|0.96924|0.934264|0.9108|0.981638|0.9023|0.985376|0.965406|0.98883,4.63983|5.26639|3.07758|0.762282|3.39264|0.0974208|1.93323|4.11052|5.42186|2.55597|4.02061|0.0868458|1.9653|2.33192|4.60778|3.90463|5.31688|6.27947|2.91399|1.57149|4.5695|0.0104102|4.04415,79.8117|56.34|51.9585|56.2706|64.3401|95.6836|50.003|20.1884|34.4372|40.6061|12.726|92.4072|57.0974|39.9413|97.4405|63.1262|40.979|70.8805|63.0993|64.4551|46.2248|83.3731,0.246796|0.206669|0.222459|0.226178|0.220369|0.169856|0.1911|0.246081|0.222961|0.166746|0.226099|0.203687|0.227675|0.180359|0.180102|0.243732|0.216949|0.189485|0.228799|0.242248|0.183493|0.197114,0.338018|0.285239|0.326911|0.725021|0.119032|0.815246|0.161388|0.599197|0.762891|0.163177|0.757755|0.876618|0.396625|0.129355|0.79408|0.65643|0.317946|0.757042|0.359402|0.837222|0.657987|0.942894,0.869523,0.801463,0.117836,0.0993652,0.460468,0.534015,0.0732846,0.487967,0.198257,0.921169,51.6436,5.43263e-12,47756,0.887486,41.1981,1.06086e-12,38445,0.895553,0.876428,0.0878307,0.631141,0.996144,0.511517,0.22039,0.459803,0.228135,0.891603,87.9902,7.64954e-10,30733,0.967162,70.4477,9.04596e-11,52512
24,807,n1->n99->n98->n57->n55->n56->n54->n73->n10->n8->n7->n9->n11->n29->n28->n69->n70->n87->n88->n89->n48->n50->n51,5.37021e+09|1.57108e+10|1.8266e+13|4.14288e+09|8.84081e+12|1.1605e+12|2.80961e+11|1.41706e+11|2.49624e+09|4.61239e+13|3.81012e+11|1.49139e+12|1.78735e+12|3.6336e+13|1.34247e+11|8.81277e+09|6.87309e+13|7.3435e+12|9.00567e+12|2.68119e+11|3.98001e+12|2.36425e+09|7.46708e+11,8.19724e+08|4.21389e+09|5.99087e+12|2.05006e+09|4.69454e+12|5.65456e+11|2.23178e+11|5.76853e+10|7.32581e+08|1.04208e+13|6.70334e+10|3.79906e+11|3.29521e+11|1.77292e+13|1.51805e+10|7.57626e+09|9.78332e+12|2.79916e+12|8.66002e+12|9.23423e+10|1.69514e+12|4.07889e+08|5.06847e+11,0.000494453|0.00089026|0.000410965|0.000173612|4.06274e-05|1.7812e-05|1.47667e-05|6.32916e-05|6.27016e-05|6.6054e-05|0.000475679|1.80008e-05|5.47786e-05|0.000125062|0.00056516|0.000268039|5.13815e-05|0.000634307|6.2721e-05|3.55201e-05|4.78153e-05|1.54283e-05|0.000185382,0.000316017|0.000350126|0.000548485|0.00271581|0.000128431|0.000830638|0.00549128|0.000807753|0.00113469|0.00522046|0.00104538|0.00065196|0.00652494|0.00231296|0.0093172|0.00367819|0.00295865|0.00151267|0.000480267|0.000111435|0.00544009|0.00907722|0.00344885,0.0109342|0.0362414|0.0295222|0.0328142|0.00843704|0.0231698|0.0334079|0.0455502|0.00597815|0.0318744|0.01754|0.0140743|0.00125292|0.0255931|0.0317261|0.022957|0.0286141|0.0186268|0.00850464|0.0107812|0.0455031|0.00638914|0.0365406,0.000178506|0.0472365|0.0297366|0.0437642|0.0314938|0.0417641|0.00844474|0.028193|0.0245713|0.0483133|0.0283975|0.033904|0.0136412|0.00291922|0.03841|0.0100342|0.0216638|0.00979507|0.0237676|0.0401575|0.0360942|0.0483596|0.0130093,0.973537|0.953794|0.959539|0.983348|0.908585|0.944528|0.927525|0.909539|0.962416|0.975256|0.963898|0.963574|0.988894|0.962742|0.948072|0.975915|0.966653|0.977244|0.962132|0.926416|0.967439|0.910708|0.98883,4.63983|3.07459|2.95405|1.93323|3.37071|2.55597|1.22009|3.29092|1.97158|3.22282|3.51107|5.88966|0.923897|0.0327787|1.48687|2.99986|4.60778|2.33192|1.9653|0.0868458|3.09858|5.41755|4.04415,66.2586|58.4557|98.2355|61.5999|95.3312|42.6814|26.1465|29.3778|99.595|55.4093|59.8148|99.0064|13.2112|18.7034|97.1045|74.5377|39.9413|57.0974|92.4072|94.0077|23.5956|82.9474,0.180129|0.227784|0.190047|0.220389|0.167906|0.167734|0.196311|0.202302|0.184434|0.230451|0.18359|0.201409|0.219003|0.249902|0.207556|0.172691|0.180359|0.227675|0.203687|0.234363|0.191801|0.24308,0.323551|0.686264|0.757428|0.549818|0.402595|0.927159|0.754315|0.747283|0.703378|0.745697|0.339058|0.439638|0.427028|0.259002|0.438091|0.416585|0.129355|0.396625|0.876618|0.948873|0.688345|0.624607,0.869523,0.801463,0.117836,0.0993652,0.460468,0.534015,0.0732846,0.487967,0.198257,0.921169,51.6436,5.43263e-12,47756,0.887486,41.1981,1.06086e-12,38445,0.895553,0.876428,0.0878307,0.631141,0.996144,0.511517,0.22039,0.459803,0.228135,0.891603,87.9902,7.64954e-10,30733,0.967162,70.4477,9.04596e-11,52512
24,808,n1->n13->n12->n14->n75->n74->n22->n68->n19->n18->n17->n85->n84->n82->n54->n55->n57->n98->n99->n97->n96->n94->n51,5.37021e+09|6.60497e+13|9.70597e+10|3.70261e+10|8.71921e+10|5.8385e+13|1.47e+10|1.31753e+09|2.47533e+11|7.59179e+12|1.51096e+11|2.02447e+09|1.07392e+09|1.07979e+13|2.80961e+11|8.84081e+12|4.14288e+09|1.8266e+13|1.57108e+10|2.90604e+09|2.51165e+12|1.36531e+10|7.46708e+11,8.19724e+08|8.87204e+12|2.76143e+10|1.44234e+10|5.29113e+10|7.35096e+12|9.51029e+09|3.10679e+08|2.33399e+11|4.11836e+12|1.57582e+10|2.41326e+08|9.00899e+08|1.66379e+12|2.23178e+11|4.69454e+12|2.05006e+09|5.99087e+12|4.21389e+09|5.04144e+08|5.36324e+11|1.67171e+09|5.06847e+11,0.000494453|0.000787814|0.000201974|3.25754e-05|0.000766915|0.000875739|1.77434e-05|0.000223952|0.000261527|2.98936e-05|0.000261059|2.04325e-05|2.14473e-05|0.000837919|1.47667e-05|4.06274e-05|0.000173612|0.000410965|0.00089026|8.81202e-05|1.2987e-05|2.95455e-05|0.000185382,0.000316017|0.00788063|0.0016732|0.000181646|0.000203965|0.00944671|0.0006856|0.00843573|0.000768065|0.000681499|0.000513001|0.000338175|0.000434313|0.00271152|0.00549128|0.000128431|0.00271581|0.000548485|0.000350126|0.00494291|0.000286765|0.000125263|0.00344885,0.0109342|0.0476737|0.0313381|0.0426128|0.0243876|0.0280357|0.0408661|0.0370095|0.0201979|0.0192976|0.0430027|0.0354515|0.0473575|0.0278433|0.0334079|0.00843704|0.0328142|0.0295222|0.0362414|0.0381696|0.0377902|0.00830448|0.0365406,0.000178506|0.00335145|0.0470205|0.049061|0.0250863|0.0166219|0.040072|0.00589983|0.0291803|0.0120519|0.00442808|0.0266209|0.0366447|0.0266174|0.00844474|0.0314938|0.0437642|0.0297366|0.0472365|0.00800322|0.0195364|0.0293842|0.0130093,0.973537|0.954869|0.937315|0.906626|0.936129|0.90082|0.95984|0.984554|0.941018|0.946711|0.974312|0.940474|0.948551|0.934435|0.927525|0.908585|0.983348|0.959539|0.953794|0.90679|0.951762|0.927471|0.98883,4.63983|5.26639|3.07758|0.762282|3.39264|0.0974208|0.048646|5.26958|1.39448|4.38273|5.11322|4.91715|5.42186|0.132111|1.22009|3.37071|1.93323|2.95405|3.07459|1.41691|0.85792|5.03384|4.04415,79.8117|56.34|51.9585|56.2706|64.3401|63.8366|15.3326|67.5745|34.0839|43.2583|84.7043|82.1833|83.37|41.1455|27.8669|61.5999|98.2355|58.4557|94.4507|37.9513|71.0086|11.2844,0.246796|0.206669|0.222459|0.226178|0.220369|0.241428|0.236297|0.2055|0.248409|0.218822|0.225161|0.216313|0.203763|0.242874|0.169326|0.220389|0.190047|0.227784|0.168303|0.246589|0.230021|0.200895,0.338018|0.285239|0.326911|0.725021|0.119032|0.480684|0.655447|0.968257|0.983209|0.981182|0.880608|0.528406|0.808712|0.378494|0.414082|0.549818|0.757428|0.686264|0.263233|0.157157|0.131268|0.836539,0.869523,0.801463,0.117836,0.0993652,0.460468,0.534015,0.0732846,0.487967,0.198257,0.921169,51.6436,5.43263e-12,47756,0.887486,41.1981,1.06086e-12,38445,0.895553,0.876428,0.0878307,0.631141,0.996144,0.511517,0.22039,0.459803,0.228135,0.891603,87.9902,7.64954e-10,30733,0.967162,70.4477,9.04596e-11,52512
24,809,n1->n99->n77->n72->n73->n10->n8->n12->n14->n13->n11->n9->n7->n5->n3->n69->n70->n87->n88->n89->n48->n50->n51,5.37021e+09|1.57108e+10|5.68112e+11|6.83442e+09|1.41706e+11|2.49624e+09|4.61239e+13|9.70597e+10|3.70261e+10|6.60497e+13|1.78735e+12|1.49139e+12|3.81012e+11|2.91995e+11|2.78751e+13|8.81277e+09|6.87309e+13|7.3435e+12|9.00567e+12|2.68119e+11|3.98001e+12|2.36425e+09|7.46708e+11,8.19724e+08|4.21389e+09|3.56307e+11|1.48353e+09|5.76853e+10|7.32581e+08|1.04208e+13|2.76143e+10|1.44234e+10|8.87204e+12|3.29521e+11|3.79906e+11|6.70334e+10|4.67133e+10|1.44762e+13|7.57626e+09|9.78332e+12|2.79916e+12|8.66002e+12|9.23423e+10|1.69514e+12|4.07889e+08|5.06847e+11,0.000494453|0.00089026|8.49487e-05|0.000159499|6.32916e-05|6.27016e-05|6.6054e-05|0.000201974|3.25754e-05|0.000787814|5.47786e-05|1.80008e-05|0.000475679|7.03031e-05|0.00022361|0.000268039|5.13815e-05|0.000634307|6.2721e-05|3.55201e-05|4.78153e-05|1.54283e-05|0.000185382,0.000316017|0.000350126|0.000906866|0.00384342|0.000807753|0.00113469|0.00522046|0.0016732|0.000181646|0.00788063|0.00652494|0.00065196|0.00104538|0.000196916|0.00776667|0.00367819|0.00295865|0.00151267|0.000480267|0.000111435|0.00544009|0.00907722|0.00344885,0.0109342|0.0362414|0.04851|0.0479977|0.0455502|0.00597815|0.0318744|0.0313381|0.0426128|0.0476737|0.00125292|0.0140743|0.01754|0.00731162|0.0268705|0.022957|0.0286141|0.0186268|0.00850464|0.0107812|0.0455031|0.00638914|0.0365406,0.000178506|0.0472365|0.0115254|0.0299903|0.028193|0.0245713|0.0483133|0.0470205|0.049061|0.00335145|0.0136412|0.033904|0.0283975|0.0421608|0.0326941|0.0100342|0.0216638|0.00979507|0.0237676|0.0401575|0.0360942|0.0483596|0.0130093,0.973537|0.953794|0.949999|0.96924|0.909539|0.962416|0.975256|0.937315|0.906626|0.954869|0.988894|0.963574|0.963898|0.951514|0.982466|0.975915|0.966653|0.977244|0.962132|0.926416|0.967439|0.910708|0.98883,4.63983|3.07459|0.722366|3.90463|3.29092|1.97158|3.22282|3.07758|0.762282|5.26639|0.923897|5.88966|3.51107|4.90362|4.79844|2.99986|4.60778|2.33192|1.9653|0.0868458|3.09858|5.41755|4.04415,66.2586|96.5216|92.3918|29.1617|29.3778|99.595|81.3396|51.9585|92.5451|13.9548|99.0064|59.8148|37.2729|10.4739|83.9106|74.5377|39.9413|57.0974|92.4072|94.0077|23.5956|82.9474,0.180129|0.241387|0.167022|0.178937|0.202302|0.184434|0.186476|0.222459|0.191459|0.189728|0.201409|0.18359|0.176784|0.163561|0.204476|0.172691|0.180359|0.227675|0.203687|0.234363|0.191801|0.24308,0.323551|0.664018|0.776051|0.920295|0.747283|0.703378|0.379326|0.326911|0.161307|0.801183|0.439638|0.339058|0.943162|0.469027|0.65353|0.416585|0.129355|0.396625|0.876618|0.948873|0.688345|0.624607,0.869523,0.801463,0.117836,0.0993652,0.460468,0.534015,0.0732846,0.487967,0.198257,0.921169,51.6436,5.43263e-12,47756,0.887486,41.1981,1.06086e-12,38445,0.895553,0.876428,0.0878307,0.631141,0.996144,0.511517,0.22039,0.459803,0.228135,0.891603,87.9902,7.64954e-10,30733,0.967162,70.4477,9.04596e-11,52512
24,810,n1->n13->n15->n29->n50->n48->n46->n62->n61->n63->n79->n81->n80->n78->n85->n17->n68->n22->n21->n20->n96->n94->n51,5.37021e+09|6.60497e+13|8.77071e+11|3.6336e+13|2.36425e+09|3.98001e+12|5.53417e+12|2.37342e+11|6.44979e+11|6.55204e+12|1.47019e+10|2.58887e+10|2.45686e+13|3.25238e+10|2.02447e+09|1.51096e+11|1.31753e+09|1.47e+10|1.56161e+12|4.0293e+11|2.51165e+12|1.36531e+10|7.46708e+11,8.19724e+08|8.87204e+12|1.06991e+11|1.77292e+13|4.07889e+08|1.69514e+12|1.63629e+12|1.13053e+11|1.30372e+11|2.63574e+12|4.87652e+09|8.36206e+09|2.75437e+12|2.30731e+10|2.41326e+08|1.57582e+10|3.10679e+08|9.51029e+09|3.02345e+11|1.89646e+11|5.36324e+11|1.67171e+09|5.06847e+11,0.000494453|0.000787814|0.000182949|0.000125062|1.54283e-05|4.78153e-05|0.000489732|8.24006e-05|3.71253e-05|0.000116235|0.000133131|0.000268232|1.13052e-05|0.000270955|2.04325e-05|0.000261059|0.000223952|1.77434e-05|0.00096308|5.21063e-05|1.2987e-05|2.95455e-05|0.000185382,0.000316017|0.00788063|0.00274771|0.00231296|0.00907722|0.00544009|0.000159088|0.00794111|0.00313588|0.00126856|0.000479664|0.000752991|0.000238286|0.00167497|0.000338175|0.000513001|0.00843573|0.0006856|0.00195589|0.000368678|0.000286765|0.000125263|0.00344885,0.0109342|0.0476737|0.0207315|0.0255931|0.00638914|0.0455031|0.029055|0.0242596|0.0266048|0.0100727|0.0252961|0.0481357|0.00592883|0.00569443|0.0354515|0.0430027|0.0370095|0.0408661|0.00712365|0.0108696|0.0377902|0.00830448|0.0365406,0.000178506|0.00335145|0.0378122|0.00291922|0.0483596|0.0360942|0.0302566|0.0480911|0.0179693|0.0107197|0.0203026|0.00997263|0.0262948|0.0425349|0.0266209|0.00442808|0.00589983|0.040072|0.0414669|0.0181411|0.0195364|0.0293842|0.0130093,0.973537|0.954869|0.910795|0.962742|0.910708|0.967439|0.923372|0.98053|0.958619|0.903245|0.966262|0.948836|0.919013|0.92832|0.940474|0.974312|0.984554|0.95984|0.971602|0.923215|0.951762|0.927471|0.98883,4.63983|5.26639|1.89272|0.0327787|5.41755|3.09858|0.31178|5.59786|2.63855|4.68449|3.41737|1.5908|0.100836|3.3614|4.91715|5.11322|5.26958|0.048646|3.14177|4.79469|0.85792|5.03384|4.04415,79.8117|66.6304|32.2763|37.0378|23.5956|41.9872|56.7189|89.0369|47.0482|16.1844|26.55|15.5679|66.5291|67.1704|84.7043|23.9015|15.3326|55.6995|76.7594|58.7029|71.0086|11.2844,0.246796|0.179788|0.240047|0.191256|0.191801|0.178665|0.167864|0.198053|0.167884|0.22961|0.238834|0.212149|0.222935|0.184721|0.225161|0.236806|0.236297|0.206062|0.218425|0.201188|0.230021|0.200895,0.338018|0.275394|0.895675|0.182586|0.688345|0.182289|0.624525|0.704733|0.410418|0.217843|0.957633|0.870283|0.109088|0.609732|0.880608|0.2818|0.655447|0.677391|0.515127|0.666395|0.131268|0.836539,0.869523,0.801463,0.117836,0.0993652,0.460468,0.534015,0.0732846,0.487967,0.198257,0.921169,51.6436,5.43263e-12,47756,0.887486,41.1981,1.06086e-12,38445,0.895553,0.876428,0.0878307,0.631141,0.996144,0.511517,0.22039,0.459803,0.228135,0.891603,87.9902,7.64954e-10,30733,0.967162,70.4477,9.04596e-11,52512
24,811,n1->n20->n18->n16->n38->n39->n10->n9->n7->n8->n12->n14->n96->n97->n27->n25->n26->n24->n23->n77->n93->n94->n51,5.37021e+09|4.0293e+11|7.59179e+12|1.09193e+13|1.16426e+13|3.34792e+13|2.49624e+09|1.49139e+12|3.81012e+11|4.61239e+13|9.70597e+10|3.70261e+10|2.51165e+12|2.90604e+09|4.19351e+12|1.67189e+13|7.09351e+09|1.59557e+13|4.63033e+10|5.68112e+11|4.22601e+13|1.36531e+10|7.46708e+11,8.19724e+08|1.89646e+11|4.11836e+12|1.33827e+12|1.19258e+12|1.12013e+13|7.32581e+08|3.79906e+11|6.70334e+10|1.04208e+13|2.76143e+10|1.44234e+10|5.36324e+11|5.04144e+08|8.73344e+11|1.40059e+13|1.31666e+09|4.06569e+12|3.30225e+10|3.56307e+11|1.3774e+13|1.67171e+09|5.06847e+11,0.000494453|5.21063e-05|2.98936e-05|3.71682e-05|1.04425e-05|5.53896e-05|6.27016e-05|1.80008e-05|0.000475679|6.6054e-05|0.000201974|3.25754e-05|1.2987e-05|8.81202e-05|1.08528e-05|6.30741e-05|3.77967e-05|0.000193265|0.000277161|8.49487e-05|8.45967e-05|2.95455e-05|0.000185382,0.000316017|0.000368678|0.000681499|0.00174713|0.00950649|0.0025393|0.00113469|0.00065196|0.00104538|0.00522046|0.0016732|0.000181646|0.000286765|0.00494291|0.00262605|0.00294926|0.00522178|0.0012727|0.00418014|0.000906866|0.000162335|0.000125263|0.00344885,0.0109342|0.0108696|0.0192976|0.0123696|0.0263713|0.00111942|0.00597815|0.0140743|0.01754|0.0318744|0.0313381|0.0426128|0.0377902|0.0381696|0.0303206|0.0195393|0.0101688|0.0433038|0.00314906|0.04851|0.0108045|0.00830448|0.0365406,0.000178506|0.0181411|0.0120519|0.0240438|0.00318517|0.0449458|0.0245713|0.033904|0.0283975|0.0483133|0.0470205|0.049061|0.0195364|0.00800322|0.0230682|0.0159438|0.0409649|0.00780618|0.0470385|0.0115254|0.0326183|0.0293842|0.0130093,0.973537|0.923215|0.946711|0.979533|0.902547|0.924329|0.962416|0.963574|0.963898|0.975256|0.937315|0.906626|0.951762|0.90679|0.985376|0.9023|0.981638|0.90929|0.92176|0.949999|0.912097|0.927471|0.98883,4.63983|4.79469|4.38273|1.69436|5.09423|1.19952|1.97158|5.88966|3.51107|3.22282|3.07758|0.762282|0.85792|1.41691|4.5695|1.57149|2.91399|3.9732|2.08786|0.722366|5.92115|5.03384|4.04415,90.7492|89.2299|72.2829|28.0546|52.0957|24.4191|65.9961|59.8148|55.4093|81.3396|51.9585|54.7186|37.9513|31.5608|64.4551|63.0993|83.4704|44.8869|39.0733|51.9256|63.1349|11.2844,0.215706|0.247215|0.180241|0.17367|0.199024|0.239532|0.193896|0.18359|0.230451|0.186476|0.222459|0.208433|0.246589|0.219936|0.242248|0.228799|0.216464|0.161116|0.178948|0.247077|0.209804|0.200895,0.53635|0.652252|0.553025|0.828443|0.46236|0.991722|0.982181|0.339058|0.745697|0.379326|0.326911|0.448351|0.157157|0.557853|0.837222|0.359402|0.583168|0.528582|0.23533|0.469529|0.17375|0.836539,0.869523,0.801463,0.117836,0.0993652,0.460468,0.534015,0.0732846,0.487967,0.198257,0.921169,51.6436,5.43263e-12,47756,0.887486,41.1981,1.06086e-12,38445,0.895553,0.876428,0.0878307,0.631141,0.996144,0.511517,0.22039,0.459803,0.228135,0.891603,87.9902,7.64954e-10,30733,0.967162,70.4477,9.04596e-11,52512
24,812,n1->n20->n89->n88->n90->n56->n84->n85->n17->n19->n68->n66->n32->n31->n33->n6->n12->n14->n75->n4->n27->n52->n51,5.37021e+09|4.0293e+11|2.68119e+11|9.00567e+12|1.33273e+11|1.1605e+12|1.07392e+09|2.02447e+09|1.51096e+11|2.47533e+11|1.31753e+09|1.10072e+10|1.78367e+12|4.79342e+12|3.64323e+13|1.14208e+09|9.70597e+10|3.70261e+10|8.71921e+10|7.07339e+12|4.19351e+12|1.02428e+10|7.46708e+11,8.19724e+08|1.89646e+11|9.23423e+10|8.66002e+12|6.41526e+10|5.65456e+11|9.00899e+08|2.41326e+08|1.57582e+10|2.33399e+11|3.10679e+08|8.7665e+09|1.05491e+12|4.42443e+12|6.32377e+12|2.20459e+08|2.76143e+10|1.44234e+10|5.29113e+10|2.43435e+12|8.73344e+11|2.07235e+09|5.06847e+11,0.000494453|5.21063e-05|3.55201e-05|6.2721e-05|0.000319756|1.7812e-05|2.14473e-05|2.04325e-05|0.000261059|0.000261527|0.000223952|0.000237659|0.000179959|0.00024651|1.50316e-05|1.08483e-05|0.000201974|3.25754e-05|0.000766915|0.000113681|1.08528e-05|0.00011644|0.000185382,0.000316017|0.000368678|0.000111435|0.000480267|0.000672662|0.000830638|0.000434313|0.000338175|0.000513001|0.000768065|0.00843573|0.000470269|0.00292552|0.00308746|0.00213059|0.00010157|0.0016732|0.000181646|0.000203965|0.00198341|0.00262605|0.00580301|0.00344885,0.0109342|0.0108696|0.0107812|0.00850464|0.0285929|0.0231698|0.0473575|0.0354515|0.0430027|0.0201979|0.0370095|0.0203827|0.00778345|0.0211034|0.00968695|0.00160082|0.0313381|0.0426128|0.0243876|0.0350273|0.0303206|0.0398377|0.0365406,0.000178506|0.0181411|0.0401575|0.0237676|0.0372754|0.0417641|0.0366447|0.0266209|0.00442808|0.0291803|0.00589983|0.0146278|0.0161829|0.0151027|0.0280967|0.0260762|0.0470205|0.049061|0.0250863|0.0273051|0.0230682|0.0151024|0.0130093,0.973537|0.923215|0.926416|0.962132|0.984478|0.944528|0.948551|0.940474|0.974312|0.941018|0.984554|0.978907|0.953313|0.943878|0.923653|0.908628|0.937315|0.906626|0.936129|0.917619|0.985376|0.965406|0.98883,4.63983|4.79469|0.0868458|1.9653|4.02061|2.55597|5.42186|4.91715|5.11322|1.39448|5.26958|3.10364|0.10397|4.82496|1.04264|5.01633|3.07758|0.762282|3.39264|1.56082|4.5695|0.0104102|4.04415,90.7492|18.2346|92.4072|14.1987|40.6061|34.4372|82.1833|84.7043|10.3361|67.5745|70.8824|27.3217|86.0567|95.0453|50.0569|32.9383|51.9585|56.2706|81.7362|52.1141|46.2248|83.3731,0.215706|0.231355|0.203687|0.244274|0.166746|0.222961|0.216313|0.225161|0.172286|0.2055|0.16183|0.199785|0.16799|0.234751|0.19306|0.230728|0.222459|0.226178|0.218556|0.184605|0.183493|0.197114,0.53635|0.595303|0.876618|0.997795|0.163177|0.762891|0.528406|0.880608|0.559133|0.968257|0.215539|0.769012|0.799966|0.258586|0.116472|0.628307|0.326911|0.725021|0.847503|0.200735|0.657987|0.942894,0.869523,0.801463,0.117836,0.0993652,0.460468,0.534015,0.0732846,0.487967,0.198257,0.921169,51.6436,5.43263e-12,47756,0.887486,41.1981,1.06086e-12,38445,0.895553,0.876428,0.0878307,0.631141,0.996144,0.511517,0.22039,0.459803,0.228135,0.891603,87.9902,7.64954e-10,30733,0.967162,70.4477,9.04596e-11,52512
24,813,n1->n20->n89->n90->n56->n55->n53->n52->n65->n64->n49->n47->n26->n25->n27->n97->n99->n77->n93->n91->n92->n94->n51,5.37021e+09|4.0293e+11|2.68119e+11|1.33273e+11|1.1605e+12|8.84081e+12|4.60474e+10|1.02428e+10|1.12599e+09|4.21034e+09|2.45005e+09|4.74236e+11|7.09351e+09|1.67189e+13|4.19351e+12|2.90604e+09|1.57108e+10|5.68112e+11|4.22601e+13|2.84652e+12|1.97334e+09|1.36531e+10|7.46708e+11,8.19724e+08|1.89646e+11|9.23423e+10|6.41526e+10|5.65456e+11|4.69454e+12|3.18273e+10|2.07235e+09|3.2906e+08|1.60867e+09|2.44458e+09|1.54765e+11|1.31666e+09|1.40059e+13|8.73344e+11|5.04144e+08|4.21389e+09|3.56307e+11|1.3774e+13|3.57264e+11|1.46451e+09|1.67171e+09|5.06847e+11,0.000494453|5.21063e-05|3.55201e-05|0.000319756|1.7812e-05|4.06274e-05|2.00633e-05|0.00011644|1.96575e-05|1.88732e-05|1.07426e-05|0.000202873|3.77967e-05|6.30741e-05|1.08528e-05|8.81202e-05|0.00089026|8.49487e-05|8.45967e-05|6.93267e-05|2.75832e-05|2.95455e-05|0.000185382,0.000316017|0.000368678|0.000111435|0.000672662|0.000830638|0.000128431|0.000509085|0.00580301|0.000428116|0.000135861|0.000979027|0.000266598|0.00522178|0.00294926|0.00262605|0.00494291|0.000350126|0.000906866|0.000162335|0.00599677|0.0052688|0.000125263|0.00344885,0.0109342|0.0108696|0.0107812|0.0285929|0.0231698|0.00843704|5.21659e-05|0.0398377|0.00118659|0.0266797|0.0183567|0.00898217|0.0101688|0.0195393|0.0303206|0.0381696|0.0362414|0.04851|0.0108045|0.008036|0.0444618|0.00830448|0.0365406,0.000178506|0.0181411|0.0401575|0.0372754|0.0417641|0.0314938|0.00115664|0.0151024|0.00176737|0.0436548|0.0388066|0.0488958|0.0409649|0.0159438|0.0230682|0.00800322|0.0472365|0.0115254|0.0326183|0.015498|0.0387741|0.0293842|0.0130093,0.973537|0.923215|0.926416|0.984478|0.944528|0.908585|0.913872|0.965406|0.967717|0.933821|0.969899|0.9108|0.981638|0.9023|0.985376|0.90679|0.953794|0.949999|0.912097|0.964407|0.987763|0.927471|0.98883,4.63983|4.79469|0.0868458|4.02061|2.55597|3.37071|0.640024|0.0104102|4.1126|5.77568|3.94615|6.27947|2.91399|1.57149|4.5695|1.41691|3.07459|0.722366|5.92115|5.6679|6.03913|5.03384|4.04415,90.7492|18.2346|12.726|40.6061|95.3312|30.3781|81.3721|56.1703|56.7563|77.768|91.8261|70.8805|63.0993|64.4551|31.5608|94.4507|96.5216|51.9256|26.8753|32.3713|13.5087|11.2844,0.215706|0.231355|0.226099|0.166746|0.167906|0.207992|0.184589|0.247907|0.186349|0.165457|0.228404|0.189485|0.228799|0.242248|0.219936|0.168303|0.241387|0.247077|0.203549|0.161013|0.230182|0.200895,0.53635|0.595303|0.757755|0.163177|0.402595|0.646488|0.272111|0.827328|0.927837|0.348083|0.133861|0.757042|0.359402|0.837222|0.557853|0.263233|0.664018|0.469529|0.21516|0.940947|0.731663|0.836539,0.869523,0.801463,0.117836,0.0993652,0.460468,0.534015,0.0732846,0.487967,0.198257,0.921169,51.6436,5.43263e-12,47756,0.887486,41.1981,1.06086e-12,38445,0.895553,0.876428,0.0878307,0.631141,0.996144,0.511517,0.22039,0.459803,0.228135,0.891603,87.9902,7.64954e-10,30733,0.967162,70.4477,9.04596e-11,52512
24,814,n1->n20->n19->n17->n18->n16->n38->n37->n39->n10->n9->n11->n13->n12->n8->n7->n5->n65->n85->n58->n59->n50->n51,5.37021e+09|4.0293e+11|2.47533e+11|1.51096e+11|7.59179e+12|1.09193e+13|1.16426e+13|2.79748e+13|3.34792e+13|2.49624e+09|1.49139e+12|1.78735e+12|6.60497e+13|9.70597e+10|4.61239e+13|3.81012e+11|2.91995e+11|1.12599e+09|2.02447e+09|8.16696e+09|3.04563e+11|2.36425e+09|7.46708e+11,8.19724e+08|1.89646e+11|2.33399e+11|1.57582e+10|4.11836e+12|1.33827e+12|1.19258e+12|4.96975e+12|1.12013e+13|7.32581e+08|3.79906e+11|3.29521e+11|8.87204e+12|2.76143e+10|1.04208e+13|6.70334e+10|4.67133e+10|3.2906e+08|2.41326e+08|6.89506e+09|3.06423e+10|4.07889e+08|5.06847e+11,0.000494453|5.21063e-05|0.000261527|0.000261059|2.98936e-05|3.71682e-05|1.04425e-05|1.06248e-05|5.53896e-05|6.27016e-05|1.80008e-05|5.47786e-05|0.000787814|0.000201974|6.6054e-05|0.000475679|7.03031e-05|1.96575e-05|2.04325e-05|0.000266735|2.43107e-05|1.54283e-05|0.000185382,0.000316017|0.000368678|0.000768065|0.000513001|0.000681499|0.00174713|0.00950649|0.000261291|0.0025393|0.00113469|0.00065196|0.00652494|0.00788063|0.0016732|0.00522046|0.00104538|0.000196916|0.000428116|0.000338175|0.00874893|0.000202742|0.00907722|0.00344885,0.0109342|0.0108696|0.0201979|0.0430027|0.0192976|0.0123696|0.0263713|0.0457563|0.00111942|0.00597815|0.0140743|0.00125292|0.0476737|0.0313381|0.0318744|0.01754|0.00731162|0.00118659|0.0354515|0.0248478|0.00304046|0.00638914|0.0365406,0.000178506|0.0181411|0.0291803|0.00442808|0.0120519|0.0240438|0.00318517|0.0105712|0.0449458|0.0245713|0.033904|0.0136412|0.00335145|0.0470205|0.0483133|0.0283975|0.0421608|0.00176737|0.0266209|0.0481122|0.0474075|0.0483596|0.0130093,0.973537|0.923215|0.941018|0.974312|0.946711|0.979533|0.902547|0.964079|0.924329|0.962416|0.963574|0.988894|0.954869|0.937315|0.975256|0.963898|0.951514|0.967717|0.940474|0.911658|0.99171|0.910708|0.98883,4.63983|4.79469|1.39448|5.11322|4.38273|1.69436|5.09423|4.96174|1.19952|1.97158|5.88966|0.923897|5.26639|3.07758|3.22282|3.51107|4.90362|4.1126|4.91715|3.70937|5.60303|5.41755|4.04415,90.7492|86.2435|10.3361|43.2583|72.2829|28.0546|46.986|31.554|24.4191|65.9961|99.0064|13.9548|56.34|81.3396|55.4093|37.2729|35.0583|82.5435|90.6886|56.397|47.7013|82.9474,0.215706|0.182991|0.172286|0.218822|0.180241|0.17367|0.170599|0.195005|0.239532|0.193896|0.201409|0.189728|0.206669|0.186476|0.230451|0.176784|0.209201|0.20461|0.194345|0.21902|0.170229|0.24308,0.53635|0.182796|0.559133|0.981182|0.553025|0.828443|0.662799|0.711047|0.991722|0.982181|0.439638|0.801183|0.285239|0.379326|0.745697|0.943162|0.297185|0.519435|0.45102|0.533324|0.776444|0.624607,0.869523,0.801463,0.117836,0.0993652,0.460468,0.534015,0.0732846,0.487967,0.198257,0.921169,51.6436,5.43263e-12,47756,0.887486,41.1981,1.06086e-12,38445,0.895553,0.876428,0.0878307,0.631141,0.996144,0.511517,0.22039,0.459803,0.228135,0.891603,87.9902,7.64954e-10,30733,0.967162,70.4477,9.04596e-11,52512
24,815,n1->n13->n11->n9->n10->n73->n75->n76->n86->n87->n88->n90->n100->n2->n7->n5->n3->n69->n28->n27->n97->n96->n94->n51,5.37021e+09|6.60497e+13|1.78735e+12|1.49139e+12|2.49624e+09|1.41706e+11|8.71921e+10|4.21804e+13|3.85304e+10|7.3435e+12|9.00567e+12|1.33273e+11|4.01966e+09|5.94248e+10|3.81012e+11|2.91995e+11|2.78751e+13|8.81277e+09|1.34247e+11|4.19351e+12|2.90604e+09|2.51165e+12|1.36531e+10|7.46708e+11,8.19724e+08|8.87204e+12|3.29521e+11|3.79906e+11|7.32581e+08|5.76853e+10|5.29113e+10|1.15782e+13|4.69095e+09|2.79916e+12|8.66002e+12|6.41526e+10|2.27749e+09|3.74975e+10|6.70334e+10|4.67133e+10|1.44762e+13|7.57626e+09|1.51805e+10|8.73344e+11|5.04144e+08|5.36324e+11|1.67171e+09|5.06847e+11,0.000494453|0.000787814|5.47786e-05|1.80008e-05|6.27016e-05|6.32916e-05|0.000766915|1.88608e-05|6.21631e-05|0.000634307|6.2721e-05|0.000319756|0.000665246|1.10648e-05|0.000475679|7.03031e-05|0.00022361|0.000268039|0.00056516|1.08528e-05|8.81202e-05|1.2987e-05|2.95455e-05|0.000185382,0.000316017|0.00788063|0.00652494|0.00065196|0.00113469|0.000807753|0.000203965|0.00214239|0.00341054|0.00151267|0.000480267|0.000672662|0.00914892|0.00120557|0.00104538|0.000196916|0.00776667|0.00367819|0.0093172|0.00262605|0.00494291|0.000286765|0.000125263|0.00344885,0.0109342|0.0476737|0.00125292|0.0140743|0.00597815|0.0455502|0.0243876|0.00156873|0.0237043|0.0186268|0.00850464|0.0285929|0.0100829|0.00369149|0.01754|0.00731162|0.0268705|0.022957|0.0317261|0.0303206|0.0381696|0.0377902|0.00830448|0.0365406,0.000178506|0.00335145|0.0136412|0.033904|0.0245713|0.028193|0.0250863|0.0470058|0.0488574|0.00979507|0.0237676|0.0372754|0.0460028|0.0127317|0.0283975|0.0421608|0.0326941|0.0100342|0.03841|0.0230682|0.00800322|0.0195364|0.0293842|0.0130093,0.973537|0.954869|0.988894|0.963574|0.962416|0.909539|0.936129|0.989289|0.981332|0.977244|0.962132|0.984478|0.935175|0.968894|0.963898|0.951514|0.982466|0.975915|0.948072|0.985376|0.90679|0.951762|0.927471|0.98883,4.63983|5.26639|0.923897|5.88966|1.97158|3.29092|3.39264|0.578949|4.96971|2.33192|1.9653|4.02061|3.89025|4.74216|3.51107|4.90362|4.79844|2.99986|1.48687|4.5695|1.41691|0.85792|5.03384|4.04415,79.8117|13.9548|99.0064|65.9961|29.3778|85.6152|63.5216|37.5994|88.9922|57.0974|14.1987|32.7492|37.015|88.6198|37.2729|10.4739|83.9106|97.1045|23.5709|31.5608|37.9513|71.0086|11.2844,0.246796|0.189728|0.201409|0.193896|0.202302|0.185893|0.207806|0.17745|0.246364|0.227675|0.244274|0.191207|0.17211|0.228013|0.176784|0.163561|0.204476|0.207556|0.207151|0.219936|0.246589|0.230021|0.200895,0.338018|0.801183|0.439638|0.982181|0.747283|0.624191|0.844544|0.871942|0.83582|0.396625|0.997795|0.878161|0.315214|0.84397|0.943162|0.469027|0.65353|0.438091|0.340196|0.557853|0.157157|0.131268|0.836539,0.869523,0.801463,0.117836,0.0993652,0.460468,0.534015,0.0732846,0.487967,0.198257,0.921169,51.6436,5.43263e-12,47756,0.887486,41.1981,1.06086e-12,38445,0.895553,0.876428,0.0878307,0.631141,0.996144,0.511517,0.22039,0.459803,0.228135,0.891603,87.9902,7.64954e-10,30733,0.967162,70.4477,9.04596e-11,52512
24,816,n1->n13->n11->n9->n10->n63->n82->n54->n55->n53->n52->n65->n37->n39->n38->n36->n34->n35->n31->n32->n30->n29->n50->n51,5.37021e+09|6.60497e+13|1.78735e+12|1.49139e+12|2.49624e+09|6.55204e+12|1.07979e+13|2.80961e+11|8.84081e+12|4.60474e+10|1.02428e+10|1.12599e+09|2.79748e+13|3.34792e+13|1.16426e+13|7.73972e+11|4.7313e+12|5.77859e+11|4.79342e+12|1.78367e+12|1.26395e+10|3.6336e+13|2.36425e+09|7.46708e+11,8.19724e+08|8.87204e+12|3.29521e+11|3.79906e+11|7.32581e+08|2.63574e+12|1.66379e+12|2.23178e+11|4.69454e+12|3.18273e+10|2.07235e+09|3.2906e+08|4.96975e+12|1.12013e+13|1.19258e+12|7.77593e+10|1.15705e+12|4.88834e+11|4.42443e+12|1.05491e+12|1.81012e+09|1.77292e+13|4.07889e+08|5.06847e+11,0.000494453|0.000787814|5.47786e-05|1.80008e-05|6.27016e-05|0.000116235|0.000837919|1.47667e-05|4.06274e-05|2.00633e-05|0.00011644|1.96575e-05|1.06248e-05|5.53896e-05|1.04425e-05|0.000426407|0.000140889|0.000412952|0.00024651|0.000179959|4.789e-05|0.000125062|1.54283e-05|0.000185382,0.000316017|0.00788063|0.00652494|0.00065196|0.00113469|0.00126856|0.00271152|0.00549128|0.000128431|0.000509085|0.00580301|0.000428116|0.000261291|0.0025393|0.00950649|0.00396778|0.000270551|0.00138752|0.00308746|0.00292552|0.00655588|0.00231296|0.00907722|0.00344885,0.0109342|0.0476737|0.00125292|0.0140743|0.00597815|0.0100727|0.0278433|0.0334079|0.00843704|5.21659e-05|0.0398377|0.00118659|0.0457563|0.00111942|0.0263713|0.00497013|0.0276207|0.00215298|0.0211034|0.00778345|0.00398508|0.0255931|0.00638914|0.0365406,0.000178506|0.00335145|0.0136412|0.033904|0.0245713|0.0107197|0.0266174|0.00844474|0.0314938|0.00115664|0.0151024|0.00176737|0.0105712|0.0449458|0.00318517|0.0341912|0.0210615|0.0375959|0.0151027|0.0161829|0.0178703|0.00291922|0.0483596|0.0130093,0.973537|0.954869|0.988894|0.963574|0.962416|0.903245|0.934435|0.927525|0.908585|0.913872|0.965406|0.967717|0.964079|0.924329|0.902547|0.94998|0.904866|0.952159|0.943878|0.953313|0.972158|0.962742|0.910708|0.98883,4.63983|5.26639|0.923897|5.88966|1.97158|4.68449|0.132111|1.22009|3.37071|0.640024|0.0104102|4.1126|4.96174|1.19952|5.09423|3.70656|4.56594|5.24666|4.82496|0.10397|5.42296|0.0327787|5.41755|4.04415,79.8117|13.9548|99.0064|65.9961|65.1286|48.6997|41.1455|27.8669|30.3781|81.3721|56.1703|13.4252|31.554|52.0957|61.2725|89.5651|26.2497|91.3525|86.0567|69.5993|29.3504|37.0378|82.9474,0.246796|0.189728|0.201409|0.193896|0.203746|0.175742|0.242874|0.169326|0.207992|0.184589|0.247907|0.230756|0.195005|0.199024|0.204351|0.241996|0.244194|0.243038|0.16799|0.204659|0.179657|0.191256|0.24308,0.338018|0.801183|0.439638|0.982181|0.514129|0.4301|0.378494|0.414082|0.646488|0.272111|0.827328|0.986996|0.711047|0.46236|0.413834|0.265381|0.307851|0.658826|0.799966|0.237533|0.887943|0.182586|0.624607,0.869523,0.801463,0.117836,0.0993652,0.460468,0.534015,0.0732846,0.487967,0.198257,0.921169,51.6436,5.43263e-12,47756,0.887486,41.1981,1.06086e-12,38445,0.895553,0.876428,0.0878307,0.631141,0.996144,0.511517,0.22039,0.459803,0.228135,0.891603,87.9902,7.64954e-10,30733,0.967162,70.4477,9.04596e-11,52512
24,817,n1->n99->n77->n23->n83->n81->n79->n63->n61->n62->n46->n47->n49->n64->n36->n34->n35->n31->n33->n32->n30->n29->n50->n51,5.37021e+09|1.57108e+10|5.68112e+11|4.63033e+10|3.76373e+13|2.58887e+10|1.47019e+10|6.55204e+12|6.44979e+11|2.37342e+11|5.53417e+12|4.74236e+11|2.45005e+09|4.21034e+09|7.73972e+11|4.7313e+12|5.77859e+11|4.79342e+12|3.64323e+13|1.78367e+12|1.26395e+10|3.6336e+13|2.36425e+09|7.46708e+11,8.19724e+08|4.21389e+09|3.56307e+11|3.30225e+10|2.34723e+13|8.36206e+09|4.87652e+09|2.63574e+12|1.30372e+11|1.13053e+11|1.63629e+12|1.54765e+11|2.44458e+09|1.60867e+09|7.77593e+10|1.15705e+12|4.88834e+11|4.42443e+12|6.32377e+12|1.05491e+12|1.81012e+09|1.77292e+13|4.07889e+08|5.06847e+11,0.000494453|0.00089026|8.49487e-05|0.000277161|1.86087e-05|0.000268232|0.000133131|0.000116235|3.71253e-05|8.24006e-05|0.000489732|0.000202873|1.07426e-05|1.88732e-05|0.000426407|0.000140889|0.000412952|0.00024651|1.50316e-05|0.000179959|4.789e-05|0.000125062|1.54283e-05|0.000185382,0.000316017|0.000350126|0.000906866|0.00418014|0.000175452|0.000752991|0.000479664|0.00126856|0.00313588|0.00794111|0.000159088|0.000266598|0.000979027|0.000135861|0.00396778|0.000270551|0.00138752|0.00308746|0.00213059|0.00292552|0.00655588|0.00231296|0.00907722|0.00344885,0.0109342|0.0362414|0.04851|0.00314906|0.015405|0.0481357|0.0252961|0.0100727|0.0266048|0.0242596|0.029055|0.00898217|0.0183567|0.0266797|0.00497013|0.0276207|0.00215298|0.0211034|0.00968695|0.00778345|0.00398508|0.0255931|0.00638914|0.0365406,0.000178506|0.0472365|0.0115254|0.0470385|0.038157|0.00997263|0.0203026|0.0107197|0.0179693|0.0480911|0.0302566|0.0488958|0.0388066|0.0436548|0.0341912|0.0210615|0.0375959|0.0151027|0.0280967|0.0161829|0.0178703|0.00291922|0.0483596|0.0130093,0.973537|0.953794|0.949999|0.92176|0.947801|0.948836|0.966262|0.903245|0.958619|0.98053|0.923372|0.9108|0.969899|0.933821|0.94998|0.904866|0.952159|0.943878|0.923653|0.953313|0.972158|0.962742|0.910708|0.98883,4.63983|3.07459|0.722366|2.08786|4.11052|1.5908|3.41737|4.68449|2.63855|5.59786|0.31178|6.27947|3.94615|5.77568|3.70656|4.56594|5.24666|4.82496|1.04264|0.10397|5.42296|0.0327787|5.41755|4.04415,66.2586|96.5216|39.0733|23.518|78.7627|26.55|16.1844|47.0482|89.0369|56.7189|71.5316|91.8261|77.768|43.8659|89.5651|26.2497|91.3525|95.0453|61.2747|69.5993|29.3504|37.0378|82.9474,0.180129|0.241387|0.178948|0.181099|0.170031|0.238834|0.22961|0.167884|0.198053|0.167864|0.196056|0.228404|0.165457|0.241695|0.241996|0.244194|0.243038|0.234751|0.208144|0.204659|0.179657|0.191256|0.24308,0.323551|0.664018|0.23533|0.741177|0.530775|0.957633|0.217843|0.410418|0.704733|0.624525|0.758317|0.133861|0.348083|0.590576|0.265381|0.307851|0.658826|0.258586|0.704271|0.237533|0.887943|0.182586|0.624607,0.869523,0.801463,0.117836,0.0993652,0.460468,0.534015,0.0732846,0.487967,0.198257,0.921169,51.6436,5.43263e-12,47756,0.887486,41.1981,1.06086e-12,38445,0.895553,0.876428,0.0878307,0.631141,0.996144,0.511517,0.22039,0.459803,0.228135,0.891603,87.9902,7.64954e-10,30733,0.967162,70.4477,9.04596e-11,52512
24,818,n1->n99->n77->n72->n73->n54->n56->n90->n89->n20->n96->n94->n93->n95->n82->n80->n81->n37->n38->n36->n64->n65->n52->n51,5.37021e+09|1.57108e+10|5.68112e+11|6.83442e+09|1.41706e+11|2.80961e+11|1.1605e+12|1.33273e+11|2.68119e+11|4.0293e+11|2.51165e+12|1.36531e+10|4.22601e+13|1.05601e+11|1.07979e+13|2.45686e+13|2.58887e+10|2.79748e+13|1.16426e+13|7.73972e+11|4.21034e+09|1.12599e+09|1.02428e+10|7.46708e+11,8.19724e+08|4.21389e+09|3.56307e+11|1.48353e+09|5.76853e+10|2.23178e+11|5.65456e+11|6.41526e+10|9.23423e+10|1.89646e+11|5.36324e+11|1.67171e+09|1.3774e+13|5.46554e+10|1.66379e+12|2.75437e+12|8.36206e+09|4.96975e+12|1.19258e+12|7.77593e+10|1.60867e+09|3.2906e+08|2.07235e+09|5.06847e+11,0.000494453|0.00089026|8.49487e-05|0.000159499|6.32916e-05|1.47667e-05|1.7812e-05|0.000319756|3.55201e-05|5.21063e-05|1.2987e-05|2.95455e-05|8.45967e-05|0.000260968|0.000837919|1.13052e-05|0.000268232|1.06248e-05|1.04425e-05|0.000426407|1.88732e-05|1.96575e-05|0.00011644|0.000185382,0.000316017|0.000350126|0.000906866|0.00384342|0.000807753|0.00549128|0.000830638|0.000672662|0.000111435|0.000368678|0.000286765|0.000125263|0.000162335|0.000186877|0.00271152|0.000238286|0.000752991|0.000261291|0.00950649|0.00396778|0.000135861|0.000428116|0.00580301|0.00344885,0.0109342|0.0362414|0.04851|0.0479977|0.0455502|0.0334079|0.0231698|0.0285929|0.0107812|0.0108696|0.0377902|0.00830448|0.0108045|0.00282907|0.0278433|0.00592883|0.0481357|0.0457563|0.0263713|0.00497013|0.0266797|0.00118659|0.0398377|0.0365406,0.000178506|0.0472365|0.0115254|0.0299903|0.028193|0.00844474|0.0417641|0.0372754|0.0401575|0.0181411|0.0195364|0.0293842|0.0326183|0.0420997|0.0266174|0.0262948|0.00997263|0.0105712|0.00318517|0.0341912|0.0436548|0.00176737|0.0151024|0.0130093,0.973537|0.953794|0.949999|0.96924|0.909539|0.927525|0.944528|0.984478|0.926416|0.923215|0.951762|0.927471|0.912097|0.966581|0.934435|0.919013|0.948836|0.964079|0.902547|0.94998|0.933821|0.967717|0.965406|0.98883,4.63983|3.07459|0.722366|3.90463|3.29092|1.22009|2.55597|4.02061|0.0868458|4.79469|0.85792|5.03384|5.92115|1.09944|0.132111|0.100836|1.5908|4.96174|5.09423|3.70656|5.77568|4.1126|0.0104102|4.04415,66.2586|96.5216|92.3918|29.1617|26.1465|42.6814|40.6061|12.726|18.2346|58.7029|71.0086|63.1349|24.941|75.699|47.0365|15.5679|88.8597|46.986|61.2725|43.8659|56.7563|56.1703|83.3731,0.180129|0.241387|0.167022|0.178937|0.196311|0.167734|0.166746|0.226099|0.231355|0.201188|0.230021|0.209804|0.237661|0.21275|0.231931|0.212149|0.211898|0.170599|0.204351|0.241695|0.186349|0.247907|0.197114,0.323551|0.664018|0.776051|0.920295|0.754315|0.927159|0.163177|0.757755|0.595303|0.666395|0.131268|0.17375|0.985064|0.837867|0.796307|0.870283|0.430076|0.662799|0.413834|0.590576|0.927837|0.827328|0.942894,0.869523,0.801463,0.117836,0.0993652,0.460468,0.534015,0.0732846,0.487967,0.198257,0.921169,51.6436,5.43263e-12,47756,0.887486,41.1981,1.06086e-12,38445,0.895553,0.876428,0.0878307,0.631141,0.996144,0.511517,0.22039,0.459803,0.228135,0.891603,87.9902,7.64954e-10,30733,0.967162,70.4477,9.04596e-11,52512
24,819,n1->n99->n97->n95->n82->n80->n78->n44->n41->n39->n38->n36->n64->n65->n85->n58->n68->n17->n18->n19->n20->n96->n94->n51,5.37021e+09|1.57108e+10|2.90604e+09|1.05601e+11|1.07979e+13|2.45686e+13|3.25238e+10|5.26537e+13|3.95737e+11|3.34792e+13|1.16426e+13|7.73972e+11|4.21034e+09|1.12599e+09|2.02447e+09|8.16696e+09|1.31753e+09|1.51096e+11|7.59179e+12|2.47533e+11|4.0293e+11|2.51165e+12|1.36531e+10|7.46708e+11,8.19724e+08|4.21389e+09|5.04144e+08|5.46554e+10|1.66379e+12|2.75437e+12|2.30731e+10|2.86817e+13|1.47899e+11|1.12013e+13|1.19258e+12|7.77593e+10|1.60867e+09|3.2906e+08|2.41326e+08|6.89506e+09|3.10679e+08|1.57582e+10|4.11836e+12|2.33399e+11|1.89646e+11|5.36324e+11|1.67171e+09|5.06847e+11,0.000494453|0.00089026|8.81202e-05|0.000260968|0.000837919|1.13052e-05|0.000270955|0.000124649|2.35935e-05|5.53896e-05|1.04425e-05|0.000426407|1.88732e-05|1.96575e-05|2.04325e-05|0.000266735|0.000223952|0.000261059|2.98936e-05|0.000261527|5.21063e-05|1.2987e-05|2.95455e-05|0.000185382,0.000316017|0.000350126|0.00494291|0.000186877|0.00271152|0.000238286|0.00167497|0.00158999|0.00412419|0.0025393|0.00950649|0.00396778|0.000135861|0.000428116|0.000338175|0.00874893|0.00843573|0.000513001|0.000681499|0.000768065|0.000368678|0.000286765|0.000125263|0.00344885,0.0109342|0.0362414|0.0381696|0.00282907|0.0278433|0.00592883|0.00569443|0.0486405|0.00451081|0.00111942|0.0263713|0.00497013|0.0266797|0.00118659|0.0354515|0.0248478|0.0370095|0.0430027|0.0192976|0.0201979|0.0108696|0.0377902|0.00830448|0.0365406,0.000178506|0.0472365|0.00800322|0.0420997|0.0266174|0.0262948|0.0425349|0.00764508|0.00491436|0.0449458|0.00318517|0.0341912|0.0436548|0.00176737|0.0266209|0.0481122|0.00589983|0.00442808|0.0120519|0.0291803|0.0181411|0.0195364|0.0293842|0.0130093,0.973537|0.953794|0.90679|0.966581|0.934435|0.919013|0.92832|0.932977|0.923722|0.924329|0.902547|0.94998|0.933821|0.967717|0.940474|0.911658|0.984554|0.974312|0.946711|0.941018|0.923215|0.951762|0.927471|0.98883,4.63983|3.07459|1.41691|1.09944|0.132111|0.100836|3.3614|2.64532|4.11092|1.19952|5.09423|3.70656|5.77568|4.1126|4.91715|3.70937|5.26958|5.11322|4.38273|1.39448|4.79469|0.85792|5.03384|4.04415,66.2586|94.4507|11.8968|75.699|47.0365|66.5291|88.5528|12.7315|38.9947|52.0957|61.2725|43.8659|56.7563|82.5435|90.6886|56.905|23.9015|43.2583|34.0839|86.2435|58.7029|71.0086|11.2844,0.180129|0.168303|0.228013|0.21275|0.231931|0.222935|0.200088|0.246433|0.18226|0.199024|0.204351|0.241695|0.186349|0.20461|0.194345|0.185169|0.236806|0.218822|0.248409|0.182991|0.201188|0.230021|0.200895,0.323551|0.263233|0.342677|0.837867|0.796307|0.109088|0.134865|0.665882|0.988985|0.46236|0.413834|0.590576|0.927837|0.519435|0.45102|0.476138|0.2818|0.981182|0.983209|0.182796|0.666395|0.131268|0.836539,0.869523,0.801463,0.117836,0.0993652,0.460468,0.534015,0.0732846,0.487967,0.198257,0.921169,51.6436,5.43263e-12,47756,0.887486,41.1981,1.06086e-12,38445,0.895553,0.876428,0.0878307,0.631141,0.996144,0.511517,0.22039,0.459803,0.228135,0.891603,87.9902,7.64954e-10,30733,0.967162,70.4477,9.04596e-11,52512
24,820,n1->n20->n89->n88->n90->n56->n54->n55->n57->n74->n76->n86->n87->n70->n72->n73->n75->n71->n24->n33->n31->n29->n50->n51,5.37021e+09|4.0293e+11|2.68119e+11|9.00567e+12|1.33273e+11|1.1605e+12|2.80961e+11|8.84081e+12|4.14288e+09|5.8385e+13|4.21804e+13|3.85304e+10|7.3435e+12|6.87309e+13|6.83442e+09|1.41706e+11|8.71921e+10|7.70008e+11|1.59557e+13|3.64323e+13|4.79342e+12|3.6336e+13|2.36425e+09|7.46708e+11,8.19724e+08|1.89646e+11|9.23423e+10|8.66002e+12|6.41526e+10|5.65456e+11|2.23178e+11|4.69454e+12|2.05006e+09|7.35096e+12|1.15782e+13|4.69095e+09|2.79916e+12|9.78332e+12|1.48353e+09|5.76853e+10|5.29113e+10|1.60546e+11|4.06569e+12|6.32377e+12|4.42443e+12|1.77292e+13|4.07889e+08|5.06847e+11,0.000494453|5.21063e-05|3.55201e-05|6.2721e-05|0.000319756|1.7812e-05|1.47667e-05|4.06274e-05|0.000173612|0.000875739|1.88608e-05|6.21631e-05|0.000634307|5.13815e-05|0.000159499|6.32916e-05|0.000766915|0.00017279|0.000193265|1.50316e-05|0.00024651|0.000125062|1.54283e-05|0.000185382,0.000316017|0.000368678|0.000111435|0.000480267|0.000672662|0.000830638|0.00549128|0.000128431|0.00271581|0.00944671|0.00214239|0.00341054|0.00151267|0.00295865|0.00384342|0.000807753|0.000203965|0.00123164|0.0012727|0.00213059|0.00308746|0.00231296|0.00907722|0.00344885,0.0109342|0.0108696|0.0107812|0.00850464|0.0285929|0.0231698|0.0334079|0.00843704|0.0328142|0.0280357|0.00156873|0.0237043|0.0186268|0.0286141|0.0479977|0.0455502|0.0243876|0.0398828|0.0433038|0.00968695|0.0211034|0.0255931|0.00638914|0.0365406,0.000178506|0.0181411|0.0401575|0.0237676|0.0372754|0.0417641|0.00844474|0.0314938|0.0437642|0.0166219|0.0470058|0.0488574|0.00979507|0.0216638|0.0299903|0.028193|0.0250863|0.0326729|0.00780618|0.0280967|0.0151027|0.00291922|0.0483596|0.0130093,0.973537|0.923215|0.926416|0.962132|0.984478|0.944528|0.927525|0.908585|0.983348|0.90082|0.989289|0.981332|0.977244|0.966653|0.96924|0.909539|0.936129|0.947193|0.90929|0.923653|0.943878|0.962742|0.910708|0.98883,4.63983|4.79469|0.0868458|1.9653|4.02061|2.55597|1.22009|3.37071|1.93323|0.0974208|0.578949|4.96971|2.33192|4.60778|3.90463|3.29092|3.39264|0.117525|3.9732|1.04264|4.82496|0.0327787|5.41755|4.04415,90.7492|18.2346|92.4072|14.1987|40.6061|42.6814|27.8669|61.5999|95.6836|53.1277|37.5994|88.9922|39.9413|97.4405|29.1617|85.6152|14.5634|44.1502|98.0873|95.0453|70.4589|37.0378|82.9474,0.215706|0.231355|0.203687|0.244274|0.166746|0.167734|0.169326|0.220389|0.169856|0.181342|0.17745|0.246364|0.180359|0.180102|0.178937|0.185893|0.169453|0.204574|0.239791|0.234751|0.246199|0.191256|0.24308,0.53635|0.595303|0.876618|0.997795|0.163177|0.927159|0.414082|0.549818|0.815246|0.519715|0.871942|0.83582|0.129355|0.79408|0.920295|0.624191|0.275247|0.45026|0.939209|0.258586|0.415176|0.182586|0.624607,0.869523,0.801463,0.117836,0.0993652,0.460468,0.534015,0.0732846,0.487967,0.198257,0.921169,51.6436,5.43263e-12,47756,0.887486,41.1981,1.06086e-12,38445,0.895553,0.876428,0.0878307,0.631141,0.996144,0.511517,0.22039,0.459803,0.228135,0.891603,87.9902,7.64954e-10,30733,0.967162,70.4477,9.04596e-11,52512
24,821,n1->n13->n12->n6->n33->n31->n29->n30->n32->n34->n35->n74->n76->n78->n85->n58->n68->n19->n17->n18->n20->n96->n94->n51,5.37021e+09|6.60497e+13|9.70597e+10|1.14208e+09|3.64323e+13|4.79342e+12|3.6336e+13|1.26395e+10|1.78367e+12|4.7313e+12|5.77859e+11|5.8385e+13|4.21804e+13|3.25238e+10|2.02447e+09|8.16696e+09|1.31753e+09|2.47533e+11|1.51096e+11|7.59179e+12|4.0293e+11|2.51165e+12|1.36531e+10|7.46708e+11,8.19724e+08|8.87204e+12|2.76143e+10|2.20459e+08|6.32377e+12|4.42443e+12|1.77292e+13|1.81012e+09|1.05491e+12|1.15705e+12|4.88834e+11|7.35096e+12|1.15782e+13|2.30731e+10|2.41326e+08|6.89506e+09|3.10679e+08|2.33399e+11|1.57582e+10|4.11836e+12|1.89646e+11|5.36324e+11|1.67171e+09|5.06847e+11,0.000494453|0.000787814|0.000201974|1.08483e-05|1.50316e-05|0.00024651|0.000125062|4.789e-05|0.000179959|0.000140889|0.000412952|0.000875739|1.88608e-05|0.000270955|2.04325e-05|0.000266735|0.000223952|0.000261527|0.000261059|2.98936e-05|5.21063e-05|1.2987e-05|2.95455e-05|0.000185382,0.000316017|0.00788063|0.0016732|0.00010157|0.00213059|0.00308746|0.00231296|0.00655588|0.00292552|0.000270551|0.00138752|0.00944671|0.00214239|0.00167497|0.000338175|0.00874893|0.00843573|0.000768065|0.000513001|0.000681499|0.000368678|0.000286765|0.000125263|0.00344885,0.0109342|0.0476737|0.0313381|0.00160082|0.00968695|0.0211034|0.0255931|0.00398508|0.00778345|0.0276207|0.00215298|0.0280357|0.00156873|0.00569443|0.0354515|0.0248478|0.0370095|0.0201979|0.0430027|0.0192976|0.0108696|0.0377902|0.00830448|0.0365406,0.000178506|0.00335145|0.0470205|0.0260762|0.0280967|0.0151027|0.00291922|0.0178703|0.0161829|0.0210615|0.0375959|0.0166219|0.0470058|0.0425349|0.0266209|0.0481122|0.00589983|0.0291803|0.00442808|0.0120519|0.0181411|0.0195364|0.0293842|0.0130093,0.973537|0.954869|0.937315|0.908628|0.923653|0.943878|0.962742|0.972158|0.953313|0.904866|0.952159|0.90082|0.989289|0.92832|0.940474|0.911658|0.984554|0.941018|0.974312|0.946711|0.923215|0.951762|0.927471|0.98883,4.63983|5.26639|3.07758|5.01633|1.04264|4.82496|0.0327787|5.42296|0.10397|4.56594|5.24666|0.0974208|0.578949|3.3614|4.91715|3.70937|5.26958|1.39448|5.11322|4.38273|4.79469|0.85792|5.03384|4.04415,79.8117|56.34|32.9383|50.0569|95.0453|70.4589|29.3504|69.5993|23.0914|26.2497|67.7415|53.1277|69.3348|67.1704|90.6886|56.905|67.5745|10.3361|43.2583|89.2299|58.7029|71.0086|11.2844,0.246796|0.206669|0.230728|0.19306|0.234751|0.246199|0.179657|0.204659|0.18593|0.244194|0.161632|0.181342|0.194827|0.184721|0.194345|0.185169|0.2055|0.172286|0.218822|0.247215|0.201188|0.230021|0.200895,0.338018|0.285239|0.628307|0.116472|0.258586|0.415176|0.887943|0.237533|0.12287|0.307851|0.301798|0.519715|0.93416|0.609732|0.45102|0.476138|0.968257|0.559133|0.981182|0.652252|0.666395|0.131268|0.836539,0.869523,0.801463,0.117836,0.0993652,0.460468,0.534015,0.0732846,0.487967,0.198257,0.921169,51.6436,5.43263e-12,47756,0.887486,41.1981,1.06086e-12,38445,0.895553,0.876428,0.0878307,0.631141,0.996144,0.511517,0.22039,0.459803,0.228135,0.891603,87.9902,7.64954e-10,30733,0.967162,70.4477,9.04596e-11,52512
24,822,n1->n20->n89->n95->n93->n91->n92->n94->n96->n97->n99->n98->n57->n74->n35->n31->n30->n32->n66->n68->n58->n59->n50->n51,5.37021e+09|4.0293e+11|2.68119e+11|1.05601e+11|4.22601e+13|2.84652e+12|1.97334e+09|1.36531e+10|2.51165e+12|2.90604e+09|1.57108e+10|1.8266e+13|4.14288e+09|5.8385e+13|5.77859e+11|4.79342e+12|1.26395e+10|1.78367e+12|1.10072e+10|1.31753e+09|8.16696e+09|3.04563e+11|2.36425e+09|7.46708e+11,8.19724e+08|1.89646e+11|9.23423e+10|5.46554e+10|1.3774e+13|3.57264e+11|1.46451e+09|1.67171e+09|5.36324e+11|5.04144e+08|4.21389e+09|5.99087e+12|2.05006e+09|7.35096e+12|4.88834e+11|4.42443e+12|1.81012e+09|1.05491e+12|8.7665e+09|3.10679e+08|6.89506e+09|3.06423e+10|4.07889e+08|5.06847e+11,0.000494453|5.21063e-05|3.55201e-05|0.000260968|8.45967e-05|6.93267e-05|2.75832e-05|2.95455e-05|1.2987e-05|8.81202e-05|0.00089026|0.000410965|0.000173612|0.000875739|0.000412952|0.00024651|4.789e-05|0.000179959|0.000237659|0.000223952|0.000266735|2.43107e-05|1.54283e-05|0.000185382,0.000316017|0.000368678|0.000111435|0.000186877|0.000162335|0.00599677|0.0052688|0.000125263|0.000286765|0.00494291|0.000350126|0.000548485|0.00271581|0.00944671|0.00138752|0.00308746|0.00655588|0.00292552|0.000470269|0.00843573|0.00874893|0.000202742|0.00907722|0.00344885,0.0109342|0.0108696|0.0107812|0.00282907|0.0108045|0.008036|0.0444618|0.00830448|0.0377902|0.0381696|0.0362414|0.0295222|0.0328142|0.0280357|0.00215298|0.0211034|0.00398508|0.00778345|0.0203827|0.0370095|0.0248478|0.00304046|0.00638914|0.0365406,0.000178506|0.0181411|0.0401575|0.0420997|0.0326183|0.015498|0.0387741|0.0293842|0.0195364|0.00800322|0.0472365|0.0297366|0.0437642|0.0166219|0.0375959|0.0151027|0.0178703|0.0161829|0.0146278|0.00589983|0.0481122|0.0474075|0.0483596|0.0130093,0.973537|0.923215|0.926416|0.966581|0.912097|0.964407|0.987763|0.927471|0.951762|0.90679|0.953794|0.959539|0.983348|0.90082|0.952159|0.943878|0.972158|0.953313|0.978907|0.984554|0.911658|0.99171|0.910708|0.98883,4.63983|4.79469|0.0868458|1.09944|5.92115|5.6679|6.03913|5.03384|0.85792|1.41691|3.07459|2.95405|1.93323|0.0974208|5.24666|4.82496|5.42296|0.10397|3.10364|5.26958|3.70937|5.60303|5.41755|4.04415,90.7492|18.2346|11.8194|24.941|26.8753|32.3713|13.5087|71.0086|37.9513|94.4507|58.4557|98.2355|95.6836|67.7415|91.3525|88.6669|69.5993|27.3217|70.8824|56.905|56.397|47.7013|82.9474,0.215706|0.231355|0.168449|0.237661|0.203549|0.161013|0.230182|0.230021|0.246589|0.168303|0.227784|0.190047|0.169856|0.161632|0.243038|0.215598|0.204659|0.199785|0.16183|0.185169|0.21902|0.170229|0.24308,0.53635|0.595303|0.776387|0.985064|0.21516|0.940947|0.731663|0.131268|0.157157|0.263233|0.686264|0.757428|0.815246|0.301798|0.658826|0.123891|0.237533|0.769012|0.215539|0.476138|0.533324|0.776444|0.624607,0.869523,0.801463,0.117836,0.0993652,0.460468,0.534015,0.0732846,0.487967,0.198257,0.921169,51.6436,5.43263e-12,47756,0.887486,41.1981,1.06086e-12,38445,0.895553,0.876428,0.0878307,0.631141,0.996144,0.511517,0.22039,0.459803,0.228135,0.891603,87.9902,7.64954e-10,30733,0.967162,70.4477,9.04596e-11,52512
24,823,n1->n99->n98->n57->n55->n53->n52->n65->n64->n93->n94->n96->n97->n95->n89->n20->n21->n23->n83->n81->n79->n63->n61->n51,5.37021e+09|1.57108e+10|1.8266e+13|4.14288e+09|8.84081e+12|4.60474e+10|1.02428e+10|1.12599e+09|4.21034e+09|4.22601e+13|1.36531e+10|2.51165e+12|2.90604e+09|1.05601e+11|2.68119e+11|4.0293e+11|1.56161e+12|4.63033e+10|3.76373e+13|2.58887e+10|1.47019e+10|6.55204e+12|6.44979e+11|7.46708e+11,8.19724e+08|4.21389e+09|5.99087e+12|2.05006e+09|4.69454e+12|3.18273e+10|2.07235e+09|3.2906e+08|1.60867e+09|1.3774e+13|1.67171e+09|5.36324e+11|5.04144e+08|5.46554e+10|9.23423e+10|1.89646e+11|3.02345e+11|3.30225e+10|2.34723e+13|8.36206e+09|4.87652e+09|2.63574e+12|1.30372e+11|5.06847e+11,0.000494453|0.00089026|0.000410965|0.000173612|4.06274e-05|2.00633e-05|0.00011644|1.96575e-05|1.88732e-05|8.45967e-05|2.95455e-05|1.2987e-05|8.81202e-05|0.000260968|3.55201e-05|5.21063e-05|0.00096308|0.000277161|1.86087e-05|0.000268232|0.000133131|0.000116235|3.71253e-05|0.000185382,0.000316017|0.000350126|0.000548485|0.00271581|0.000128431|0.000509085|0.00580301|0.000428116|0.000135861|0.000162335|0.000125263|0.000286765|0.00494291|0.000186877|0.000111435|0.000368678|0.00195589|0.00418014|0.000175452|0.000752991|0.000479664|0.00126856|0.00313588|0.00344885,0.0109342|0.0362414|0.0295222|0.0328142|0.00843704|5.21659e-05|0.0398377|0.00118659|0.0266797|0.0108045|0.00830448|0.0377902|0.0381696|0.00282907|0.0107812|0.0108696|0.00712365|0.00314906|0.015405|0.0481357|0.0252961|0.0100727|0.0266048|0.0365406,0.000178506|0.0472365|0.0297366|0.0437642|0.0314938|0.00115664|0.0151024|0.00176737|0.0436548|0.0326183|0.0293842|0.0195364|0.00800322|0.0420997|0.0401575|0.0181411|0.0414669|0.0470385|0.038157|0.00997263|0.0203026|0.0107197|0.0179693|0.0130093,0.973537|0.953794|0.959539|0.983348|0.908585|0.913872|0.965406|0.967717|0.933821|0.912097|0.927471|0.951762|0.90679|0.966581|0.926416|0.923215|0.971602|0.92176|0.947801|0.948836|0.966262|0.903245|0.958619|0.98883,4.63983|3.07459|2.95405|1.93323|3.37071|0.640024|0.0104102|4.1126|5.77568|5.92115|5.03384|0.85792|1.41691|1.09944|0.0868458|4.79469|3.14177|2.08786|4.11052|1.5908|3.41737|4.68449|2.63855|4.04415,66.2586|58.4557|98.2355|61.5999|30.3781|81.3721|56.1703|56.7563|32.5899|63.1349|71.0086|37.9513|11.8968|11.8194|18.2346|76.7594|88.4205|23.518|78.7627|26.55|16.1844|47.0482|66.5616,0.180129|0.227784|0.190047|0.220389|0.207992|0.184589|0.247907|0.186349|0.178102|0.209804|0.230021|0.246589|0.228013|0.168449|0.231355|0.218425|0.232237|0.181099|0.170031|0.238834|0.22961|0.167884|0.171721,0.323551|0.686264|0.757428|0.549818|0.646488|0.272111|0.827328|0.927837|0.548301|0.17375|0.131268|0.157157|0.342677|0.776387|0.595303|0.515127|0.516177|0.741177|0.530775|0.957633|0.217843|0.410418|0.235817,0.869523,0.801463,0.117836,0.0993652,0.460468,0.534015,0.0732846,0.487967,0.198257,0.921169,51.6436,5.43263e-12,47756,0.887486,41.1981,1.06086e-12,38445,0.895553,0.876428,0.0878307,0.631141,0.996144,0.511517,0.22039,0.459803,0.228135,0.891603,87.9902,7.64954e-10,30733,0.967162,70.4477,9.04596e-11,52512
24,824,n1->n20->n96->n94->n92->n91->n93->n64->n49->n47->n45->n72->n71->n24->n26->n25->n27->n52->n65->n85->n58->n59->n50->n51,5.37021e+09|4.0293e+11|2.51165e+12|1.36531e+10|1.97334e+09|2.84652e+12|4.22601e+13|4.21034e+09|2.45005e+09|4.74236e+11|8.38488e+13|6.83442e+09|7.70008e+11|1.59557e+13|7.09351e+09|1.67189e+13|4.19351e+12|1.02428e+10|1.12599e+09|2.02447e+09|8.16696e+09|3.04563e+11|2.36425e+09|7.46708e+11,8.19724e+08|1.89646e+11|5.36324e+11|1.67171e+09|1.46451e+09|3.57264e+11|1.3774e+13|1.60867e+09|2.44458e+09|1.54765e+11|1.01787e+13|1.48353e+09|1.60546e+11|4.06569e+12|1.31666e+09|1.40059e+13|8.73344e+11|2.07235e+09|3.2906e+08|2.41326e+08|6.89506e+09|3.06423e+10|4.07889e+08|5.06847e+11,0.000494453|5.21063e-05|1.2987e-05|2.95455e-05|2.75832e-05|6.93267e-05|8.45967e-05|1.88732e-05|1.07426e-05|0.000202873|1.67225e-05|0.000159499|0.00017279|0.000193265|3.77967e-05|6.30741e-05|1.08528e-05|0.00011644|1.96575e-05|2.04325e-05|0.000266735|2.43107e-05|1.54283e-05|0.000185382,0.000316017|0.000368678|0.000286765|0.000125263|0.0052688|0.00599677|0.000162335|0.000135861|0.000979027|0.000266598|0.000742576|0.00384342|0.00123164|0.0012727|0.00522178|0.00294926|0.00262605|0.00580301|0.000428116|0.000338175|0.00874893|0.000202742|0.00907722|0.00344885,0.0109342|0.0108696|0.0377902|0.00830448|0.0444618|0.008036|0.0108045|0.0266797|0.0183567|0.00898217|0.00846218|0.0479977|0.0398828|0.0433038|0.0101688|0.0195393|0.0303206|0.0398377|0.00118659|0.0354515|0.0248478|0.00304046|0.00638914|0.0365406,0.000178506|0.0181411|0.0195364|0.0293842|0.0387741|0.015498|0.0326183|0.0436548|0.0388066|0.0488958|0.0342415|0.0299903|0.0326729|0.00780618|0.0409649|0.0159438|0.0230682|0.0151024|0.00176737|0.0266209|0.0481122|0.0474075|0.0483596|0.0130093,0.973537|0.923215|0.951762|0.927471|0.987763|0.964407|0.912097|0.933821|0.969899|0.9108|0.934264|0.96924|0.947193|0.90929|0.981638|0.9023|0.985376|0.965406|0.967717|0.940474|0.911658|0.99171|0.910708|0.98883,4.63983|4.79469|0.85792|5.03384|6.03913|5.6679|5.92115|5.77568|3.94615|6.27947|5.31688|3.90463|0.117525|3.9732|2.91399|1.57149|4.5695|0.0104102|4.1126|4.91715|3.70937|5.60303|5.41755|4.04415,90.7492|58.7029|71.0086|13.5087|32.3713|26.8753|32.5899|77.768|91.8261|40.979|63.1262|45.8448|44.1502|83.4704|63.0993|64.4551|46.2248|56.1703|82.5435|90.6886|56.397|47.7013|82.9474,0.215706|0.201188|0.230021|0.230182|0.161013|0.203549|0.178102|0.165457|0.228404|0.216949|0.243732|0.218487|0.204574|0.216464|0.228799|0.242248|0.183493|0.247907|0.20461|0.194345|0.21902|0.170229|0.24308,0.53635|0.666395|0.131268|0.731663|0.940947|0.21516|0.548301|0.348083|0.133861|0.317946|0.65643|0.29317|0.45026|0.583168|0.359402|0.837222|0.657987|0.827328|0.519435|0.45102|0.533324|0.776444|0.624607,0.869523,0.801463,0.117836,0.0993652,0.460468,0.534015,0.0732846,0.487967,0.198257,0.921169,51.6436,5.43263e-12,47756,0.887486,41.1981,1.06086e-12,38445,0.895553,0.876428,0.0878307,0.631141,0.996144,0.511517,0.22039,0.459803,0.228135,0.891603,87.9902,7.64954e-10,30733,0.967162,70.4477,9.04596e-11,52512
24,825,n1->n20->n19->n18->n70->n69->n28->n29->n15->n13->n11->n9->n7->n2->n4->n27->n26->n24->n71->n75->n14->n96->n94->n51,5.37021e+09|4.0293e+11|2.47533e+11|7.59179e+12|6.87309e+13|8.81277e+09|1.34247e+11|3.6336e+13|8.77071e+11|6.60497e+13|1.78735e+12|1.49139e+12|3.81012e+11|5.94248e+10|7.07339e+12|4.19351e+12|7.09351e+09|1.59557e+13|7.70008e+11|8.71921e+10|3.70261e+10|2.51165e+12|1.36531e+10|7.46708e+11,8.19724e+08|1.89646e+11|2.33399e+11|4.11836e+12|9.78332e+12|7.57626e+09|1.51805e+10|1.77292e+13|1.06991e+11|8.87204e+12|3.29521e+11|3.79906e+11|6.70334e+10|3.74975e+10|2.43435e+12|8.73344e+11|1.31666e+09|4.06569e+12|1.60546e+11|5.29113e+10|1.44234e+10|5.36324e+11|1.67171e+09|5.06847e+11,0.000494453|5.21063e-05|0.000261527|2.98936e-05|5.13815e-05|0.000268039|0.00056516|0.000125062|0.000182949|0.000787814|5.47786e-05|1.80008e-05|0.000475679|1.10648e-05|0.000113681|1.08528e-05|3.77967e-05|0.000193265|0.00017279|0.000766915|3.25754e-05|1.2987e-05|2.95455e-05|0.000185382,0.000316017|0.000368678|0.000768065|0.000681499|0.00295865|0.00367819|0.0093172|0.00231296|0.00274771|0.00788063|0.00652494|0.00065196|0.00104538|0.00120557|0.00198341|0.00262605|0.00522178|0.0012727|0.00123164|0.000203965|0.000181646|0.000286765|0.000125263|0.00344885,0.0109342|0.0108696|0.0201979|0.0192976|0.0286141|0.022957|0.0317261|0.0255931|0.0207315|0.0476737|0.00125292|0.0140743|0.01754|0.00369149|0.0350273|0.0303206|0.0101688|0.0433038|0.0398828|0.0243876|0.0426128|0.0377902|0.00830448|0.0365406,0.000178506|0.0181411|0.0291803|0.0120519|0.0216638|0.0100342|0.03841|0.00291922|0.0378122|0.00335145|0.0136412|0.033904|0.0283975|0.0127317|0.0273051|0.0230682|0.0409649|0.00780618|0.0326729|0.0250863|0.049061|0.0195364|0.0293842|0.0130093,0.973537|0.923215|0.941018|0.946711|0.966653|0.975915|0.948072|0.962742|0.910795|0.954869|0.988894|0.963574|0.963898|0.968894|0.917619|0.985376|0.981638|0.90929|0.947193|0.936129|0.906626|0.951762|0.927471|0.98883,4.63983|4.79469|1.39448|4.38273|4.60778|2.99986|1.48687|0.0327787|1.89272|5.26639|0.923897|5.88966|3.51107|4.74216|1.56082|4.5695|2.91399|3.9732|0.117525|3.39264|0.762282|0.85792|5.03384|4.04415,90.7492|86.2435|34.0839|55.8812|74.5377|97.1045|18.7034|32.2763|66.6304|13.9548|99.0064|59.8148|88.6198|30.2686|52.1141|67.4197|83.4704|44.1502|14.5634|56.2706|54.7186|71.0086|11.2844,0.215706|0.182991|0.248409|0.234874|0.172691|0.207556|0.249902|0.240047|0.179788|0.189728|0.201409|0.18359|0.228013|0.239023|0.184605|0.171162|0.216464|0.204574|0.169453|0.226178|0.208433|0.230021|0.200895,0.53635|0.182796|0.983209|0.16843|0.416585|0.438091|0.259002|0.895675|0.275394|0.801183|0.439638|0.339058|0.84397|0.514427|0.200735|0.40751|0.583168|0.45026|0.275247|0.725021|0.448351|0.131268|0.836539,0.869523,0.801463,0.117836,0.0993652,0.460468,0.534015,0.0732846,0.487967,0.198257,0.921169,51.6436,5.43263e-12,47756,0.887486,41.1981,1.06086e-12,38445,0.895553,0.876428,0.0878307,0.631141,0.996144,0.511517,0.22039,0.459803,0.228135,0.891603,87.9902,7.64954e-10,30733,0.967162,70.4477,9.04596e-11,52512
24,826,n1->n20->n18->n70->n87->n88->n89->n90->n100->n2->n7->n9->n11->n13->n12->n8->n10->n63->n79->n81->n37->n65->n52->n51,5.37021e+09|4.0293e+11|7.59179e+12|6.87309e+13|7.3435e+12|9.00567e+12|2.68119e+11|1.33273e+11|4.01966e+09|5.94248e+10|3.81012e+11|1.49139e+12|1.78735e+12|6.60497e+13|9.70597e+10|4.61239e+13|2.49624e+09|6.55204e+12|1.47019e+10|2.58887e+10|2.79748e+13|1.12599e+09|1.02428e+10|7.46708e+11,8.19724e+08|1.89646e+11|4.11836e+12|9.78332e+12|2.79916e+12|8.66002e+12|9.23423e+10|6.41526e+10|2.27749e+09|3.74975e+10|6.70334e+10|3.79906e+11|3.29521e+11|8.87204e+12|2.76143e+10|1.04208e+13|7.32581e+08|2.63574e+12|4.87652e+09|8.36206e+09|4.96975e+12|3.2906e+08|2.07235e+09|5.06847e+11,0.000494453|5.21063e-05|2.98936e-05|5.13815e-05|0.000634307|6.2721e-05|3.55201e-05|0.000319756|0.000665246|1.10648e-05|0.000475679|1.80008e-05|5.47786e-05|0.000787814|0.000201974|6.6054e-05|6.27016e-05|0.000116235|0.000133131|0.000268232|1.06248e-05|1.96575e-05|0.00011644|0.000185382,0.000316017|0.000368678|0.000681499|0.00295865|0.00151267|0.000480267|0.000111435|0.000672662|0.00914892|0.00120557|0.00104538|0.00065196|0.00652494|0.00788063|0.0016732|0.00522046|0.00113469|0.00126856|0.000479664|0.000752991|0.000261291|0.000428116|0.00580301|0.00344885,0.0109342|0.0108696|0.0192976|0.0286141|0.0186268|0.00850464|0.0107812|0.0285929|0.0100829|0.00369149|0.01754|0.0140743|0.00125292|0.0476737|0.0313381|0.0318744|0.00597815|0.0100727|0.0252961|0.0481357|0.0457563|0.00118659|0.0398377|0.0365406,0.000178506|0.0181411|0.0120519|0.0216638|0.00979507|0.0237676|0.0401575|0.0372754|0.0460028|0.0127317|0.0283975|0.033904|0.0136412|0.00335145|0.0470205|0.0483133|0.0245713|0.0107197|0.0203026|0.00997263|0.0105712|0.00176737|0.0151024|0.0130093,0.973537|0.923215|0.946711|0.966653|0.977244|0.962132|0.926416|0.984478|0.935175|0.968894|0.963898|0.963574|0.988894|0.954869|0.937315|0.975256|0.962416|0.903245|0.966262|0.948836|0.964079|0.967717|0.965406|0.98883,4.63983|4.79469|4.38273|4.60778|2.33192|1.9653|0.0868458|4.02061|3.89025|4.74216|3.51107|5.88966|0.923897|5.26639|3.07758|3.22282|1.97158|4.68449|3.41737|1.5908|4.96174|4.1126|0.0104102|4.04415,90.7492|89.2299|55.8812|39.9413|57.0974|92.4072|12.726|32.7492|37.015|88.6198|59.8148|99.0064|13.9548|56.34|81.3396|99.595|65.1286|16.1844|26.55|88.8597|13.4252|56.1703|83.3731,0.215706|0.247215|0.234874|0.180359|0.227675|0.203687|0.226099|0.191207|0.17211|0.228013|0.18359|0.201409|0.189728|0.206669|0.186476|0.184434|0.203746|0.22961|0.238834|0.211898|0.230756|0.247907|0.197114,0.53635|0.652252|0.16843|0.129355|0.396625|0.876618|0.757755|0.878161|0.315214|0.84397|0.339058|0.439638|0.801183|0.285239|0.379326|0.703378|0.514129|0.217843|0.957633|0.430076|0.986996|0.827328|0.942894,0.869523,0.801463,0.117836,0.0993652,0.460468,0.534015,0.0732846,0.487967,0.198257,0.921169,51.6436,5.43263e-12,47756,0.887486,41.1981,1.06086e-12,38445,0.895553,0.876428,0.0878307,0.631141,0.996144,0.511517,0.22039,0.459803,0.228135,0.891603,87.9902,7.64954e-10,30733,0.967162,70.4477,9.04596e-11,52512
24,827,n1->n99->n98->n57->n74->n76->n86->n87->n88->n89->n48->n50->n59->n58->n85->n65->n52->n27->n26->n47->n46->n62->n61->n51,5.37021e+09|1.57108e+10|1.8266e+13|4.14288e+09|5.8385e+13|4.21804e+13|3.85304e+10|7.3435e+12|9.00567e+12|2.68119e+11|3.98001e+12|2.36425e+09|3.04563e+11|8.16696e+09|2.02447e+09|1.12599e+09|1.02428e+10|4.19351e+12|7.09351e+09|4.74236e+11|5.53417e+12|2.37342e+11|6.44979e+11|7.46708e+11,8.19724e+08|4.21389e+09|5.99087e+12|2.05006e+09|7.35096e+12|1.15782e+13|4.69095e+09|2.79916e+12|8.66002e+12|9.23423e+10|1.69514e+12|4.07889e+08|3.06423e+10|6.89506e+09|2.41326e+08|3.2906e+08|2.07235e+09|8.73344e+11|1.31666e+09|1.54765e+11|1.63629e+12|1.13053e+11|1.30372e+11|5.06847e+11,0.000494453|0.00089026|0.000410965|0.000173612|0.000875739|1.88608e-05|6.21631e-05|0.000634307|6.2721e-05|3.55201e-05|4.78153e-05|1.54283e-05|2.43107e-05|0.000266735|2.04325e-05|1.96575e-05|0.00011644|1.08528e-05|3.77967e-05|0.000202873|0.000489732|8.24006e-05|3.71253e-05|0.000185382,0.000316017|0.000350126|0.000548485|0.00271581|0.00944671|0.00214239|0.00341054|0.00151267|0.000480267|0.000111435|0.00544009|0.00907722|0.000202742|0.00874893|0.000338175|0.000428116|0.00580301|0.00262605|0.00522178|0.000266598|0.000159088|0.00794111|0.00313588|0.00344885,0.0109342|0.0362414|0.0295222|0.0328142|0.0280357|0.00156873|0.0237043|0.0186268|0.00850464|0.0107812|0.0455031|0.00638914|0.00304046|0.0248478|0.0354515|0.00118659|0.0398377|0.0303206|0.0101688|0.00898217|0.029055|0.0242596|0.0266048|0.0365406,0.000178506|0.0472365|0.0297366|0.0437642|0.0166219|0.0470058|0.0488574|0.00979507|0.0237676|0.0401575|0.0360942|0.0483596|0.0474075|0.0481122|0.0266209|0.00176737|0.0151024|0.0230682|0.0409649|0.0488958|0.0302566|0.0480911|0.0179693|0.0130093,0.973537|0.953794|0.959539|0.983348|0.90082|0.989289|0.981332|0.977244|0.962132|0.926416|0.967439|0.910708|0.99171|0.911658|0.940474|0.967717|0.965406|0.985376|0.981638|0.9108|0.923372|0.98053|0.958619|0.98883,4.63983|3.07459|2.95405|1.93323|0.0974208|0.578949|4.96971|2.33192|1.9653|0.0868458|3.09858|5.41755|5.60303|3.70937|4.91715|4.1126|0.0104102|4.5695|2.91399|6.27947|0.31178|5.59786|2.63855|4.04415,66.2586|58.4557|98.2355|95.6836|53.1277|37.5994|88.9922|57.0974|92.4072|94.0077|23.5956|47.7013|56.397|90.6886|82.5435|56.1703|46.2248|67.4197|70.8805|71.5316|56.7189|89.0369|66.5616,0.180129|0.227784|0.190047|0.169856|0.181342|0.17745|0.246364|0.227675|0.203687|0.234363|0.191801|0.170229|0.21902|0.194345|0.20461|0.247907|0.183493|0.171162|0.189485|0.196056|0.167864|0.198053|0.171721,0.323551|0.686264|0.757428|0.815246|0.519715|0.871942|0.83582|0.396625|0.876618|0.948873|0.688345|0.776444|0.533324|0.45102|0.519435|0.827328|0.657987|0.40751|0.757042|0.758317|0.624525|0.704733|0.235817,0.869523,0.801463,0.117836,0.0993652,0.460468,0.534015,0.0732846,0.487967,0.198257,0.921169,51.6436,5.43263e-12,47756,0.887486,41.1981,1.06086e-12,38445,0.895553,0.876428,0.0878307,0.631141,0.996144,0.511517,0.22039,0.459803,0.228135,0.891603,87.9902,7.64954e-10,30733,0.967162,70.4477,9.04596e-11,52512
24,828,n1->n13->n11->n29->n27->n52->n53->n55->n56->n54->n40->n42->n44->n41->n43->n45->n47->n46->n48->n89->n90->n59->n50->n51,5.37021e+09|6.60497e+13|1.78735e+12|3.6336e+13|4.19351e+12|1.02428e+10|4.60474e+10|8.84081e+12|1.1605e+12|2.80961e+11|3.58065e+10|2.42905e+09|5.26537e+13|3.95737e+11|1.40931e+10|8.38488e+13|4.74236e+11|5.53417e+12|3.98001e+12|2.68119e+11|1.33273e+11|3.04563e+11|2.36425e+09|7.46708e+11,8.19724e+08|8.87204e+12|3.29521e+11|1.77292e+13|8.73344e+11|2.07235e+09|3.18273e+10|4.69454e+12|5.65456e+11|2.23178e+11|4.14657e+09|2.47264e+08|2.86817e+13|1.47899e+11|3.26577e+09|1.01787e+13|1.54765e+11|1.63629e+12|1.69514e+12|9.23423e+10|6.41526e+10|3.06423e+10|4.07889e+08|5.06847e+11,0.000494453|0.000787814|5.47786e-05|0.000125062|1.08528e-05|0.00011644|2.00633e-05|4.06274e-05|1.7812e-05|1.47667e-05|6.01341e-05|8.79758e-05|0.000124649|2.35935e-05|0.000955168|1.67225e-05|0.000202873|0.000489732|4.78153e-05|3.55201e-05|0.000319756|2.43107e-05|1.54283e-05|0.000185382,0.000316017|0.00788063|0.00652494|0.00231296|0.00262605|0.00580301|0.000509085|0.000128431|0.000830638|0.00549128|0.00268841|0.000493531|0.00158999|0.00412419|0.00344494|0.000742576|0.000266598|0.000159088|0.00544009|0.000111435|0.000672662|0.000202742|0.00907722|0.00344885,0.0109342|0.0476737|0.00125292|0.0255931|0.0303206|0.0398377|5.21659e-05|0.00843704|0.0231698|0.0334079|0.0249103|0.00783732|0.0486405|0.00451081|0.0168583|0.00846218|0.00898217|0.029055|0.0455031|0.0107812|0.0285929|0.00304046|0.00638914|0.0365406,0.000178506|0.00335145|0.0136412|0.00291922|0.0230682|0.0151024|0.00115664|0.0314938|0.0417641|0.00844474|0.033399|0.0327962|0.00764508|0.00491436|0.0482719|0.0342415|0.0488958|0.0302566|0.0360942|0.0401575|0.0372754|0.0474075|0.0483596|0.0130093,0.973537|0.954869|0.988894|0.962742|0.985376|0.965406|0.913872|0.908585|0.944528|0.927525|0.920308|0.960936|0.932977|0.923722|0.943219|0.934264|0.9108|0.923372|0.967439|0.926416|0.984478|0.99171|0.910708|0.98883,4.63983|5.26639|0.923897|0.0327787|4.5695|0.0104102|0.640024|3.37071|2.55597|1.22009|2.50002|0.765875|2.64532|4.11092|2.3897|5.31688|6.27947|0.31178|3.09858|0.0868458|4.02061|5.60303|5.41755|4.04415,79.8117|13.9548|13.2112|49.6282|46.2248|81.3721|30.3781|95.3312|42.6814|12.2677|77.6192|21.0603|12.7315|43.4967|48.5398|40.979|71.5316|41.9872|94.0077|12.726|62.2588|47.7013|82.9474,0.246796|0.189728|0.219003|0.180772|0.183493|0.184589|0.207992|0.167906|0.167734|0.248162|0.243521|0.23095|0.246433|0.160247|0.218428|0.216949|0.196056|0.178665|0.234363|0.226099|0.169222|0.170229|0.24308,0.338018|0.801183|0.427028|0.511755|0.657987|0.272111|0.646488|0.402595|0.927159|0.812759|0.14346|0.399278|0.665882|0.922117|0.854577|0.317946|0.758317|0.182289|0.948873|0.757755|0.361153|0.776444|0.624607,0.869523,0.801463,0.117836,0.0993652,0.460468,0.534015,0.0732846,0.487967,0.198257,0.921169,51.6436,5.43263e-12,47756,0.887486,41.1981,1.06086e-12,38445,0.895553,0.876428,0.0878307,0.631141,0.996144,0.511517,0.22039,0.459803,0.228135,0.891603,87.9902,7.64954e-10,30733,0.967162,70.4477,9.04596e-11,52512
24,829,n1->n99->n98->n57->n55->n53->n54->n40->n42->n63->n61->n62->n60->n59->n50->n29->n11->n9->n7->n5->n65->n64->n49->n51,5.37021e+09|1.57108e+10|1.8266e+13|4.14288e+09|8.84081e+12|4.60474e+10|2.80961e+11|3.58065e+10|2.42905e+09|6.55204e+12|6.44979e+11|2.37342e+11|8.79841e+13|3.04563e+11|2.36425e+09|3.6336e+13|1.78735e+12|1.49139e+12|3.81012e+11|2.91995e+11|1.12599e+09|4.21034e+09|2.45005e+09|7.46708e+11,8.19724e+08|4.21389e+09|5.99087e+12|2.05006e+09|4.69454e+12|3.18273e+10|2.23178e+11|4.14657e+09|2.47264e+08|2.63574e+12|1.30372e+11|1.13053e+11|5.95756e+13|3.06423e+10|4.07889e+08|1.77292e+13|3.29521e+11|3.79906e+11|6.70334e+10|4.67133e+10|3.2906e+08|1.60867e+09|2.44458e+09|5.06847e+11,0.000494453|0.00089026|0.000410965|0.000173612|4.06274e-05|2.00633e-05|1.47667e-05|6.01341e-05|8.79758e-05|0.000116235|3.71253e-05|8.24006e-05|0.000731749|2.43107e-05|1.54283e-05|0.000125062|5.47786e-05|1.80008e-05|0.000475679|7.03031e-05|1.96575e-05|1.88732e-05|1.07426e-05|0.000185382,0.000316017|0.000350126|0.000548485|0.00271581|0.000128431|0.000509085|0.00549128|0.00268841|0.000493531|0.00126856|0.00313588|0.00794111|0.000248463|0.000202742|0.00907722|0.00231296|0.00652494|0.00065196|0.00104538|0.000196916|0.000428116|0.000135861|0.000979027|0.00344885,0.0109342|0.0362414|0.0295222|0.0328142|0.00843704|5.21659e-05|0.0334079|0.0249103|0.00783732|0.0100727|0.0266048|0.0242596|0.0128442|0.00304046|0.00638914|0.0255931|0.00125292|0.0140743|0.01754|0.00731162|0.00118659|0.0266797|0.0183567|0.0365406,0.000178506|0.0472365|0.0297366|0.0437642|0.0314938|0.00115664|0.00844474|0.033399|0.0327962|0.0107197|0.0179693|0.0480911|0.0431033|0.0474075|0.0483596|0.00291922|0.0136412|0.033904|0.0283975|0.0421608|0.00176737|0.0436548|0.0388066|0.0130093,0.973537|0.953794|0.959539|0.983348|0.908585|0.913872|0.927525|0.920308|0.960936|0.903245|0.958619|0.98053|0.945549|0.99171|0.910708|0.962742|0.988894|0.963574|0.963898|0.951514|0.967717|0.933821|0.969899|0.98883,4.63983|3.07459|2.95405|1.93323|3.37071|0.640024|1.22009|2.50002|0.765875|4.68449|2.63855|5.59786|4.50487|5.60303|5.41755|0.0327787|0.923897|5.88966|3.51107|4.90362|4.1126|5.77568|3.94615|4.04415,66.2586|58.4557|98.2355|61.5999|30.3781|75.3264|12.2677|77.6192|97.0433|47.0482|89.0369|48.3985|76.8491|47.7013|37.0378|13.2112|99.0064|59.8148|37.2729|35.0583|56.7563|77.768|10.4661,0.180129|0.227784|0.190047|0.220389|0.207992|0.191357|0.248162|0.243521|0.211509|0.167884|0.198053|0.17162|0.204072|0.170229|0.191256|0.219003|0.201409|0.18359|0.176784|0.209201|0.186349|0.165457|0.216931,0.323551|0.686264|0.757428|0.549818|0.646488|0.567841|0.812759|0.14346|0.758395|0.410418|0.704733|0.641887|0.509755|0.776444|0.182586|0.427028|0.439638|0.339058|0.943162|0.297185|0.927837|0.348083|0.516407,0.869523,0.801463,0.117836,0.0993652,0.460468,0.534015,0.0732846,0.487967,0.198257,0.921169,51.6436,5.43263e-12,47756,0.887486,41.1981,1.06086e-12,38445,0.895553,0.876428,0.0878307,0.631141,0.996144,0.511517,0.22039,0.459803,0.228135,0.891603,87.9902,7.64954e-10,30733,0.967162,70.4477,9.04596e-11,52512
24,830,n1->n20->n96->n94->n92->n91->n93->n77->n23->n21->n22->n74->n35->n31->n32->n33->n6->n12->n14->n75->n4->n27->n52->n51,5.37021e+09|4.0293e+11|2.51165e+12|1.36531e+10|1.97334e+09|2.84652e+12|4.22601e+13|5.68112e+11|4.63033e+10|1.56161e+12|1.47e+10|5.8385e+13|5.77859e+11|4.79342e+12|1.78367e+12|3.64323e+13|1.14208e+09|9.70597e+10|3.70261e+10|8.71921e+10|7.07339e+12|4.19351e+12|1.02428e+10|7.46708e+11,8.19724e+08|1.89646e+11|5.36324e+11|1.67171e+09|1.46451e+09|3.57264e+11|1.3774e+13|3.56307e+11|3.30225e+10|3.02345e+11|9.51029e+09|7.35096e+12|4.88834e+11|4.42443e+12|1.05491e+12|6.32377e+12|2.20459e+08|2.76143e+10|1.44234e+10|5.29113e+10|2.43435e+12|8.73344e+11|2.07235e+09|5.06847e+11,0.000494453|5.21063e-05|1.2987e-05|2.95455e-05|2.75832e-05|6.93267e-05|8.45967e-05|8.49487e-05|0.000277161|0.00096308|1.77434e-05|0.000875739|0.000412952|0.00024651|0.000179959|1.50316e-05|1.08483e-05|0.000201974|3.25754e-05|0.000766915|0.000113681|1.08528e-05|0.00011644|0.000185382,0.000316017|0.000368678|0.000286765|0.000125263|0.0052688|0.00599677|0.000162335|0.000906866|0.00418014|0.00195589|0.0006856|0.00944671|0.00138752|0.00308746|0.00292552|0.00213059|0.00010157|0.0016732|0.000181646|0.000203965|0.00198341|0.00262605|0.00580301|0.00344885,0.0109342|0.0108696|0.0377902|0.00830448|0.0444618|0.008036|0.0108045|0.04851|0.00314906|0.00712365|0.0408661|0.0280357|0.00215298|0.0211034|0.00778345|0.00968695|0.00160082|0.0313381|0.0426128|0.0243876|0.0350273|0.0303206|0.0398377|0.0365406,0.000178506|0.0181411|0.0195364|0.0293842|0.0387741|0.015498|0.0326183|0.0115254|0.0470385|0.0414669|0.040072|0.0166219|0.0375959|0.0151027|0.0161829|0.0280967|0.0260762|0.0470205|0.049061|0.0250863|0.0273051|0.0230682|0.0151024|0.0130093,0.973537|0.923215|0.951762|0.927471|0.987763|0.964407|0.912097|0.949999|0.92176|0.971602|0.95984|0.90082|0.952159|0.943878|0.953313|0.923653|0.908628|0.937315|0.906626|0.936129|0.917619|0.985376|0.965406|0.98883,4.63983|4.79469|0.85792|5.03384|6.03913|5.6679|5.92115|0.722366|2.08786|3.14177|0.048646|0.0974208|5.24666|4.82496|0.10397|1.04264|5.01633|3.07758|0.762282|3.39264|1.56082|4.5695|0.0104102|4.04415,90.7492|58.7029|71.0086|13.5087|32.3713|26.8753|51.9256|39.0733|88.4205|55.6995|63.8366|67.7415|91.3525|86.0567|61.2747|50.0569|32.9383|51.9585|56.2706|81.7362|52.1141|46.2248|83.3731,0.215706|0.201188|0.230021|0.230182|0.161013|0.203549|0.247077|0.178948|0.232237|0.206062|0.241428|0.161632|0.243038|0.16799|0.208144|0.19306|0.230728|0.222459|0.226178|0.218556|0.184605|0.183493|0.197114,0.53635|0.666395|0.131268|0.731663|0.940947|0.21516|0.469529|0.23533|0.516177|0.677391|0.480684|0.301798|0.658826|0.799966|0.704271|0.116472|0.628307|0.326911|0.725021|0.847503|0.200735|0.657987|0.942894,0.869523,0.801463,0.117836,0.0993652,0.460468,0.534015,0.0732846,0.487967,0.198257,0.921169,51.6436,5.43263e-12,47756,0.887486,41.1981,1.06086e-12,38445,0.895553,0.876428,0.0878307,0.631141,0.996144,0.511517,0.22039,0.459803,0.228135,0.891603,87.9902,7.64954e-10,30733,0.967162,70.4477,9.04596e-11,52512
24,831,n1->n99->n98->n57->n74->n75->n4->n27->n29->n11->n13->n14->n96->n20->n19->n17->n18->n70->n87->n88->n89->n48->n50->n51,5.37021e+09|1.57108e+10|1.8266e+13|4.14288e+09|5.8385e+13|8.71921e+10|7.07339e+12|4.19351e+12|3.6336e+13|1.78735e+12|6.60497e+13|3.70261e+10|2.51165e+12|4.0293e+11|2.47533e+11|1.51096e+11|7.59179e+12|6.87309e+13|7.3435e+12|9.00567e+12|2.68119e+11|3.98001e+12|2.36425e+09|7.46708e+11,8.19724e+08|4.21389e+09|5.99087e+12|2.05006e+09|7.35096e+12|5.29113e+10|2.43435e+12|8.73344e+11|1.77292e+13|3.29521e+11|8.87204e+12|1.44234e+10|5.36324e+11|1.89646e+11|2.33399e+11|1.57582e+10|4.11836e+12|9.78332e+12|2.79916e+12|8.66002e+12|9.23423e+10|1.69514e+12|4.07889e+08|5.06847e+11,0.000494453|0.00089026|0.000410965|0.000173612|0.000875739|0.000766915|0.000113681|1.08528e-05|0.000125062|5.47786e-05|0.000787814|3.25754e-05|1.2987e-05|5.21063e-05|0.000261527|0.000261059|2.98936e-05|5.13815e-05|0.000634307|6.2721e-05|3.55201e-05|4.78153e-05|1.54283e-05|0.000185382,0.000316017|0.000350126|0.000548485|0.00271581|0.00944671|0.000203965|0.00198341|0.00262605|0.00231296|0.00652494|0.00788063|0.000181646|0.000286765|0.000368678|0.000768065|0.000513001|0.000681499|0.00295865|0.00151267|0.000480267|0.000111435|0.00544009|0.00907722|0.00344885,0.0109342|0.0362414|0.0295222|0.0328142|0.0280357|0.0243876|0.0350273|0.0303206|0.0255931|0.00125292|0.0476737|0.0426128|0.0377902|0.0108696|0.0201979|0.0430027|0.0192976|0.0286141|0.0186268|0.00850464|0.0107812|0.0455031|0.00638914|0.0365406,0.000178506|0.0472365|0.0297366|0.0437642|0.0166219|0.0250863|0.0273051|0.0230682|0.00291922|0.0136412|0.00335145|0.049061|0.0195364|0.0181411|0.0291803|0.00442808|0.0120519|0.0216638|0.00979507|0.0237676|0.0401575|0.0360942|0.0483596|0.0130093,0.973537|0.953794|0.959539|0.983348|0.90082|0.936129|0.917619|0.985376|0.962742|0.988894|0.954869|0.906626|0.951762|0.923215|0.941018|0.974312|0.946711|0.966653|0.977244|0.962132|0.926416|0.967439|0.910708|0.98883,4.63983|3.07459|2.95405|1.93323|0.0974208|3.39264|1.56082|4.5695|0.0327787|0.923897|5.26639|0.762282|0.85792|4.79469|1.39448|5.11322|4.38273|4.60778|2.33192|1.9653|0.0868458|3.09858|5.41755|4.04415,66.2586|58.4557|98.2355|95.6836|64.3401|81.7362|52.1141|49.6282|13.2112|13.9548|92.5451|54.7186|58.7029|86.2435|10.3361|43.2583|55.8812|39.9413|57.0974|92.4072|94.0077|23.5956|82.9474,0.180129|0.227784|0.190047|0.169856|0.220369|0.218556|0.184605|0.180772|0.219003|0.189728|0.191459|0.208433|0.201188|0.182991|0.172286|0.218822|0.234874|0.180359|0.227675|0.203687|0.234363|0.191801|0.24308,0.323551|0.686264|0.757428|0.815246|0.119032|0.847503|0.200735|0.511755|0.427028|0.801183|0.161307|0.448351|0.666395|0.182796|0.559133|0.981182|0.16843|0.129355|0.396625|0.876618|0.948873|0.688345|0.624607,0.869523,0.801463,0.117836,0.0993652,0.460468,0.534015,0.0732846,0.487967,0.198257,0.921169,51.6436,5.43263e-12,47756,0.887486,41.1981,1.06086e-12,38445,0.895553,0.876428,0.0878307,0.631141,0.996144,0.511517,0.22039,0.459803,0.228135,0.891603,87.9902,7.64954e-10,30733,0.967162,70.4477,9.04596e-11,52512
24,832,n1->n13->n15->n34->n35->n33->n31->n29->n27->n97->n95->n93->n77->n99->n98->n57->n83->n23->n21->n20->n89->n48->n50->n51,5.37021e+09|6.60497e+13|8.77071e+11|4.7313e+12|5.77859e+11|3.64323e+13|4.79342e+12|3.6336e+13|4.19351e+12|2.90604e+09|1.05601e+11|4.22601e+13|5.68112e+11|1.57108e+10|1.8266e+13|4.14288e+09|3.76373e+13|4.63033e+10|1.56161e+12|4.0293e+11|2.68119e+11|3.98001e+12|2.36425e+09|7.46708e+11,8.19724e+08|8.87204e+12|1.06991e+11|1.15705e+12|4.88834e+11|6.32377e+12|4.42443e+12|1.77292e+13|8.73344e+11|5.04144e+08|5.46554e+10|1.3774e+13|3.56307e+11|4.21389e+09|5.99087e+12|2.05006e+09|2.34723e+13|3.30225e+10|3.02345e+11|1.89646e+11|9.23423e+10|1.69514e+12|4.07889e+08|5.06847e+11,0.000494453|0.000787814|0.000182949|0.000140889|0.000412952|1.50316e-05|0.00024651|0.000125062|1.08528e-05|8.81202e-05|0.000260968|8.45967e-05|8.49487e-05|0.00089026|0.000410965|0.000173612|1.86087e-05|0.000277161|0.00096308|5.21063e-05|3.55201e-05|4.78153e-05|1.54283e-05|0.000185382,0.000316017|0.00788063|0.00274771|0.000270551|0.00138752|0.00213059|0.00308746|0.00231296|0.00262605|0.00494291|0.000186877|0.000162335|0.000906866|0.000350126|0.000548485|0.00271581|0.000175452|0.00418014|0.00195589|0.000368678|0.000111435|0.00544009|0.00907722|0.00344885,0.0109342|0.0476737|0.0207315|0.0276207|0.00215298|0.00968695|0.0211034|0.0255931|0.0303206|0.0381696|0.00282907|0.0108045|0.04851|0.0362414|0.0295222|0.0328142|0.015405|0.00314906|0.00712365|0.0108696|0.0107812|0.0455031|0.00638914|0.0365406,0.000178506|0.00335145|0.0378122|0.0210615|0.0375959|0.0280967|0.0151027|0.00291922|0.0230682|0.00800322|0.0420997|0.0326183|0.0115254|0.0472365|0.0297366|0.0437642|0.038157|0.0470385|0.0414669|0.0181411|0.0401575|0.0360942|0.0483596|0.0130093,0.973537|0.954869|0.910795|0.904866|0.952159|0.923653|0.943878|0.962742|0.985376|0.90679|0.966581|0.912097|0.949999|0.953794|0.959539|0.983348|0.947801|0.92176|0.971602|0.923215|0.926416|0.967439|0.910708|0.98883,4.63983|5.26639|1.89272|4.56594|5.24666|1.04264|4.82496|0.0327787|4.5695|1.41691|1.09944|5.92115|0.722366|3.07459|2.95405|1.93323|4.11052|2.08786|3.14177|4.79469|0.0868458|3.09858|5.41755|4.04415,79.8117|66.6304|27.3162|26.2497|93.5115|95.0453|70.4589|49.6282|31.5608|11.8968|24.941|51.9256|96.5216|58.4557|98.2355|50.003|23.518|88.4205|76.7594|18.2346|94.0077|23.5956|82.9474,0.246796|0.179788|0.231681|0.244194|0.242679|0.234751|0.246199|0.180772|0.219936|0.228013|0.237661|0.247077|0.241387|0.227784|0.190047|0.1911|0.181099|0.232237|0.218425|0.231355|0.234363|0.191801|0.24308,0.338018|0.275394|0.750497|0.307851|0.487093|0.258586|0.415176|0.511755|0.557853|0.342677|0.985064|0.469529|0.664018|0.686264|0.757428|0.161388|0.741177|0.516177|0.515127|0.595303|0.948873|0.688345|0.624607,0.869523,0.801463,0.117836,0.0993652,0.460468,0.534015,0.0732846,0.487967,0.198257,0.921169,51.6436,5.43263e-12,47756,0.887486,41.1981,1.06086e-12,38445,0.895553,0.876428,0.0878307,0.631141,0.996144,0.511517,0.22039,0.459803,0.228135,0.891603,87.9902,7.64954e-10,30733,0.967162,70.4477,9.04596e-11,52512
24,833,n1->n99->n98->n57->n55->n53->n54->n82->n63->n10->n39->n41->n44->n43->n45->n47->n48->n50->n59->n60->n62->n64->n49->n51,5.37021e+09|1.57108e+10|1.8266e+13|4.14288e+09|8.84081e+12|4.60474e+10|2.80961e+11|1.07979e+13|6.55204e+12|2.49624e+09|3.34792e+13|3.95737e+11|5.26537e+13|1.40931e+10|8.38488e+13|4.74236e+11|3.98001e+12|2.36425e+09|3.04563e+11|8.79841e+13|2.37342e+11|4.21034e+09|2.45005e+09|7.46708e+11,8.19724e+08|4.21389e+09|5.99087e+12|2.05006e+09|4.69454e+12|3.18273e+10|2.23178e+11|1.66379e+12|2.63574e+12|7.32581e+08|1.12013e+13|1.47899e+11|2.86817e+13|3.26577e+09|1.01787e+13|1.54765e+11|1.69514e+12|4.07889e+08|3.06423e+10|5.95756e+13|1.13053e+11|1.60867e+09|2.44458e+09|5.06847e+11,0.000494453|0.00089026|0.000410965|0.000173612|4.06274e-05|2.00633e-05|1.47667e-05|0.000837919|0.000116235|6.27016e-05|5.53896e-05|2.35935e-05|0.000124649|0.000955168|1.67225e-05|0.000202873|4.78153e-05|1.54283e-05|2.43107e-05|0.000731749|8.24006e-05|1.88732e-05|1.07426e-05|0.000185382,0.000316017|0.000350126|0.000548485|0.00271581|0.000128431|0.000509085|0.00549128|0.00271152|0.00126856|0.00113469|0.0025393|0.00412419|0.00158999|0.00344494|0.000742576|0.000266598|0.00544009|0.00907722|0.000202742|0.000248463|0.00794111|0.000135861|0.000979027|0.00344885,0.0109342|0.0362414|0.0295222|0.0328142|0.00843704|5.21659e-05|0.0334079|0.0278433|0.0100727|0.00597815|0.00111942|0.00451081|0.0486405|0.0168583|0.00846218|0.00898217|0.0455031|0.00638914|0.00304046|0.0128442|0.0242596|0.0266797|0.0183567|0.0365406,0.000178506|0.0472365|0.0297366|0.0437642|0.0314938|0.00115664|0.00844474|0.0266174|0.0107197|0.0245713|0.0449458|0.00491436|0.00764508|0.0482719|0.0342415|0.0488958|0.0360942|0.0483596|0.0474075|0.0431033|0.0480911|0.0436548|0.0388066|0.0130093,0.973537|0.953794|0.959539|0.983348|0.908585|0.913872|0.927525|0.934435|0.903245|0.962416|0.924329|0.923722|0.932977|0.943219|0.934264|0.9108|0.967439|0.910708|0.99171|0.945549|0.98053|0.933821|0.969899|0.98883,4.63983|3.07459|2.95405|1.93323|3.37071|0.640024|1.22009|0.132111|4.68449|1.97158|1.19952|4.11092|2.64532|2.3897|5.31688|6.27947|3.09858|5.41755|5.60303|4.50487|5.59786|5.77568|3.94615|4.04415,66.2586|58.4557|98.2355|61.5999|30.3781|75.3264|41.1455|48.6997|65.1286|24.4191|38.9947|12.7315|69.1985|48.5398|40.979|78.8723|23.5956|47.7013|76.8491|48.3985|93.0484|77.768|10.4661,0.180129|0.227784|0.190047|0.220389|0.207992|0.191357|0.242874|0.175742|0.203746|0.239532|0.18226|0.246433|0.210513|0.218428|0.216949|0.239998|0.191801|0.170229|0.204072|0.17162|0.176232|0.165457|0.216931,0.323551|0.686264|0.757428|0.549818|0.646488|0.567841|0.378494|0.4301|0.514129|0.991722|0.988985|0.665882|0.374145|0.854577|0.317946|0.300482|0.688345|0.776444|0.509755|0.641887|0.182879|0.348083|0.516407,0.869523,0.801463,0.117836,0.0993652,0.460468,0.534015,0.0732846,0.487967,0.198257,0.921169,51.6436,5.43263e-12,47756,0.887486,41.1981,1.06086e-12,38445,0.895553,0.876428,0.0878307,0.631141,0.996144,0.511517,0.22039,0.459803,0.228135,0.891603,87.9902,7.64954e-10,30733,0.967162,70.4477,9.04596e-11,52512
24,834,n1->n20->n96->n94->n92->n93->n64->n67->n21->n22->n74->n76->n69->n28->n27->n26->n47->n45->n44->n78->n85->n65->n52->n51,5.37021e+09|4.0293e+11|2.51165e+12|1.36531e+10|1.97334e+09|4.22601e+13|4.21034e+09|4.7483e+09|1.56161e+12|1.47e+10|5.8385e+13|4.21804e+13|8.81277e+09|1.34247e+11|4.19351e+12|7.09351e+09|4.74236e+11|8.38488e+13|5.26537e+13|3.25238e+10|2.02447e+09|1.12599e+09|1.02428e+10|7.46708e+11,8.19724e+08|1.89646e+11|5.36324e+11|1.67171e+09|1.46451e+09|1.3774e+13|1.60867e+09|7.5553e+08|3.02345e+11|9.51029e+09|7.35096e+12|1.15782e+13|7.57626e+09|1.51805e+10|8.73344e+11|1.31666e+09|1.54765e+11|1.01787e+13|2.86817e+13|2.30731e+10|2.41326e+08|3.2906e+08|2.07235e+09|5.06847e+11,0.000494453|5.21063e-05|1.2987e-05|2.95455e-05|2.75832e-05|8.45967e-05|1.88732e-05|3.91885e-05|0.00096308|1.77434e-05|0.000875739|1.88608e-05|0.000268039|0.00056516|1.08528e-05|3.77967e-05|0.000202873|1.67225e-05|0.000124649|0.000270955|2.04325e-05|1.96575e-05|0.00011644|0.000185382,0.000316017|0.000368678|0.000286765|0.000125263|0.0052688|0.000162335|0.000135861|0.000640186|0.00195589|0.0006856|0.00944671|0.00214239|0.00367819|0.0093172|0.00262605|0.00522178|0.000266598|0.000742576|0.00158999|0.00167497|0.000338175|0.000428116|0.00580301|0.00344885,0.0109342|0.0108696|0.0377902|0.00830448|0.0444618|0.0108045|0.0266797|0.029632|0.00712365|0.0408661|0.0280357|0.00156873|0.022957|0.0317261|0.0303206|0.0101688|0.00898217|0.00846218|0.0486405|0.00569443|0.0354515|0.00118659|0.0398377|0.0365406,0.000178506|0.0181411|0.0195364|0.0293842|0.0387741|0.0326183|0.0436548|0.0482082|0.0414669|0.040072|0.0166219|0.0470058|0.0100342|0.03841|0.0230682|0.0409649|0.0488958|0.0342415|0.00764508|0.0425349|0.0266209|0.00176737|0.0151024|0.0130093,0.973537|0.923215|0.951762|0.927471|0.987763|0.912097|0.933821|0.924883|0.971602|0.95984|0.90082|0.989289|0.975915|0.948072|0.985376|0.981638|0.9108|0.934264|0.932977|0.92832|0.940474|0.967717|0.965406|0.98883,4.63983|4.79469|0.85792|5.03384|6.03913|5.92115|5.77568|2.06342|3.14177|0.048646|0.0974208|0.578949|2.99986|1.48687|4.5695|2.91399|6.27947|5.31688|2.64532|3.3614|4.91715|4.1126|0.0104102|4.04415,90.7492|58.7029|71.0086|13.5087|61.035|32.5899|95.5844|42.5138|55.6995|63.8366|53.1277|66.666|97.1045|23.5709|67.4197|70.8805|40.979|57.1366|88.5528|67.1704|82.5435|56.1703|83.3731,0.215706|0.201188|0.230021|0.230182|0.21409|0.178102|0.248978|0.197352|0.206062|0.241428|0.181342|0.212271|0.207556|0.207151|0.171162|0.189485|0.216949|0.235241|0.200088|0.184721|0.20461|0.247907|0.197114,0.53635|0.666395|0.131268|0.731663|0.722832|0.548301|0.480161|0.602799|0.677391|0.480684|0.519715|0.890059|0.438091|0.340196|0.40751|0.757042|0.317946|0.218954|0.134865|0.609732|0.519435|0.827328|0.942894,0.869523,0.801463,0.117836,0.0993652,0.460468,0.534015,0.0732846,0.487967,0.198257,0.921169,51.6436,5.43263e-12,47756,0.887486,41.1981,1.06086e-12,38445,0.895553,0.876428,0.0878307,0.631141,0.996144,0.511517,0.22039,0.459803,0.228135,0.891603,87.9902,7.64954e-10,30733,0.967162,70.4477,9.04596e-11,52512
24,835,n1->n99->n97->n96->n20->n18->n19->n17->n68->n22->n74->n76->n75->n71->n73->n54->n53->n52->n27->n29->n15->n63->n61->n51,5.37021e+09|1.57108e+10|2.90604e+09|2.51165e+12|4.0293e+11|7.59179e+12|2.47533e+11|1.51096e+11|1.31753e+09|1.47e+10|5.8385e+13|4.21804e+13|8.71921e+10|7.70008e+11|1.41706e+11|2.80961e+11|4.60474e+10|1.02428e+10|4.19351e+12|3.6336e+13|8.77071e+11|6.55204e+12|6.44979e+11|7.46708e+11,8.19724e+08|4.21389e+09|5.04144e+08|5.36324e+11|1.89646e+11|4.11836e+12|2.33399e+11|1.57582e+10|3.10679e+08|9.51029e+09|7.35096e+12|1.15782e+13|5.29113e+10|1.60546e+11|5.76853e+10|2.23178e+11|3.18273e+10|2.07235e+09|8.73344e+11|1.77292e+13|1.06991e+11|2.63574e+12|1.30372e+11|5.06847e+11,0.000494453|0.00089026|8.81202e-05|1.2987e-05|5.21063e-05|2.98936e-05|0.000261527|0.000261059|0.000223952|1.77434e-05|0.000875739|1.88608e-05|0.000766915|0.00017279|6.32916e-05|1.47667e-05|2.00633e-05|0.00011644|1.08528e-05|0.000125062|0.000182949|0.000116235|3.71253e-05|0.000185382,0.000316017|0.000350126|0.00494291|0.000286765|0.000368678|0.000681499|0.000768065|0.000513001|0.00843573|0.0006856|0.00944671|0.00214239|0.000203965|0.00123164|0.000807753|0.00549128|0.000509085|0.00580301|0.00262605|0.00231296|0.00274771|0.00126856|0.00313588|0.00344885,0.0109342|0.0362414|0.0381696|0.0377902|0.0108696|0.0192976|0.0201979|0.0430027|0.0370095|0.0408661|0.0280357|0.00156873|0.0243876|0.0398828|0.0455502|0.0334079|5.21659e-05|0.0398377|0.0303206|0.0255931|0.0207315|0.0100727|0.0266048|0.0365406,0.000178506|0.0472365|0.00800322|0.0195364|0.0181411|0.0120519|0.0291803|0.00442808|0.00589983|0.040072|0.0166219|0.0470058|0.0250863|0.0326729|0.028193|0.00844474|0.00115664|0.0151024|0.0230682|0.00291922|0.0378122|0.0107197|0.0179693|0.0130093,0.973537|0.953794|0.90679|0.951762|0.923215|0.946711|0.941018|0.974312|0.984554|0.95984|0.90082|0.989289|0.936129|0.947193|0.909539|0.927525|0.913872|0.965406|0.985376|0.962742|0.910795|0.903245|0.958619|0.98883,4.63983|3.07459|1.41691|0.85792|4.79469|4.38273|1.39448|5.11322|5.26958|0.048646|0.0974208|0.578949|3.39264|0.117525|3.29092|1.22009|0.640024|0.0104102|4.5695|0.0327787|1.89272|4.68449|2.63855|4.04415,66.2586|94.4507|37.9513|58.7029|89.2299|34.0839|10.3361|23.9015|15.3326|63.8366|53.1277|63.5216|14.5634|28.2621|26.1465|75.3264|81.3721|46.2248|49.6282|32.2763|11.0615|47.0482|66.5616,0.180129|0.168303|0.246589|0.201188|0.247215|0.248409|0.172286|0.236806|0.236297|0.241428|0.181342|0.207806|0.169453|0.242769|0.196311|0.191357|0.184589|0.183493|0.180772|0.240047|0.214255|0.167884|0.171721,0.323551|0.263233|0.157157|0.666395|0.652252|0.983209|0.559133|0.2818|0.655447|0.480684|0.519715|0.844544|0.275247|0.940077|0.754315|0.567841|0.272111|0.657987|0.511755|0.895675|0.692153|0.410418|0.235817,0.869523,0.801463,0.117836,0.0993652,0.460468,0.534015,0.0732846,0.487967,0.198257,0.921169,51.6436,5.43263e-12,47756,0.887486,41.1981,1.06086e-12,38445,0.895553,0.876428,0.0878307,0.631141,0.996144,0.511517,0.22039,0.459803,0.228135,0.891603,87.9902,7.64954e-10,30733,0.967162,70.4477,9.04596e-11,52512
24,836,n1->n13->n15->n29->n31->n32->n33->n24->n26->n25->n27->n28->n69->n76->n74->n57->n55->n56->n54->n40->n42->n63->n61->n51,5.37021e+09|6.60497e+13|8.77071e+11|3.6336e+13|4.79342e+12|1.78367e+12|3.64323e+13|1.59557e+13|7.09351e+09|1.67189e+13|4.19351e+12|1.34247e+11|8.81277e+09|4.21804e+13|5.8385e+13|4.14288e+09|8.84081e+12|1.1605e+12|2.80961e+11|3.58065e+10|2.42905e+09|6.55204e+12|6.44979e+11|7.46708e+11,8.19724e+08|8.87204e+12|1.06991e+11|1.77292e+13|4.42443e+12|1.05491e+12|6.32377e+12|4.06569e+12|1.31666e+09|1.40059e+13|8.73344e+11|1.51805e+10|7.57626e+09|1.15782e+13|7.35096e+12|2.05006e+09|4.69454e+12|5.65456e+11|2.23178e+11|4.14657e+09|2.47264e+08|2.63574e+12|1.30372e+11|5.06847e+11,0.000494453|0.000787814|0.000182949|0.000125062|0.00024651|0.000179959|1.50316e-05|0.000193265|3.77967e-05|6.30741e-05|1.08528e-05|0.00056516|0.000268039|1.88608e-05|0.000875739|0.000173612|4.06274e-05|1.7812e-05|1.47667e-05|6.01341e-05|8.79758e-05|0.000116235|3.71253e-05|0.000185382,0.000316017|0.00788063|0.00274771|0.00231296|0.00308746|0.00292552|0.00213059|0.0012727|0.00522178|0.00294926|0.00262605|0.0093172|0.00367819|0.00214239|0.00944671|0.00271581|0.000128431|0.000830638|0.00549128|0.00268841|0.000493531|0.00126856|0.00313588|0.00344885,0.0109342|0.0476737|0.0207315|0.0255931|0.0211034|0.00778345|0.00968695|0.0433038|0.0101688|0.0195393|0.0303206|0.0317261|0.022957|0.00156873|0.0280357|0.0328142|0.00843704|0.0231698|0.0334079|0.0249103|0.00783732|0.0100727|0.0266048|0.0365406,0.000178506|0.00335145|0.0378122|0.00291922|0.0151027|0.0161829|0.0280967|0.00780618|0.0409649|0.0159438|0.0230682|0.03841|0.0100342|0.0470058|0.0166219|0.0437642|0.0314938|0.0417641|0.00844474|0.033399|0.0327962|0.0107197|0.0179693|0.0130093,0.973537|0.954869|0.910795|0.962742|0.943878|0.953313|0.923653|0.90929|0.981638|0.9023|0.985376|0.948072|0.975915|0.989289|0.90082|0.983348|0.908585|0.944528|0.927525|0.920308|0.960936|0.903245|0.958619|0.98883,4.63983|5.26639|1.89272|0.0327787|4.82496|0.10397|1.04264|3.9732|2.91399|1.57149|4.5695|1.48687|2.99986|0.578949|0.0974208|1.93323|3.37071|2.55597|1.22009|2.50002|0.765875|4.68449|2.63855|4.04415,79.8117|66.6304|32.2763|70.4589|86.0567|61.2747|98.0873|83.4704|63.0993|64.4551|23.5709|97.1045|66.666|53.1277|95.6836|61.5999|95.3312|42.6814|12.2677|77.6192|97.0433|47.0482|66.5616,0.246796|0.179788|0.240047|0.246199|0.16799|0.208144|0.239791|0.216464|0.228799|0.242248|0.207151|0.207556|0.212271|0.181342|0.169856|0.220389|0.167906|0.167734|0.248162|0.243521|0.211509|0.167884|0.171721,0.338018|0.275394|0.895675|0.415176|0.799966|0.704271|0.939209|0.583168|0.359402|0.837222|0.340196|0.438091|0.890059|0.519715|0.815246|0.549818|0.402595|0.927159|0.812759|0.14346|0.758395|0.410418|0.235817,0.869523,0.801463,0.117836,0.0993652,0.460468,0.534015,0.0732846,0.487967,0.198257,0.921169,51.6436,5.43263e-12,47756,0.887486,41.1981,1.06086e-12,38445,0.895553,0.876428,0.0878307,0.631141,0.996144,0.511517,0.22039,0.459803,0.228135,0.891603,87.9902,7.64954e-10,30733,0.967162,70.4477,9.04596e-11,52512
24,837,n1->n20->n19->n17->n85->n83->n23->n24->n71->n72->n70->n69->n28->n27->n25->n26->n47->n45->n43->n44->n42->n63->n61->n51,5.37021e+09|4.0293e+11|2.47533e+11|1.51096e+11|2.02447e+09|3.76373e+13|4.63033e+10|1.59557e+13|7.70008e+11|6.83442e+09|6.87309e+13|8.81277e+09|1.34247e+11|4.19351e+12|1.67189e+13|7.09351e+09|4.74236e+11|8.38488e+13|1.40931e+10|5.26537e+13|2.42905e+09|6.55204e+12|6.44979e+11|7.46708e+11,8.19724e+08|1.89646e+11|2.33399e+11|1.57582e+10|2.41326e+08|2.34723e+13|3.30225e+10|4.06569e+12|1.60546e+11|1.48353e+09|9.78332e+12|7.57626e+09|1.51805e+10|8.73344e+11|1.40059e+13|1.31666e+09|1.54765e+11|1.01787e+13|3.26577e+09|2.86817e+13|2.47264e+08|2.63574e+12|1.30372e+11|5.06847e+11,0.000494453|5.21063e-05|0.000261527|0.000261059|2.04325e-05|1.86087e-05|0.000277161|0.000193265|0.00017279|0.000159499|5.13815e-05|0.000268039|0.00056516|1.08528e-05|6.30741e-05|3.77967e-05|0.000202873|1.67225e-05|0.000955168|0.000124649|8.79758e-05|0.000116235|3.71253e-05|0.000185382,0.000316017|0.000368678|0.000768065|0.000513001|0.000338175|0.000175452|0.00418014|0.0012727|0.00123164|0.00384342|0.00295865|0.00367819|0.0093172|0.00262605|0.00294926|0.00522178|0.000266598|0.000742576|0.00344494|0.00158999|0.000493531|0.00126856|0.00313588|0.00344885,0.0109342|0.0108696|0.0201979|0.0430027|0.0354515|0.015405|0.00314906|0.0433038|0.0398828|0.0479977|0.0286141|0.022957|0.0317261|0.0303206|0.0195393|0.0101688|0.00898217|0.00846218|0.0168583|0.0486405|0.00783732|0.0100727|0.0266048|0.0365406,0.000178506|0.0181411|0.0291803|0.00442808|0.0266209|0.038157|0.0470385|0.00780618|0.0326729|0.0299903|0.0216638|0.0100342|0.03841|0.0230682|0.0159438|0.0409649|0.0488958|0.0342415|0.0482719|0.00764508|0.0327962|0.0107197|0.0179693|0.0130093,0.973537|0.923215|0.941018|0.974312|0.940474|0.947801|0.92176|0.90929|0.947193|0.96924|0.966653|0.975915|0.948072|0.985376|0.9023|0.981638|0.9108|0.934264|0.943219|0.932977|0.960936|0.903245|0.958619|0.98883,4.63983|4.79469|1.39448|5.11322|4.91715|4.11052|2.08786|3.9732|0.117525|3.90463|4.60778|2.99986|1.48687|4.5695|1.57149|2.91399|6.27947|5.31688|2.3897|2.64532|0.765875|4.68449|2.63855|4.04415,90.7492|86.2435|10.3361|84.7043|92.2019|23.518|44.8869|44.1502|45.8448|97.4405|74.5377|97.1045|23.5709|64.4551|63.0993|70.8805|40.979|48.5398|69.1985|21.0603|97.0433|47.0482|66.5616,0.215706|0.182991|0.172286|0.225161|0.231254|0.181099|0.161116|0.204574|0.218487|0.180102|0.172691|0.207556|0.207151|0.242248|0.228799|0.189485|0.216949|0.218428|0.210513|0.23095|0.211509|0.167884|0.171721,0.53635|0.182796|0.559133|0.880608|0.604504|0.741177|0.528582|0.45026|0.29317|0.79408|0.416585|0.438091|0.340196|0.837222|0.359402|0.757042|0.317946|0.854577|0.374145|0.399278|0.758395|0.410418|0.235817,0.869523,0.801463,0.117836,0.0993652,0.460468,0.534015,0.0732846,0.487967,0.198257,0.921169,51.6436,5.43263e-12,47756,0.887486,41.1981,1.06086e-12,38445,0.895553,0.876428,0.0878307,0.631141,0.996144,0.511517,0.22039,0.459803,0.228135,0.891603,87.9902,7.64954e-10,30733,0.967162,70.4477,9.04596e-11,52512
24,838,n1->n20->n96->n94->n92->n93->n95->n97->n99->n98->n57->n74->n22->n68->n58->n85->n83->n84->n33->n32->n30->n29->n50->n51,5.37021e+09|4.0293e+11|2.51165e+12|1.36531e+10|1.97334e+09|4.22601e+13|1.05601e+11|2.90604e+09|1.57108e+10|1.8266e+13|4.14288e+09|5.8385e+13|1.47e+10|1.31753e+09|8.16696e+09|2.02447e+09|3.76373e+13|1.07392e+09|3.64323e+13|1.78367e+12|1.26395e+10|3.6336e+13|2.36425e+09|7.46708e+11,8.19724e+08|1.89646e+11|5.36324e+11|1.67171e+09|1.46451e+09|1.3774e+13|5.46554e+10|5.04144e+08|4.21389e+09|5.99087e+12|2.05006e+09|7.35096e+12|9.51029e+09|3.10679e+08|6.89506e+09|2.41326e+08|2.34723e+13|9.00899e+08|6.32377e+12|1.05491e+12|1.81012e+09|1.77292e+13|4.07889e+08|5.06847e+11,0.000494453|5.21063e-05|1.2987e-05|2.95455e-05|2.75832e-05|8.45967e-05|0.000260968|8.81202e-05|0.00089026|0.000410965|0.000173612|0.000875739|1.77434e-05|0.000223952|0.000266735|2.04325e-05|1.86087e-05|2.14473e-05|1.50316e-05|0.000179959|4.789e-05|0.000125062|1.54283e-05|0.000185382,0.000316017|0.000368678|0.000286765|0.000125263|0.0052688|0.000162335|0.000186877|0.00494291|0.000350126|0.000548485|0.00271581|0.00944671|0.0006856|0.00843573|0.00874893|0.000338175|0.000175452|0.000434313|0.00213059|0.00292552|0.00655588|0.00231296|0.00907722|0.00344885,0.0109342|0.0108696|0.0377902|0.00830448|0.0444618|0.0108045|0.00282907|0.0381696|0.0362414|0.0295222|0.0328142|0.0280357|0.0408661|0.0370095|0.0248478|0.0354515|0.015405|0.0473575|0.00968695|0.00778345|0.00398508|0.0255931|0.00638914|0.0365406,0.000178506|0.0181411|0.0195364|0.0293842|0.0387741|0.0326183|0.0420997|0.00800322|0.0472365|0.0297366|0.0437642|0.0166219|0.040072|0.00589983|0.0481122|0.0266209|0.038157|0.0366447|0.0280967|0.0161829|0.0178703|0.00291922|0.0483596|0.0130093,0.973537|0.923215|0.951762|0.927471|0.987763|0.912097|0.966581|0.90679|0.953794|0.959539|0.983348|0.90082|0.95984|0.984554|0.911658|0.940474|0.947801|0.948551|0.923653|0.953313|0.972158|0.962742|0.910708|0.98883,4.63983|4.79469|0.85792|5.03384|6.03913|5.92115|1.09944|1.41691|3.07459|2.95405|1.93323|0.0974208|0.048646|5.26958|3.70937|4.91715|4.11052|5.42186|1.04264|0.10397|5.42296|0.0327787|5.41755|4.04415,90.7492|58.7029|71.0086|13.5087|61.035|24.941|11.8968|94.4507|58.4557|98.2355|95.6836|63.8366|15.3326|56.905|90.6886|92.2019|20.1884|59.7094|61.2747|69.5993|29.3504|37.0378|82.9474,0.215706|0.201188|0.230021|0.230182|0.21409|0.237661|0.228013|0.168303|0.227784|0.190047|0.169856|0.241428|0.236297|0.185169|0.194345|0.231254|0.246081|0.183728|0.208144|0.204659|0.179657|0.191256|0.24308,0.53635|0.666395|0.131268|0.731663|0.722832|0.985064|0.342677|0.263233|0.686264|0.757428|0.815246|0.480684|0.655447|0.476138|0.45102|0.604504|0.599197|0.218166|0.704271|0.237533|0.887943|0.182586|0.624607,0.869523,0.801463,0.117836,0.0993652,0.460468,0.534015,0.0732846,0.487967,0.198257,0.921169,51.6436,5.43263e-12,47756,0.887486,41.1981,1.06086e-12,38445,0.895553,0.876428,0.0878307,0.631141,0.996144,0.511517,0.22039,0.459803,0.228135,0.891603,87.9902,7.64954e-10,30733,0.967162,70.4477,9.04596e-11,52512
24,839,n1->n99->n97->n96->n14->n13->n12->n8->n10->n63->n79->n81->n80->n82->n54->n73->n71->n75->n76->n78->n85->n65->n52->n51,5.37021e+09|1.57108e+10|2.90604e+09|2.51165e+12|3.70261e+10|6.60497e+13|9.70597e+10|4.61239e+13|2.49624e+09|6.55204e+12|1.47019e+10|2.58887e+10|2.45686e+13|1.07979e+13|2.80961e+11|1.41706e+11|7.70008e+11|8.71921e+10|4.21804e+13|3.25238e+10|2.02447e+09|1.12599e+09|1.02428e+10|7.46708e+11,8.19724e+08|4.21389e+09|5.04144e+08|5.36324e+11|1.44234e+10|8.87204e+12|2.76143e+10|1.04208e+13|7.32581e+08|2.63574e+12|4.87652e+09|8.36206e+09|2.75437e+12|1.66379e+12|2.23178e+11|5.76853e+10|1.60546e+11|5.29113e+10|1.15782e+13|2.30731e+10|2.41326e+08|3.2906e+08|2.07235e+09|5.06847e+11,0.000494453|0.00089026|8.81202e-05|1.2987e-05|3.25754e-05|0.000787814|0.000201974|6.6054e-05|6.27016e-05|0.000116235|0.000133131|0.000268232|1.13052e-05|0.000837919|1.47667e-05|6.32916e-05|0.00017279|0.000766915|1.88608e-05|0.000270955|2.04325e-05|1.96575e-05|0.00011644|0.000185382,0.000316017|0.000350126|0.00494291|0.000286765|0.000181646|0.00788063|0.0016732|0.00522046|0.00113469|0.00126856|0.000479664|0.000752991|0.000238286|0.00271152|0.00549128|0.000807753|0.00123164|0.000203965|0.00214239|0.00167497|0.000338175|0.000428116|0.00580301|0.00344885,0.0109342|0.0362414|0.0381696|0.0377902|0.0426128|0.0476737|0.0313381|0.0318744|0.00597815|0.0100727|0.0252961|0.0481357|0.00592883|0.0278433|0.0334079|0.0455502|0.0398828|0.0243876|0.00156873|0.00569443|0.0354515|0.00118659|0.0398377|0.0365406,0.000178506|0.0472365|0.00800322|0.0195364|0.049061|0.00335145|0.0470205|0.0483133|0.0245713|0.0107197|0.0203026|0.00997263|0.0262948|0.0266174|0.00844474|0.028193|0.0326729|0.0250863|0.0470058|0.0425349|0.0266209|0.00176737|0.0151024|0.0130093,0.973537|0.953794|0.90679|0.951762|0.906626|0.954869|0.937315|0.975256|0.962416|0.903245|0.966262|0.948836|0.919013|0.934435|0.927525|0.909539|0.947193|0.936129|0.989289|0.92832|0.940474|0.967717|0.965406|0.98883,4.63983|3.07459|1.41691|0.85792|0.762282|5.26639|3.07758|3.22282|1.97158|4.68449|3.41737|1.5908|0.100836|0.132111|1.22009|3.29092|0.117525|3.39264|0.578949|3.3614|4.91715|4.1126|0.0104102|4.04415,66.2586|94.4507|37.9513|54.7186|92.5451|56.34|81.3396|99.595|65.1286|16.1844|26.55|15.5679|47.0365|41.1455|26.1465|28.2621|14.5634|63.5216|69.3348|67.1704|82.5435|56.1703|83.3731,0.180129|0.168303|0.246589|0.208433|0.191459|0.206669|0.186476|0.184434|0.203746|0.22961|0.238834|0.212149|0.231931|0.242874|0.196311|0.242769|0.169453|0.207806|0.194827|0.184721|0.20461|0.247907|0.197114,0.323551|0.263233|0.157157|0.448351|0.161307|0.285239|0.379326|0.703378|0.514129|0.217843|0.957633|0.870283|0.796307|0.378494|0.754315|0.940077|0.275247|0.844544|0.93416|0.609732|0.519435|0.827328|0.942894,0.869523,0.801463,0.117836,0.0993652,0.460468,0.534015,0.0732846,0.487967,0.198257,0.921169,51.6436,5.43263e-12,47756,0.887486,41.1981,1.06086e-12,38445,0.895553,0.876428,0.0878307,0.631141,0.996144,0.511517,0.22039,0.459803,0.228135,0.891603,87.9902,7.64954e-10,30733,0.967162,70.4477,9.04596e-11,52512
24,840,n1->n20->n96->n14->n12->n6->n33->n31->n30->n29->n50->n59->n60->n62->n61->n63->n10->n39->n41->n43->n45->n47->n49->n51,5.37021e+09|4.0293e+11|2.51165e+12|3.70261e+10|9.70597e+10|1.14208e+09|3.64323e+13|4.79342e+12|1.26395e+10|3.6336e+13|2.36425e+09|3.04563e+11|8.79841e+13|2.37342e+11|6.44979e+11|6.55204e+12|2.49624e+09|3.34792e+13|3.95737e+11|1.40931e+10|8.38488e+13|4.74236e+11|2.45005e+09|7.46708e+11,8.19724e+08|1.89646e+11|5.36324e+11|1.44234e+10|2.76143e+10|2.20459e+08|6.32377e+12|4.42443e+12|1.81012e+09|1.77292e+13|4.07889e+08|3.06423e+10|5.95756e+13|1.13053e+11|1.30372e+11|2.63574e+12|7.32581e+08|1.12013e+13|1.47899e+11|3.26577e+09|1.01787e+13|1.54765e+11|2.44458e+09|5.06847e+11,0.000494453|5.21063e-05|1.2987e-05|3.25754e-05|0.000201974|1.08483e-05|1.50316e-05|0.00024651|4.789e-05|0.000125062|1.54283e-05|2.43107e-05|0.000731749|8.24006e-05|3.71253e-05|0.000116235|6.27016e-05|5.53896e-05|2.35935e-05|0.000955168|1.67225e-05|0.000202873|1.07426e-05|0.000185382,0.000316017|0.000368678|0.000286765|0.000181646|0.0016732|0.00010157|0.00213059|0.00308746|0.00655588|0.00231296|0.00907722|0.000202742|0.000248463|0.00794111|0.00313588|0.00126856|0.00113469|0.0025393|0.00412419|0.00344494|0.000742576|0.000266598|0.000979027|0.00344885,0.0109342|0.0108696|0.0377902|0.0426128|0.0313381|0.00160082|0.00968695|0.0211034|0.00398508|0.0255931|0.00638914|0.00304046|0.0128442|0.0242596|0.0266048|0.0100727|0.00597815|0.00111942|0.00451081|0.0168583|0.00846218|0.00898217|0.0183567|0.0365406,0.000178506|0.0181411|0.0195364|0.049061|0.0470205|0.0260762|0.0280967|0.0151027|0.0178703|0.00291922|0.0483596|0.0474075|0.0431033|0.0480911|0.0179693|0.0107197|0.0245713|0.0449458|0.00491436|0.0482719|0.0342415|0.0488958|0.0388066|0.0130093,0.973537|0.923215|0.951762|0.906626|0.937315|0.908628|0.923653|0.943878|0.972158|0.962742|0.910708|0.99171|0.945549|0.98053|0.958619|0.903245|0.962416|0.924329|0.923722|0.943219|0.934264|0.9108|0.969899|0.98883,4.63983|4.79469|0.85792|0.762282|3.07758|5.01633|1.04264|4.82496|5.42296|0.0327787|5.41755|5.60303|4.50487|5.59786|2.63855|4.68449|1.97158|1.19952|4.11092|2.3897|5.31688|6.27947|3.94615|4.04415,90.7492|58.7029|54.7186|51.9585|32.9383|50.0569|95.0453|88.6669|29.3504|37.0378|47.7013|76.8491|48.3985|89.0369|47.0482|65.1286|24.4191|38.9947|43.4967|48.5398|40.979|91.8261|10.4661,0.215706|0.201188|0.208433|0.222459|0.230728|0.19306|0.234751|0.215598|0.179657|0.191256|0.170229|0.204072|0.17162|0.198053|0.167884|0.203746|0.239532|0.18226|0.160247|0.218428|0.216949|0.228404|0.216931,0.53635|0.666395|0.448351|0.326911|0.628307|0.116472|0.258586|0.123891|0.887943|0.182586|0.776444|0.509755|0.641887|0.704733|0.410418|0.514129|0.991722|0.988985|0.922117|0.854577|0.317946|0.133861|0.516407,0.869523,0.801463,0.117836,0.0993652,0.460468,0.534015,0.0732846,0.487967,0.198257,0.921169,51.6436,5.43263e-12,47756,0.887486,41.1981,1.06086e-12,38445,0.895553,0.876428,0.0878307,0.631141,0.996144,0.511517,0.22039,0.459803,0.228135,0.891603,87.9902,7.64954e-10,30733,0.967162,70.4477,9.04596e-11,52512
24,841,n1->n13->n15->n63->n42->n44->n43->n41->n39->n37->n81->n80->n78->n76->n75->n71->n73->n100->n2->n7->n5->n65->n52->n51,5.37021e+09|6.60497e+13|8.77071e+11|6.55204e+12|2.42905e+09|5.26537e+13|1.40931e+10|3.95737e+11|3.34792e+13|2.79748e+13|2.58887e+10|2.45686e+13|3.25238e+10|4.21804e+13|8.71921e+10|7.70008e+11|1.41706e+11|4.01966e+09|5.94248e+10|3.81012e+11|2.91995e+11|1.12599e+09|1.02428e+10|7.46708e+11,8.19724e+08|8.87204e+12|1.06991e+11|2.63574e+12|2.47264e+08|2.86817e+13|3.26577e+09|1.47899e+11|1.12013e+13|4.96975e+12|8.36206e+09|2.75437e+12|2.30731e+10|1.15782e+13|5.29113e+10|1.60546e+11|5.76853e+10|2.27749e+09|3.74975e+10|6.70334e+10|4.67133e+10|3.2906e+08|2.07235e+09|5.06847e+11,0.000494453|0.000787814|0.000182949|0.000116235|8.79758e-05|0.000124649|0.000955168|2.35935e-05|5.53896e-05|1.06248e-05|0.000268232|1.13052e-05|0.000270955|1.88608e-05|0.000766915|0.00017279|6.32916e-05|0.000665246|1.10648e-05|0.000475679|7.03031e-05|1.96575e-05|0.00011644|0.000185382,0.000316017|0.00788063|0.00274771|0.00126856|0.000493531|0.00158999|0.00344494|0.00412419|0.0025393|0.000261291|0.000752991|0.000238286|0.00167497|0.00214239|0.000203965|0.00123164|0.000807753|0.00914892|0.00120557|0.00104538|0.000196916|0.000428116|0.00580301|0.00344885,0.0109342|0.0476737|0.0207315|0.0100727|0.00783732|0.0486405|0.0168583|0.00451081|0.00111942|0.0457563|0.0481357|0.00592883|0.00569443|0.00156873|0.0243876|0.0398828|0.0455502|0.0100829|0.00369149|0.01754|0.00731162|0.00118659|0.0398377|0.0365406,0.000178506|0.00335145|0.0378122|0.0107197|0.0327962|0.00764508|0.0482719|0.00491436|0.0449458|0.0105712|0.00997263|0.0262948|0.0425349|0.0470058|0.0250863|0.0326729|0.028193|0.0460028|0.0127317|0.0283975|0.0421608|0.00176737|0.0151024|0.0130093,0.973537|0.954869|0.910795|0.903245|0.960936|0.932977|0.943219|0.923722|0.924329|0.964079|0.948836|0.919013|0.92832|0.989289|0.936129|0.947193|0.909539|0.935175|0.968894|0.963898|0.951514|0.967717|0.965406|0.98883,4.63983|5.26639|1.89272|4.68449|0.765875|2.64532|2.3897|4.11092|1.19952|4.96174|1.5908|0.100836|3.3614|0.578949|3.39264|0.117525|3.29092|3.89025|4.74216|3.51107|4.90362|4.1126|0.0104102|4.04415,79.8117|66.6304|11.0615|97.0433|21.0603|69.1985|43.4967|38.9947|31.554|88.8597|15.5679|66.5291|69.3348|63.5216|14.5634|28.2621|20.1165|37.015|88.6198|37.2729|35.0583|56.1703|83.3731,0.246796|0.179788|0.214255|0.211509|0.23095|0.210513|0.160247|0.18226|0.195005|0.211898|0.212149|0.222935|0.194827|0.207806|0.169453|0.242769|0.175955|0.17211|0.228013|0.176784|0.209201|0.247907|0.197114,0.338018|0.275394|0.692153|0.758395|0.399278|0.374145|0.922117|0.988985|0.711047|0.430076|0.870283|0.109088|0.93416|0.844544|0.275247|0.940077|0.825877|0.315214|0.84397|0.943162|0.297185|0.827328|0.942894,0.869523,0.801463,0.117836,0.0993652,0.460468,0.534015,0.0732846,0.487967,0.198257,0.921169,51.6436,5.43263e-12,47756,0.887486,41.1981,1.06086e-12,38445,0.895553,0.876428,0.0878307,0.631141,0.996144,0.511517,0.22039,0.459803,0.228135,0.891603,87.9902,7.64954e-10,30733,0.967162,70.4477,9.04596e-11,52512
24,842,n1->n20->n21->n22->n74->n75->n71->n73->n72->n70->n87->n86->n76->n69->n3->n5->n7->n8->n10->n9->n11->n29->n50->n51,5.37021e+09|4.0293e+11|1.56161e+12|1.47e+10|5.8385e+13|8.71921e+10|7.70008e+11|1.41706e+11|6.83442e+09|6.87309e+13|7.3435e+12|3.85304e+10|4.21804e+13|8.81277e+09|2.78751e+13|2.91995e+11|3.81012e+11|4.61239e+13|2.49624e+09|1.49139e+12|1.78735e+12|3.6336e+13|2.36425e+09|7.46708e+11,8.19724e+08|1.89646e+11|3.02345e+11|9.51029e+09|7.35096e+12|5.29113e+10|1.60546e+11|5.76853e+10|1.48353e+09|9.78332e+12|2.79916e+12|4.69095e+09|1.15782e+13|7.57626e+09|1.44762e+13|4.67133e+10|6.70334e+10|1.04208e+13|7.32581e+08|3.79906e+11|3.29521e+11|1.77292e+13|4.07889e+08|5.06847e+11,0.000494453|5.21063e-05|0.00096308|1.77434e-05|0.000875739|0.000766915|0.00017279|6.32916e-05|0.000159499|5.13815e-05|0.000634307|6.21631e-05|1.88608e-05|0.000268039|0.00022361|7.03031e-05|0.000475679|6.6054e-05|6.27016e-05|1.80008e-05|5.47786e-05|0.000125062|1.54283e-05|0.000185382,0.000316017|0.000368678|0.00195589|0.0006856|0.00944671|0.000203965|0.00123164|0.000807753|0.00384342|0.00295865|0.00151267|0.00341054|0.00214239|0.00367819|0.00776667|0.000196916|0.00104538|0.00522046|0.00113469|0.00065196|0.00652494|0.00231296|0.00907722|0.00344885,0.0109342|0.0108696|0.00712365|0.0408661|0.0280357|0.0243876|0.0398828|0.0455502|0.0479977|0.0286141|0.0186268|0.0237043|0.00156873|0.022957|0.0268705|0.00731162|0.01754|0.0318744|0.00597815|0.0140743|0.00125292|0.0255931|0.00638914|0.0365406,0.000178506|0.0181411|0.0414669|0.040072|0.0166219|0.0250863|0.0326729|0.028193|0.0299903|0.0216638|0.00979507|0.0488574|0.0470058|0.0100342|0.0326941|0.0421608|0.0283975|0.0483133|0.0245713|0.033904|0.0136412|0.00291922|0.0483596|0.0130093,0.973537|0.923215|0.971602|0.95984|0.90082|0.936129|0.947193|0.909539|0.96924|0.966653|0.977244|0.981332|0.989289|0.975915|0.982466|0.951514|0.963898|0.975256|0.962416|0.963574|0.988894|0.962742|0.910708|0.98883,4.63983|4.79469|3.14177|0.048646|0.0974208|3.39264|0.117525|3.29092|3.90463|4.60778|2.33192|4.96971|0.578949|2.99986|4.79844|4.90362|3.51107|3.22282|1.97158|5.88966|0.923897|0.0327787|5.41755|4.04415,90.7492|76.7594|55.6995|63.8366|64.3401|14.5634|28.2621|29.1617|97.4405|39.9413|88.9922|37.5994|66.666|83.9106|10.4739|37.2729|55.4093|99.595|65.9961|99.0064|13.2112|37.0378|82.9474,0.215706|0.218425|0.206062|0.241428|0.220369|0.169453|0.242769|0.178937|0.180102|0.180359|0.246364|0.17745|0.212271|0.204476|0.163561|0.176784|0.230451|0.184434|0.193896|0.201409|0.219003|0.191256|0.24308,0.53635|0.515127|0.677391|0.480684|0.119032|0.275247|0.940077|0.920295|0.79408|0.129355|0.83582|0.871942|0.890059|0.65353|0.469027|0.943162|0.745697|0.703378|0.982181|0.439638|0.427028|0.182586|0.624607,0.869523,0.801463,0.117836,0.0993652,0.460468,0.534015,0.0732846,0.487967,0.198257,0.921169,51.6436,5.43263e-12,47756,0.887486,41.1981,1.06086e-12,38445,0.895553,0.876428,0.0878307,0.631141,0.996144,0.511517,0.22039,0.459803,0.228135,0.891603,87.9902,7.64954e-10,30733,0.967162,70.4477,9.04596e-11,52512
24,843,n1->n99->n77->n93->n92->n94->n96->n14->n75->n73->n71->n72->n45->n47->n26->n25->n27->n4->n2->n100->n90->n59->n50->n51,5.37021e+09|1.57108e+10|5.68112e+11|4.22601e+13|1.97334e+09|1.36531e+10|2.51165e+12|3.70261e+10|8.71921e+10|1.41706e+11|7.70008e+11|6.83442e+09|8.38488e+13|4.74236e+11|7.09351e+09|1.67189e+13|4.19351e+12|7.07339e+12|5.94248e+10|4.01966e+09|1.33273e+11|3.04563e+11|2.36425e+09|7.46708e+11,8.19724e+08|4.21389e+09|3.56307e+11|1.3774e+13|1.46451e+09|1.67171e+09|5.36324e+11|1.44234e+10|5.29113e+10|5.76853e+10|1.60546e+11|1.48353e+09|1.01787e+13|1.54765e+11|1.31666e+09|1.40059e+13|8.73344e+11|2.43435e+12|3.74975e+10|2.27749e+09|6.41526e+10|3.06423e+10|4.07889e+08|5.06847e+11,0.000494453|0.00089026|8.49487e-05|8.45967e-05|2.75832e-05|2.95455e-05|1.2987e-05|3.25754e-05|0.000766915|6.32916e-05|0.00017279|0.000159499|1.67225e-05|0.000202873|3.77967e-05|6.30741e-05|1.08528e-05|0.000113681|1.10648e-05|0.000665246|0.000319756|2.43107e-05|1.54283e-05|0.000185382,0.000316017|0.000350126|0.000906866|0.000162335|0.0052688|0.000125263|0.000286765|0.000181646|0.000203965|0.000807753|0.00123164|0.00384342|0.000742576|0.000266598|0.00522178|0.00294926|0.00262605|0.00198341|0.00120557|0.00914892|0.000672662|0.000202742|0.00907722|0.00344885,0.0109342|0.0362414|0.04851|0.0108045|0.0444618|0.00830448|0.0377902|0.0426128|0.0243876|0.0455502|0.0398828|0.0479977|0.00846218|0.00898217|0.0101688|0.0195393|0.0303206|0.0350273|0.00369149|0.0100829|0.0285929|0.00304046|0.00638914|0.0365406,0.000178506|0.0472365|0.0115254|0.0326183|0.0387741|0.0293842|0.0195364|0.049061|0.0250863|0.028193|0.0326729|0.0299903|0.0342415|0.0488958|0.0409649|0.0159438|0.0230682|0.0273051|0.0127317|0.0460028|0.0372754|0.0474075|0.0483596|0.0130093,0.973537|0.953794|0.949999|0.912097|0.987763|0.927471|0.951762|0.906626|0.936129|0.909539|0.947193|0.96924|0.934264|0.9108|0.981638|0.9023|0.985376|0.917619|0.968894|0.935175|0.984478|0.99171|0.910708|0.98883,4.63983|3.07459|0.722366|5.92115|6.03913|5.03384|0.85792|0.762282|3.39264|3.29092|0.117525|3.90463|5.31688|6.27947|2.91399|1.57149|4.5695|1.56082|4.74216|3.89025|4.02061|5.60303|5.41755|4.04415,66.2586|96.5216|51.9256|61.035|13.5087|71.0086|54.7186|56.2706|85.6152|28.2621|45.8448|63.1262|40.979|70.8805|63.0993|64.4551|52.1141|30.2686|37.015|32.7492|62.2588|47.7013|82.9474,0.180129|0.241387|0.247077|0.21409|0.230182|0.230021|0.208433|0.226178|0.185893|0.242769|0.218487|0.243732|0.216949|0.189485|0.228799|0.242248|0.184605|0.239023|0.17211|0.191207|0.169222|0.170229|0.24308,0.323551|0.664018|0.469529|0.722832|0.731663|0.131268|0.448351|0.725021|0.624191|0.940077|0.29317|0.65643|0.317946|0.757042|0.359402|0.837222|0.200735|0.514427|0.315214|0.878161|0.361153|0.776444|0.624607,0.869523,0.801463,0.117836,0.0993652,0.460468,0.534015,0.0732846,0.487967,0.198257,0.921169,51.6436,5.43263e-12,47756,0.887486,41.1981,1.06086e-12,38445,0.895553,0.876428,0.0878307,0.631141,0.996144,0.511517,0.22039,0.459803,0.228135,0.891603,87.9902,7.64954e-10,30733,0.967162,70.4477,9.04596e-11,52512
24,844,n1->n13->n14->n75->n76->n30->n29->n31->n32->n33->n6->n12->n8->n10->n73->n71->n24->n26->n25->n27->n97->n96->n94->n51,5.37021e+09|6.60497e+13|3.70261e+10|8.71921e+10|4.21804e+13|1.26395e+10|3.6336e+13|4.79342e+12|1.78367e+12|3.64323e+13|1.14208e+09|9.70597e+10|4.61239e+13|2.49624e+09|1.41706e+11|7.70008e+11|1.59557e+13|7.09351e+09|1.67189e+13|4.19351e+12|2.90604e+09|2.51165e+12|1.36531e+10|7.46708e+11,8.19724e+08|8.87204e+12|1.44234e+10|5.29113e+10|1.15782e+13|1.81012e+09|1.77292e+13|4.42443e+12|1.05491e+12|6.32377e+12|2.20459e+08|2.76143e+10|1.04208e+13|7.32581e+08|5.76853e+10|1.60546e+11|4.06569e+12|1.31666e+09|1.40059e+13|8.73344e+11|5.04144e+08|5.36324e+11|1.67171e+09|5.06847e+11,0.000494453|0.000787814|3.25754e-05|0.000766915|1.88608e-05|4.789e-05|0.000125062|0.00024651|0.000179959|1.50316e-05|1.08483e-05|0.000201974|6.6054e-05|6.27016e-05|6.32916e-05|0.00017279|0.000193265|3.77967e-05|6.30741e-05|1.08528e-05|8.81202e-05|1.2987e-05|2.95455e-05|0.000185382,0.000316017|0.00788063|0.000181646|0.000203965|0.00214239|0.00655588|0.00231296|0.00308746|0.00292552|0.00213059|0.00010157|0.0016732|0.00522046|0.00113469|0.000807753|0.00123164|0.0012727|0.00522178|0.00294926|0.00262605|0.00494291|0.000286765|0.000125263|0.00344885,0.0109342|0.0476737|0.0426128|0.0243876|0.00156873|0.00398508|0.0255931|0.0211034|0.00778345|0.00968695|0.00160082|0.0313381|0.0318744|0.00597815|0.0455502|0.0398828|0.0433038|0.0101688|0.0195393|0.0303206|0.0381696|0.0377902|0.00830448|0.0365406,0.000178506|0.00335145|0.049061|0.0250863|0.0470058|0.0178703|0.00291922|0.0151027|0.0161829|0.0280967|0.0260762|0.0470205|0.0483133|0.0245713|0.028193|0.0326729|0.00780618|0.0409649|0.0159438|0.0230682|0.00800322|0.0195364|0.0293842|0.0130093,0.973537|0.954869|0.906626|0.936129|0.989289|0.972158|0.962742|0.943878|0.953313|0.923653|0.908628|0.937315|0.975256|0.962416|0.909539|0.947193|0.90929|0.981638|0.9023|0.985376|0.90679|0.951762|0.927471|0.98883,4.63983|5.26639|0.762282|3.39264|0.578949|5.42296|0.0327787|4.82496|0.10397|1.04264|5.01633|3.07758|3.22282|1.97158|3.29092|0.117525|3.9732|2.91399|1.57149|4.5695|1.41691|0.85792|5.03384|4.04415,79.8117|92.5451|56.2706|63.5216|21.8454|29.3504|70.4589|86.0567|61.2747|50.0569|32.9383|81.3396|99.595|29.3778|28.2621|44.1502|83.4704|63.0993|64.4551|31.5608|37.9513|71.0086|11.2844,0.246796|0.191459|0.226178|0.207806|0.220509|0.179657|0.246199|0.16799|0.208144|0.19306|0.230728|0.186476|0.184434|0.202302|0.242769|0.204574|0.216464|0.228799|0.242248|0.219936|0.246589|0.230021|0.200895,0.338018|0.161307|0.725021|0.844544|0.936019|0.887943|0.415176|0.799966|0.704271|0.116472|0.628307|0.379326|0.703378|0.747283|0.940077|0.45026|0.583168|0.359402|0.837222|0.557853|0.157157|0.131268|0.836539,0.869523,0.801463,0.117836,0.0993652,0.460468,0.534015,0.0732846,0.487967,0.198257,0.921169,51.6436,5.43263e-12,47756,0.887486,41.1981,1.06086e-12,38445,0.895553,0.876428,0.0878307,0.631141,0.996144,0.511517,0.22039,0.459803,0.228135,0.891603,87.9902,7.64954e-10,30733,0.967162,70.4477,9.04596e-11,52512
24,845,n1->n99->n77->n23->n21->n20->n96->n97->n95->n93->n64->n65->n85->n78->n76->n86->n87->n88->n90->n89->n48->n47->n49->n51,5.37021e+09|1.57108e+10|5.68112e+11|4.63033e+10|1.56161e+12|4.0293e+11|2.51165e+12|2.90604e+09|1.05601e+11|4.22601e+13|4.21034e+09|1.12599e+09|2.02447e+09|3.25238e+10|4.21804e+13|3.85304e+10|7.3435e+12|9.00567e+12|1.33273e+11|2.68119e+11|3.98001e+12|4.74236e+11|2.45005e+09|7.46708e+11,8.19724e+08|4.21389e+09|3.56307e+11|3.30225e+10|3.02345e+11|1.89646e+11|5.36324e+11|5.04144e+08|5.46554e+10|1.3774e+13|1.60867e+09|3.2906e+08|2.41326e+08|2.30731e+10|1.15782e+13|4.69095e+09|2.79916e+12|8.66002e+12|6.41526e+10|9.23423e+10|1.69514e+12|1.54765e+11|2.44458e+09|5.06847e+11,0.000494453|0.00089026|8.49487e-05|0.000277161|0.00096308|5.21063e-05|1.2987e-05|8.81202e-05|0.000260968|8.45967e-05|1.88732e-05|1.96575e-05|2.04325e-05|0.000270955|1.88608e-05|6.21631e-05|0.000634307|6.2721e-05|0.000319756|3.55201e-05|4.78153e-05|0.000202873|1.07426e-05|0.000185382,0.000316017|0.000350126|0.000906866|0.00418014|0.00195589|0.000368678|0.000286765|0.00494291|0.000186877|0.000162335|0.000135861|0.000428116|0.000338175|0.00167497|0.00214239|0.00341054|0.00151267|0.000480267|0.000672662|0.000111435|0.00544009|0.000266598|0.000979027|0.00344885,0.0109342|0.0362414|0.04851|0.00314906|0.00712365|0.0108696|0.0377902|0.0381696|0.00282907|0.0108045|0.0266797|0.00118659|0.0354515|0.00569443|0.00156873|0.0237043|0.0186268|0.00850464|0.0285929|0.0107812|0.0455031|0.00898217|0.0183567|0.0365406,0.000178506|0.0472365|0.0115254|0.0470385|0.0414669|0.0181411|0.0195364|0.00800322|0.0420997|0.0326183|0.0436548|0.00176737|0.0266209|0.0425349|0.0470058|0.0488574|0.00979507|0.0237676|0.0372754|0.0401575|0.0360942|0.0488958|0.0388066|0.0130093,0.973537|0.953794|0.949999|0.92176|0.971602|0.923215|0.951762|0.90679|0.966581|0.912097|0.933821|0.967717|0.940474|0.92832|0.989289|0.981332|0.977244|0.962132|0.984478|0.926416|0.967439|0.9108|0.969899|0.98883,4.63983|3.07459|0.722366|2.08786|3.14177|4.79469|0.85792|1.41691|1.09944|5.92115|5.77568|4.1126|4.91715|3.3614|0.578949|4.96971|2.33192|1.9653|4.02061|0.0868458|3.09858|6.27947|3.94615|4.04415,66.2586|96.5216|39.0733|88.4205|76.7594|58.7029|37.9513|11.8968|24.941|32.5899|56.7563|82.5435|67.1704|69.3348|37.5994|88.9922|57.0974|14.1987|12.726|94.0077|78.8723|91.8261|10.4661,0.180129|0.241387|0.178948|0.232237|0.218425|0.201188|0.246589|0.228013|0.237661|0.178102|0.186349|0.20461|0.184721|0.194827|0.17745|0.246364|0.227675|0.244274|0.226099|0.234363|0.239998|0.228404|0.216931,0.323551|0.664018|0.23533|0.516177|0.515127|0.666395|0.157157|0.342677|0.985064|0.548301|0.927837|0.519435|0.609732|0.93416|0.871942|0.83582|0.396625|0.997795|0.757755|0.948873|0.300482|0.133861|0.516407,0.869523,0.801463,0.117836,0.0993652,0.460468,0.534015,0.0732846,0.487967,0.198257,0.921169,51.6436,5.43263e-12,47756,0.887486,41.1981,1.06086e-12,38445,0.895553,0.876428,0.0878307,0.631141,0.996144,0.511517,0.22039,0.459803,0.228135,0.891603,87.9902,7.64954e-10,30733,0.967162,70.4477,9.04596e-11,52512
24,846,n1->n99->n97->n27->n28->n69->n70->n72->n73->n75->n4->n2->n100->n90->n89->n88->n87->n86->n76->n78->n85->n65->n52->n51,5.37021e+09|1.57108e+10|2.90604e+09|4.19351e+12|1.34247e+11|8.81277e+09|6.87309e+13|6.83442e+09|1.41706e+11|8.71921e+10|7.07339e+12|5.94248e+10|4.01966e+09|1.33273e+11|2.68119e+11|9.00567e+12|7.3435e+12|3.85304e+10|4.21804e+13|3.25238e+10|2.02447e+09|1.12599e+09|1.02428e+10|7.46708e+11,8.19724e+08|4.21389e+09|5.04144e+08|8.73344e+11|1.51805e+10|7.57626e+09|9.78332e+12|1.48353e+09|5.76853e+10|5.29113e+10|2.43435e+12|3.74975e+10|2.27749e+09|6.41526e+10|9.23423e+10|8.66002e+12|2.79916e+12|4.69095e+09|1.15782e+13|2.30731e+10|2.41326e+08|3.2906e+08|2.07235e+09|5.06847e+11,0.000494453|0.00089026|8.81202e-05|1.08528e-05|0.00056516|0.000268039|5.13815e-05|0.000159499|6.32916e-05|0.000766915|0.000113681|1.10648e-05|0.000665246|0.000319756|3.55201e-05|6.2721e-05|0.000634307|6.21631e-05|1.88608e-05|0.000270955|2.04325e-05|1.96575e-05|0.00011644|0.000185382,0.000316017|0.000350126|0.00494291|0.00262605|0.0093172|0.00367819|0.00295865|0.00384342|0.000807753|0.000203965|0.00198341|0.00120557|0.00914892|0.000672662|0.000111435|0.000480267|0.00151267|0.00341054|0.00214239|0.00167497|0.000338175|0.000428116|0.00580301|0.00344885,0.0109342|0.0362414|0.0381696|0.0303206|0.0317261|0.022957|0.0286141|0.0479977|0.0455502|0.0243876|0.0350273|0.00369149|0.0100829|0.0285929|0.0107812|0.00850464|0.0186268|0.0237043|0.00156873|0.00569443|0.0354515|0.00118659|0.0398377|0.0365406,0.000178506|0.0472365|0.00800322|0.0230682|0.03841|0.0100342|0.0216638|0.0299903|0.028193|0.0250863|0.0273051|0.0127317|0.0460028|0.0372754|0.0401575|0.0237676|0.00979507|0.0488574|0.0470058|0.0425349|0.0266209|0.00176737|0.0151024|0.0130093,0.973537|0.953794|0.90679|0.985376|0.948072|0.975915|0.966653|0.96924|0.909539|0.936129|0.917619|0.968894|0.935175|0.984478|0.926416|0.962132|0.977244|0.981332|0.989289|0.92832|0.940474|0.967717|0.965406|0.98883,4.63983|3.07459|1.41691|4.5695|1.48687|2.99986|4.60778|3.90463|3.29092|3.39264|1.56082|4.74216|3.89025|4.02061|0.0868458|1.9653|2.33192|4.96971|0.578949|3.3614|4.91715|4.1126|0.0104102|4.04415,66.2586|94.4507|31.5608|23.5709|97.1045|74.5377|97.4405|29.1617|85.6152|81.7362|30.2686|37.015|32.7492|12.726|92.4072|57.0974|88.9922|37.5994|69.3348|67.1704|82.5435|56.1703|83.3731,0.180129|0.168303|0.219936|0.207151|0.207556|0.172691|0.180102|0.178937|0.185893|0.218556|0.239023|0.17211|0.191207|0.226099|0.203687|0.227675|0.246364|0.17745|0.194827|0.184721|0.20461|0.247907|0.197114,0.323551|0.263233|0.557853|0.340196|0.438091|0.416585|0.79408|0.920295|0.624191|0.847503|0.514427|0.315214|0.878161|0.757755|0.876618|0.396625|0.83582|0.871942|0.93416|0.609732|0.519435|0.827328|0.942894,0.869523,0.801463,0.117836,0.0993652,0.460468,0.534015,0.0732846,0.487967,0.198257,0.921169,51.6436,5.43263e-12,47756,0.887486,41.1981,1.06086e-12,38445,0.895553,0.876428,0.0878307,0.631141,0.996144,0.511517,0.22039,0.459803,0.228135,0.891603,87.9902,7.64954e-10,30733,0.967162,70.4477,9.04596e-11,52512
24,847,n1->n20->n96->n97->n27->n26->n47->n49->n64->n67->n38->n36->n34->n32->n33->n6->n12->n8->n10->n39->n37->n65->n52->n51,5.37021e+09|4.0293e+11|2.51165e+12|2.90604e+09|4.19351e+12|7.09351e+09|4.74236e+11|2.45005e+09|4.21034e+09|4.7483e+09|1.16426e+13|7.73972e+11|4.7313e+12|1.78367e+12|3.64323e+13|1.14208e+09|9.70597e+10|4.61239e+13|2.49624e+09|3.34792e+13|2.79748e+13|1.12599e+09|1.02428e+10|7.46708e+11,8.19724e+08|1.89646e+11|5.36324e+11|5.04144e+08|8.73344e+11|1.31666e+09|1.54765e+11|2.44458e+09|1.60867e+09|7.5553e+08|1.19258e+12|7.77593e+10|1.15705e+12|1.05491e+12|6.32377e+12|2.20459e+08|2.76143e+10|1.04208e+13|7.32581e+08|1.12013e+13|4.96975e+12|3.2906e+08|2.07235e+09|5.06847e+11,0.000494453|5.21063e-05|1.2987e-05|8.81202e-05|1.08528e-05|3.77967e-05|0.000202873|1.07426e-05|1.88732e-05|3.91885e-05|1.04425e-05|0.000426407|0.000140889|0.000179959|1.50316e-05|1.08483e-05|0.000201974|6.6054e-05|6.27016e-05|5.53896e-05|1.06248e-05|1.96575e-05|0.00011644|0.000185382,0.000316017|0.000368678|0.000286765|0.00494291|0.00262605|0.00522178|0.000266598|0.000979027|0.000135861|0.000640186|0.00950649|0.00396778|0.000270551|0.00292552|0.00213059|0.00010157|0.0016732|0.00522046|0.00113469|0.0025393|0.000261291|0.000428116|0.00580301|0.00344885,0.0109342|0.0108696|0.0377902|0.0381696|0.0303206|0.0101688|0.00898217|0.0183567|0.0266797|0.029632|0.0263713|0.00497013|0.0276207|0.00778345|0.00968695|0.00160082|0.0313381|0.0318744|0.00597815|0.00111942|0.0457563|0.00118659|0.0398377|0.0365406,0.000178506|0.0181411|0.0195364|0.00800322|0.0230682|0.0409649|0.0488958|0.0388066|0.0436548|0.0482082|0.00318517|0.0341912|0.0210615|0.0161829|0.0280967|0.0260762|0.0470205|0.0483133|0.0245713|0.0449458|0.0105712|0.00176737|0.0151024|0.0130093,0.973537|0.923215|0.951762|0.90679|0.985376|0.981638|0.9108|0.969899|0.933821|0.924883|0.902547|0.94998|0.904866|0.953313|0.923653|0.908628|0.937315|0.975256|0.962416|0.924329|0.964079|0.967717|0.965406|0.98883,4.63983|4.79469|0.85792|1.41691|4.5695|2.91399|6.27947|3.94615|5.77568|2.06342|5.09423|3.70656|4.56594|0.10397|1.04264|5.01633|3.07758|3.22282|1.97158|1.19952|4.96174|4.1126|0.0104102|4.04415,90.7492|58.7029|37.9513|31.5608|67.4197|70.8805|91.8261|77.768|95.5844|59.2872|61.2725|89.5651|23.0914|61.2747|50.0569|32.9383|81.3396|99.595|24.4191|31.554|13.4252|56.1703|83.3731,0.215706|0.201188|0.246589|0.219936|0.171162|0.189485|0.228404|0.165457|0.248978|0.200548|0.204351|0.241996|0.18593|0.208144|0.19306|0.230728|0.186476|0.184434|0.239532|0.195005|0.230756|0.247907|0.197114,0.53635|0.666395|0.157157|0.557853|0.40751|0.757042|0.133861|0.348083|0.480161|0.127053|0.413834|0.265381|0.12287|0.704271|0.116472|0.628307|0.379326|0.703378|0.991722|0.711047|0.986996|0.827328|0.942894,0.869523,0.801463,0.117836,0.0993652,0.460468,0.534015,0.0732846,0.487967,0.198257,0.921169,51.6436,5.43263e-12,47756,0.887486,41.1981,1.06086e-12,38445,0.895553,0.876428,0.0878307,0.631141,0.996144,0.511517,0.22039,0.459803,0.228135,0.891603,87.9902,7.64954e-10,30733,0.967162,70.4477,9.04596e-11,52512
24,848,n1->n20->n89->n48->n47->n49->n64->n93->n92->n94->n96->n14->n12->n6->n33->n84->n82->n63->n10->n73->n54->n53->n52->n51,5.37021e+09|4.0293e+11|2.68119e+11|3.98001e+12|4.74236e+11|2.45005e+09|4.21034e+09|4.22601e+13|1.97334e+09|1.36531e+10|2.51165e+12|3.70261e+10|9.70597e+10|1.14208e+09|3.64323e+13|1.07392e+09|1.07979e+13|6.55204e+12|2.49624e+09|1.41706e+11|2.80961e+11|4.60474e+10|1.02428e+10|7.46708e+11,8.19724e+08|1.89646e+11|9.23423e+10|1.69514e+12|1.54765e+11|2.44458e+09|1.60867e+09|1.3774e+13|1.46451e+09|1.67171e+09|5.36324e+11|1.44234e+10|2.76143e+10|2.20459e+08|6.32377e+12|9.00899e+08|1.66379e+12|2.63574e+12|7.32581e+08|5.76853e+10|2.23178e+11|3.18273e+10|2.07235e+09|5.06847e+11,0.000494453|5.21063e-05|3.55201e-05|4.78153e-05|0.000202873|1.07426e-05|1.88732e-05|8.45967e-05|2.75832e-05|2.95455e-05|1.2987e-05|3.25754e-05|0.000201974|1.08483e-05|1.50316e-05|2.14473e-05|0.000837919|0.000116235|6.27016e-05|6.32916e-05|1.47667e-05|2.00633e-05|0.00011644|0.000185382,0.000316017|0.000368678|0.000111435|0.00544009|0.000266598|0.000979027|0.000135861|0.000162335|0.0052688|0.000125263|0.000286765|0.000181646|0.0016732|0.00010157|0.00213059|0.000434313|0.00271152|0.00126856|0.00113469|0.000807753|0.00549128|0.000509085|0.00580301|0.00344885,0.0109342|0.0108696|0.0107812|0.0455031|0.00898217|0.0183567|0.0266797|0.0108045|0.0444618|0.00830448|0.0377902|0.0426128|0.0313381|0.00160082|0.00968695|0.0473575|0.0278433|0.0100727|0.00597815|0.0455502|0.0334079|5.21659e-05|0.0398377|0.0365406,0.000178506|0.0181411|0.0401575|0.0360942|0.0488958|0.0388066|0.0436548|0.0326183|0.0387741|0.0293842|0.0195364|0.049061|0.0470205|0.0260762|0.0280967|0.0366447|0.0266174|0.0107197|0.0245713|0.028193|0.00844474|0.00115664|0.0151024|0.0130093,0.973537|0.923215|0.926416|0.967439|0.9108|0.969899|0.933821|0.912097|0.987763|0.927471|0.951762|0.906626|0.937315|0.908628|0.923653|0.948551|0.934435|0.903245|0.962416|0.909539|0.927525|0.913872|0.965406|0.98883,4.63983|4.79469|0.0868458|3.09858|6.27947|3.94615|5.77568|5.92115|6.03913|5.03384|0.85792|0.762282|3.07758|5.01633|1.04264|5.42186|0.132111|4.68449|1.97158|3.29092|1.22009|0.640024|0.0104102|4.04415,90.7492|18.2346|94.0077|78.8723|91.8261|77.768|32.5899|61.035|13.5087|71.0086|54.7186|51.9585|32.9383|50.0569|59.7094|83.37|48.6997|65.1286|29.3778|26.1465|75.3264|81.3721|83.3731,0.215706|0.231355|0.234363|0.239998|0.228404|0.165457|0.178102|0.21409|0.230182|0.230021|0.208433|0.222459|0.230728|0.19306|0.183728|0.203763|0.175742|0.203746|0.202302|0.196311|0.191357|0.184589|0.197114,0.53635|0.595303|0.948873|0.300482|0.133861|0.348083|0.548301|0.722832|0.731663|0.131268|0.448351|0.326911|0.628307|0.116472|0.218166|0.808712|0.4301|0.514129|0.747283|0.754315|0.567841|0.272111|0.942894,0.869523,0.801463,0.117836,0.0993652,0.460468,0.534015,0.0732846,0.487967,0.198257,0.921169,51.6436,5.43263e-12,47756,0.887486,41.1981,1.06086e-12,38445,0.895553,0.876428,0.0878307,0.631141,0.996144,0.511517,0.22039,0.459803,0.228135,0.891603,87.9902,7.64954e-10,30733,0.967162,70.4477,9.04596e-11,52512
24,849,n1->n13->n15->n34->n35->n74->n22->n21->n67->n38->n16->n18->n19->n17->n85->n83->n84->n33->n31->n30->n29->n27->n52->n51,5.37021e+09|6.60497e+13|8.77071e+11|4.7313e+12|5.77859e+11|5.8385e+13|1.47e+10|1.56161e+12|4.7483e+09|1.16426e+13|1.09193e+13|7.59179e+12|2.47533e+11|1.51096e+11|2.02447e+09|3.76373e+13|1.07392e+09|3.64323e+13|4.79342e+12|1.26395e+10|3.6336e+13|4.19351e+12|1.02428e+10|7.46708e+11,8.19724e+08|8.87204e+12|1.06991e+11|1.15705e+12|4.88834e+11|7.35096e+12|9.51029e+09|3.02345e+11|7.5553e+08|1.19258e+12|1.33827e+12|4.11836e+12|2.33399e+11|1.57582e+10|2.41326e+08|2.34723e+13|9.00899e+08|6.32377e+12|4.42443e+12|1.81012e+09|1.77292e+13|8.73344e+11|2.07235e+09|5.06847e+11,0.000494453|0.000787814|0.000182949|0.000140889|0.000412952|0.000875739|1.77434e-05|0.00096308|3.91885e-05|1.04425e-05|3.71682e-05|2.98936e-05|0.000261527|0.000261059|2.04325e-05|1.86087e-05|2.14473e-05|1.50316e-05|0.00024651|4.789e-05|0.000125062|1.08528e-05|0.00011644|0.000185382,0.000316017|0.00788063|0.00274771|0.000270551|0.00138752|0.00944671|0.0006856|0.00195589|0.000640186|0.00950649|0.00174713|0.000681499|0.000768065|0.000513001|0.000338175|0.000175452|0.000434313|0.00213059|0.00308746|0.00655588|0.00231296|0.00262605|0.00580301|0.00344885,0.0109342|0.0476737|0.0207315|0.0276207|0.00215298|0.0280357|0.0408661|0.00712365|0.029632|0.0263713|0.0123696|0.0192976|0.0201979|0.0430027|0.0354515|0.015405|0.0473575|0.00968695|0.0211034|0.00398508|0.0255931|0.0303206|0.0398377|0.0365406,0.000178506|0.00335145|0.0378122|0.0210615|0.0375959|0.0166219|0.040072|0.0414669|0.0482082|0.00318517|0.0240438|0.0120519|0.0291803|0.00442808|0.0266209|0.038157|0.0366447|0.0280967|0.0151027|0.0178703|0.00291922|0.0230682|0.0151024|0.0130093,0.973537|0.954869|0.910795|0.904866|0.952159|0.90082|0.95984|0.971602|0.924883|0.902547|0.979533|0.946711|0.941018|0.974312|0.940474|0.947801|0.948551|0.923653|0.943878|0.972158|0.962742|0.985376|0.965406|0.98883,4.63983|5.26639|1.89272|4.56594|5.24666|0.0974208|0.048646|3.14177|2.06342|5.09423|1.69436|4.38273|1.39448|5.11322|4.91715|4.11052|5.42186|1.04264|4.82496|5.42296|0.0327787|4.5695|0.0104102|4.04415,79.8117|66.6304|27.3162|26.2497|67.7415|63.8366|55.6995|42.5138|59.2872|28.0546|72.2829|34.0839|10.3361|84.7043|92.2019|20.1884|59.7094|95.0453|88.6669|29.3504|49.6282|46.2248|83.3731,0.246796|0.179788|0.231681|0.244194|0.161632|0.241428|0.206062|0.197352|0.200548|0.17367|0.180241|0.248409|0.172286|0.225161|0.231254|0.246081|0.183728|0.234751|0.215598|0.179657|0.180772|0.183493|0.197114,0.338018|0.275394|0.750497|0.307851|0.301798|0.480684|0.677391|0.602799|0.127053|0.828443|0.553025|0.983209|0.559133|0.880608|0.604504|0.599197|0.218166|0.258586|0.123891|0.887943|0.511755|0.657987|0.942894,0.869523,0.801463,0.117836,0.0993652,0.460468,0.534015,0.0732846,0.487967,0.198257,0.921169,51.6436,5.43263e-12,47756,0.887486,41.1981,1.06086e-12,38445,0.895553,0.876428,0.0878307,0.631141,0.996144,0.511517,0.22039,0.459803,0.228135,0.891603,87.9902,7.64954e-10,30733,0.967162,70.4477,9.04596e-11,52512
24,850,n1->n20->n19->n68->n22->n21->n67->n38->n16->n18->n70->n87->n88->n90->n56->n55->n57->n74->n75->n76->n30->n29->n50->n51,5.37021e+09|4.0293e+11|2.47533e+11|1.31753e+09|1.47e+10|1.56161e+12|4.7483e+09|1.16426e+13|1.09193e+13|7.59179e+12|6.87309e+13|7.3435e+12|9.00567e+12|1.33273e+11|1.1605e+12|8.84081e+12|4.14288e+09|5.8385e+13|8.71921e+10|4.21804e+13|1.26395e+10|3.6336e+13|2.36425e+09|7.46708e+11,8.19724e+08|1.89646e+11|2.33399e+11|3.10679e+08|9.51029e+09|3.02345e+11|7.5553e+08|1.19258e+12|1.33827e+12|4.11836e+12|9.78332e+12|2.79916e+12|8.66002e+12|6.41526e+10|5.65456e+11|4.69454e+12|2.05006e+09|7.35096e+12|5.29113e+10|1.15782e+13|1.81012e+09|1.77292e+13|4.07889e+08|5.06847e+11,0.000494453|5.21063e-05|0.000261527|0.000223952|1.77434e-05|0.00096308|3.91885e-05|1.04425e-05|3.71682e-05|2.98936e-05|5.13815e-05|0.000634307|6.2721e-05|0.000319756|1.7812e-05|4.06274e-05|0.000173612|0.000875739|0.000766915|1.88608e-05|4.789e-05|0.000125062|1.54283e-05|0.000185382,0.000316017|0.000368678|0.000768065|0.00843573|0.0006856|0.00195589|0.000640186|0.00950649|0.00174713|0.000681499|0.00295865|0.00151267|0.000480267|0.000672662|0.000830638|0.000128431|0.00271581|0.00944671|0.000203965|0.00214239|0.00655588|0.00231296|0.00907722|0.00344885,0.0109342|0.0108696|0.0201979|0.0370095|0.0408661|0.00712365|0.029632|0.0263713|0.0123696|0.0192976|0.0286141|0.0186268|0.00850464|0.0285929|0.0231698|0.00843704|0.0328142|0.0280357|0.0243876|0.00156873|0.00398508|0.0255931|0.00638914|0.0365406,0.000178506|0.0181411|0.0291803|0.00589983|0.040072|0.0414669|0.0482082|0.00318517|0.0240438|0.0120519|0.0216638|0.00979507|0.0237676|0.0372754|0.0417641|0.0314938|0.0437642|0.0166219|0.0250863|0.0470058|0.0178703|0.00291922|0.0483596|0.0130093,0.973537|0.923215|0.941018|0.984554|0.95984|0.971602|0.924883|0.902547|0.979533|0.946711|0.966653|0.977244|0.962132|0.984478|0.944528|0.908585|0.983348|0.90082|0.936129|0.989289|0.972158|0.962742|0.910708|0.98883,4.63983|4.79469|1.39448|5.26958|0.048646|3.14177|2.06342|5.09423|1.69436|4.38273|4.60778|2.33192|1.9653|4.02061|2.55597|3.37071|1.93323|0.0974208|3.39264|0.578949|5.42296|0.0327787|5.41755|4.04415,90.7492|86.2435|67.5745|15.3326|55.6995|42.5138|59.2872|28.0546|72.2829|55.8812|39.9413|57.0974|14.1987|40.6061|95.3312|61.5999|95.6836|64.3401|63.5216|21.8454|29.3504|37.0378|82.9474,0.215706|0.182991|0.2055|0.236297|0.206062|0.197352|0.200548|0.17367|0.180241|0.234874|0.180359|0.227675|0.244274|0.166746|0.167906|0.220389|0.169856|0.220369|0.207806|0.220509|0.179657|0.191256|0.24308,0.53635|0.182796|0.968257|0.655447|0.677391|0.602799|0.127053|0.828443|0.553025|0.16843|0.129355|0.396625|0.997795|0.163177|0.402595|0.549818|0.815246|0.119032|0.844544|0.936019|0.887943|0.182586|0.624607,0.869523,0.801463,0.117836,0.0993652,0.460468,0.534015,0.0732846,0.487967,0.198257,0.921169,51.6436,5.43263e-12,47756,0.887486,41.1981,1.06086e-12,38445,0.895553,0.876428,0.0878307,0.631141,0.996144,0.511517,0.22039,0.459803,0.228135,0.891603,87.9902,7.64954e-10,30733,0.967162,70.4477,9.04596e-11,52512
24,851,n1->n99->n98->n57->n83->n81->n80->n78->n44->n45->n47->n49->n64->n62->n61->n63->n42->n40->n54->n56->n55->n53->n52->n51,5.37021e+09|1.57108e+10|1.8266e+13|4.14288e+09|3.76373e+13|2.58887e+10|2.45686e+13|3.25238e+10|5.26537e+13|8.38488e+13|4.74236e+11|2.45005e+09|4.21034e+09|2.37342e+11|6.44979e+11|6.55204e+12|2.42905e+09|3.58065e+10|2.80961e+11|1.1605e+12|8.84081e+12|4.60474e+10|1.02428e+10|7.46708e+11,8.19724e+08|4.21389e+09|5.99087e+12|2.05006e+09|2.34723e+13|8.36206e+09|2.75437e+12|2.30731e+10|2.86817e+13|1.01787e+13|1.54765e+11|2.44458e+09|1.60867e+09|1.13053e+11|1.30372e+11|2.63574e+12|2.47264e+08|4.14657e+09|2.23178e+11|5.65456e+11|4.69454e+12|3.18273e+10|2.07235e+09|5.06847e+11,0.000494453|0.00089026|0.000410965|0.000173612|1.86087e-05|0.000268232|1.13052e-05|0.000270955|0.000124649|1.67225e-05|0.000202873|1.07426e-05|1.88732e-05|8.24006e-05|3.71253e-05|0.000116235|8.79758e-05|6.01341e-05|1.47667e-05|1.7812e-05|4.06274e-05|2.00633e-05|0.00011644|0.000185382,0.000316017|0.000350126|0.000548485|0.00271581|0.000175452|0.000752991|0.000238286|0.00167497|0.00158999|0.000742576|0.000266598|0.000979027|0.000135861|0.00794111|0.00313588|0.00126856|0.000493531|0.00268841|0.00549128|0.000830638|0.000128431|0.000509085|0.00580301|0.00344885,0.0109342|0.0362414|0.0295222|0.0328142|0.015405|0.0481357|0.00592883|0.00569443|0.0486405|0.00846218|0.00898217|0.0183567|0.0266797|0.0242596|0.0266048|0.0100727|0.00783732|0.0249103|0.0334079|0.0231698|0.00843704|5.21659e-05|0.0398377|0.0365406,0.000178506|0.0472365|0.0297366|0.0437642|0.038157|0.00997263|0.0262948|0.0425349|0.00764508|0.0342415|0.0488958|0.0388066|0.0436548|0.0480911|0.0179693|0.0107197|0.0327962|0.033399|0.00844474|0.0417641|0.0314938|0.00115664|0.0151024|0.0130093,0.973537|0.953794|0.959539|0.983348|0.947801|0.948836|0.919013|0.92832|0.932977|0.934264|0.9108|0.969899|0.933821|0.98053|0.958619|0.903245|0.960936|0.920308|0.927525|0.944528|0.908585|0.913872|0.965406|0.98883,4.63983|3.07459|2.95405|1.93323|4.11052|1.5908|0.100836|3.3614|2.64532|5.31688|6.27947|3.94615|5.77568|5.59786|2.63855|4.68449|0.765875|2.50002|1.22009|2.55597|3.37071|0.640024|0.0104102|4.04415,66.2586|58.4557|98.2355|50.003|78.7627|15.5679|66.5291|88.5528|57.1366|40.979|91.8261|77.768|93.0484|89.0369|47.0482|97.0433|77.6192|12.2677|42.6814|95.3312|30.3781|81.3721|83.3731,0.180129|0.227784|0.190047|0.1911|0.170031|0.212149|0.222935|0.200088|0.235241|0.216949|0.228404|0.165457|0.176232|0.198053|0.167884|0.211509|0.243521|0.248162|0.167734|0.167906|0.207992|0.184589|0.197114,0.323551|0.686264|0.757428|0.161388|0.530775|0.870283|0.109088|0.134865|0.218954|0.317946|0.133861|0.348083|0.182879|0.704733|0.410418|0.758395|0.14346|0.812759|0.927159|0.402595|0.646488|0.272111|0.942894,0.869523,0.801463,0.117836,0.0993652,0.460468,0.534015,0.0732846,0.487967,0.198257,0.921169,51.6436,5.43263e-12,47756,0.887486,41.1981,1.06086e-12,38445,0.895553,0.876428,0.0878307,0.631141,0.996144,0.511517,0.22039,0.459803,0.228135,0.891603,87.9902,7.64954e-10,30733,0.967162,70.4477,9.04596e-11,52512
24,852,n1->n99->n97->n27->n29->n30->n31->n35->n34->n15->n13->n12->n14->n96->n20->n89->n88->n87->n70->n72->n45->n47->n49->n51,5.37021e+09|1.57108e+10|2.90604e+09|4.19351e+12|3.6336e+13|1.26395e+10|4.79342e+12|5.77859e+11|4.7313e+12|8.77071e+11|6.60497e+13|9.70597e+10|3.70261e+10|2.51165e+12|4.0293e+11|2.68119e+11|9.00567e+12|7.3435e+12|6.87309e+13|6.83442e+09|8.38488e+13|4.74236e+11|2.45005e+09|7.46708e+11,8.19724e+08|4.21389e+09|5.04144e+08|8.73344e+11|1.77292e+13|1.81012e+09|4.42443e+12|4.88834e+11|1.15705e+12|1.06991e+11|8.87204e+12|2.76143e+10|1.44234e+10|5.36324e+11|1.89646e+11|9.23423e+10|8.66002e+12|2.79916e+12|9.78332e+12|1.48353e+09|1.01787e+13|1.54765e+11|2.44458e+09|5.06847e+11,0.000494453|0.00089026|8.81202e-05|1.08528e-05|0.000125062|4.789e-05|0.00024651|0.000412952|0.000140889|0.000182949|0.000787814|0.000201974|3.25754e-05|1.2987e-05|5.21063e-05|3.55201e-05|6.2721e-05|0.000634307|5.13815e-05|0.000159499|1.67225e-05|0.000202873|1.07426e-05|0.000185382,0.000316017|0.000350126|0.00494291|0.00262605|0.00231296|0.00655588|0.00308746|0.00138752|0.000270551|0.00274771|0.00788063|0.0016732|0.000181646|0.000286765|0.000368678|0.000111435|0.000480267|0.00151267|0.00295865|0.00384342|0.000742576|0.000266598|0.000979027|0.00344885,0.0109342|0.0362414|0.0381696|0.0303206|0.0255931|0.00398508|0.0211034|0.00215298|0.0276207|0.0207315|0.0476737|0.0313381|0.0426128|0.0377902|0.0108696|0.0107812|0.00850464|0.0186268|0.0286141|0.0479977|0.00846218|0.00898217|0.0183567|0.0365406,0.000178506|0.0472365|0.00800322|0.0230682|0.00291922|0.0178703|0.0151027|0.0375959|0.0210615|0.0378122|0.00335145|0.0470205|0.049061|0.0195364|0.0181411|0.0401575|0.0237676|0.00979507|0.0216638|0.0299903|0.0342415|0.0488958|0.0388066|0.0130093,0.973537|0.953794|0.90679|0.985376|0.962742|0.972158|0.943878|0.952159|0.904866|0.910795|0.954869|0.937315|0.906626|0.951762|0.923215|0.926416|0.962132|0.977244|0.966653|0.96924|0.934264|0.9108|0.969899|0.98883,4.63983|3.07459|1.41691|4.5695|0.0327787|5.42296|4.82496|5.24666|4.56594|1.89272|5.26639|3.07758|0.762282|0.85792|4.79469|0.0868458|1.9653|2.33192|4.60778|3.90463|5.31688|6.27947|3.94615|4.04415,66.2586|94.4507|31.5608|49.6282|29.3504|88.6669|91.3525|26.2497|27.3162|66.6304|56.34|51.9585|54.7186|58.7029|18.2346|92.4072|57.0974|39.9413|97.4405|63.1262|40.979|91.8261|10.4661,0.180129|0.168303|0.219936|0.180772|0.179657|0.215598|0.243038|0.244194|0.231681|0.179788|0.206669|0.222459|0.208433|0.201188|0.231355|0.203687|0.227675|0.180359|0.180102|0.243732|0.216949|0.228404|0.216931,0.323551|0.263233|0.557853|0.511755|0.887943|0.123891|0.658826|0.307851|0.750497|0.275394|0.285239|0.326911|0.448351|0.666395|0.595303|0.876618|0.396625|0.129355|0.79408|0.65643|0.317946|0.133861|0.516407,0.869523,0.801463,0.117836,0.0993652,0.460468,0.534015,0.0732846,0.487967,0.198257,0.921169,51.6436,5.43263e-12,47756,0.887486,41.1981,1.06086e-12,38445,0.895553,0.876428,0.0878307,0.631141,0.996144,0.511517,0.22039,0.459803,0.228135,0.891603,87.9902,7.64954e-10,30733,0.967162,70.4477,9.04596e-11,52512
24,853,n1->n13->n15->n63->n10->n9->n7->n8->n12->n6->n33->n32->n30->n31->n29->n27->n28->n69->n76->n75->n14->n96->n94->n51,5.37021e+09|6.60497e+13|8.77071e+11|6.55204e+12|2.49624e+09|1.49139e+12|3.81012e+11|4.61239e+13|9.70597e+10|1.14208e+09|3.64323e+13|1.78367e+12|1.26395e+10|4.79342e+12|3.6336e+13|4.19351e+12|1.34247e+11|8.81277e+09|4.21804e+13|8.71921e+10|3.70261e+10|2.51165e+12|1.36531e+10|7.46708e+11,8.19724e+08|8.87204e+12|1.06991e+11|2.63574e+12|7.32581e+08|3.79906e+11|6.70334e+10|1.04208e+13|2.76143e+10|2.20459e+08|6.32377e+12|1.05491e+12|1.81012e+09|4.42443e+12|1.77292e+13|8.73344e+11|1.51805e+10|7.57626e+09|1.15782e+13|5.29113e+10|1.44234e+10|5.36324e+11|1.67171e+09|5.06847e+11,0.000494453|0.000787814|0.000182949|0.000116235|6.27016e-05|1.80008e-05|0.000475679|6.6054e-05|0.000201974|1.08483e-05|1.50316e-05|0.000179959|4.789e-05|0.00024651|0.000125062|1.08528e-05|0.00056516|0.000268039|1.88608e-05|0.000766915|3.25754e-05|1.2987e-05|2.95455e-05|0.000185382,0.000316017|0.00788063|0.00274771|0.00126856|0.00113469|0.00065196|0.00104538|0.00522046|0.0016732|0.00010157|0.00213059|0.00292552|0.00655588|0.00308746|0.00231296|0.00262605|0.0093172|0.00367819|0.00214239|0.000203965|0.000181646|0.000286765|0.000125263|0.00344885,0.0109342|0.0476737|0.0207315|0.0100727|0.00597815|0.0140743|0.01754|0.0318744|0.0313381|0.00160082|0.00968695|0.00778345|0.00398508|0.0211034|0.0255931|0.0303206|0.0317261|0.022957|0.00156873|0.0243876|0.0426128|0.0377902|0.00830448|0.0365406,0.000178506|0.00335145|0.0378122|0.0107197|0.0245713|0.033904|0.0283975|0.0483133|0.0470205|0.0260762|0.0280967|0.0161829|0.0178703|0.0151027|0.00291922|0.0230682|0.03841|0.0100342|0.0470058|0.0250863|0.049061|0.0195364|0.0293842|0.0130093,0.973537|0.954869|0.910795|0.903245|0.962416|0.963574|0.963898|0.975256|0.937315|0.908628|0.923653|0.953313|0.972158|0.943878|0.962742|0.985376|0.948072|0.975915|0.989289|0.936129|0.906626|0.951762|0.927471|0.98883,4.63983|5.26639|1.89272|4.68449|1.97158|5.88966|3.51107|3.22282|3.07758|5.01633|1.04264|0.10397|5.42296|4.82496|0.0327787|4.5695|1.48687|2.99986|0.578949|3.39264|0.762282|0.85792|5.03384|4.04415,79.8117|66.6304|11.0615|65.1286|65.9961|59.8148|55.4093|81.3396|32.9383|50.0569|61.2747|69.5993|88.6669|70.4589|49.6282|23.5709|97.1045|66.666|63.5216|56.2706|54.7186|71.0086|11.2844,0.246796|0.179788|0.214255|0.203746|0.193896|0.18359|0.230451|0.186476|0.230728|0.19306|0.208144|0.204659|0.215598|0.246199|0.180772|0.207151|0.207556|0.212271|0.207806|0.226178|0.208433|0.230021|0.200895,0.338018|0.275394|0.692153|0.514129|0.982181|0.339058|0.745697|0.379326|0.628307|0.116472|0.704271|0.237533|0.123891|0.415176|0.511755|0.340196|0.438091|0.890059|0.844544|0.725021|0.448351|0.131268|0.836539,0.869523,0.801463,0.117836,0.0993652,0.460468,0.534015,0.0732846,0.487967,0.198257,0.921169,51.6436,5.43263e-12,47756,0.887486,41.1981,1.06086e-12,38445,0.895553,0.876428,0.0878307,0.631141,0.996144,0.511517,0.22039,0.459803,0.228135,0.891603,87.9902,7.64954e-10,30733,0.967162,70.4477,9.04596e-11,52512
24,854,n1->n20->n89->n95->n82->n54->n73->n10->n8->n7->n2->n4->n27->n26->n47->n45->n43->n44->n41->n39->n37->n65->n52->n51,5.37021e+09|4.0293e+11|2.68119e+11|1.05601e+11|1.07979e+13|2.80961e+11|1.41706e+11|2.49624e+09|4.61239e+13|3.81012e+11|5.94248e+10|7.07339e+12|4.19351e+12|7.09351e+09|4.74236e+11|8.38488e+13|1.40931e+10|5.26537e+13|3.95737e+11|3.34792e+13|2.79748e+13|1.12599e+09|1.02428e+10|7.46708e+11,8.19724e+08|1.89646e+11|9.23423e+10|5.46554e+10|1.66379e+12|2.23178e+11|5.76853e+10|7.32581e+08|1.04208e+13|6.70334e+10|3.74975e+10|2.43435e+12|8.73344e+11|1.31666e+09|1.54765e+11|1.01787e+13|3.26577e+09|2.86817e+13|1.47899e+11|1.12013e+13|4.96975e+12|3.2906e+08|2.07235e+09|5.06847e+11,0.000494453|5.21063e-05|3.55201e-05|0.000260968|0.000837919|1.47667e-05|6.32916e-05|6.27016e-05|6.6054e-05|0.000475679|1.10648e-05|0.000113681|1.08528e-05|3.77967e-05|0.000202873|1.67225e-05|0.000955168|0.000124649|2.35935e-05|5.53896e-05|1.06248e-05|1.96575e-05|0.00011644|0.000185382,0.000316017|0.000368678|0.000111435|0.000186877|0.00271152|0.00549128|0.000807753|0.00113469|0.00522046|0.00104538|0.00120557|0.00198341|0.00262605|0.00522178|0.000266598|0.000742576|0.00344494|0.00158999|0.00412419|0.0025393|0.000261291|0.000428116|0.00580301|0.00344885,0.0109342|0.0108696|0.0107812|0.00282907|0.0278433|0.0334079|0.0455502|0.00597815|0.0318744|0.01754|0.00369149|0.0350273|0.0303206|0.0101688|0.00898217|0.00846218|0.0168583|0.0486405|0.00451081|0.00111942|0.0457563|0.00118659|0.0398377|0.0365406,0.000178506|0.0181411|0.0401575|0.0420997|0.0266174|0.00844474|0.028193|0.0245713|0.0483133|0.0283975|0.0127317|0.0273051|0.0230682|0.0409649|0.0488958|0.0342415|0.0482719|0.00764508|0.00491436|0.0449458|0.0105712|0.00176737|0.0151024|0.0130093,0.973537|0.923215|0.926416|0.966581|0.934435|0.927525|0.909539|0.962416|0.975256|0.963898|0.968894|0.917619|0.985376|0.981638|0.9108|0.934264|0.943219|0.932977|0.923722|0.924329|0.964079|0.967717|0.965406|0.98883,4.63983|4.79469|0.0868458|1.09944|0.132111|1.22009|3.29092|1.97158|3.22282|3.51107|4.74216|1.56082|4.5695|2.91399|6.27947|5.31688|2.3897|2.64532|4.11092|1.19952|4.96174|4.1126|0.0104102|4.04415,90.7492|18.2346|11.8194|75.699|41.1455|26.1465|29.3778|99.595|55.4093|88.6198|30.2686|52.1141|67.4197|70.8805|40.979|48.5398|69.1985|12.7315|38.9947|31.554|13.4252|56.1703|83.3731,0.215706|0.231355|0.168449|0.21275|0.242874|0.196311|0.202302|0.184434|0.230451|0.228013|0.239023|0.184605|0.171162|0.189485|0.216949|0.218428|0.210513|0.246433|0.18226|0.195005|0.230756|0.247907|0.197114,0.53635|0.595303|0.776387|0.837867|0.378494|0.754315|0.747283|0.703378|0.745697|0.84397|0.514427|0.200735|0.40751|0.757042|0.317946|0.854577|0.374145|0.665882|0.988985|0.711047|0.986996|0.827328|0.942894,0.869523,0.801463,0.117836,0.0993652,0.460468,0.534015,0.0732846,0.487967,0.198257,0.921169,51.6436,5.43263e-12,47756,0.887486,41.1981,1.06086e-12,38445,0.895553,0.876428,0.0878307,0.631141,0.996144,0.511517,0.22039,0.459803,0.228135,0.891603,87.9902,7.64954e-10,30733,0.967162,70.4477,9.04596e-11,52512
24,855,n1->n20->n21->n22->n74->n75->n73->n72->n77->n93->n91->n92->n94->n96->n97->n95->n82->n54->n56->n84->n85->n65->n52->n51,5.37021e+09|4.0293e+11|1.56161e+12|1.47e+10|5.8385e+13|8.71921e+10|1.41706e+11|6.83442e+09|5.68112e+11|4.22601e+13|2.84652e+12|1.97334e+09|1.36531e+10|2.51165e+12|2.90604e+09|1.05601e+11|1.07979e+13|2.80961e+11|1.1605e+12|1.07392e+09|2.02447e+09|1.12599e+09|1.02428e+10|7.46708e+11,8.19724e+08|1.89646e+11|3.02345e+11|9.51029e+09|7.35096e+12|5.29113e+10|5.76853e+10|1.48353e+09|3.56307e+11|1.3774e+13|3.57264e+11|1.46451e+09|1.67171e+09|5.36324e+11|5.04144e+08|5.46554e+10|1.66379e+12|2.23178e+11|5.65456e+11|9.00899e+08|2.41326e+08|3.2906e+08|2.07235e+09|5.06847e+11,0.000494453|5.21063e-05|0.00096308|1.77434e-05|0.000875739|0.000766915|6.32916e-05|0.000159499|8.49487e-05|8.45967e-05|6.93267e-05|2.75832e-05|2.95455e-05|1.2987e-05|8.81202e-05|0.000260968|0.000837919|1.47667e-05|1.7812e-05|2.14473e-05|2.04325e-05|1.96575e-05|0.00011644|0.000185382,0.000316017|0.000368678|0.00195589|0.0006856|0.00944671|0.000203965|0.000807753|0.00384342|0.000906866|0.000162335|0.00599677|0.0052688|0.000125263|0.000286765|0.00494291|0.000186877|0.00271152|0.00549128|0.000830638|0.000434313|0.000338175|0.000428116|0.00580301|0.00344885,0.0109342|0.0108696|0.00712365|0.0408661|0.0280357|0.0243876|0.0455502|0.0479977|0.04851|0.0108045|0.008036|0.0444618|0.00830448|0.0377902|0.0381696|0.00282907|0.0278433|0.0334079|0.0231698|0.0473575|0.0354515|0.00118659|0.0398377|0.0365406,0.000178506|0.0181411|0.0414669|0.040072|0.0166219|0.0250863|0.028193|0.0299903|0.0115254|0.0326183|0.015498|0.0387741|0.0293842|0.0195364|0.00800322|0.0420997|0.0266174|0.00844474|0.0417641|0.0366447|0.0266209|0.00176737|0.0151024|0.0130093,0.973537|0.923215|0.971602|0.95984|0.90082|0.936129|0.909539|0.96924|0.949999|0.912097|0.964407|0.987763|0.927471|0.951762|0.90679|0.966581|0.934435|0.927525|0.944528|0.948551|0.940474|0.967717|0.965406|0.98883,4.63983|4.79469|3.14177|0.048646|0.0974208|3.39264|3.29092|3.90463|0.722366|5.92115|5.6679|6.03913|5.03384|0.85792|1.41691|1.09944|0.132111|1.22009|2.55597|5.42186|4.91715|4.1126|0.0104102|4.04415,90.7492|76.7594|55.6995|63.8366|64.3401|85.6152|29.1617|92.3918|51.9256|26.8753|32.3713|13.5087|71.0086|37.9513|11.8968|75.699|41.1455|42.6814|34.4372|82.1833|82.5435|56.1703|83.3731,0.215706|0.218425|0.206062|0.241428|0.220369|0.185893|0.178937|0.167022|0.247077|0.203549|0.161013|0.230182|0.230021|0.246589|0.228013|0.21275|0.242874|0.167734|0.222961|0.216313|0.20461|0.247907|0.197114,0.53635|0.515127|0.677391|0.480684|0.119032|0.624191|0.920295|0.776051|0.469529|0.21516|0.940947|0.731663|0.131268|0.157157|0.342677|0.837867|0.378494|0.927159|0.762891|0.528406|0.519435|0.827328|0.942894,0.869523,0.801463,0.117836,0.0993652,0.460468,0.534015,0.0732846,0.487967,0.198257,0.921169,51.6436,5.43263e-12,47756,0.887486,41.1981,1.06086e-12,38445,0.895553,0.876428,0.0878307,0.631141,0.996144,0.511517,0.22039,0.459803,0.228135,0.891603,87.9902,7.64954e-10,30733,0.967162,70.4477,9.04596e-11,52512
24,856,n1->n13->n12->n14->n96->n97->n27->n28->n29->n30->n76->n74->n57->n83->n81->n37->n39->n38->n67->n64->n62->n60->n50->n51,5.37021e+09|6.60497e+13|9.70597e+10|3.70261e+10|2.51165e+12|2.90604e+09|4.19351e+12|1.34247e+11|3.6336e+13|1.26395e+10|4.21804e+13|5.8385e+13|4.14288e+09|3.76373e+13|2.58887e+10|2.79748e+13|3.34792e+13|1.16426e+13|4.7483e+09|4.21034e+09|2.37342e+11|8.79841e+13|2.36425e+09|7.46708e+11,8.19724e+08|8.87204e+12|2.76143e+10|1.44234e+10|5.36324e+11|5.04144e+08|8.73344e+11|1.51805e+10|1.77292e+13|1.81012e+09|1.15782e+13|7.35096e+12|2.05006e+09|2.34723e+13|8.36206e+09|4.96975e+12|1.12013e+13|1.19258e+12|7.5553e+08|1.60867e+09|1.13053e+11|5.95756e+13|4.07889e+08|5.06847e+11,0.000494453|0.000787814|0.000201974|3.25754e-05|1.2987e-05|8.81202e-05|1.08528e-05|0.00056516|0.000125062|4.789e-05|1.88608e-05|0.000875739|0.000173612|1.86087e-05|0.000268232|1.06248e-05|5.53896e-05|1.04425e-05|3.91885e-05|1.88732e-05|8.24006e-05|0.000731749|1.54283e-05|0.000185382,0.000316017|0.00788063|0.0016732|0.000181646|0.000286765|0.00494291|0.00262605|0.0093172|0.00231296|0.00655588|0.00214239|0.00944671|0.00271581|0.000175452|0.000752991|0.000261291|0.0025393|0.00950649|0.000640186|0.000135861|0.00794111|0.000248463|0.00907722|0.00344885,0.0109342|0.0476737|0.0313381|0.0426128|0.0377902|0.0381696|0.0303206|0.0317261|0.0255931|0.00398508|0.00156873|0.0280357|0.0328142|0.015405|0.0481357|0.0457563|0.00111942|0.0263713|0.029632|0.0266797|0.0242596|0.0128442|0.00638914|0.0365406,0.000178506|0.00335145|0.0470205|0.049061|0.0195364|0.00800322|0.0230682|0.03841|0.00291922|0.0178703|0.0470058|0.0166219|0.0437642|0.038157|0.00997263|0.0105712|0.0449458|0.00318517|0.0482082|0.0436548|0.0480911|0.0431033|0.0483596|0.0130093,0.973537|0.954869|0.937315|0.906626|0.951762|0.90679|0.985376|0.948072|0.962742|0.972158|0.989289|0.90082|0.983348|0.947801|0.948836|0.964079|0.924329|0.902547|0.924883|0.933821|0.98053|0.945549|0.910708|0.98883,4.63983|5.26639|3.07758|0.762282|0.85792|1.41691|4.5695|1.48687|0.0327787|5.42296|0.578949|0.0974208|1.93323|4.11052|1.5908|4.96174|1.19952|5.09423|2.06342|5.77568|5.59786|4.50487|5.41755|4.04415,79.8117|56.34|51.9585|54.7186|37.9513|31.5608|23.5709|18.7034|29.3504|21.8454|53.1277|95.6836|50.003|78.7627|88.8597|31.554|52.0957|59.2872|95.5844|93.0484|48.3985|22.3088|82.9474,0.246796|0.206669|0.222459|0.208433|0.246589|0.219936|0.207151|0.249902|0.179657|0.220509|0.181342|0.169856|0.1911|0.170031|0.211898|0.195005|0.199024|0.200548|0.248978|0.176232|0.17162|0.190841|0.24308,0.338018|0.285239|0.326911|0.448351|0.157157|0.557853|0.340196|0.259002|0.887943|0.936019|0.519715|0.815246|0.161388|0.530775|0.430076|0.711047|0.46236|0.127053|0.480161|0.182879|0.641887|0.323935|0.624607,0.869523,0.801463,0.117836,0.0993652,0.460468,0.534015,0.0732846,0.487967,0.198257,0.921169,51.6436,5.43263e-12,47756,0.887486,41.1981,1.06086e-12,38445,0.895553,0.876428,0.0878307,0.631141,0.996144,0.511517,0.22039,0.459803,0.228135,0.891603,87.9902,7.64954e-10,30733,0.967162,70.4477,9.04596e-11,52512
24,857,n1->n13->n14->n96->n20->n19->n68->n58->n85->n83->n57->n55->n54->n40->n42->n63->n15->n34->n35->n31->n30->n29->n50->n51,5.37021e+09|6.60497e+13|3.70261e+10|2.51165e+12|4.0293e+11|2.47533e+11|1.31753e+09|8.16696e+09|2.02447e+09|3.76373e+13|4.14288e+09|8.84081e+12|2.80961e+11|3.58065e+10|2.42905e+09|6.55204e+12|8.77071e+11|4.7313e+12|5.77859e+11|4.79342e+12|1.26395e+10|3.6336e+13|2.36425e+09|7.46708e+11,8.19724e+08|8.87204e+12|1.44234e+10|5.36324e+11|1.89646e+11|2.33399e+11|3.10679e+08|6.89506e+09|2.41326e+08|2.34723e+13|2.05006e+09|4.69454e+12|2.23178e+11|4.14657e+09|2.47264e+08|2.63574e+12|1.06991e+11|1.15705e+12|4.88834e+11|4.42443e+12|1.81012e+09|1.77292e+13|4.07889e+08|5.06847e+11,0.000494453|0.000787814|3.25754e-05|1.2987e-05|5.21063e-05|0.000261527|0.000223952|0.000266735|2.04325e-05|1.86087e-05|0.000173612|4.06274e-05|1.47667e-05|6.01341e-05|8.79758e-05|0.000116235|0.000182949|0.000140889|0.000412952|0.00024651|4.789e-05|0.000125062|1.54283e-05|0.000185382,0.000316017|0.00788063|0.000181646|0.000286765|0.000368678|0.000768065|0.00843573|0.00874893|0.000338175|0.000175452|0.00271581|0.000128431|0.00549128|0.00268841|0.000493531|0.00126856|0.00274771|0.000270551|0.00138752|0.00308746|0.00655588|0.00231296|0.00907722|0.00344885,0.0109342|0.0476737|0.0426128|0.0377902|0.0108696|0.0201979|0.0370095|0.0248478|0.0354515|0.015405|0.0328142|0.00843704|0.0334079|0.0249103|0.00783732|0.0100727|0.0207315|0.0276207|0.00215298|0.0211034|0.00398508|0.0255931|0.00638914|0.0365406,0.000178506|0.00335145|0.049061|0.0195364|0.0181411|0.0291803|0.00589983|0.0481122|0.0266209|0.038157|0.0437642|0.0314938|0.00844474|0.033399|0.0327962|0.0107197|0.0378122|0.0210615|0.0375959|0.0151027|0.0178703|0.00291922|0.0483596|0.0130093,0.973537|0.954869|0.906626|0.951762|0.923215|0.941018|0.984554|0.911658|0.940474|0.947801|0.983348|0.908585|0.927525|0.920308|0.960936|0.903245|0.910795|0.904866|0.952159|0.943878|0.972158|0.962742|0.910708|0.98883,4.63983|5.26639|0.762282|0.85792|4.79469|1.39448|5.26958|3.70937|4.91715|4.11052|1.93323|3.37071|1.22009|2.50002|0.765875|4.68449|1.89272|4.56594|5.24666|4.82496|5.42296|0.0327787|5.41755|4.04415,79.8117|92.5451|54.7186|58.7029|86.2435|67.5745|56.905|90.6886|92.2019|50.003|61.5999|27.8669|12.2677|77.6192|97.0433|11.0615|27.3162|26.2497|91.3525|88.6669|29.3504|37.0378|82.9474,0.246796|0.191459|0.208433|0.201188|0.182991|0.2055|0.185169|0.194345|0.231254|0.1911|0.220389|0.169326|0.248162|0.243521|0.211509|0.214255|0.231681|0.244194|0.243038|0.215598|0.179657|0.191256|0.24308,0.338018|0.161307|0.448351|0.666395|0.182796|0.968257|0.476138|0.45102|0.604504|0.161388|0.549818|0.414082|0.812759|0.14346|0.758395|0.692153|0.750497|0.307851|0.658826|0.123891|0.887943|0.182586|0.624607,0.869523,0.801463,0.117836,0.0993652,0.460468,0.534015,0.0732846,0.487967,0.198257,0.921169,51.6436,5.43263e-12,47756,0.887486,41.1981,1.06086e-12,38445,0.895553,0.876428,0.0878307,0.631141,0.996144,0.511517,0.22039,0.459803,0.228135,0.891603,87.9902,7.64954e-10,30733,0.967162,70.4477,9.04596e-11,52512
24,858,n1->n99->n98->n57->n74->n76->n86->n87->n88->n89->n20->n19->n17->n68->n66->n32->n31->n29->n15->n13->n14->n96->n94->n51,5.37021e+09|1.57108e+10|1.8266e+13|4.14288e+09|5.8385e+13|4.21804e+13|3.85304e+10|7.3435e+12|9.00567e+12|2.68119e+11|4.0293e+11|2.47533e+11|1.51096e+11|1.31753e+09|1.10072e+10|1.78367e+12|4.79342e+12|3.6336e+13|8.77071e+11|6.60497e+13|3.70261e+10|2.51165e+12|1.36531e+10|7.46708e+11,8.19724e+08|4.21389e+09|5.99087e+12|2.05006e+09|7.35096e+12|1.15782e+13|4.69095e+09|2.79916e+12|8.66002e+12|9.23423e+10|1.89646e+11|2.33399e+11|1.57582e+10|3.10679e+08|8.7665e+09|1.05491e+12|4.42443e+12|1.77292e+13|1.06991e+11|8.87204e+12|1.44234e+10|5.36324e+11|1.67171e+09|5.06847e+11,0.000494453|0.00089026|0.000410965|0.000173612|0.000875739|1.88608e-05|6.21631e-05|0.000634307|6.2721e-05|3.55201e-05|5.21063e-05|0.000261527|0.000261059|0.000223952|0.000237659|0.000179959|0.00024651|0.000125062|0.000182949|0.000787814|3.25754e-05|1.2987e-05|2.95455e-05|0.000185382,0.000316017|0.000350126|0.000548485|0.00271581|0.00944671|0.00214239|0.00341054|0.00151267|0.000480267|0.000111435|0.000368678|0.000768065|0.000513001|0.00843573|0.000470269|0.00292552|0.00308746|0.00231296|0.00274771|0.00788063|0.000181646|0.000286765|0.000125263|0.00344885,0.0109342|0.0362414|0.0295222|0.0328142|0.0280357|0.00156873|0.0237043|0.0186268|0.00850464|0.0107812|0.0108696|0.0201979|0.0430027|0.0370095|0.0203827|0.00778345|0.0211034|0.0255931|0.0207315|0.0476737|0.0426128|0.0377902|0.00830448|0.0365406,0.000178506|0.0472365|0.0297366|0.0437642|0.0166219|0.0470058|0.0488574|0.00979507|0.0237676|0.0401575|0.0181411|0.0291803|0.00442808|0.00589983|0.0146278|0.0161829|0.0151027|0.00291922|0.0378122|0.00335145|0.049061|0.0195364|0.0293842|0.0130093,0.973537|0.953794|0.959539|0.983348|0.90082|0.989289|0.981332|0.977244|0.962132|0.926416|0.923215|0.941018|0.974312|0.984554|0.978907|0.953313|0.943878|0.962742|0.910795|0.954869|0.906626|0.951762|0.927471|0.98883,4.63983|3.07459|2.95405|1.93323|0.0974208|0.578949|4.96971|2.33192|1.9653|0.0868458|4.79469|1.39448|5.11322|5.26958|3.10364|0.10397|4.82496|0.0327787|1.89272|5.26639|0.762282|0.85792|5.03384|4.04415,66.2586|58.4557|98.2355|95.6836|53.1277|37.5994|88.9922|57.0974|92.4072|18.2346|86.2435|10.3361|23.9015|70.8824|27.3217|86.0567|70.4589|32.2763|66.6304|92.5451|54.7186|71.0086|11.2844,0.180129|0.227784|0.190047|0.169856|0.181342|0.17745|0.246364|0.227675|0.203687|0.231355|0.182991|0.172286|0.236806|0.16183|0.199785|0.16799|0.246199|0.240047|0.179788|0.191459|0.208433|0.230021|0.200895,0.323551|0.686264|0.757428|0.815246|0.519715|0.871942|0.83582|0.396625|0.876618|0.595303|0.182796|0.559133|0.2818|0.215539|0.769012|0.799966|0.415176|0.895675|0.275394|0.161307|0.448351|0.131268|0.836539,0.869523,0.801463,0.117836,0.0993652,0.460468,0.534015,0.0732846,0.487967,0.198257,0.921169,51.6436,5.43263e-12,47756,0.887486,41.1981,1.06086e-12,38445,0.895553,0.876428,0.0878307,0.631141,0.996144,0.511517,0.22039,0.459803,0.228135,0.891603,87.9902,7.64954e-10,30733,0.967162,70.4477,9.04596e-11,52512
24,859,n1->n99->n98->n57->n83->n81->n79->n63->n15->n34->n36->n38->n37->n39->n41->n44->n43->n45->n47->n49->n64->n62->n61->n51,5.37021e+09|1.57108e+10|1.8266e+13|4.14288e+09|3.76373e+13|2.58887e+10|1.47019e+10|6.55204e+12|8.77071e+11|4.7313e+12|7.73972e+11|1.16426e+13|2.79748e+13|3.34792e+13|3.95737e+11|5.26537e+13|1.40931e+10|8.38488e+13|4.74236e+11|2.45005e+09|4.21034e+09|2.37342e+11|6.44979e+11|7.46708e+11,8.19724e+08|4.21389e+09|5.99087e+12|2.05006e+09|2.34723e+13|8.36206e+09|4.87652e+09|2.63574e+12|1.06991e+11|1.15705e+12|7.77593e+10|1.19258e+12|4.96975e+12|1.12013e+13|1.47899e+11|2.86817e+13|3.26577e+09|1.01787e+13|1.54765e+11|2.44458e+09|1.60867e+09|1.13053e+11|1.30372e+11|5.06847e+11,0.000494453|0.00089026|0.000410965|0.000173612|1.86087e-05|0.000268232|0.000133131|0.000116235|0.000182949|0.000140889|0.000426407|1.04425e-05|1.06248e-05|5.53896e-05|2.35935e-05|0.000124649|0.000955168|1.67225e-05|0.000202873|1.07426e-05|1.88732e-05|8.24006e-05|3.71253e-05|0.000185382,0.000316017|0.000350126|0.000548485|0.00271581|0.000175452|0.000752991|0.000479664|0.00126856|0.00274771|0.000270551|0.00396778|0.00950649|0.000261291|0.0025393|0.00412419|0.00158999|0.00344494|0.000742576|0.000266598|0.000979027|0.000135861|0.00794111|0.00313588|0.00344885,0.0109342|0.0362414|0.0295222|0.0328142|0.015405|0.0481357|0.0252961|0.0100727|0.0207315|0.0276207|0.00497013|0.0263713|0.0457563|0.00111942|0.00451081|0.0486405|0.0168583|0.00846218|0.00898217|0.0183567|0.0266797|0.0242596|0.0266048|0.0365406,0.000178506|0.0472365|0.0297366|0.0437642|0.038157|0.00997263|0.0203026|0.0107197|0.0378122|0.0210615|0.0341912|0.00318517|0.0105712|0.0449458|0.00491436|0.00764508|0.0482719|0.0342415|0.0488958|0.0388066|0.0436548|0.0480911|0.0179693|0.0130093,0.973537|0.953794|0.959539|0.983348|0.947801|0.948836|0.966262|0.903245|0.910795|0.904866|0.94998|0.902547|0.964079|0.924329|0.923722|0.932977|0.943219|0.934264|0.9108|0.969899|0.933821|0.98053|0.958619|0.98883,4.63983|3.07459|2.95405|1.93323|4.11052|1.5908|3.41737|4.68449|1.89272|4.56594|3.70656|5.09423|4.96174|1.19952|4.11092|2.64532|2.3897|5.31688|6.27947|3.94615|5.77568|5.59786|2.63855|4.04415,66.2586|58.4557|98.2355|50.003|78.7627|26.55|16.1844|11.0615|27.3162|89.5651|61.2725|46.986|31.554|38.9947|12.7315|69.1985|48.5398|40.979|91.8261|77.768|93.0484|89.0369|66.5616,0.180129|0.227784|0.190047|0.1911|0.170031|0.238834|0.22961|0.214255|0.231681|0.241996|0.204351|0.170599|0.195005|0.18226|0.246433|0.210513|0.218428|0.216949|0.228404|0.165457|0.176232|0.198053|0.171721,0.323551|0.686264|0.757428|0.161388|0.530775|0.957633|0.217843|0.692153|0.750497|0.265381|0.413834|0.662799|0.711047|0.988985|0.665882|0.374145|0.854577|0.317946|0.133861|0.348083|0.182879|0.704733|0.235817,0.869523,0.801463,0.117836,0.0993652,0.460468,0.534015,0.0732846,0.487967,0.198257,0.921169,51.6436,5.43263e-12,47756,0.887486,41.1981,1.06086e-12,38445,0.895553,0.876428,0.0878307,0.631141,0.996144,0.511517,0.22039,0.459803,0.228135,0.891603,87.9902,7.64954e-10,30733,0.967162,70.4477,9.04596e-11,52512
24,860,n1->n99->n98->n57->n83->n85->n65->n5->n3->n69->n70->n87->n86->n76->n74->n75->n4->n2->n100->n90->n59->n60->n50->n51,5.37021e+09|1.57108e+10|1.8266e+13|4.14288e+09|3.76373e+13|2.02447e+09|1.12599e+09|2.91995e+11|2.78751e+13|8.81277e+09|6.87309e+13|7.3435e+12|3.85304e+10|4.21804e+13|5.8385e+13|8.71921e+10|7.07339e+12|5.94248e+10|4.01966e+09|1.33273e+11|3.04563e+11|8.79841e+13|2.36425e+09|7.46708e+11,8.19724e+08|4.21389e+09|5.99087e+12|2.05006e+09|2.34723e+13|2.41326e+08|3.2906e+08|4.67133e+10|1.44762e+13|7.57626e+09|9.78332e+12|2.79916e+12|4.69095e+09|1.15782e+13|7.35096e+12|5.29113e+10|2.43435e+12|3.74975e+10|2.27749e+09|6.41526e+10|3.06423e+10|5.95756e+13|4.07889e+08|5.06847e+11,0.000494453|0.00089026|0.000410965|0.000173612|1.86087e-05|2.04325e-05|1.96575e-05|7.03031e-05|0.00022361|0.000268039|5.13815e-05|0.000634307|6.21631e-05|1.88608e-05|0.000875739|0.000766915|0.000113681|1.10648e-05|0.000665246|0.000319756|2.43107e-05|0.000731749|1.54283e-05|0.000185382,0.000316017|0.000350126|0.000548485|0.00271581|0.000175452|0.000338175|0.000428116|0.000196916|0.00776667|0.00367819|0.00295865|0.00151267|0.00341054|0.00214239|0.00944671|0.000203965|0.00198341|0.00120557|0.00914892|0.000672662|0.000202742|0.000248463|0.00907722|0.00344885,0.0109342|0.0362414|0.0295222|0.0328142|0.015405|0.0354515|0.00118659|0.00731162|0.0268705|0.022957|0.0286141|0.0186268|0.0237043|0.00156873|0.0280357|0.0243876|0.0350273|0.00369149|0.0100829|0.0285929|0.00304046|0.0128442|0.00638914|0.0365406,0.000178506|0.0472365|0.0297366|0.0437642|0.038157|0.0266209|0.00176737|0.0421608|0.0326941|0.0100342|0.0216638|0.00979507|0.0488574|0.0470058|0.0166219|0.0250863|0.0273051|0.0127317|0.0460028|0.0372754|0.0474075|0.0431033|0.0483596|0.0130093,0.973537|0.953794|0.959539|0.983348|0.947801|0.940474|0.967717|0.951514|0.982466|0.975915|0.966653|0.977244|0.981332|0.989289|0.90082|0.936129|0.917619|0.968894|0.935175|0.984478|0.99171|0.945549|0.910708|0.98883,4.63983|3.07459|2.95405|1.93323|4.11052|4.91715|4.1126|4.90362|4.79844|2.99986|4.60778|2.33192|4.96971|0.578949|0.0974208|3.39264|1.56082|4.74216|3.89025|4.02061|5.60303|4.50487|5.41755|4.04415,66.2586|58.4557|98.2355|50.003|92.2019|82.5435|35.0583|10.4739|83.9106|74.5377|39.9413|88.9922|37.5994|53.1277|64.3401|81.7362|30.2686|37.015|32.7492|62.2588|76.8491|22.3088|82.9474,0.180129|0.227784|0.190047|0.1911|0.231254|0.20461|0.209201|0.163561|0.204476|0.172691|0.180359|0.246364|0.17745|0.181342|0.220369|0.218556|0.239023|0.17211|0.191207|0.169222|0.204072|0.190841|0.24308,0.323551|0.686264|0.757428|0.161388|0.604504|0.519435|0.297185|0.469027|0.65353|0.416585|0.129355|0.83582|0.871942|0.519715|0.119032|0.847503|0.514427|0.315214|0.878161|0.361153|0.509755|0.323935|0.624607,0.869523,0.801463,0.117836,0.0993652,0.460468,0.534015,0.0732846,0.487967,0.198257,0.921169,51.6436,5.43263e-12,47756,0.887486,41.1981,1.06086e-12,38445,0.895553,0.876428,0.0878307,0.631141,0.996144,0.511517,0.22039,0.459803,0.228135,0.891603,87.9902,7.64954e-10,30733,0.967162,70.4477,9.04596e-11,52512
24,861,n1->n20->n21->n67->n38->n37->n65->n5->n3->n69->n70->n72->n45->n43->n41->n39->n10->n73->n71->n75->n14->n96->n94->n51,5.37021e+09|4.0293e+11|1.56161e+12|4.7483e+09|1.16426e+13|2.79748e+13|1.12599e+09|2.91995e+11|2.78751e+13|8.81277e+09|6.87309e+13|6.83442e+09|8.38488e+13|1.40931e+10|3.95737e+11|3.34792e+13|2.49624e+09|1.41706e+11|7.70008e+11|8.71921e+10|3.70261e+10|2.51165e+12|1.36531e+10|7.46708e+11,8.19724e+08|1.89646e+11|3.02345e+11|7.5553e+08|1.19258e+12|4.96975e+12|3.2906e+08|4.67133e+10|1.44762e+13|7.57626e+09|9.78332e+12|1.48353e+09|1.01787e+13|3.26577e+09|1.47899e+11|1.12013e+13|7.32581e+08|5.76853e+10|1.60546e+11|5.29113e+10|1.44234e+10|5.36324e+11|1.67171e+09|5.06847e+11,0.000494453|5.21063e-05|0.00096308|3.91885e-05|1.04425e-05|1.06248e-05|1.96575e-05|7.03031e-05|0.00022361|0.000268039|5.13815e-05|0.000159499|1.67225e-05|0.000955168|2.35935e-05|5.53896e-05|6.27016e-05|6.32916e-05|0.00017279|0.000766915|3.25754e-05|1.2987e-05|2.95455e-05|0.000185382,0.000316017|0.000368678|0.00195589|0.000640186|0.00950649|0.000261291|0.000428116|0.000196916|0.00776667|0.00367819|0.00295865|0.00384342|0.000742576|0.00344494|0.00412419|0.0025393|0.00113469|0.000807753|0.00123164|0.000203965|0.000181646|0.000286765|0.000125263|0.00344885,0.0109342|0.0108696|0.00712365|0.029632|0.0263713|0.0457563|0.00118659|0.00731162|0.0268705|0.022957|0.0286141|0.0479977|0.00846218|0.0168583|0.00451081|0.00111942|0.00597815|0.0455502|0.0398828|0.0243876|0.0426128|0.0377902|0.00830448|0.0365406,0.000178506|0.0181411|0.0414669|0.0482082|0.00318517|0.0105712|0.00176737|0.0421608|0.0326941|0.0100342|0.0216638|0.0299903|0.0342415|0.0482719|0.00491436|0.0449458|0.0245713|0.028193|0.0326729|0.0250863|0.049061|0.0195364|0.0293842|0.0130093,0.973537|0.923215|0.971602|0.924883|0.902547|0.964079|0.967717|0.951514|0.982466|0.975915|0.966653|0.96924|0.934264|0.943219|0.923722|0.924329|0.962416|0.909539|0.947193|0.936129|0.906626|0.951762|0.927471|0.98883,4.63983|4.79469|3.14177|2.06342|5.09423|4.96174|4.1126|4.90362|4.79844|2.99986|4.60778|3.90463|5.31688|2.3897|4.11092|1.19952|1.97158|3.29092|0.117525|3.39264|0.762282|0.85792|5.03384|4.04415,90.7492|76.7594|42.5138|59.2872|46.986|13.4252|35.0583|10.4739|83.9106|74.5377|97.4405|63.1262|48.5398|43.4967|38.9947|24.4191|29.3778|28.2621|14.5634|56.2706|54.7186|71.0086|11.2844,0.215706|0.218425|0.197352|0.200548|0.170599|0.230756|0.209201|0.163561|0.204476|0.172691|0.180102|0.243732|0.218428|0.160247|0.18226|0.239532|0.202302|0.242769|0.169453|0.226178|0.208433|0.230021|0.200895,0.53635|0.515127|0.602799|0.127053|0.662799|0.986996|0.297185|0.469027|0.65353|0.416585|0.79408|0.65643|0.854577|0.922117|0.988985|0.991722|0.747283|0.940077|0.275247|0.725021|0.448351|0.131268|0.836539,0.869523,0.801463,0.117836,0.0993652,0.460468,0.534015,0.0732846,0.487967,0.198257,0.921169,51.6436,5.43263e-12,47756,0.887486,41.1981,1.06086e-12,38445,0.895553,0.876428,0.0878307,0.631141,0.996144,0.511517,0.22039,0.459803,0.228135,0.891603,87.9902,7.64954e-10,30733,0.967162,70.4477,9.04596e-11,52512
24,862,n1->n99->n77->n72->n71->n24->n23->n21->n20->n19->n18->n70->n69->n28->n29->n50->n60->n59->n90->n56->n54->n53->n52->n51,5.37021e+09|1.57108e+10|5.68112e+11|6.83442e+09|7.70008e+11|1.59557e+13|4.63033e+10|1.56161e+12|4.0293e+11|2.47533e+11|7.59179e+12|6.87309e+13|8.81277e+09|1.34247e+11|3.6336e+13|2.36425e+09|8.79841e+13|3.04563e+11|1.33273e+11|1.1605e+12|2.80961e+11|4.60474e+10|1.02428e+10|7.46708e+11,8.19724e+08|4.21389e+09|3.56307e+11|1.48353e+09|1.60546e+11|4.06569e+12|3.30225e+10|3.02345e+11|1.89646e+11|2.33399e+11|4.11836e+12|9.78332e+12|7.57626e+09|1.51805e+10|1.77292e+13|4.07889e+08|5.95756e+13|3.06423e+10|6.41526e+10|5.65456e+11|2.23178e+11|3.18273e+10|2.07235e+09|5.06847e+11,0.000494453|0.00089026|8.49487e-05|0.000159499|0.00017279|0.000193265|0.000277161|0.00096308|5.21063e-05|0.000261527|2.98936e-05|5.13815e-05|0.000268039|0.00056516|0.000125062|1.54283e-05|0.000731749|2.43107e-05|0.000319756|1.7812e-05|1.47667e-05|2.00633e-05|0.00011644|0.000185382,0.000316017|0.000350126|0.000906866|0.00384342|0.00123164|0.0012727|0.00418014|0.00195589|0.000368678|0.000768065|0.000681499|0.00295865|0.00367819|0.0093172|0.00231296|0.00907722|0.000248463|0.000202742|0.000672662|0.000830638|0.00549128|0.000509085|0.00580301|0.00344885,0.0109342|0.0362414|0.04851|0.0479977|0.0398828|0.0433038|0.00314906|0.00712365|0.0108696|0.0201979|0.0192976|0.0286141|0.022957|0.0317261|0.0255931|0.00638914|0.0128442|0.00304046|0.0285929|0.0231698|0.0334079|5.21659e-05|0.0398377|0.0365406,0.000178506|0.0472365|0.0115254|0.0299903|0.0326729|0.00780618|0.0470385|0.0414669|0.0181411|0.0291803|0.0120519|0.0216638|0.0100342|0.03841|0.00291922|0.0483596|0.0431033|0.0474075|0.0372754|0.0417641|0.00844474|0.00115664|0.0151024|0.0130093,0.973537|0.953794|0.949999|0.96924|0.947193|0.90929|0.92176|0.971602|0.923215|0.941018|0.946711|0.966653|0.975915|0.948072|0.962742|0.910708|0.945549|0.99171|0.984478|0.944528|0.927525|0.913872|0.965406|0.98883,4.63983|3.07459|0.722366|3.90463|0.117525|3.9732|2.08786|3.14177|4.79469|1.39448|4.38273|4.60778|2.99986|1.48687|0.0327787|5.41755|4.50487|5.60303|4.02061|2.55597|1.22009|0.640024|0.0104102|4.04415,66.2586|96.5216|92.3918|45.8448|44.1502|44.8869|88.4205|76.7594|86.2435|34.0839|55.8812|74.5377|97.1045|18.7034|37.0378|22.3088|76.8491|62.2588|40.6061|42.6814|75.3264|81.3721|83.3731,0.180129|0.241387|0.167022|0.218487|0.204574|0.161116|0.232237|0.218425|0.182991|0.248409|0.234874|0.172691|0.207556|0.249902|0.191256|0.190841|0.204072|0.169222|0.166746|0.167734|0.191357|0.184589|0.197114,0.323551|0.664018|0.776051|0.29317|0.45026|0.528582|0.516177|0.515127|0.182796|0.983209|0.16843|0.416585|0.438091|0.259002|0.182586|0.323935|0.509755|0.361153|0.163177|0.927159|0.567841|0.272111|0.942894,0.869523,0.801463,0.117836,0.0993652,0.460468,0.534015,0.0732846,0.487967,0.198257,0.921169,51.6436,5.43263e-12,47756,0.887486,41.1981,1.06086e-12,38445,0.895553,0.876428,0.0878307,0.631141,0.996144,0.511517,0.22039,0.459803,0.228135,0.891603,87.9902,7.64954e-10,30733,0.967162,70.4477,9.04596e-11,52512
24,863,n1->n20->n19->n18->n17->n68->n66->n32->n34->n36->n38->n37->n65->n52->n27->n29->n30->n31->n33->n84->n82->n63->n61->n51,5.37021e+09|4.0293e+11|2.47533e+11|7.59179e+12|1.51096e+11|1.31753e+09|1.10072e+10|1.78367e+12|4.7313e+12|7.73972e+11|1.16426e+13|2.79748e+13|1.12599e+09|1.02428e+10|4.19351e+12|3.6336e+13|1.26395e+10|4.79342e+12|3.64323e+13|1.07392e+09|1.07979e+13|6.55204e+12|6.44979e+11|7.46708e+11,8.19724e+08|1.89646e+11|2.33399e+11|4.11836e+12|1.57582e+10|3.10679e+08|8.7665e+09|1.05491e+12|1.15705e+12|7.77593e+10|1.19258e+12|4.96975e+12|3.2906e+08|2.07235e+09|8.73344e+11|1.77292e+13|1.81012e+09|4.42443e+12|6.32377e+12|9.00899e+08|1.66379e+12|2.63574e+12|1.30372e+11|5.06847e+11,0.000494453|5.21063e-05|0.000261527|2.98936e-05|0.000261059|0.000223952|0.000237659|0.000179959|0.000140889|0.000426407|1.04425e-05|1.06248e-05|1.96575e-05|0.00011644|1.08528e-05|0.000125062|4.789e-05|0.00024651|1.50316e-05|2.14473e-05|0.000837919|0.000116235|3.71253e-05|0.000185382,0.000316017|0.000368678|0.000768065|0.000681499|0.000513001|0.00843573|0.000470269|0.00292552|0.000270551|0.00396778|0.00950649|0.000261291|0.000428116|0.00580301|0.00262605|0.00231296|0.00655588|0.00308746|0.00213059|0.000434313|0.00271152|0.00126856|0.00313588|0.00344885,0.0109342|0.0108696|0.0201979|0.0192976|0.0430027|0.0370095|0.0203827|0.00778345|0.0276207|0.00497013|0.0263713|0.0457563|0.00118659|0.0398377|0.0303206|0.0255931|0.00398508|0.0211034|0.00968695|0.0473575|0.0278433|0.0100727|0.0266048|0.0365406,0.000178506|0.0181411|0.0291803|0.0120519|0.00442808|0.00589983|0.0146278|0.0161829|0.0210615|0.0341912|0.00318517|0.0105712|0.00176737|0.0151024|0.0230682|0.00291922|0.0178703|0.0151027|0.0280967|0.0366447|0.0266174|0.0107197|0.0179693|0.0130093,0.973537|0.923215|0.941018|0.946711|0.974312|0.984554|0.978907|0.953313|0.904866|0.94998|0.902547|0.964079|0.967717|0.965406|0.985376|0.962742|0.972158|0.943878|0.923653|0.948551|0.934435|0.903245|0.958619|0.98883,4.63983|4.79469|1.39448|4.38273|5.11322|5.26958|3.10364|0.10397|4.56594|3.70656|5.09423|4.96174|4.1126|0.0104102|4.5695|0.0327787|5.42296|4.82496|1.04264|5.42186|0.132111|4.68449|2.63855|4.04415,90.7492|86.2435|34.0839|43.2583|23.9015|70.8824|27.3217|23.0914|89.5651|61.2725|46.986|13.4252|56.1703|46.2248|49.6282|29.3504|88.6669|95.0453|59.7094|83.37|48.6997|47.0482|66.5616,0.215706|0.182991|0.248409|0.218822|0.236806|0.16183|0.199785|0.18593|0.241996|0.204351|0.170599|0.230756|0.247907|0.183493|0.180772|0.179657|0.215598|0.234751|0.183728|0.203763|0.175742|0.167884|0.171721,0.53635|0.182796|0.983209|0.981182|0.2818|0.215539|0.769012|0.12287|0.265381|0.413834|0.662799|0.986996|0.827328|0.657987|0.511755|0.887943|0.123891|0.258586|0.218166|0.808712|0.4301|0.410418|0.235817,0.869523,0.801463,0.117836,0.0993652,0.460468,0.534015,0.0732846,0.487967,0.198257,0.921169,51.6436,5.43263e-12,47756,0.887486,41.1981,1.06086e-12,38445,0.895553,0.876428,0.0878307,0.631141,0.996144,0.511517,0.22039,0.459803,0.228135,0.891603,87.9902,7.64954e-10,30733,0.967162,70.4477,9.04596e-11,52512
24,864,n1->n20->n96->n94->n92->n93->n95->n82->n80->n81->n79->n63->n10->n9->n11->n13->n14->n12->n8->n7->n5->n65->n52->n51,5.37021e+09|4.0293e+11|2.51165e+12|1.36531e+10|1.97334e+09|4.22601e+13|1.05601e+11|1.07979e+13|2.45686e+13|2.58887e+10|1.47019e+10|6.55204e+12|2.49624e+09|1.49139e+12|1.78735e+12|6.60497e+13|3.70261e+10|9.70597e+10|4.61239e+13|3.81012e+11|2.91995e+11|1.12599e+09|1.02428e+10|7.46708e+11,8.19724e+08|1.89646e+11|5.36324e+11|1.67171e+09|1.46451e+09|1.3774e+13|5.46554e+10|1.66379e+12|2.75437e+12|8.36206e+09|4.87652e+09|2.63574e+12|7.32581e+08|3.79906e+11|3.29521e+11|8.87204e+12|1.44234e+10|2.76143e+10|1.04208e+13|6.70334e+10|4.67133e+10|3.2906e+08|2.07235e+09|5.06847e+11,0.000494453|5.21063e-05|1.2987e-05|2.95455e-05|2.75832e-05|8.45967e-05|0.000260968|0.000837919|1.13052e-05|0.000268232|0.000133131|0.000116235|6.27016e-05|1.80008e-05|5.47786e-05|0.000787814|3.25754e-05|0.000201974|6.6054e-05|0.000475679|7.03031e-05|1.96575e-05|0.00011644|0.000185382,0.000316017|0.000368678|0.000286765|0.000125263|0.0052688|0.000162335|0.000186877|0.00271152|0.000238286|0.000752991|0.000479664|0.00126856|0.00113469|0.00065196|0.00652494|0.00788063|0.000181646|0.0016732|0.00522046|0.00104538|0.000196916|0.000428116|0.00580301|0.00344885,0.0109342|0.0108696|0.0377902|0.00830448|0.0444618|0.0108045|0.00282907|0.0278433|0.00592883|0.0481357|0.0252961|0.0100727|0.00597815|0.0140743|0.00125292|0.0476737|0.0426128|0.0313381|0.0318744|0.01754|0.00731162|0.00118659|0.0398377|0.0365406,0.000178506|0.0181411|0.0195364|0.0293842|0.0387741|0.0326183|0.0420997|0.0266174|0.0262948|0.00997263|0.0203026|0.0107197|0.0245713|0.033904|0.0136412|0.00335145|0.049061|0.0470205|0.0483133|0.0283975|0.0421608|0.00176737|0.0151024|0.0130093,0.973537|0.923215|0.951762|0.927471|0.987763|0.912097|0.966581|0.934435|0.919013|0.948836|0.966262|0.903245|0.962416|0.963574|0.988894|0.954869|0.906626|0.937315|0.975256|0.963898|0.951514|0.967717|0.965406|0.98883,4.63983|4.79469|0.85792|5.03384|6.03913|5.92115|1.09944|0.132111|0.100836|1.5908|3.41737|4.68449|1.97158|5.88966|0.923897|5.26639|0.762282|3.07758|3.22282|3.51107|4.90362|4.1126|0.0104102|4.04415,90.7492|58.7029|71.0086|13.5087|61.035|24.941|75.699|47.0365|15.5679|26.55|16.1844|65.1286|65.9961|99.0064|13.9548|92.5451|51.9585|81.3396|55.4093|37.2729|35.0583|56.1703|83.3731,0.215706|0.201188|0.230021|0.230182|0.21409|0.237661|0.21275|0.231931|0.212149|0.238834|0.22961|0.203746|0.193896|0.201409|0.189728|0.191459|0.222459|0.186476|0.230451|0.176784|0.209201|0.247907|0.197114,0.53635|0.666395|0.131268|0.731663|0.722832|0.985064|0.837867|0.796307|0.870283|0.957633|0.217843|0.514129|0.982181|0.439638|0.801183|0.161307|0.326911|0.379326|0.745697|0.943162|0.297185|0.827328|0.942894,0.869523,0.801463,0.117836,0.0993652,0.460468,0.534015,0.0732846,0.487967,0.198257,0.921169,51.6436,5.43263e-12,47756,0.887486,41.1981,1.06086e-12,38445,0.895553,0.876428,0.0878307,0.631141,0.996144,0.511517,0.22039,0.459803,0.228135,0.891603,87.9902,7.64954e-10,30733,0.967162,70.4477,9.04596e-11,52512
24,865,n1->n13->n12->n8->n7->n5->n3->n69->n28->n27->n97->n99->n98->n57->n74->n22->n21->n23->n83->n84->n33->n31->n29->n50->n51,5.37021e+09|6.60497e+13|9.70597e+10|4.61239e+13|3.81012e+11|2.91995e+11|2.78751e+13|8.81277e+09|1.34247e+11|4.19351e+12|2.90604e+09|1.57108e+10|1.8266e+13|4.14288e+09|5.8385e+13|1.47e+10|1.56161e+12|4.63033e+10|3.76373e+13|1.07392e+09|3.64323e+13|4.79342e+12|3.6336e+13|2.36425e+09|7.46708e+11,8.19724e+08|8.87204e+12|2.76143e+10|1.04208e+13|6.70334e+10|4.67133e+10|1.44762e+13|7.57626e+09|1.51805e+10|8.73344e+11|5.04144e+08|4.21389e+09|5.99087e+12|2.05006e+09|7.35096e+12|9.51029e+09|3.02345e+11|3.30225e+10|2.34723e+13|9.00899e+08|6.32377e+12|4.42443e+12|1.77292e+13|4.07889e+08|5.06847e+11,0.000494453|0.000787814|0.000201974|6.6054e-05|0.000475679|7.03031e-05|0.00022361|0.000268039|0.00056516|1.08528e-05|8.81202e-05|0.00089026|0.000410965|0.000173612|0.000875739|1.77434e-05|0.00096308|0.000277161|1.86087e-05|2.14473e-05|1.50316e-05|0.00024651|0.000125062|1.54283e-05|0.000185382,0.000316017|0.00788063|0.0016732|0.00522046|0.00104538|0.000196916|0.00776667|0.00367819|0.0093172|0.00262605|0.00494291|0.000350126|0.000548485|0.00271581|0.00944671|0.0006856|0.00195589|0.00418014|0.000175452|0.000434313|0.00213059|0.00308746|0.00231296|0.00907722|0.00344885,0.0109342|0.0476737|0.0313381|0.0318744|0.01754|0.00731162|0.0268705|0.022957|0.0317261|0.0303206|0.0381696|0.0362414|0.0295222|0.0328142|0.0280357|0.0408661|0.00712365|0.00314906|0.015405|0.0473575|0.00968695|0.0211034|0.0255931|0.00638914|0.0365406,0.000178506|0.00335145|0.0470205|0.0483133|0.0283975|0.0421608|0.0326941|0.0100342|0.03841|0.0230682|0.00800322|0.0472365|0.0297366|0.0437642|0.0166219|0.040072|0.0414669|0.0470385|0.038157|0.0366447|0.0280967|0.0151027|0.00291922|0.0483596|0.0130093,0.973537|0.954869|0.937315|0.975256|0.963898|0.951514|0.982466|0.975915|0.948072|0.985376|0.90679|0.953794|0.959539|0.983348|0.90082|0.95984|0.971602|0.92176|0.947801|0.948551|0.923653|0.943878|0.962742|0.910708|0.98883,4.63983|5.26639|3.07758|3.22282|3.51107|4.90362|4.79844|2.99986|1.48687|4.5695|1.41691|3.07459|2.95405|1.93323|0.0974208|0.048646|3.14177|2.08786|4.11052|5.42186|1.04264|4.82496|0.0327787|5.41755|4.04415,79.8117|56.34|81.3396|55.4093|37.2729|10.4739|83.9106|97.1045|23.5709|31.5608|94.4507|58.4557|98.2355|95.6836|63.8366|55.6995|88.4205|23.518|20.1884|59.7094|95.0453|70.4589|37.0378|82.9474,0.246796|0.206669|0.186476|0.230451|0.176784|0.163561|0.204476|0.207556|0.207151|0.219936|0.168303|0.227784|0.190047|0.169856|0.241428|0.206062|0.232237|0.181099|0.246081|0.183728|0.234751|0.246199|0.191256|0.24308,0.338018|0.285239|0.379326|0.745697|0.943162|0.469027|0.65353|0.438091|0.340196|0.557853|0.263233|0.686264|0.757428|0.815246|0.480684|0.677391|0.516177|0.741177|0.599197|0.218166|0.258586|0.415176|0.182586|0.624607,0.869523,0.801463,0.117836,0.0993652,0.460468,0.534015,0.0732846,0.487967,0.198257,0.921169,51.6436,5.43263e-12,47756,0.887486,41.1981,1.06086e-12,38445,0.895553,0.876428,0.0878307,0.631141,0.996144,0.511517,0.22039,0.459803,0.228135,0.891603,87.9902,7.64954e-10,30733,0.967162,70.4477,9.04596e-11,52512
24,866,n1->n20->n18->n19->n68->n17->n85->n65->n52->n27->n29->n30->n31->n35->n74->n76->n86->n87->n88->n89->n95->n82->n63->n61->n51,5.37021e+09|4.0293e+11|7.59179e+12|2.47533e+11|1.31753e+09|1.51096e+11|2.02447e+09|1.12599e+09|1.02428e+10|4.19351e+12|3.6336e+13|1.26395e+10|4.79342e+12|5.77859e+11|5.8385e+13|4.21804e+13|3.85304e+10|7.3435e+12|9.00567e+12|2.68119e+11|1.05601e+11|1.07979e+13|6.55204e+12|6.44979e+11|7.46708e+11,8.19724e+08|1.89646e+11|4.11836e+12|2.33399e+11|3.10679e+08|1.57582e+10|2.41326e+08|3.2906e+08|2.07235e+09|8.73344e+11|1.77292e+13|1.81012e+09|4.42443e+12|4.88834e+11|7.35096e+12|1.15782e+13|4.69095e+09|2.79916e+12|8.66002e+12|9.23423e+10|5.46554e+10|1.66379e+12|2.63574e+12|1.30372e+11|5.06847e+11,0.000494453|5.21063e-05|2.98936e-05|0.000261527|0.000223952|0.000261059|2.04325e-05|1.96575e-05|0.00011644|1.08528e-05|0.000125062|4.789e-05|0.00024651|0.000412952|0.000875739|1.88608e-05|6.21631e-05|0.000634307|6.2721e-05|3.55201e-05|0.000260968|0.000837919|0.000116235|3.71253e-05|0.000185382,0.000316017|0.000368678|0.000681499|0.000768065|0.00843573|0.000513001|0.000338175|0.000428116|0.00580301|0.00262605|0.00231296|0.00655588|0.00308746|0.00138752|0.00944671|0.00214239|0.00341054|0.00151267|0.000480267|0.000111435|0.000186877|0.00271152|0.00126856|0.00313588|0.00344885,0.0109342|0.0108696|0.0192976|0.0201979|0.0370095|0.0430027|0.0354515|0.00118659|0.0398377|0.0303206|0.0255931|0.00398508|0.0211034|0.00215298|0.0280357|0.00156873|0.0237043|0.0186268|0.00850464|0.0107812|0.00282907|0.0278433|0.0100727|0.0266048|0.0365406,0.000178506|0.0181411|0.0120519|0.0291803|0.00589983|0.00442808|0.0266209|0.00176737|0.0151024|0.0230682|0.00291922|0.0178703|0.0151027|0.0375959|0.0166219|0.0470058|0.0488574|0.00979507|0.0237676|0.0401575|0.0420997|0.0266174|0.0107197|0.0179693|0.0130093,0.973537|0.923215|0.946711|0.941018|0.984554|0.974312|0.940474|0.967717|0.965406|0.985376|0.962742|0.972158|0.943878|0.952159|0.90082|0.989289|0.981332|0.977244|0.962132|0.926416|0.966581|0.934435|0.903245|0.958619|0.98883,4.63983|4.79469|4.38273|1.39448|5.26958|5.11322|4.91715|4.1126|0.0104102|4.5695|0.0327787|5.42296|4.82496|5.24666|0.0974208|0.578949|4.96971|2.33192|1.9653|0.0868458|1.09944|0.132111|4.68449|2.63855|4.04415,90.7492|89.2299|34.0839|67.5745|23.9015|84.7043|82.5435|56.1703|46.2248|49.6282|29.3504|88.6669|91.3525|67.7415|53.1277|37.5994|88.9922|57.0974|92.4072|11.8194|75.699|48.6997|47.0482|66.5616,0.215706|0.247215|0.248409|0.2055|0.236806|0.225161|0.20461|0.247907|0.183493|0.180772|0.179657|0.215598|0.243038|0.161632|0.181342|0.17745|0.246364|0.227675|0.203687|0.168449|0.21275|0.175742|0.167884|0.171721,0.53635|0.652252|0.983209|0.968257|0.2818|0.880608|0.519435|0.827328|0.657987|0.511755|0.887943|0.123891|0.658826|0.301798|0.519715|0.871942|0.83582|0.396625|0.876618|0.776387|0.837867|0.4301|0.410418|0.235817,0.869523,0.801463,0.117836,0.0993652,0.460468,0.534015,0.0732846,0.487967,0.198257,0.921169,51.6436,5.43263e-12,47756,0.887486,41.1981,1.06086e-12,38445,0.895553,0.876428,0.0878307,0.631141,0.996144,0.511517,0.22039,0.459803,0.228135,0.891603,87.9902,7.64954e-10,30733,0.967162,70.4477,9.04596e-11,52512
24,867,n1->n13->n11->n29->n30->n32->n34->n36->n38->n37->n65->n5->n3->n69->n76->n86->n87->n70->n18->n17->n19->n20->n96->n94->n51,5.37021e+09|6.60497e+13|1.78735e+12|3.6336e+13|1.26395e+10|1.78367e+12|4.7313e+12|7.73972e+11|1.16426e+13|2.79748e+13|1.12599e+09|2.91995e+11|2.78751e+13|8.81277e+09|4.21804e+13|3.85304e+10|7.3435e+12|6.87309e+13|7.59179e+12|1.51096e+11|2.47533e+11|4.0293e+11|2.51165e+12|1.36531e+10|7.46708e+11,8.19724e+08|8.87204e+12|3.29521e+11|1.77292e+13|1.81012e+09|1.05491e+12|1.15705e+12|7.77593e+10|1.19258e+12|4.96975e+12|3.2906e+08|4.67133e+10|1.44762e+13|7.57626e+09|1.15782e+13|4.69095e+09|2.79916e+12|9.78332e+12|4.11836e+12|1.57582e+10|2.33399e+11|1.89646e+11|5.36324e+11|1.67171e+09|5.06847e+11,0.000494453|0.000787814|5.47786e-05|0.000125062|4.789e-05|0.000179959|0.000140889|0.000426407|1.04425e-05|1.06248e-05|1.96575e-05|7.03031e-05|0.00022361|0.000268039|1.88608e-05|6.21631e-05|0.000634307|5.13815e-05|2.98936e-05|0.000261059|0.000261527|5.21063e-05|1.2987e-05|2.95455e-05|0.000185382,0.000316017|0.00788063|0.00652494|0.00231296|0.00655588|0.00292552|0.000270551|0.00396778|0.00950649|0.000261291|0.000428116|0.000196916|0.00776667|0.00367819|0.00214239|0.00341054|0.00151267|0.00295865|0.000681499|0.000513001|0.000768065|0.000368678|0.000286765|0.000125263|0.00344885,0.0109342|0.0476737|0.00125292|0.0255931|0.00398508|0.00778345|0.0276207|0.00497013|0.0263713|0.0457563|0.00118659|0.00731162|0.0268705|0.022957|0.00156873|0.0237043|0.0186268|0.0286141|0.0192976|0.0430027|0.0201979|0.0108696|0.0377902|0.00830448|0.0365406,0.000178506|0.00335145|0.0136412|0.00291922|0.0178703|0.0161829|0.0210615|0.0341912|0.00318517|0.0105712|0.00176737|0.0421608|0.0326941|0.0100342|0.0470058|0.0488574|0.00979507|0.0216638|0.0120519|0.00442808|0.0291803|0.0181411|0.0195364|0.0293842|0.0130093,0.973537|0.954869|0.988894|0.962742|0.972158|0.953313|0.904866|0.94998|0.902547|0.964079|0.967717|0.951514|0.982466|0.975915|0.989289|0.981332|0.977244|0.966653|0.946711|0.974312|0.941018|0.923215|0.951762|0.927471|0.98883,4.63983|5.26639|0.923897|0.0327787|5.42296|0.10397|4.56594|3.70656|5.09423|4.96174|4.1126|4.90362|4.79844|2.99986|0.578949|4.96971|2.33192|4.60778|4.38273|5.11322|1.39448|4.79469|0.85792|5.03384|4.04415,79.8117|13.9548|13.2112|29.3504|69.5993|23.0914|89.5651|61.2725|46.986|13.4252|35.0583|10.4739|83.9106|66.666|37.5994|88.9922|39.9413|55.8812|43.2583|10.3361|86.2435|58.7029|71.0086|11.2844,0.246796|0.189728|0.219003|0.179657|0.204659|0.18593|0.241996|0.204351|0.170599|0.230756|0.209201|0.163561|0.204476|0.212271|0.17745|0.246364|0.180359|0.234874|0.218822|0.172286|0.182991|0.201188|0.230021|0.200895,0.338018|0.801183|0.427028|0.887943|0.237533|0.12287|0.265381|0.413834|0.662799|0.986996|0.297185|0.469027|0.65353|0.890059|0.871942|0.83582|0.129355|0.16843|0.981182|0.559133|0.182796|0.666395|0.131268|0.836539,0.869523,0.801463,0.117836,0.0993652,0.460468,0.534015,0.0732846,0.487967,0.198257,0.921169,51.6436,5.43263e-12,47756,0.887486,41.1981,1.06086e-12,38445,0.895553,0.876428,0.0878307,0.631141,0.996144,0.511517,0.22039,0.459803,0.228135,0.891603,87.9902,7.64954e-10,30733,0.967162,70.4477,9.04596e-11,52512
24,868,n1->n99->n98->n57->n83->n23->n21->n20->n18->n70->n87->n88->n89->n90->n59->n50->n60->n62->n61->n63->n15->n29->n27->n52->n51,5.37021e+09|1.57108e+10|1.8266e+13|4.14288e+09|3.76373e+13|4.63033e+10|1.56161e+12|4.0293e+11|7.59179e+12|6.87309e+13|7.3435e+12|9.00567e+12|2.68119e+11|1.33273e+11|3.04563e+11|2.36425e+09|8.79841e+13|2.37342e+11|6.44979e+11|6.55204e+12|8.77071e+11|3.6336e+13|4.19351e+12|1.02428e+10|7.46708e+11,8.19724e+08|4.21389e+09|5.99087e+12|2.05006e+09|2.34723e+13|3.30225e+10|3.02345e+11|1.89646e+11|4.11836e+12|9.78332e+12|2.79916e+12|8.66002e+12|9.23423e+10|6.41526e+10|3.06423e+10|4.07889e+08|5.95756e+13|1.13053e+11|1.30372e+11|2.63574e+12|1.06991e+11|1.77292e+13|8.73344e+11|2.07235e+09|5.06847e+11,0.000494453|0.00089026|0.000410965|0.000173612|1.86087e-05|0.000277161|0.00096308|5.21063e-05|2.98936e-05|5.13815e-05|0.000634307|6.2721e-05|3.55201e-05|0.000319756|2.43107e-05|1.54283e-05|0.000731749|8.24006e-05|3.71253e-05|0.000116235|0.000182949|0.000125062|1.08528e-05|0.00011644|0.000185382,0.000316017|0.000350126|0.000548485|0.00271581|0.000175452|0.00418014|0.00195589|0.000368678|0.000681499|0.00295865|0.00151267|0.000480267|0.000111435|0.000672662|0.000202742|0.00907722|0.000248463|0.00794111|0.00313588|0.00126856|0.00274771|0.00231296|0.00262605|0.00580301|0.00344885,0.0109342|0.0362414|0.0295222|0.0328142|0.015405|0.00314906|0.00712365|0.0108696|0.0192976|0.0286141|0.0186268|0.00850464|0.0107812|0.0285929|0.00304046|0.00638914|0.0128442|0.0242596|0.0266048|0.0100727|0.0207315|0.0255931|0.0303206|0.0398377|0.0365406,0.000178506|0.0472365|0.0297366|0.0437642|0.038157|0.0470385|0.0414669|0.0181411|0.0120519|0.0216638|0.00979507|0.0237676|0.0401575|0.0372754|0.0474075|0.0483596|0.0431033|0.0480911|0.0179693|0.0107197|0.0378122|0.00291922|0.0230682|0.0151024|0.0130093,0.973537|0.953794|0.959539|0.983348|0.947801|0.92176|0.971602|0.923215|0.946711|0.966653|0.977244|0.962132|0.926416|0.984478|0.99171|0.910708|0.945549|0.98053|0.958619|0.903245|0.910795|0.962742|0.985376|0.965406|0.98883,4.63983|3.07459|2.95405|1.93323|4.11052|2.08786|3.14177|4.79469|4.38273|4.60778|2.33192|1.9653|0.0868458|4.02061|5.60303|5.41755|4.50487|5.59786|2.63855|4.68449|1.89272|0.0327787|4.5695|0.0104102|4.04415,66.2586|58.4557|98.2355|50.003|23.518|88.4205|76.7594|89.2299|55.8812|39.9413|57.0974|92.4072|12.726|62.2588|47.7013|22.3088|48.3985|89.0369|47.0482|11.0615|32.2763|49.6282|46.2248|83.3731,0.180129|0.227784|0.190047|0.1911|0.181099|0.232237|0.218425|0.247215|0.234874|0.180359|0.227675|0.203687|0.226099|0.169222|0.170229|0.190841|0.17162|0.198053|0.167884|0.214255|0.240047|0.180772|0.183493|0.197114,0.323551|0.686264|0.757428|0.161388|0.741177|0.516177|0.515127|0.652252|0.16843|0.129355|0.396625|0.876618|0.757755|0.361153|0.776444|0.323935|0.641887|0.704733|0.410418|0.692153|0.895675|0.511755|0.657987|0.942894,0.869523,0.801463,0.117836,0.0993652,0.460468,0.534015,0.0732846,0.487967,0.198257,0.921169,51.6436,5.43263e-12,47756,0.887486,41.1981,1.06086e-12,38445,0.895553,0.876428,0.0878307,0.631141,0.996144,0.511517,0.22039,0.459803,0.228135,0.891603,87.9902,7.64954e-10,30733,0.967162,70.4477,9.04596e-11,52512
24,869,n1->n13->n12->n6->n33->n32->n66->n68->n17->n85->n58->n59->n60->n50->n48->n46->n47->n49->n64->n36->n38->n37->n65->n52->n51,5.37021e+09|6.60497e+13|9.70597e+10|1.14208e+09|3.64323e+13|1.78367e+12|1.10072e+10|1.31753e+09|1.51096e+11|2.02447e+09|8.16696e+09|3.04563e+11|8.79841e+13|2.36425e+09|3.98001e+12|5.53417e+12|4.74236e+11|2.45005e+09|4.21034e+09|7.73972e+11|1.16426e+13|2.79748e+13|1.12599e+09|1.02428e+10|7.46708e+11,8.19724e+08|8.87204e+12|2.76143e+10|2.20459e+08|6.32377e+12|1.05491e+12|8.7665e+09|3.10679e+08|1.57582e+10|2.41326e+08|6.89506e+09|3.06423e+10|5.95756e+13|4.07889e+08|1.69514e+12|1.63629e+12|1.54765e+11|2.44458e+09|1.60867e+09|7.77593e+10|1.19258e+12|4.96975e+12|3.2906e+08|2.07235e+09|5.06847e+11,0.000494453|0.000787814|0.000201974|1.08483e-05|1.50316e-05|0.000179959|0.000237659|0.000223952|0.000261059|2.04325e-05|0.000266735|2.43107e-05|0.000731749|1.54283e-05|4.78153e-05|0.000489732|0.000202873|1.07426e-05|1.88732e-05|0.000426407|1.04425e-05|1.06248e-05|1.96575e-05|0.00011644|0.000185382,0.000316017|0.00788063|0.0016732|0.00010157|0.00213059|0.00292552|0.000470269|0.00843573|0.000513001|0.000338175|0.00874893|0.000202742|0.000248463|0.00907722|0.00544009|0.000159088|0.000266598|0.000979027|0.000135861|0.00396778|0.00950649|0.000261291|0.000428116|0.00580301|0.00344885,0.0109342|0.0476737|0.0313381|0.00160082|0.00968695|0.00778345|0.0203827|0.0370095|0.0430027|0.0354515|0.0248478|0.00304046|0.0128442|0.00638914|0.0455031|0.029055|0.00898217|0.0183567|0.0266797|0.00497013|0.0263713|0.0457563|0.00118659|0.0398377|0.0365406,0.000178506|0.00335145|0.0470205|0.0260762|0.0280967|0.0161829|0.0146278|0.00589983|0.00442808|0.0266209|0.0481122|0.0474075|0.0431033|0.0483596|0.0360942|0.0302566|0.0488958|0.0388066|0.0436548|0.0341912|0.00318517|0.0105712|0.00176737|0.0151024|0.0130093,0.973537|0.954869|0.937315|0.908628|0.923653|0.953313|0.978907|0.984554|0.974312|0.940474|0.911658|0.99171|0.945549|0.910708|0.967439|0.923372|0.9108|0.969899|0.933821|0.94998|0.902547|0.964079|0.967717|0.965406|0.98883,4.63983|5.26639|3.07758|5.01633|1.04264|0.10397|3.10364|5.26958|5.11322|4.91715|3.70937|5.60303|4.50487|5.41755|3.09858|0.31178|6.27947|3.94615|5.77568|3.70656|5.09423|4.96174|4.1126|0.0104102|4.04415,79.8117|56.34|32.9383|50.0569|61.2747|27.3217|70.8824|23.9015|84.7043|90.6886|56.397|76.8491|22.3088|23.5956|41.9872|71.5316|91.8261|77.768|43.8659|61.2725|46.986|13.4252|56.1703|83.3731,0.246796|0.206669|0.230728|0.19306|0.208144|0.199785|0.16183|0.236806|0.225161|0.194345|0.21902|0.204072|0.190841|0.191801|0.178665|0.196056|0.228404|0.165457|0.241695|0.204351|0.170599|0.230756|0.247907|0.197114,0.338018|0.285239|0.628307|0.116472|0.704271|0.769012|0.215539|0.2818|0.880608|0.45102|0.533324|0.509755|0.323935|0.688345|0.182289|0.758317|0.133861|0.348083|0.590576|0.413834|0.662799|0.986996|0.827328|0.942894,0.869523,0.801463,0.117836,0.0993652,0.460468,0.534015,0.0732846,0.487967,0.198257,0.921169,51.6436,5.43263e-12,47756,0.887486,41.1981,1.06086e-12,38445,0.895553,0.876428,0.0878307,0.631141,0.996144,0.511517,0.22039,0.459803,0.228135,0.891603,87.9902,7.64954e-10,30733,0.967162,70.4477,9.04596e-11,52512
24,870,n1->n99->n97->n95->n82->n54->n53->n55->n56->n90->n100->n73->n10->n39->n38->n67->n21->n20->n96->n14->n75->n4->n27->n52->n51,5.37021e+09|1.57108e+10|2.90604e+09|1.05601e+11|1.07979e+13|2.80961e+11|4.60474e+10|8.84081e+12|1.1605e+12|1.33273e+11|4.01966e+09|1.41706e+11|2.49624e+09|3.34792e+13|1.16426e+13|4.7483e+09|1.56161e+12|4.0293e+11|2.51165e+12|3.70261e+10|8.71921e+10|7.07339e+12|4.19351e+12|1.02428e+10|7.46708e+11,8.19724e+08|4.21389e+09|5.04144e+08|5.46554e+10|1.66379e+12|2.23178e+11|3.18273e+10|4.69454e+12|5.65456e+11|6.41526e+10|2.27749e+09|5.76853e+10|7.32581e+08|1.12013e+13|1.19258e+12|7.5553e+08|3.02345e+11|1.89646e+11|5.36324e+11|1.44234e+10|5.29113e+10|2.43435e+12|8.73344e+11|2.07235e+09|5.06847e+11,0.000494453|0.00089026|8.81202e-05|0.000260968|0.000837919|1.47667e-05|2.00633e-05|4.06274e-05|1.7812e-05|0.000319756|0.000665246|6.32916e-05|6.27016e-05|5.53896e-05|1.04425e-05|3.91885e-05|0.00096308|5.21063e-05|1.2987e-05|3.25754e-05|0.000766915|0.000113681|1.08528e-05|0.00011644|0.000185382,0.000316017|0.000350126|0.00494291|0.000186877|0.00271152|0.00549128|0.000509085|0.000128431|0.000830638|0.000672662|0.00914892|0.000807753|0.00113469|0.0025393|0.00950649|0.000640186|0.00195589|0.000368678|0.000286765|0.000181646|0.000203965|0.00198341|0.00262605|0.00580301|0.00344885,0.0109342|0.0362414|0.0381696|0.00282907|0.0278433|0.0334079|5.21659e-05|0.00843704|0.0231698|0.0285929|0.0100829|0.0455502|0.00597815|0.00111942|0.0263713|0.029632|0.00712365|0.0108696|0.0377902|0.0426128|0.0243876|0.0350273|0.0303206|0.0398377|0.0365406,0.000178506|0.0472365|0.00800322|0.0420997|0.0266174|0.00844474|0.00115664|0.0314938|0.0417641|0.0372754|0.0460028|0.028193|0.0245713|0.0449458|0.00318517|0.0482082|0.0414669|0.0181411|0.0195364|0.049061|0.0250863|0.0273051|0.0230682|0.0151024|0.0130093,0.973537|0.953794|0.90679|0.966581|0.934435|0.927525|0.913872|0.908585|0.944528|0.984478|0.935175|0.909539|0.962416|0.924329|0.902547|0.924883|0.971602|0.923215|0.951762|0.906626|0.936129|0.917619|0.985376|0.965406|0.98883,4.63983|3.07459|1.41691|1.09944|0.132111|1.22009|0.640024|3.37071|2.55597|4.02061|3.89025|3.29092|1.97158|1.19952|5.09423|2.06342|3.14177|4.79469|0.85792|0.762282|3.39264|1.56082|4.5695|0.0104102|4.04415,66.2586|94.4507|11.8968|75.699|41.1455|75.3264|30.3781|95.3312|40.6061|32.7492|20.1165|29.3778|24.4191|52.0957|59.2872|42.5138|76.7594|58.7029|54.7186|56.2706|81.7362|52.1141|46.2248|83.3731,0.180129|0.168303|0.228013|0.21275|0.242874|0.191357|0.207992|0.167906|0.166746|0.191207|0.175955|0.202302|0.239532|0.199024|0.200548|0.197352|0.218425|0.201188|0.208433|0.226178|0.218556|0.184605|0.183493|0.197114,0.323551|0.263233|0.342677|0.837867|0.378494|0.567841|0.646488|0.402595|0.163177|0.878161|0.825877|0.747283|0.991722|0.46236|0.127053|0.602799|0.515127|0.666395|0.448351|0.725021|0.847503|0.200735|0.657987|0.942894,0.869523,0.801463,0.117836,0.0993652,0.460468,0.534015,0.0732846,0.487967,0.198257,0.921169,51.6436,5.43263e-12,47756,0.887486,41.1981,1.06086e-12,38445,0.895553,0.876428,0.0878307,0.631141,0.996144,0.511517,0.22039,0.459803,0.228135,0.891603,87.9902,7.64954e-10,30733,0.967162,70.4477,9.04596e-11,52512
24,871,n1->n99->n77->n23->n24->n33->n32->n66->n68->n19->n18->n16->n38->n39->n41->n44->n78->n85->n84->n56->n54->n55->n53->n52->n51,5.37021e+09|1.57108e+10|5.68112e+11|4.63033e+10|1.59557e+13|3.64323e+13|1.78367e+12|1.10072e+10|1.31753e+09|2.47533e+11|7.59179e+12|1.09193e+13|1.16426e+13|3.34792e+13|3.95737e+11|5.26537e+13|3.25238e+10|2.02447e+09|1.07392e+09|1.1605e+12|2.80961e+11|8.84081e+12|4.60474e+10|1.02428e+10|7.46708e+11,8.19724e+08|4.21389e+09|3.56307e+11|3.30225e+10|4.06569e+12|6.32377e+12|1.05491e+12|8.7665e+09|3.10679e+08|2.33399e+11|4.11836e+12|1.33827e+12|1.19258e+12|1.12013e+13|1.47899e+11|2.86817e+13|2.30731e+10|2.41326e+08|9.00899e+08|5.65456e+11|2.23178e+11|4.69454e+12|3.18273e+10|2.07235e+09|5.06847e+11,0.000494453|0.00089026|8.49487e-05|0.000277161|0.000193265|1.50316e-05|0.000179959|0.000237659|0.000223952|0.000261527|2.98936e-05|3.71682e-05|1.04425e-05|5.53896e-05|2.35935e-05|0.000124649|0.000270955|2.04325e-05|2.14473e-05|1.7812e-05|1.47667e-05|4.06274e-05|2.00633e-05|0.00011644|0.000185382,0.000316017|0.000350126|0.000906866|0.00418014|0.0012727|0.00213059|0.00292552|0.000470269|0.00843573|0.000768065|0.000681499|0.00174713|0.00950649|0.0025393|0.00412419|0.00158999|0.00167497|0.000338175|0.000434313|0.000830638|0.00549128|0.000128431|0.000509085|0.00580301|0.00344885,0.0109342|0.0362414|0.04851|0.00314906|0.0433038|0.00968695|0.00778345|0.0203827|0.0370095|0.0201979|0.0192976|0.0123696|0.0263713|0.00111942|0.00451081|0.0486405|0.00569443|0.0354515|0.0473575|0.0231698|0.0334079|0.00843704|5.21659e-05|0.0398377|0.0365406,0.000178506|0.0472365|0.0115254|0.0470385|0.00780618|0.0280967|0.0161829|0.0146278|0.00589983|0.0291803|0.0120519|0.0240438|0.00318517|0.0449458|0.00491436|0.00764508|0.0425349|0.0266209|0.0366447|0.0417641|0.00844474|0.0314938|0.00115664|0.0151024|0.0130093,0.973537|0.953794|0.949999|0.92176|0.90929|0.923653|0.953313|0.978907|0.984554|0.941018|0.946711|0.979533|0.902547|0.924329|0.923722|0.932977|0.92832|0.940474|0.948551|0.944528|0.927525|0.908585|0.913872|0.965406|0.98883,4.63983|3.07459|0.722366|2.08786|3.9732|1.04264|0.10397|3.10364|5.26958|1.39448|4.38273|1.69436|5.09423|1.19952|4.11092|2.64532|3.3614|4.91715|5.42186|2.55597|1.22009|3.37071|0.640024|0.0104102|4.04415,66.2586|96.5216|39.0733|44.8869|98.0873|61.2747|27.3217|70.8824|67.5745|34.0839|72.2829|28.0546|52.0957|38.9947|12.7315|88.5528|67.1704|82.1833|34.4372|42.6814|27.8669|30.3781|81.3721|83.3731,0.180129|0.241387|0.178948|0.161116|0.239791|0.208144|0.199785|0.16183|0.2055|0.248409|0.180241|0.17367|0.199024|0.18226|0.246433|0.200088|0.184721|0.216313|0.222961|0.167734|0.169326|0.207992|0.184589|0.197114,0.323551|0.664018|0.23533|0.528582|0.939209|0.704271|0.769012|0.215539|0.968257|0.983209|0.553025|0.828443|0.46236|0.988985|0.665882|0.134865|0.609732|0.528406|0.762891|0.927159|0.414082|0.646488|0.272111|0.942894,0.869523,0.801463,0.117836,0.0993652,0.460468,0.534015,0.0732846,0.487967,0.198257,0.921169,51.6436,5.43263e-12,47756,0.887486,41.1981,1.06086e-12,38445,0.895553,0.876428,0.0878307,0.631141,0.996144,0.511517,0.22039,0.459803,0.228135,0.891603,87.9902,7.64954e-10,30733,0.967162,70.4477,9.04596e-11,52512
24,872,n1->n13->n14->n75->n4->n27->n25->n26->n24->n23->n21->n20->n19->n17->n85->n84->n33->n31->n32->n66->n68->n58->n59->n50->n51,5.37021e+09|6.60497e+13|3.70261e+10|8.71921e+10|7.07339e+12|4.19351e+12|1.67189e+13|7.09351e+09|1.59557e+13|4.63033e+10|1.56161e+12|4.0293e+11|2.47533e+11|1.51096e+11|2.02447e+09|1.07392e+09|3.64323e+13|4.79342e+12|1.78367e+12|1.10072e+10|1.31753e+09|8.16696e+09|3.04563e+11|2.36425e+09|7.46708e+11,8.19724e+08|8.87204e+12|1.44234e+10|5.29113e+10|2.43435e+12|8.73344e+11|1.40059e+13|1.31666e+09|4.06569e+12|3.30225e+10|3.02345e+11|1.89646e+11|2.33399e+11|1.57582e+10|2.41326e+08|9.00899e+08|6.32377e+12|4.42443e+12|1.05491e+12|8.7665e+09|3.10679e+08|6.89506e+09|3.06423e+10|4.07889e+08|5.06847e+11,0.000494453|0.000787814|3.25754e-05|0.000766915|0.000113681|1.08528e-05|6.30741e-05|3.77967e-05|0.000193265|0.000277161|0.00096308|5.21063e-05|0.000261527|0.000261059|2.04325e-05|2.14473e-05|1.50316e-05|0.00024651|0.000179959|0.000237659|0.000223952|0.000266735|2.43107e-05|1.54283e-05|0.000185382,0.000316017|0.00788063|0.000181646|0.000203965|0.00198341|0.00262605|0.00294926|0.00522178|0.0012727|0.00418014|0.00195589|0.000368678|0.000768065|0.000513001|0.000338175|0.000434313|0.00213059|0.00308746|0.00292552|0.000470269|0.00843573|0.00874893|0.000202742|0.00907722|0.00344885,0.0109342|0.0476737|0.0426128|0.0243876|0.0350273|0.0303206|0.0195393|0.0101688|0.0433038|0.00314906|0.00712365|0.0108696|0.0201979|0.0430027|0.0354515|0.0473575|0.00968695|0.0211034|0.00778345|0.0203827|0.0370095|0.0248478|0.00304046|0.00638914|0.0365406,0.000178506|0.00335145|0.049061|0.0250863|0.0273051|0.0230682|0.0159438|0.0409649|0.00780618|0.0470385|0.0414669|0.0181411|0.0291803|0.00442808|0.0266209|0.0366447|0.0280967|0.0151027|0.0161829|0.0146278|0.00589983|0.0481122|0.0474075|0.0483596|0.0130093,0.973537|0.954869|0.906626|0.936129|0.917619|0.985376|0.9023|0.981638|0.90929|0.92176|0.971602|0.923215|0.941018|0.974312|0.940474|0.948551|0.923653|0.943878|0.953313|0.978907|0.984554|0.911658|0.99171|0.910708|0.98883,4.63983|5.26639|0.762282|3.39264|1.56082|4.5695|1.57149|2.91399|3.9732|2.08786|3.14177|4.79469|1.39448|5.11322|4.91715|5.42186|1.04264|4.82496|0.10397|3.10364|5.26958|3.70937|5.60303|5.41755|4.04415,79.8117|92.5451|56.2706|81.7362|52.1141|64.4551|63.0993|83.4704|44.8869|88.4205|76.7594|86.2435|10.3361|84.7043|82.1833|59.7094|95.0453|86.0567|27.3217|70.8824|56.905|56.397|47.7013|82.9474,0.246796|0.191459|0.226178|0.218556|0.184605|0.242248|0.228799|0.216464|0.161116|0.232237|0.218425|0.182991|0.172286|0.225161|0.216313|0.183728|0.234751|0.16799|0.199785|0.16183|0.185169|0.21902|0.170229|0.24308,0.338018|0.161307|0.725021|0.847503|0.200735|0.837222|0.359402|0.583168|0.528582|0.516177|0.515127|0.182796|0.559133|0.880608|0.528406|0.218166|0.258586|0.799966|0.769012|0.215539|0.476138|0.533324|0.776444|0.624607,0.869523,0.801463,0.117836,0.0993652,0.460468,0.534015,0.0732846,0.487967,0.198257,0.921169,51.6436,5.43263e-12,47756,0.887486,41.1981,1.06086e-12,38445,0.895553,0.876428,0.0878307,0.631141,0.996144,0.511517,0.22039,0.459803,0.228135,0.891603,87.9902,7.64954e-10,30733,0.967162,70.4477,9.04596e-11,52512
24,873,n1->n13->n11->n9->n10->n39->n41->n43->n45->n44->n42->n40->n54->n73->n75->n14->n96->n94->n92->n93->n95->n82->n63->n61->n51,5.37021e+09|6.60497e+13|1.78735e+12|1.49139e+12|2.49624e+09|3.34792e+13|3.95737e+11|1.40931e+10|8.38488e+13|5.26537e+13|2.42905e+09|3.58065e+10|2.80961e+11|1.41706e+11|8.71921e+10|3.70261e+10|2.51165e+12|1.36531e+10|1.97334e+09|4.22601e+13|1.05601e+11|1.07979e+13|6.55204e+12|6.44979e+11|7.46708e+11,8.19724e+08|8.87204e+12|3.29521e+11|3.79906e+11|7.32581e+08|1.12013e+13|1.47899e+11|3.26577e+09|1.01787e+13|2.86817e+13|2.47264e+08|4.14657e+09|2.23178e+11|5.76853e+10|5.29113e+10|1.44234e+10|5.36324e+11|1.67171e+09|1.46451e+09|1.3774e+13|5.46554e+10|1.66379e+12|2.63574e+12|1.30372e+11|5.06847e+11,0.000494453|0.000787814|5.47786e-05|1.80008e-05|6.27016e-05|5.53896e-05|2.35935e-05|0.000955168|1.67225e-05|0.000124649|8.79758e-05|6.01341e-05|1.47667e-05|6.32916e-05|0.000766915|3.25754e-05|1.2987e-05|2.95455e-05|2.75832e-05|8.45967e-05|0.000260968|0.000837919|0.000116235|3.71253e-05|0.000185382,0.000316017|0.00788063|0.00652494|0.00065196|0.00113469|0.0025393|0.00412419|0.00344494|0.000742576|0.00158999|0.000493531|0.00268841|0.00549128|0.000807753|0.000203965|0.000181646|0.000286765|0.000125263|0.0052688|0.000162335|0.000186877|0.00271152|0.00126856|0.00313588|0.00344885,0.0109342|0.0476737|0.00125292|0.0140743|0.00597815|0.00111942|0.00451081|0.0168583|0.00846218|0.0486405|0.00783732|0.0249103|0.0334079|0.0455502|0.0243876|0.0426128|0.0377902|0.00830448|0.0444618|0.0108045|0.00282907|0.0278433|0.0100727|0.0266048|0.0365406,0.000178506|0.00335145|0.0136412|0.033904|0.0245713|0.0449458|0.00491436|0.0482719|0.0342415|0.00764508|0.0327962|0.033399|0.00844474|0.028193|0.0250863|0.049061|0.0195364|0.0293842|0.0387741|0.0326183|0.0420997|0.0266174|0.0107197|0.0179693|0.0130093,0.973537|0.954869|0.988894|0.963574|0.962416|0.924329|0.923722|0.943219|0.934264|0.932977|0.960936|0.920308|0.927525|0.909539|0.936129|0.906626|0.951762|0.927471|0.987763|0.912097|0.966581|0.934435|0.903245|0.958619|0.98883,4.63983|5.26639|0.923897|5.88966|1.97158|1.19952|4.11092|2.3897|5.31688|2.64532|0.765875|2.50002|1.22009|3.29092|3.39264|0.762282|0.85792|5.03384|6.03913|5.92115|1.09944|0.132111|4.68449|2.63855|4.04415,79.8117|13.9548|99.0064|65.9961|24.4191|38.9947|43.4967|48.5398|57.1366|21.0603|77.6192|12.2677|26.1465|85.6152|56.2706|54.7186|71.0086|13.5087|61.035|24.941|75.699|48.6997|47.0482|66.5616,0.246796|0.189728|0.201409|0.193896|0.239532|0.18226|0.160247|0.218428|0.235241|0.23095|0.243521|0.248162|0.196311|0.185893|0.226178|0.208433|0.230021|0.230182|0.21409|0.237661|0.21275|0.175742|0.167884|0.171721,0.338018|0.801183|0.439638|0.982181|0.991722|0.988985|0.922117|0.854577|0.218954|0.399278|0.14346|0.812759|0.754315|0.624191|0.725021|0.448351|0.131268|0.731663|0.722832|0.985064|0.837867|0.4301|0.410418|0.235817,0.869523,0.801463,0.117836,0.0993652,0.460468,0.534015,0.0732846,0.487967,0.198257,0.921169,51.6436,5.43263e-12,47756,0.887486,41.1981,1.06086e-12,38445,0.895553,0.876428,0.0878307,0.631141,0.996144,0.511517,0.22039,0.459803,0.228135,0.891603,87.9902,7.64954e-10,30733,0.967162,70.4477,9.04596e-11,52512
24,874,n1->n13->n11->n29->n31->n33->n24->n26->n47->n49->n64->n65->n52->n27->n28->n69->n76->n75->n4->n2->n100->n90->n59->n50->n51,5.37021e+09|6.60497e+13|1.78735e+12|3.6336e+13|4.79342e+12|3.64323e+13|1.59557e+13|7.09351e+09|4.74236e+11|2.45005e+09|4.21034e+09|1.12599e+09|1.02428e+10|4.19351e+12|1.34247e+11|8.81277e+09|4.21804e+13|8.71921e+10|7.07339e+12|5.94248e+10|4.01966e+09|1.33273e+11|3.04563e+11|2.36425e+09|7.46708e+11,8.19724e+08|8.87204e+12|3.29521e+11|1.77292e+13|4.42443e+12|6.32377e+12|4.06569e+12|1.31666e+09|1.54765e+11|2.44458e+09|1.60867e+09|3.2906e+08|2.07235e+09|8.73344e+11|1.51805e+10|7.57626e+09|1.15782e+13|5.29113e+10|2.43435e+12|3.74975e+10|2.27749e+09|6.41526e+10|3.06423e+10|4.07889e+08|5.06847e+11,0.000494453|0.000787814|5.47786e-05|0.000125062|0.00024651|1.50316e-05|0.000193265|3.77967e-05|0.000202873|1.07426e-05|1.88732e-05|1.96575e-05|0.00011644|1.08528e-05|0.00056516|0.000268039|1.88608e-05|0.000766915|0.000113681|1.10648e-05|0.000665246|0.000319756|2.43107e-05|1.54283e-05|0.000185382,0.000316017|0.00788063|0.00652494|0.00231296|0.00308746|0.00213059|0.0012727|0.00522178|0.000266598|0.000979027|0.000135861|0.000428116|0.00580301|0.00262605|0.0093172|0.00367819|0.00214239|0.000203965|0.00198341|0.00120557|0.00914892|0.000672662|0.000202742|0.00907722|0.00344885,0.0109342|0.0476737|0.00125292|0.0255931|0.0211034|0.00968695|0.0433038|0.0101688|0.00898217|0.0183567|0.0266797|0.00118659|0.0398377|0.0303206|0.0317261|0.022957|0.00156873|0.0243876|0.0350273|0.00369149|0.0100829|0.0285929|0.00304046|0.00638914|0.0365406,0.000178506|0.00335145|0.0136412|0.00291922|0.0151027|0.0280967|0.00780618|0.0409649|0.0488958|0.0388066|0.0436548|0.00176737|0.0151024|0.0230682|0.03841|0.0100342|0.0470058|0.0250863|0.0273051|0.0127317|0.0460028|0.0372754|0.0474075|0.0483596|0.0130093,0.973537|0.954869|0.988894|0.962742|0.943878|0.923653|0.90929|0.981638|0.9108|0.969899|0.933821|0.967717|0.965406|0.985376|0.948072|0.975915|0.989289|0.936129|0.917619|0.968894|0.935175|0.984478|0.99171|0.910708|0.98883,4.63983|5.26639|0.923897|0.0327787|4.82496|1.04264|3.9732|2.91399|6.27947|3.94615|5.77568|4.1126|0.0104102|4.5695|1.48687|2.99986|0.578949|3.39264|1.56082|4.74216|3.89025|4.02061|5.60303|5.41755|4.04415,79.8117|13.9548|13.2112|70.4589|95.0453|98.0873|83.4704|70.8805|91.8261|77.768|56.7563|56.1703|46.2248|23.5709|97.1045|66.666|63.5216|81.7362|30.2686|37.015|32.7492|62.2588|47.7013|82.9474,0.246796|0.189728|0.219003|0.246199|0.234751|0.239791|0.216464|0.189485|0.228404|0.165457|0.186349|0.247907|0.183493|0.207151|0.207556|0.212271|0.207806|0.218556|0.239023|0.17211|0.191207|0.169222|0.170229|0.24308,0.338018|0.801183|0.427028|0.415176|0.258586|0.939209|0.583168|0.757042|0.133861|0.348083|0.927837|0.827328|0.657987|0.340196|0.438091|0.890059|0.844544|0.847503|0.514427|0.315214|0.878161|0.361153|0.776444|0.624607,0.869523,0.801463,0.117836,0.0993652,0.460468,0.534015,0.0732846,0.487967,0.198257,0.921169,51.6436,5.43263e-12,47756,0.887486,41.1981,1.06086e-12,38445,0.895553,0.876428,0.0878307,0.631141,0.996144,0.511517,0.22039,0.459803,0.228135,0.891603,87.9902,7.64954e-10,30733,0.967162,70.4477,9.04596e-11,52512
24,875,n1->n13->n14->n12->n6->n33->n24->n26->n25->n27->n28->n29->n31->n30->n76->n74->n35->n34->n36->n64->n49->n47->n48->n50->n51,5.37021e+09|6.60497e+13|3.70261e+10|9.70597e+10|1.14208e+09|3.64323e+13|1.59557e+13|7.09351e+09|1.67189e+13|4.19351e+12|1.34247e+11|3.6336e+13|4.79342e+12|1.26395e+10|4.21804e+13|5.8385e+13|5.77859e+11|4.7313e+12|7.73972e+11|4.21034e+09|2.45005e+09|4.74236e+11|3.98001e+12|2.36425e+09|7.46708e+11,8.19724e+08|8.87204e+12|1.44234e+10|2.76143e+10|2.20459e+08|6.32377e+12|4.06569e+12|1.31666e+09|1.40059e+13|8.73344e+11|1.51805e+10|1.77292e+13|4.42443e+12|1.81012e+09|1.15782e+13|7.35096e+12|4.88834e+11|1.15705e+12|7.77593e+10|1.60867e+09|2.44458e+09|1.54765e+11|1.69514e+12|4.07889e+08|5.06847e+11,0.000494453|0.000787814|3.25754e-05|0.000201974|1.08483e-05|1.50316e-05|0.000193265|3.77967e-05|6.30741e-05|1.08528e-05|0.00056516|0.000125062|0.00024651|4.789e-05|1.88608e-05|0.000875739|0.000412952|0.000140889|0.000426407|1.88732e-05|1.07426e-05|0.000202873|4.78153e-05|1.54283e-05|0.000185382,0.000316017|0.00788063|0.000181646|0.0016732|0.00010157|0.00213059|0.0012727|0.00522178|0.00294926|0.00262605|0.0093172|0.00231296|0.00308746|0.00655588|0.00214239|0.00944671|0.00138752|0.000270551|0.00396778|0.000135861|0.000979027|0.000266598|0.00544009|0.00907722|0.00344885,0.0109342|0.0476737|0.0426128|0.0313381|0.00160082|0.00968695|0.0433038|0.0101688|0.0195393|0.0303206|0.0317261|0.0255931|0.0211034|0.00398508|0.00156873|0.0280357|0.00215298|0.0276207|0.00497013|0.0266797|0.0183567|0.00898217|0.0455031|0.00638914|0.0365406,0.000178506|0.00335145|0.049061|0.0470205|0.0260762|0.0280967|0.00780618|0.0409649|0.0159438|0.0230682|0.03841|0.00291922|0.0151027|0.0178703|0.0470058|0.0166219|0.0375959|0.0210615|0.0341912|0.0436548|0.0388066|0.0488958|0.0360942|0.0483596|0.0130093,0.973537|0.954869|0.906626|0.937315|0.908628|0.923653|0.90929|0.981638|0.9023|0.985376|0.948072|0.962742|0.943878|0.972158|0.989289|0.90082|0.952159|0.904866|0.94998|0.933821|0.969899|0.9108|0.967439|0.910708|0.98883,4.63983|5.26639|0.762282|3.07758|5.01633|1.04264|3.9732|2.91399|1.57149|4.5695|1.48687|0.0327787|4.82496|5.42296|0.578949|0.0974208|5.24666|4.56594|3.70656|5.77568|3.94615|6.27947|3.09858|5.41755|4.04415,79.8117|92.5451|51.9585|32.9383|50.0569|98.0873|83.4704|63.0993|64.4551|23.5709|18.7034|70.4589|88.6669|21.8454|53.1277|67.7415|26.2497|89.5651|43.8659|77.768|91.8261|78.8723|23.5956|82.9474,0.246796|0.191459|0.222459|0.230728|0.19306|0.239791|0.216464|0.228799|0.242248|0.207151|0.249902|0.246199|0.215598|0.220509|0.181342|0.161632|0.244194|0.241996|0.241695|0.165457|0.228404|0.239998|0.191801|0.24308,0.338018|0.161307|0.326911|0.628307|0.116472|0.939209|0.583168|0.359402|0.837222|0.340196|0.259002|0.415176|0.123891|0.936019|0.519715|0.301798|0.307851|0.265381|0.590576|0.348083|0.133861|0.300482|0.688345|0.624607,0.869523,0.801463,0.117836,0.0993652,0.460468,0.534015,0.0732846,0.487967,0.198257,0.921169,51.6436,5.43263e-12,47756,0.887486,41.1981,1.06086e-12,38445,0.895553,0.876428,0.0878307,0.631141,0.996144,0.511517,0.22039,0.459803,0.228135,0.891603,87.9902,7.64954e-10,30733,0.967162,70.4477,9.04596e-11,52512
24,876,n1->n99->n98->n57->n55->n54->n82->n95->n89->n20->n18->n19->n68->n66->n32->n34->n35->n33->n84->n56->n90->n59->n60->n50->n51,5.37021e+09|1.57108e+10|1.8266e+13|4.14288e+09|8.84081e+12|2.80961e+11|1.07979e+13|1.05601e+11|2.68119e+11|4.0293e+11|7.59179e+12|2.47533e+11|1.31753e+09|1.10072e+10|1.78367e+12|4.7313e+12|5.77859e+11|3.64323e+13|1.07392e+09|1.1605e+12|1.33273e+11|3.04563e+11|8.79841e+13|2.36425e+09|7.46708e+11,8.19724e+08|4.21389e+09|5.99087e+12|2.05006e+09|4.69454e+12|2.23178e+11|1.66379e+12|5.46554e+10|9.23423e+10|1.89646e+11|4.11836e+12|2.33399e+11|3.10679e+08|8.7665e+09|1.05491e+12|1.15705e+12|4.88834e+11|6.32377e+12|9.00899e+08|5.65456e+11|6.41526e+10|3.06423e+10|5.95756e+13|4.07889e+08|5.06847e+11,0.000494453|0.00089026|0.000410965|0.000173612|4.06274e-05|1.47667e-05|0.000837919|0.000260968|3.55201e-05|5.21063e-05|2.98936e-05|0.000261527|0.000223952|0.000237659|0.000179959|0.000140889|0.000412952|1.50316e-05|2.14473e-05|1.7812e-05|0.000319756|2.43107e-05|0.000731749|1.54283e-05|0.000185382,0.000316017|0.000350126|0.000548485|0.00271581|0.000128431|0.00549128|0.00271152|0.000186877|0.000111435|0.000368678|0.000681499|0.000768065|0.00843573|0.000470269|0.00292552|0.000270551|0.00138752|0.00213059|0.000434313|0.000830638|0.000672662|0.000202742|0.000248463|0.00907722|0.00344885,0.0109342|0.0362414|0.0295222|0.0328142|0.00843704|0.0334079|0.0278433|0.00282907|0.0107812|0.0108696|0.0192976|0.0201979|0.0370095|0.0203827|0.00778345|0.0276207|0.00215298|0.00968695|0.0473575|0.0231698|0.0285929|0.00304046|0.0128442|0.00638914|0.0365406,0.000178506|0.0472365|0.0297366|0.0437642|0.0314938|0.00844474|0.0266174|0.0420997|0.0401575|0.0181411|0.0120519|0.0291803|0.00589983|0.0146278|0.0161829|0.0210615|0.0375959|0.0280967|0.0366447|0.0417641|0.0372754|0.0474075|0.0431033|0.0483596|0.0130093,0.973537|0.953794|0.959539|0.983348|0.908585|0.927525|0.934435|0.966581|0.926416|0.923215|0.946711|0.941018|0.984554|0.978907|0.953313|0.904866|0.952159|0.923653|0.948551|0.944528|0.984478|0.99171|0.945549|0.910708|0.98883,4.63983|3.07459|2.95405|1.93323|3.37071|1.22009|0.132111|1.09944|0.0868458|4.79469|4.38273|1.39448|5.26958|3.10364|0.10397|4.56594|5.24666|1.04264|5.42186|2.55597|4.02061|5.60303|4.50487|5.41755|4.04415,66.2586|58.4557|98.2355|61.5999|27.8669|41.1455|75.699|11.8194|18.2346|89.2299|34.0839|67.5745|70.8824|27.3217|23.0914|26.2497|93.5115|59.7094|34.4372|40.6061|62.2588|76.8491|22.3088|82.9474,0.180129|0.227784|0.190047|0.220389|0.169326|0.242874|0.21275|0.168449|0.231355|0.247215|0.248409|0.2055|0.16183|0.199785|0.18593|0.244194|0.242679|0.183728|0.222961|0.166746|0.169222|0.204072|0.190841|0.24308,0.323551|0.686264|0.757428|0.549818|0.414082|0.378494|0.837867|0.776387|0.595303|0.652252|0.983209|0.968257|0.215539|0.769012|0.12287|0.307851|0.487093|0.218166|0.762891|0.163177|0.361153|0.509755|0.323935|0.624607,0.869523,0.801463,0.117836,0.0993652,0.460468,0.534015,0.0732846,0.487967,0.198257,0.921169,51.6436,5.43263e-12,47756,0.887486,41.1981,1.06086e-12,38445,0.895553,0.876428,0.0878307,0.631141,0.996144,0.511517,0.22039,0.459803,0.228135,0.891603,87.9902,7.64954e-10,30733,0.967162,70.4477,9.04596e-11,52512
24,877,n1->n20->n18->n70->n69->n28->n27->n29->n11->n13->n12->n8->n10->n73->n75->n4->n2->n100->n90->n89->n48->n46->n47->n49->n51,5.37021e+09|4.0293e+11|7.59179e+12|6.87309e+13|8.81277e+09|1.34247e+11|4.19351e+12|3.6336e+13|1.78735e+12|6.60497e+13|9.70597e+10|4.61239e+13|2.49624e+09|1.41706e+11|8.71921e+10|7.07339e+12|5.94248e+10|4.01966e+09|1.33273e+11|2.68119e+11|3.98001e+12|5.53417e+12|4.74236e+11|2.45005e+09|7.46708e+11,8.19724e+08|1.89646e+11|4.11836e+12|9.78332e+12|7.57626e+09|1.51805e+10|8.73344e+11|1.77292e+13|3.29521e+11|8.87204e+12|2.76143e+10|1.04208e+13|7.32581e+08|5.76853e+10|5.29113e+10|2.43435e+12|3.74975e+10|2.27749e+09|6.41526e+10|9.23423e+10|1.69514e+12|1.63629e+12|1.54765e+11|2.44458e+09|5.06847e+11,0.000494453|5.21063e-05|2.98936e-05|5.13815e-05|0.000268039|0.00056516|1.08528e-05|0.000125062|5.47786e-05|0.000787814|0.000201974|6.6054e-05|6.27016e-05|6.32916e-05|0.000766915|0.000113681|1.10648e-05|0.000665246|0.000319756|3.55201e-05|4.78153e-05|0.000489732|0.000202873|1.07426e-05|0.000185382,0.000316017|0.000368678|0.000681499|0.00295865|0.00367819|0.0093172|0.00262605|0.00231296|0.00652494|0.00788063|0.0016732|0.00522046|0.00113469|0.000807753|0.000203965|0.00198341|0.00120557|0.00914892|0.000672662|0.000111435|0.00544009|0.000159088|0.000266598|0.000979027|0.00344885,0.0109342|0.0108696|0.0192976|0.0286141|0.022957|0.0317261|0.0303206|0.0255931|0.00125292|0.0476737|0.0313381|0.0318744|0.00597815|0.0455502|0.0243876|0.0350273|0.00369149|0.0100829|0.0285929|0.0107812|0.0455031|0.029055|0.00898217|0.0183567|0.0365406,0.000178506|0.0181411|0.0120519|0.0216638|0.0100342|0.03841|0.0230682|0.00291922|0.0136412|0.00335145|0.0470205|0.0483133|0.0245713|0.028193|0.0250863|0.0273051|0.0127317|0.0460028|0.0372754|0.0401575|0.0360942|0.0302566|0.0488958|0.0388066|0.0130093,0.973537|0.923215|0.946711|0.966653|0.975915|0.948072|0.985376|0.962742|0.988894|0.954869|0.937315|0.975256|0.962416|0.909539|0.936129|0.917619|0.968894|0.935175|0.984478|0.926416|0.967439|0.923372|0.9108|0.969899|0.98883,4.63983|4.79469|4.38273|4.60778|2.99986|1.48687|4.5695|0.0327787|0.923897|5.26639|3.07758|3.22282|1.97158|3.29092|3.39264|1.56082|4.74216|3.89025|4.02061|0.0868458|3.09858|0.31178|6.27947|3.94615|4.04415,90.7492|89.2299|55.8812|74.5377|97.1045|23.5709|49.6282|13.2112|13.9548|56.34|81.3396|99.595|29.3778|85.6152|81.7362|30.2686|37.015|32.7492|12.726|94.0077|41.9872|71.5316|91.8261|10.4661,0.215706|0.247215|0.234874|0.172691|0.207556|0.207151|0.180772|0.219003|0.189728|0.206669|0.186476|0.184434|0.202302|0.185893|0.218556|0.239023|0.17211|0.191207|0.226099|0.234363|0.178665|0.196056|0.228404|0.216931,0.53635|0.652252|0.16843|0.416585|0.438091|0.340196|0.511755|0.427028|0.801183|0.285239|0.379326|0.703378|0.747283|0.624191|0.847503|0.514427|0.315214|0.878161|0.757755|0.948873|0.182289|0.758317|0.133861|0.516407,0.869523,0.801463,0.117836,0.0993652,0.460468,0.534015,0.0732846,0.487967,0.198257,0.921169,51.6436,5.43263e-12,47756,0.887486,41.1981,1.06086e-12,38445,0.895553,0.876428,0.0878307,0.631141,0.996144,0.511517,0.22039,0.459803,0.228135,0.891603,87.9902,7.64954e-10,30733,0.967162,70.4477,9.04596e-11,52512
24,878,n1->n20->n96->n94->n93->n77->n23->n24->n71->n73->n75->n74->n76->n69->n3->n5->n65->n64->n36->n34->n32->n31->n29->n50->n51,5.37021e+09|4.0293e+11|2.51165e+12|1.36531e+10|4.22601e+13|5.68112e+11|4.63033e+10|1.59557e+13|7.70008e+11|1.41706e+11|8.71921e+10|5.8385e+13|4.21804e+13|8.81277e+09|2.78751e+13|2.91995e+11|1.12599e+09|4.21034e+09|7.73972e+11|4.7313e+12|1.78367e+12|4.79342e+12|3.6336e+13|2.36425e+09|7.46708e+11,8.19724e+08|1.89646e+11|5.36324e+11|1.67171e+09|1.3774e+13|3.56307e+11|3.30225e+10|4.06569e+12|1.60546e+11|5.76853e+10|5.29113e+10|7.35096e+12|1.15782e+13|7.57626e+09|1.44762e+13|4.67133e+10|3.2906e+08|1.60867e+09|7.77593e+10|1.15705e+12|1.05491e+12|4.42443e+12|1.77292e+13|4.07889e+08|5.06847e+11,0.000494453|5.21063e-05|1.2987e-05|2.95455e-05|8.45967e-05|8.49487e-05|0.000277161|0.000193265|0.00017279|6.32916e-05|0.000766915|0.000875739|1.88608e-05|0.000268039|0.00022361|7.03031e-05|1.96575e-05|1.88732e-05|0.000426407|0.000140889|0.000179959|0.00024651|0.000125062|1.54283e-05|0.000185382,0.000316017|0.000368678|0.000286765|0.000125263|0.000162335|0.000906866|0.00418014|0.0012727|0.00123164|0.000807753|0.000203965|0.00944671|0.00214239|0.00367819|0.00776667|0.000196916|0.000428116|0.000135861|0.00396778|0.000270551|0.00292552|0.00308746|0.00231296|0.00907722|0.00344885,0.0109342|0.0108696|0.0377902|0.00830448|0.0108045|0.04851|0.00314906|0.0433038|0.0398828|0.0455502|0.0243876|0.0280357|0.00156873|0.022957|0.0268705|0.00731162|0.00118659|0.0266797|0.00497013|0.0276207|0.00778345|0.0211034|0.0255931|0.00638914|0.0365406,0.000178506|0.0181411|0.0195364|0.0293842|0.0326183|0.0115254|0.0470385|0.00780618|0.0326729|0.028193|0.0250863|0.0166219|0.0470058|0.0100342|0.0326941|0.0421608|0.00176737|0.0436548|0.0341912|0.0210615|0.0161829|0.0151027|0.00291922|0.0483596|0.0130093,0.973537|0.923215|0.951762|0.927471|0.912097|0.949999|0.92176|0.90929|0.947193|0.909539|0.936129|0.90082|0.989289|0.975915|0.982466|0.951514|0.967717|0.933821|0.94998|0.904866|0.953313|0.943878|0.962742|0.910708|0.98883,4.63983|4.79469|0.85792|5.03384|5.92115|0.722366|2.08786|3.9732|0.117525|3.29092|3.39264|0.0974208|0.578949|2.99986|4.79844|4.90362|4.1126|5.77568|3.70656|4.56594|0.10397|4.82496|0.0327787|5.41755|4.04415,90.7492|58.7029|71.0086|63.1349|51.9256|39.0733|44.8869|44.1502|28.2621|85.6152|64.3401|53.1277|66.666|83.9106|10.4739|35.0583|56.7563|43.8659|89.5651|23.0914|86.0567|70.4589|37.0378|82.9474,0.215706|0.201188|0.230021|0.209804|0.247077|0.178948|0.161116|0.204574|0.242769|0.185893|0.220369|0.181342|0.212271|0.204476|0.163561|0.209201|0.186349|0.241695|0.241996|0.18593|0.16799|0.246199|0.191256|0.24308,0.53635|0.666395|0.131268|0.17375|0.469529|0.23533|0.528582|0.45026|0.940077|0.624191|0.119032|0.519715|0.890059|0.65353|0.469027|0.297185|0.927837|0.590576|0.265381|0.12287|0.799966|0.415176|0.182586|0.624607,0.869523,0.801463,0.117836,0.0993652,0.460468,0.534015,0.0732846,0.487967,0.198257,0.921169,51.6436,5.43263e-12,47756,0.887486,41.1981,1.06086e-12,38445,0.895553,0.876428,0.0878307,0.631141,0.996144,0.511517,0.22039,0.459803,0.228135,0.891603,87.9902,7.64954e-10,30733,0.967162,70.4477,9.04596e-11,52512
24,879,n1->n13->n14->n12->n8->n10->n9->n7->n5->n3->n69->n70->n87->n88->n89->n90->n100->n73->n72->n45->n44->n42->n63->n61->n51,5.37021e+09|6.60497e+13|3.70261e+10|9.70597e+10|4.61239e+13|2.49624e+09|1.49139e+12|3.81012e+11|2.91995e+11|2.78751e+13|8.81277e+09|6.87309e+13|7.3435e+12|9.00567e+12|2.68119e+11|1.33273e+11|4.01966e+09|1.41706e+11|6.83442e+09|8.38488e+13|5.26537e+13|2.42905e+09|6.55204e+12|6.44979e+11|7.46708e+11,8.19724e+08|8.87204e+12|1.44234e+10|2.76143e+10|1.04208e+13|7.32581e+08|3.79906e+11|6.70334e+10|4.67133e+10|1.44762e+13|7.57626e+09|9.78332e+12|2.79916e+12|8.66002e+12|9.23423e+10|6.41526e+10|2.27749e+09|5.76853e+10|1.48353e+09|1.01787e+13|2.86817e+13|2.47264e+08|2.63574e+12|1.30372e+11|5.06847e+11,0.000494453|0.000787814|3.25754e-05|0.000201974|6.6054e-05|6.27016e-05|1.80008e-05|0.000475679|7.03031e-05|0.00022361|0.000268039|5.13815e-05|0.000634307|6.2721e-05|3.55201e-05|0.000319756|0.000665246|6.32916e-05|0.000159499|1.67225e-05|0.000124649|8.79758e-05|0.000116235|3.71253e-05|0.000185382,0.000316017|0.00788063|0.000181646|0.0016732|0.00522046|0.00113469|0.00065196|0.00104538|0.000196916|0.00776667|0.00367819|0.00295865|0.00151267|0.000480267|0.000111435|0.000672662|0.00914892|0.000807753|0.00384342|0.000742576|0.00158999|0.000493531|0.00126856|0.00313588|0.00344885,0.0109342|0.0476737|0.0426128|0.0313381|0.0318744|0.00597815|0.0140743|0.01754|0.00731162|0.0268705|0.022957|0.0286141|0.0186268|0.00850464|0.0107812|0.0285929|0.0100829|0.0455502|0.0479977|0.00846218|0.0486405|0.00783732|0.0100727|0.0266048|0.0365406,0.000178506|0.00335145|0.049061|0.0470205|0.0483133|0.0245713|0.033904|0.0283975|0.0421608|0.0326941|0.0100342|0.0216638|0.00979507|0.0237676|0.0401575|0.0372754|0.0460028|0.028193|0.0299903|0.0342415|0.00764508|0.0327962|0.0107197|0.0179693|0.0130093,0.973537|0.954869|0.906626|0.937315|0.975256|0.962416|0.963574|0.963898|0.951514|0.982466|0.975915|0.966653|0.977244|0.962132|0.926416|0.984478|0.935175|0.909539|0.96924|0.934264|0.932977|0.960936|0.903245|0.958619|0.98883,4.63983|5.26639|0.762282|3.07758|3.22282|1.97158|5.88966|3.51107|4.90362|4.79844|2.99986|4.60778|2.33192|1.9653|0.0868458|4.02061|3.89025|3.29092|3.90463|5.31688|2.64532|0.765875|4.68449|2.63855|4.04415,79.8117|92.5451|51.9585|81.3396|99.595|65.9961|59.8148|37.2729|10.4739|83.9106|74.5377|39.9413|57.0974|92.4072|12.726|32.7492|20.1165|29.1617|63.1262|57.1366|21.0603|97.0433|47.0482|66.5616,0.246796|0.191459|0.222459|0.186476|0.184434|0.193896|0.18359|0.176784|0.163561|0.204476|0.172691|0.180359|0.227675|0.203687|0.226099|0.191207|0.175955|0.178937|0.243732|0.235241|0.23095|0.211509|0.167884|0.171721,0.338018|0.161307|0.326911|0.379326|0.703378|0.982181|0.339058|0.943162|0.469027|0.65353|0.416585|0.129355|0.396625|0.876618|0.757755|0.878161|0.825877|0.920295|0.65643|0.218954|0.399278|0.758395|0.410418|0.235817,0.869523,0.801463,0.117836,0.0993652,0.460468,0.534015,0.0732846,0.487967,0.198257,0.921169,51.6436,5.43263e-12,47756,0.887486,41.1981,1.06086e-12,38445,0.895553,0.876428,0.0878307,0.631141,0.996144,0.511517,0.22039,0.459803,0.228135,0.891603,87.9902,7.64954e-10,30733,0.967162,70.4477,9.04596e-11,52512
24,880,n1->n99->n98->n57->n83->n23->n24->n26->n47->n46->n62->n60->n50->n29->n31->n35->n33->n84->n82->n80->n81->n37->n65->n52->n51,5.37021e+09|1.57108e+10|1.8266e+13|4.14288e+09|3.76373e+13|4.63033e+10|1.59557e+13|7.09351e+09|4.74236e+11|5.53417e+12|2.37342e+11|8.79841e+13|2.36425e+09|3.6336e+13|4.79342e+12|5.77859e+11|3.64323e+13|1.07392e+09|1.07979e+13|2.45686e+13|2.58887e+10|2.79748e+13|1.12599e+09|1.02428e+10|7.46708e+11,8.19724e+08|4.21389e+09|5.99087e+12|2.05006e+09|2.34723e+13|3.30225e+10|4.06569e+12|1.31666e+09|1.54765e+11|1.63629e+12|1.13053e+11|5.95756e+13|4.07889e+08|1.77292e+13|4.42443e+12|4.88834e+11|6.32377e+12|9.00899e+08|1.66379e+12|2.75437e+12|8.36206e+09|4.96975e+12|3.2906e+08|2.07235e+09|5.06847e+11,0.000494453|0.00089026|0.000410965|0.000173612|1.86087e-05|0.000277161|0.000193265|3.77967e-05|0.000202873|0.000489732|8.24006e-05|0.000731749|1.54283e-05|0.000125062|0.00024651|0.000412952|1.50316e-05|2.14473e-05|0.000837919|1.13052e-05|0.000268232|1.06248e-05|1.96575e-05|0.00011644|0.000185382,0.000316017|0.000350126|0.000548485|0.00271581|0.000175452|0.00418014|0.0012727|0.00522178|0.000266598|0.000159088|0.00794111|0.000248463|0.00907722|0.00231296|0.00308746|0.00138752|0.00213059|0.000434313|0.00271152|0.000238286|0.000752991|0.000261291|0.000428116|0.00580301|0.00344885,0.0109342|0.0362414|0.0295222|0.0328142|0.015405|0.00314906|0.0433038|0.0101688|0.00898217|0.029055|0.0242596|0.0128442|0.00638914|0.0255931|0.0211034|0.00215298|0.00968695|0.0473575|0.0278433|0.00592883|0.0481357|0.0457563|0.00118659|0.0398377|0.0365406,0.000178506|0.0472365|0.0297366|0.0437642|0.038157|0.0470385|0.00780618|0.0409649|0.0488958|0.0302566|0.0480911|0.0431033|0.0483596|0.00291922|0.0151027|0.0375959|0.0280967|0.0366447|0.0266174|0.0262948|0.00997263|0.0105712|0.00176737|0.0151024|0.0130093,0.973537|0.953794|0.959539|0.983348|0.947801|0.92176|0.90929|0.981638|0.9108|0.923372|0.98053|0.945549|0.910708|0.962742|0.943878|0.952159|0.923653|0.948551|0.934435|0.919013|0.948836|0.964079|0.967717|0.965406|0.98883,4.63983|3.07459|2.95405|1.93323|4.11052|2.08786|3.9732|2.91399|6.27947|0.31178|5.59786|4.50487|5.41755|0.0327787|4.82496|5.24666|1.04264|5.42186|0.132111|0.100836|1.5908|4.96174|4.1126|0.0104102|4.04415,66.2586|58.4557|98.2355|50.003|23.518|44.8869|83.4704|70.8805|71.5316|56.7189|48.3985|22.3088|37.0378|70.4589|91.3525|93.5115|59.7094|83.37|47.0365|15.5679|88.8597|13.4252|56.1703|83.3731,0.180129|0.227784|0.190047|0.1911|0.181099|0.161116|0.216464|0.189485|0.196056|0.167864|0.17162|0.190841|0.191256|0.246199|0.243038|0.242679|0.183728|0.203763|0.231931|0.212149|0.211898|0.230756|0.247907|0.197114,0.323551|0.686264|0.757428|0.161388|0.741177|0.528582|0.583168|0.757042|0.758317|0.624525|0.641887|0.323935|0.182586|0.415176|0.658826|0.487093|0.218166|0.808712|0.796307|0.870283|0.430076|0.986996|0.827328|0.942894,0.869523,0.801463,0.117836,0.0993652,0.460468,0.534015,0.0732846,0.487967,0.198257,0.921169,51.6436,5.43263e-12,47756,0.887486,41.1981,1.06086e-12,38445,0.895553,0.876428,0.0878307,0.631141,0.996144,0.511517,0.22039,0.459803,0.228135,0.891603,87.9902,7.64954e-10,30733,0.967162,70.4477,9.04596e-11,52512
24,881,n1->n99->n98->n57->n55->n56->n84->n82->n95->n89->n88->n87->n86->n76->n78->n44->n43->n45->n47->n49->n64->n62->n60->n50->n51,5.37021e+09|1.57108e+10|1.8266e+13|4.14288e+09|8.84081e+12|1.1605e+12|1.07392e+09|1.07979e+13|1.05601e+11|2.68119e+11|9.00567e+12|7.3435e+12|3.85304e+10|4.21804e+13|3.25238e+10|5.26537e+13|1.40931e+10|8.38488e+13|4.74236e+11|2.45005e+09|4.21034e+09|2.37342e+11|8.79841e+13|2.36425e+09|7.46708e+11,8.19724e+08|4.21389e+09|5.99087e+12|2.05006e+09|4.69454e+12|5.65456e+11|9.00899e+08|1.66379e+12|5.46554e+10|9.23423e+10|8.66002e+12|2.79916e+12|4.69095e+09|1.15782e+13|2.30731e+10|2.86817e+13|3.26577e+09|1.01787e+13|1.54765e+11|2.44458e+09|1.60867e+09|1.13053e+11|5.95756e+13|4.07889e+08|5.06847e+11,0.000494453|0.00089026|0.000410965|0.000173612|4.06274e-05|1.7812e-05|2.14473e-05|0.000837919|0.000260968|3.55201e-05|6.2721e-05|0.000634307|6.21631e-05|1.88608e-05|0.000270955|0.000124649|0.000955168|1.67225e-05|0.000202873|1.07426e-05|1.88732e-05|8.24006e-05|0.000731749|1.54283e-05|0.000185382,0.000316017|0.000350126|0.000548485|0.00271581|0.000128431|0.000830638|0.000434313|0.00271152|0.000186877|0.000111435|0.000480267|0.00151267|0.00341054|0.00214239|0.00167497|0.00158999|0.00344494|0.000742576|0.000266598|0.000979027|0.000135861|0.00794111|0.000248463|0.00907722|0.00344885,0.0109342|0.0362414|0.0295222|0.0328142|0.00843704|0.0231698|0.0473575|0.0278433|0.00282907|0.0107812|0.00850464|0.0186268|0.0237043|0.00156873|0.00569443|0.0486405|0.0168583|0.00846218|0.00898217|0.0183567|0.0266797|0.0242596|0.0128442|0.00638914|0.0365406,0.000178506|0.0472365|0.0297366|0.0437642|0.0314938|0.0417641|0.0366447|0.0266174|0.0420997|0.0401575|0.0237676|0.00979507|0.0488574|0.0470058|0.0425349|0.00764508|0.0482719|0.0342415|0.0488958|0.0388066|0.0436548|0.0480911|0.0431033|0.0483596|0.0130093,0.973537|0.953794|0.959539|0.983348|0.908585|0.944528|0.948551|0.934435|0.966581|0.926416|0.962132|0.977244|0.981332|0.989289|0.92832|0.932977|0.943219|0.934264|0.9108|0.969899|0.933821|0.98053|0.945549|0.910708|0.98883,4.63983|3.07459|2.95405|1.93323|3.37071|2.55597|5.42186|0.132111|1.09944|0.0868458|1.9653|2.33192|4.96971|0.578949|3.3614|2.64532|2.3897|5.31688|6.27947|3.94615|5.77568|5.59786|4.50487|5.41755|4.04415,66.2586|58.4557|98.2355|61.5999|95.3312|34.4372|83.37|75.699|11.8194|92.4072|57.0974|88.9922|37.5994|69.3348|88.5528|69.1985|48.5398|40.979|91.8261|77.768|93.0484|48.3985|22.3088|82.9474,0.180129|0.227784|0.190047|0.220389|0.167906|0.222961|0.203763|0.21275|0.168449|0.203687|0.227675|0.246364|0.17745|0.194827|0.200088|0.210513|0.218428|0.216949|0.228404|0.165457|0.176232|0.17162|0.190841|0.24308,0.323551|0.686264|0.757428|0.549818|0.402595|0.762891|0.808712|0.837867|0.776387|0.876618|0.396625|0.83582|0.871942|0.93416|0.134865|0.374145|0.854577|0.317946|0.133861|0.348083|0.182879|0.641887|0.323935|0.624607,0.869523,0.801463,0.117836,0.0993652,0.460468,0.534015,0.0732846,0.487967,0.198257,0.921169,51.6436,5.43263e-12,47756,0.887486,41.1981,1.06086e-12,38445,0.895553,0.876428,0.0878307,0.631141,0.996144,0.511517,0.22039,0.459803,0.228135,0.891603,87.9902,7.64954e-10,30733,0.967162,70.4477,9.04596e-11,52512
24,882,n1->n20->n21->n67->n64->n65->n37->n38->n36->n34->n32->n33->n24->n26->n27->n97->n99->n77->n23->n83->n84->n82->n63->n61->n51,5.37021e+09|4.0293e+11|1.56161e+12|4.7483e+09|4.21034e+09|1.12599e+09|2.79748e+13|1.16426e+13|7.73972e+11|4.7313e+12|1.78367e+12|3.64323e+13|1.59557e+13|7.09351e+09|4.19351e+12|2.90604e+09|1.57108e+10|5.68112e+11|4.63033e+10|3.76373e+13|1.07392e+09|1.07979e+13|6.55204e+12|6.44979e+11|7.46708e+11,8.19724e+08|1.89646e+11|3.02345e+11|7.5553e+08|1.60867e+09|3.2906e+08|4.96975e+12|1.19258e+12|7.77593e+10|1.15705e+12|1.05491e+12|6.32377e+12|4.06569e+12|1.31666e+09|8.73344e+11|5.04144e+08|4.21389e+09|3.56307e+11|3.30225e+10|2.34723e+13|9.00899e+08|1.66379e+12|2.63574e+12|1.30372e+11|5.06847e+11,0.000494453|5.21063e-05|0.00096308|3.91885e-05|1.88732e-05|1.96575e-05|1.06248e-05|1.04425e-05|0.000426407|0.000140889|0.000179959|1.50316e-05|0.000193265|3.77967e-05|1.08528e-05|8.81202e-05|0.00089026|8.49487e-05|0.000277161|1.86087e-05|2.14473e-05|0.000837919|0.000116235|3.71253e-05|0.000185382,0.000316017|0.000368678|0.00195589|0.000640186|0.000135861|0.000428116|0.000261291|0.00950649|0.00396778|0.000270551|0.00292552|0.00213059|0.0012727|0.00522178|0.00262605|0.00494291|0.000350126|0.000906866|0.00418014|0.000175452|0.000434313|0.00271152|0.00126856|0.00313588|0.00344885,0.0109342|0.0108696|0.00712365|0.029632|0.0266797|0.00118659|0.0457563|0.0263713|0.00497013|0.0276207|0.00778345|0.00968695|0.0433038|0.0101688|0.0303206|0.0381696|0.0362414|0.04851|0.00314906|0.015405|0.0473575|0.0278433|0.0100727|0.0266048|0.0365406,0.000178506|0.0181411|0.0414669|0.0482082|0.0436548|0.00176737|0.0105712|0.00318517|0.0341912|0.0210615|0.0161829|0.0280967|0.00780618|0.0409649|0.0230682|0.00800322|0.0472365|0.0115254|0.0470385|0.038157|0.0366447|0.0266174|0.0107197|0.0179693|0.0130093,0.973537|0.923215|0.971602|0.924883|0.933821|0.967717|0.964079|0.902547|0.94998|0.904866|0.953313|0.923653|0.90929|0.981638|0.985376|0.90679|0.953794|0.949999|0.92176|0.947801|0.948551|0.934435|0.903245|0.958619|0.98883,4.63983|4.79469|3.14177|2.06342|5.77568|4.1126|4.96174|5.09423|3.70656|4.56594|0.10397|1.04264|3.9732|2.91399|4.5695|1.41691|3.07459|0.722366|2.08786|4.11052|5.42186|0.132111|4.68449|2.63855|4.04415,90.7492|76.7594|42.5138|95.5844|56.7563|13.4252|46.986|61.2725|89.5651|23.0914|61.2747|98.0873|83.4704|67.4197|31.5608|94.4507|96.5216|39.0733|23.518|20.1884|83.37|48.6997|47.0482|66.5616,0.215706|0.218425|0.197352|0.248978|0.186349|0.230756|0.170599|0.204351|0.241996|0.18593|0.208144|0.239791|0.216464|0.171162|0.219936|0.168303|0.241387|0.178948|0.181099|0.246081|0.203763|0.175742|0.167884|0.171721,0.53635|0.515127|0.602799|0.480161|0.927837|0.986996|0.662799|0.413834|0.265381|0.12287|0.704271|0.939209|0.583168|0.40751|0.557853|0.263233|0.664018|0.23533|0.741177|0.599197|0.808712|0.4301|0.410418|0.235817,0.869523,0.801463,0.117836,0.0993652,0.460468,0.534015,0.0732846,0.487967,0.198257,0.921169,51.6436,5.43263e-12,47756,0.887486,41.1981,1.06086e-12,38445,0.895553,0.876428,0.0878307,0.631141,0.996144,0.511517,0.22039,0.459803,0.228135,0.891603,87.9902,7.64954e-10,30733,0.967162,70.4477,9.04596e-11,52512
24,883,n1->n99->n98->n57->n74->n76->n78->n80->n82->n54->n40->n42->n44->n45->n72->n73->n75->n4->n2->n7->n8->n10->n63->n61->n51,5.37021e+09|1.57108e+10|1.8266e+13|4.14288e+09|5.8385e+13|4.21804e+13|3.25238e+10|2.45686e+13|1.07979e+13|2.80961e+11|3.58065e+10|2.42905e+09|5.26537e+13|8.38488e+13|6.83442e+09|1.41706e+11|8.71921e+10|7.07339e+12|5.94248e+10|3.81012e+11|4.61239e+13|2.49624e+09|6.55204e+12|6.44979e+11|7.46708e+11,8.19724e+08|4.21389e+09|5.99087e+12|2.05006e+09|7.35096e+12|1.15782e+13|2.30731e+10|2.75437e+12|1.66379e+12|2.23178e+11|4.14657e+09|2.47264e+08|2.86817e+13|1.01787e+13|1.48353e+09|5.76853e+10|5.29113e+10|2.43435e+12|3.74975e+10|6.70334e+10|1.04208e+13|7.32581e+08|2.63574e+12|1.30372e+11|5.06847e+11,0.000494453|0.00089026|0.000410965|0.000173612|0.000875739|1.88608e-05|0.000270955|1.13052e-05|0.000837919|1.47667e-05|6.01341e-05|8.79758e-05|0.000124649|1.67225e-05|0.000159499|6.32916e-05|0.000766915|0.000113681|1.10648e-05|0.000475679|6.6054e-05|6.27016e-05|0.000116235|3.71253e-05|0.000185382,0.000316017|0.000350126|0.000548485|0.00271581|0.00944671|0.00214239|0.00167497|0.000238286|0.00271152|0.00549128|0.00268841|0.000493531|0.00158999|0.000742576|0.00384342|0.000807753|0.000203965|0.00198341|0.00120557|0.00104538|0.00522046|0.00113469|0.00126856|0.00313588|0.00344885,0.0109342|0.0362414|0.0295222|0.0328142|0.0280357|0.00156873|0.00569443|0.00592883|0.0278433|0.0334079|0.0249103|0.00783732|0.0486405|0.00846218|0.0479977|0.0455502|0.0243876|0.0350273|0.00369149|0.01754|0.0318744|0.00597815|0.0100727|0.0266048|0.0365406,0.000178506|0.0472365|0.0297366|0.0437642|0.0166219|0.0470058|0.0425349|0.0262948|0.0266174|0.00844474|0.033399|0.0327962|0.00764508|0.0342415|0.0299903|0.028193|0.0250863|0.0273051|0.0127317|0.0283975|0.0483133|0.0245713|0.0107197|0.0179693|0.0130093,0.973537|0.953794|0.959539|0.983348|0.90082|0.989289|0.92832|0.919013|0.934435|0.927525|0.920308|0.960936|0.932977|0.934264|0.96924|0.909539|0.936129|0.917619|0.968894|0.963898|0.975256|0.962416|0.903245|0.958619|0.98883,4.63983|3.07459|2.95405|1.93323|0.0974208|0.578949|3.3614|0.100836|0.132111|1.22009|2.50002|0.765875|2.64532|5.31688|3.90463|3.29092|3.39264|1.56082|4.74216|3.51107|3.22282|1.97158|4.68449|2.63855|4.04415,66.2586|58.4557|98.2355|95.6836|53.1277|69.3348|66.5291|47.0365|41.1455|12.2677|77.6192|21.0603|57.1366|63.1262|29.1617|85.6152|81.7362|30.2686|88.6198|55.4093|99.595|65.1286|47.0482|66.5616,0.180129|0.227784|0.190047|0.169856|0.181342|0.194827|0.222935|0.231931|0.242874|0.248162|0.243521|0.23095|0.235241|0.243732|0.178937|0.185893|0.218556|0.239023|0.228013|0.230451|0.184434|0.203746|0.167884|0.171721,0.323551|0.686264|0.757428|0.815246|0.519715|0.93416|0.109088|0.796307|0.378494|0.812759|0.14346|0.399278|0.218954|0.65643|0.920295|0.624191|0.847503|0.514427|0.84397|0.745697|0.703378|0.514129|0.410418|0.235817,0.869523,0.801463,0.117836,0.0993652,0.460468,0.534015,0.0732846,0.487967,0.198257,0.921169,51.6436,5.43263e-12,47756,0.887486,41.1981,1.06086e-12,38445,0.895553,0.876428,0.0878307,0.631141,0.996144,0.511517,0.22039,0.459803,0.228135,0.891603,87.9902,7.64954e-10,30733,0.967162,70.4477,9.04596e-11,52512
24,884,n1->n99->n77->n93->n64->n49->n47->n45->n43->n44->n78->n76->n86->n87->n88->n90->n56->n84->n82->n63->n61->n62->n60->n50->n51,5.37021e+09|1.57108e+10|5.68112e+11|4.22601e+13|4.21034e+09|2.45005e+09|4.74236e+11|8.38488e+13|1.40931e+10|5.26537e+13|3.25238e+10|4.21804e+13|3.85304e+10|7.3435e+12|9.00567e+12|1.33273e+11|1.1605e+12|1.07392e+09|1.07979e+13|6.55204e+12|6.44979e+11|2.37342e+11|8.79841e+13|2.36425e+09|7.46708e+11,8.19724e+08|4.21389e+09|3.56307e+11|1.3774e+13|1.60867e+09|2.44458e+09|1.54765e+11|1.01787e+13|3.26577e+09|2.86817e+13|2.30731e+10|1.15782e+13|4.69095e+09|2.79916e+12|8.66002e+12|6.41526e+10|5.65456e+11|9.00899e+08|1.66379e+12|2.63574e+12|1.30372e+11|1.13053e+11|5.95756e+13|4.07889e+08|5.06847e+11,0.000494453|0.00089026|8.49487e-05|8.45967e-05|1.88732e-05|1.07426e-05|0.000202873|1.67225e-05|0.000955168|0.000124649|0.000270955|1.88608e-05|6.21631e-05|0.000634307|6.2721e-05|0.000319756|1.7812e-05|2.14473e-05|0.000837919|0.000116235|3.71253e-05|8.24006e-05|0.000731749|1.54283e-05|0.000185382,0.000316017|0.000350126|0.000906866|0.000162335|0.000135861|0.000979027|0.000266598|0.000742576|0.00344494|0.00158999|0.00167497|0.00214239|0.00341054|0.00151267|0.000480267|0.000672662|0.000830638|0.000434313|0.00271152|0.00126856|0.00313588|0.00794111|0.000248463|0.00907722|0.00344885,0.0109342|0.0362414|0.04851|0.0108045|0.0266797|0.0183567|0.00898217|0.00846218|0.0168583|0.0486405|0.00569443|0.00156873|0.0237043|0.0186268|0.00850464|0.0285929|0.0231698|0.0473575|0.0278433|0.0100727|0.0266048|0.0242596|0.0128442|0.00638914|0.0365406,0.000178506|0.0472365|0.0115254|0.0326183|0.0436548|0.0388066|0.0488958|0.0342415|0.0482719|0.00764508|0.0425349|0.0470058|0.0488574|0.00979507|0.0237676|0.0372754|0.0417641|0.0366447|0.0266174|0.0107197|0.0179693|0.0480911|0.0431033|0.0483596|0.0130093,0.973537|0.953794|0.949999|0.912097|0.933821|0.969899|0.9108|0.934264|0.943219|0.932977|0.92832|0.989289|0.981332|0.977244|0.962132|0.984478|0.944528|0.948551|0.934435|0.903245|0.958619|0.98053|0.945549|0.910708|0.98883,4.63983|3.07459|0.722366|5.92115|5.77568|3.94615|6.27947|5.31688|2.3897|2.64532|3.3614|0.578949|4.96971|2.33192|1.9653|4.02061|2.55597|5.42186|0.132111|4.68449|2.63855|5.59786|4.50487|5.41755|4.04415,66.2586|96.5216|51.9256|32.5899|77.768|91.8261|40.979|48.5398|69.1985|88.5528|69.3348|37.5994|88.9922|57.0974|14.1987|40.6061|34.4372|83.37|48.6997|47.0482|89.0369|48.3985|22.3088|82.9474,0.180129|0.241387|0.247077|0.178102|0.165457|0.228404|0.216949|0.218428|0.210513|0.200088|0.194827|0.17745|0.246364|0.227675|0.244274|0.166746|0.222961|0.203763|0.175742|0.167884|0.198053|0.17162|0.190841|0.24308,0.323551|0.664018|0.469529|0.548301|0.348083|0.133861|0.317946|0.854577|0.374145|0.134865|0.93416|0.871942|0.83582|0.396625|0.997795|0.163177|0.762891|0.808712|0.4301|0.410418|0.704733|0.641887|0.323935|0.624607,0.869523,0.801463,0.117836,0.0993652,0.460468,0.534015,0.0732846,0.487967,0.198257,0.921169,51.6436,5.43263e-12,47756,0.887486,41.1981,1.06086e-12,38445,0.895553,0.876428,0.0878307,0.631141,0.996144,0.511517,0.22039,0.459803,0.228135,0.891603,87.9902,7.64954e-10,30733,0.967162,70.4477,9.04596e-11,52512
24,885,n1->n13->n15->n63->n42->n40->n54->n55->n53->n52->n27->n29->n30->n76->n78->n85->n84->n56->n90->n88->n89->n95->n93->n94->n51,5.37021e+09|6.60497e+13|8.77071e+11|6.55204e+12|2.42905e+09|3.58065e+10|2.80961e+11|8.84081e+12|4.60474e+10|1.02428e+10|4.19351e+12|3.6336e+13|1.26395e+10|4.21804e+13|3.25238e+10|2.02447e+09|1.07392e+09|1.1605e+12|1.33273e+11|9.00567e+12|2.68119e+11|1.05601e+11|4.22601e+13|1.36531e+10|7.46708e+11,8.19724e+08|8.87204e+12|1.06991e+11|2.63574e+12|2.47264e+08|4.14657e+09|2.23178e+11|4.69454e+12|3.18273e+10|2.07235e+09|8.73344e+11|1.77292e+13|1.81012e+09|1.15782e+13|2.30731e+10|2.41326e+08|9.00899e+08|5.65456e+11|6.41526e+10|8.66002e+12|9.23423e+10|5.46554e+10|1.3774e+13|1.67171e+09|5.06847e+11,0.000494453|0.000787814|0.000182949|0.000116235|8.79758e-05|6.01341e-05|1.47667e-05|4.06274e-05|2.00633e-05|0.00011644|1.08528e-05|0.000125062|4.789e-05|1.88608e-05|0.000270955|2.04325e-05|2.14473e-05|1.7812e-05|0.000319756|6.2721e-05|3.55201e-05|0.000260968|8.45967e-05|2.95455e-05|0.000185382,0.000316017|0.00788063|0.00274771|0.00126856|0.000493531|0.00268841|0.00549128|0.000128431|0.000509085|0.00580301|0.00262605|0.00231296|0.00655588|0.00214239|0.00167497|0.000338175|0.000434313|0.000830638|0.000672662|0.000480267|0.000111435|0.000186877|0.000162335|0.000125263|0.00344885,0.0109342|0.0476737|0.0207315|0.0100727|0.00783732|0.0249103|0.0334079|0.00843704|5.21659e-05|0.0398377|0.0303206|0.0255931|0.00398508|0.00156873|0.00569443|0.0354515|0.0473575|0.0231698|0.0285929|0.00850464|0.0107812|0.00282907|0.0108045|0.00830448|0.0365406,0.000178506|0.00335145|0.0378122|0.0107197|0.0327962|0.033399|0.00844474|0.0314938|0.00115664|0.0151024|0.0230682|0.00291922|0.0178703|0.0470058|0.0425349|0.0266209|0.0366447|0.0417641|0.0372754|0.0237676|0.0401575|0.0420997|0.0326183|0.0293842|0.0130093,0.973537|0.954869|0.910795|0.903245|0.960936|0.920308|0.927525|0.908585|0.913872|0.965406|0.985376|0.962742|0.972158|0.989289|0.92832|0.940474|0.948551|0.944528|0.984478|0.962132|0.926416|0.966581|0.912097|0.927471|0.98883,4.63983|5.26639|1.89272|4.68449|0.765875|2.50002|1.22009|3.37071|0.640024|0.0104102|4.5695|0.0327787|5.42296|0.578949|3.3614|4.91715|5.42186|2.55597|4.02061|1.9653|0.0868458|1.09944|5.92115|5.03384|4.04415,79.8117|66.6304|11.0615|97.0433|77.6192|12.2677|27.8669|30.3781|81.3721|46.2248|49.6282|29.3504|21.8454|69.3348|67.1704|82.1833|34.4372|40.6061|14.1987|92.4072|11.8194|24.941|63.1349|11.2844,0.246796|0.179788|0.214255|0.211509|0.243521|0.248162|0.169326|0.207992|0.184589|0.183493|0.180772|0.179657|0.220509|0.194827|0.184721|0.216313|0.222961|0.166746|0.244274|0.203687|0.168449|0.237661|0.209804|0.200895,0.338018|0.275394|0.692153|0.758395|0.14346|0.812759|0.414082|0.646488|0.272111|0.657987|0.511755|0.887943|0.936019|0.93416|0.609732|0.528406|0.762891|0.163177|0.997795|0.876618|0.776387|0.985064|0.17375|0.836539,0.869523,0.801463,0.117836,0.0993652,0.460468,0.534015,0.0732846,0.487967,0.198257,0.921169,51.6436,5.43263e-12,47756,0.887486,41.1981,1.06086e-12,38445,0.895553,0.876428,0.0878307,0.631141,0.996144,0.511517,0.22039,0.459803,0.228135,0.891603,87.9902,7.64954e-10,30733,0.967162,70.4477,9.04596e-11,52512
24,886,n1->n20->n19->n68->n22->n74->n35->n33->n31->n30->n29->n27->n4->n2->n7->n5->n3->n69->n70->n87->n88->n89->n48->n50->n51,5.37021e+09|4.0293e+11|2.47533e+11|1.31753e+09|1.47e+10|5.8385e+13|5.77859e+11|3.64323e+13|4.79342e+12|1.26395e+10|3.6336e+13|4.19351e+12|7.07339e+12|5.94248e+10|3.81012e+11|2.91995e+11|2.78751e+13|8.81277e+09|6.87309e+13|7.3435e+12|9.00567e+12|2.68119e+11|3.98001e+12|2.36425e+09|7.46708e+11,8.19724e+08|1.89646e+11|2.33399e+11|3.10679e+08|9.51029e+09|7.35096e+12|4.88834e+11|6.32377e+12|4.42443e+12|1.81012e+09|1.77292e+13|8.73344e+11|2.43435e+12|3.74975e+10|6.70334e+10|4.67133e+10|1.44762e+13|7.57626e+09|9.78332e+12|2.79916e+12|8.66002e+12|9.23423e+10|1.69514e+12|4.07889e+08|5.06847e+11,0.000494453|5.21063e-05|0.000261527|0.000223952|1.77434e-05|0.000875739|0.000412952|1.50316e-05|0.00024651|4.789e-05|0.000125062|1.08528e-05|0.000113681|1.10648e-05|0.000475679|7.03031e-05|0.00022361|0.000268039|5.13815e-05|0.000634307|6.2721e-05|3.55201e-05|4.78153e-05|1.54283e-05|0.000185382,0.000316017|0.000368678|0.000768065|0.00843573|0.0006856|0.00944671|0.00138752|0.00213059|0.00308746|0.00655588|0.00231296|0.00262605|0.00198341|0.00120557|0.00104538|0.000196916|0.00776667|0.00367819|0.00295865|0.00151267|0.000480267|0.000111435|0.00544009|0.00907722|0.00344885,0.0109342|0.0108696|0.0201979|0.0370095|0.0408661|0.0280357|0.00215298|0.00968695|0.0211034|0.00398508|0.0255931|0.0303206|0.0350273|0.00369149|0.01754|0.00731162|0.0268705|0.022957|0.0286141|0.0186268|0.00850464|0.0107812|0.0455031|0.00638914|0.0365406,0.000178506|0.0181411|0.0291803|0.00589983|0.040072|0.0166219|0.0375959|0.0280967|0.0151027|0.0178703|0.00291922|0.0230682|0.0273051|0.0127317|0.0283975|0.0421608|0.0326941|0.0100342|0.0216638|0.00979507|0.0237676|0.0401575|0.0360942|0.0483596|0.0130093,0.973537|0.923215|0.941018|0.984554|0.95984|0.90082|0.952159|0.923653|0.943878|0.972158|0.962742|0.985376|0.917619|0.968894|0.963898|0.951514|0.982466|0.975915|0.966653|0.977244|0.962132|0.926416|0.967439|0.910708|0.98883,4.63983|4.79469|1.39448|5.26958|0.048646|0.0974208|5.24666|1.04264|4.82496|5.42296|0.0327787|4.5695|1.56082|4.74216|3.51107|4.90362|4.79844|2.99986|4.60778|2.33192|1.9653|0.0868458|3.09858|5.41755|4.04415,90.7492|86.2435|67.5745|15.3326|63.8366|67.7415|93.5115|95.0453|88.6669|29.3504|49.6282|52.1141|30.2686|88.6198|37.2729|10.4739|83.9106|74.5377|39.9413|57.0974|92.4072|94.0077|23.5956|82.9474,0.215706|0.182991|0.2055|0.236297|0.241428|0.161632|0.242679|0.234751|0.215598|0.179657|0.180772|0.184605|0.239023|0.228013|0.176784|0.163561|0.204476|0.172691|0.180359|0.227675|0.203687|0.234363|0.191801|0.24308,0.53635|0.182796|0.968257|0.655447|0.480684|0.301798|0.487093|0.258586|0.123891|0.887943|0.511755|0.200735|0.514427|0.84397|0.943162|0.469027|0.65353|0.416585|0.129355|0.396625|0.876618|0.948873|0.688345|0.624607,0.869523,0.801463,0.117836,0.0993652,0.460468,0.534015,0.0732846,0.487967,0.198257,0.921169,51.6436,5.43263e-12,47756,0.887486,41.1981,1.06086e-12,38445,0.895553,0.876428,0.0878307,0.631141,0.996144,0.511517,0.22039,0.459803,0.228135,0.891603,87.9902,7.64954e-10,30733,0.967162,70.4477,9.04596e-11,52512
24,887,n1->n13->n12->n14->n96->n20->n21->n23->n77->n72->n73->n10->n8->n7->n5->n65->n37->n39->n41->n43->n44->n42->n63->n61->n51,5.37021e+09|6.60497e+13|9.70597e+10|3.70261e+10|2.51165e+12|4.0293e+11|1.56161e+12|4.63033e+10|5.68112e+11|6.83442e+09|1.41706e+11|2.49624e+09|4.61239e+13|3.81012e+11|2.91995e+11|1.12599e+09|2.79748e+13|3.34792e+13|3.95737e+11|1.40931e+10|5.26537e+13|2.42905e+09|6.55204e+12|6.44979e+11|7.46708e+11,8.19724e+08|8.87204e+12|2.76143e+10|1.44234e+10|5.36324e+11|1.89646e+11|3.02345e+11|3.30225e+10|3.56307e+11|1.48353e+09|5.76853e+10|7.32581e+08|1.04208e+13|6.70334e+10|4.67133e+10|3.2906e+08|4.96975e+12|1.12013e+13|1.47899e+11|3.26577e+09|2.86817e+13|2.47264e+08|2.63574e+12|1.30372e+11|5.06847e+11,0.000494453|0.000787814|0.000201974|3.25754e-05|1.2987e-05|5.21063e-05|0.00096308|0.000277161|8.49487e-05|0.000159499|6.32916e-05|6.27016e-05|6.6054e-05|0.000475679|7.03031e-05|1.96575e-05|1.06248e-05|5.53896e-05|2.35935e-05|0.000955168|0.000124649|8.79758e-05|0.000116235|3.71253e-05|0.000185382,0.000316017|0.00788063|0.0016732|0.000181646|0.000286765|0.000368678|0.00195589|0.00418014|0.000906866|0.00384342|0.000807753|0.00113469|0.00522046|0.00104538|0.000196916|0.000428116|0.000261291|0.0025393|0.00412419|0.00344494|0.00158999|0.000493531|0.00126856|0.00313588|0.00344885,0.0109342|0.0476737|0.0313381|0.0426128|0.0377902|0.0108696|0.00712365|0.00314906|0.04851|0.0479977|0.0455502|0.00597815|0.0318744|0.01754|0.00731162|0.00118659|0.0457563|0.00111942|0.00451081|0.0168583|0.0486405|0.00783732|0.0100727|0.0266048|0.0365406,0.000178506|0.00335145|0.0470205|0.049061|0.0195364|0.0181411|0.0414669|0.0470385|0.0115254|0.0299903|0.028193|0.0245713|0.0483133|0.0283975|0.0421608|0.00176737|0.0105712|0.0449458|0.00491436|0.0482719|0.00764508|0.0327962|0.0107197|0.0179693|0.0130093,0.973537|0.954869|0.937315|0.906626|0.951762|0.923215|0.971602|0.92176|0.949999|0.96924|0.909539|0.962416|0.975256|0.963898|0.951514|0.967717|0.964079|0.924329|0.923722|0.943219|0.932977|0.960936|0.903245|0.958619|0.98883,4.63983|5.26639|3.07758|0.762282|0.85792|4.79469|3.14177|2.08786|0.722366|3.90463|3.29092|1.97158|3.22282|3.51107|4.90362|4.1126|4.96174|1.19952|4.11092|2.3897|2.64532|0.765875|4.68449|2.63855|4.04415,79.8117|56.34|51.9585|54.7186|58.7029|76.7594|88.4205|39.0733|92.3918|29.1617|29.3778|99.595|55.4093|37.2729|35.0583|13.4252|31.554|38.9947|43.4967|69.1985|21.0603|97.0433|47.0482|66.5616,0.246796|0.206669|0.222459|0.208433|0.201188|0.218425|0.232237|0.178948|0.167022|0.178937|0.202302|0.184434|0.230451|0.176784|0.209201|0.230756|0.195005|0.18226|0.160247|0.210513|0.23095|0.211509|0.167884|0.171721,0.338018|0.285239|0.326911|0.448351|0.666395|0.515127|0.516177|0.23533|0.776051|0.920295|0.747283|0.703378|0.745697|0.943162|0.297185|0.986996|0.711047|0.988985|0.922117|0.374145|0.399278|0.758395|0.410418|0.235817,0.869523,0.801463,0.117836,0.0993652,0.460468,0.534015,0.0732846,0.487967,0.198257,0.921169,51.6436,5.43263e-12,47756,0.887486,41.1981,1.06086e-12,38445,0.895553,0.876428,0.0878307,0.631141,0.996144,0.511517,0.22039,0.459803,0.228135,0.891603,87.9902,7.64954e-10,30733,0.967162,70.4477,9.04596e-11,52512
24,888,n1->n13->n14->n75->n71->n72->n70->n18->n17->n19->n68->n66->n32->n30->n29->n28->n69->n76->n78->n44->n43->n45->n47->n49->n51,5.37021e+09|6.60497e+13|3.70261e+10|8.71921e+10|7.70008e+11|6.83442e+09|6.87309e+13|7.59179e+12|1.51096e+11|2.47533e+11|1.31753e+09|1.10072e+10|1.78367e+12|1.26395e+10|3.6336e+13|1.34247e+11|8.81277e+09|4.21804e+13|3.25238e+10|5.26537e+13|1.40931e+10|8.38488e+13|4.74236e+11|2.45005e+09|7.46708e+11,8.19724e+08|8.87204e+12|1.44234e+10|5.29113e+10|1.60546e+11|1.48353e+09|9.78332e+12|4.11836e+12|1.57582e+10|2.33399e+11|3.10679e+08|8.7665e+09|1.05491e+12|1.81012e+09|1.77292e+13|1.51805e+10|7.57626e+09|1.15782e+13|2.30731e+10|2.86817e+13|3.26577e+09|1.01787e+13|1.54765e+11|2.44458e+09|5.06847e+11,0.000494453|0.000787814|3.25754e-05|0.000766915|0.00017279|0.000159499|5.13815e-05|2.98936e-05|0.000261059|0.000261527|0.000223952|0.000237659|0.000179959|4.789e-05|0.000125062|0.00056516|0.000268039|1.88608e-05|0.000270955|0.000124649|0.000955168|1.67225e-05|0.000202873|1.07426e-05|0.000185382,0.000316017|0.00788063|0.000181646|0.000203965|0.00123164|0.00384342|0.00295865|0.000681499|0.000513001|0.000768065|0.00843573|0.000470269|0.00292552|0.00655588|0.00231296|0.0093172|0.00367819|0.00214239|0.00167497|0.00158999|0.00344494|0.000742576|0.000266598|0.000979027|0.00344885,0.0109342|0.0476737|0.0426128|0.0243876|0.0398828|0.0479977|0.0286141|0.0192976|0.0430027|0.0201979|0.0370095|0.0203827|0.00778345|0.00398508|0.0255931|0.0317261|0.022957|0.00156873|0.00569443|0.0486405|0.0168583|0.00846218|0.00898217|0.0183567|0.0365406,0.000178506|0.00335145|0.049061|0.0250863|0.0326729|0.0299903|0.0216638|0.0120519|0.00442808|0.0291803|0.00589983|0.0146278|0.0161829|0.0178703|0.00291922|0.03841|0.0100342|0.0470058|0.0425349|0.00764508|0.0482719|0.0342415|0.0488958|0.0388066|0.0130093,0.973537|0.954869|0.906626|0.936129|0.947193|0.96924|0.966653|0.946711|0.974312|0.941018|0.984554|0.978907|0.953313|0.972158|0.962742|0.948072|0.975915|0.989289|0.92832|0.932977|0.943219|0.934264|0.9108|0.969899|0.98883,4.63983|5.26639|0.762282|3.39264|0.117525|3.90463|4.60778|4.38273|5.11322|1.39448|5.26958|3.10364|0.10397|5.42296|0.0327787|1.48687|2.99986|0.578949|3.3614|2.64532|2.3897|5.31688|6.27947|3.94615|4.04415,79.8117|92.5451|56.2706|14.5634|45.8448|97.4405|55.8812|43.2583|10.3361|67.5745|70.8824|27.3217|69.5993|29.3504|18.7034|97.1045|66.666|69.3348|88.5528|69.1985|48.5398|40.979|91.8261|10.4661,0.246796|0.191459|0.226178|0.169453|0.218487|0.180102|0.234874|0.218822|0.172286|0.2055|0.16183|0.199785|0.204659|0.179657|0.249902|0.207556|0.212271|0.194827|0.200088|0.210513|0.218428|0.216949|0.228404|0.216931,0.338018|0.161307|0.725021|0.275247|0.29317|0.79408|0.16843|0.981182|0.559133|0.968257|0.215539|0.769012|0.237533|0.887943|0.259002|0.438091|0.890059|0.93416|0.134865|0.374145|0.854577|0.317946|0.133861|0.516407,0.869523,0.801463,0.117836,0.0993652,0.460468,0.534015,0.0732846,0.487967,0.198257,0.921169,51.6436,5.43263e-12,47756,0.887486,41.1981,1.06086e-12,38445,0.895553,0.876428,0.0878307,0.631141,0.996144,0.511517,0.22039,0.459803,0.228135,0.891603,87.9902,7.64954e-10,30733,0.967162,70.4477,9.04596e-11,52512
24,889,n1->n13->n15->n29->n27->n52->n65->n37->n81->n83->n57->n74->n75->n14->n96->n94->n93->n77->n99->n97->n95->n89->n48->n50->n51,5.37021e+09|6.60497e+13|8.77071e+11|3.6336e+13|4.19351e+12|1.02428e+10|1.12599e+09|2.79748e+13|2.58887e+10|3.76373e+13|4.14288e+09|5.8385e+13|8.71921e+10|3.70261e+10|2.51165e+12|1.36531e+10|4.22601e+13|5.68112e+11|1.57108e+10|2.90604e+09|1.05601e+11|2.68119e+11|3.98001e+12|2.36425e+09|7.46708e+11,8.19724e+08|8.87204e+12|1.06991e+11|1.77292e+13|8.73344e+11|2.07235e+09|3.2906e+08|4.96975e+12|8.36206e+09|2.34723e+13|2.05006e+09|7.35096e+12|5.29113e+10|1.44234e+10|5.36324e+11|1.67171e+09|1.3774e+13|3.56307e+11|4.21389e+09|5.04144e+08|5.46554e+10|9.23423e+10|1.69514e+12|4.07889e+08|5.06847e+11,0.000494453|0.000787814|0.000182949|0.000125062|1.08528e-05|0.00011644|1.96575e-05|1.06248e-05|0.000268232|1.86087e-05|0.000173612|0.000875739|0.000766915|3.25754e-05|1.2987e-05|2.95455e-05|8.45967e-05|8.49487e-05|0.00089026|8.81202e-05|0.000260968|3.55201e-05|4.78153e-05|1.54283e-05|0.000185382,0.000316017|0.00788063|0.00274771|0.00231296|0.00262605|0.00580301|0.000428116|0.000261291|0.000752991|0.000175452|0.00271581|0.00944671|0.000203965|0.000181646|0.000286765|0.000125263|0.000162335|0.000906866|0.000350126|0.00494291|0.000186877|0.000111435|0.00544009|0.00907722|0.00344885,0.0109342|0.0476737|0.0207315|0.0255931|0.0303206|0.0398377|0.00118659|0.0457563|0.0481357|0.015405|0.0328142|0.0280357|0.0243876|0.0426128|0.0377902|0.00830448|0.0108045|0.04851|0.0362414|0.0381696|0.00282907|0.0107812|0.0455031|0.00638914|0.0365406,0.000178506|0.00335145|0.0378122|0.00291922|0.0230682|0.0151024|0.00176737|0.0105712|0.00997263|0.038157|0.0437642|0.0166219|0.0250863|0.049061|0.0195364|0.0293842|0.0326183|0.0115254|0.0472365|0.00800322|0.0420997|0.0401575|0.0360942|0.0483596|0.0130093,0.973537|0.954869|0.910795|0.962742|0.985376|0.965406|0.967717|0.964079|0.948836|0.947801|0.983348|0.90082|0.936129|0.906626|0.951762|0.927471|0.912097|0.949999|0.953794|0.90679|0.966581|0.926416|0.967439|0.910708|0.98883,4.63983|5.26639|1.89272|0.0327787|4.5695|0.0104102|4.1126|4.96174|1.5908|4.11052|1.93323|0.0974208|3.39264|0.762282|0.85792|5.03384|5.92115|0.722366|3.07459|1.41691|1.09944|0.0868458|3.09858|5.41755|4.04415,79.8117|66.6304|32.2763|49.6282|46.2248|56.1703|13.4252|88.8597|78.7627|50.003|95.6836|64.3401|56.2706|54.7186|71.0086|63.1349|51.9256|96.5216|94.4507|11.8968|11.8194|94.0077|23.5956|82.9474,0.246796|0.179788|0.240047|0.180772|0.183493|0.247907|0.230756|0.211898|0.170031|0.1911|0.169856|0.220369|0.226178|0.208433|0.230021|0.209804|0.247077|0.241387|0.168303|0.228013|0.168449|0.234363|0.191801|0.24308,0.338018|0.275394|0.895675|0.511755|0.657987|0.827328|0.986996|0.430076|0.530775|0.161388|0.815246|0.119032|0.725021|0.448351|0.131268|0.17375|0.469529|0.664018|0.263233|0.342677|0.776387|0.948873|0.688345|0.624607,0.869523,0.801463,0.117836,0.0993652,0.460468,0.534015,0.0732846,0.487967,0.198257,0.921169,51.6436,5.43263e-12,47756,0.887486,41.1981,1.06086e-12,38445,0.895553,0.876428,0.0878307,0.631141,0.996144,0.511517,0.22039,0.459803,0.228135,0.891603,87.9902,7.64954e-10,30733,0.967162,70.4477,9.04596e-11,52512
24,890,n1->n13->n15->n34->n36->n38->n37->n65->n52->n27->n25->n26->n47->n46->n48->n89->n88->n87->n70->n18->n19->n20->n96->n94->n51,5.37021e+09|6.60497e+13|8.77071e+11|4.7313e+12|7.73972e+11|1.16426e+13|2.79748e+13|1.12599e+09|1.02428e+10|4.19351e+12|1.67189e+13|7.09351e+09|4.74236e+11|5.53417e+12|3.98001e+12|2.68119e+11|9.00567e+12|7.3435e+12|6.87309e+13|7.59179e+12|2.47533e+11|4.0293e+11|2.51165e+12|1.36531e+10|7.46708e+11,8.19724e+08|8.87204e+12|1.06991e+11|1.15705e+12|7.77593e+10|1.19258e+12|4.96975e+12|3.2906e+08|2.07235e+09|8.73344e+11|1.40059e+13|1.31666e+09|1.54765e+11|1.63629e+12|1.69514e+12|9.23423e+10|8.66002e+12|2.79916e+12|9.78332e+12|4.11836e+12|2.33399e+11|1.89646e+11|5.36324e+11|1.67171e+09|5.06847e+11,0.000494453|0.000787814|0.000182949|0.000140889|0.000426407|1.04425e-05|1.06248e-05|1.96575e-05|0.00011644|1.08528e-05|6.30741e-05|3.77967e-05|0.000202873|0.000489732|4.78153e-05|3.55201e-05|6.2721e-05|0.000634307|5.13815e-05|2.98936e-05|0.000261527|5.21063e-05|1.2987e-05|2.95455e-05|0.000185382,0.000316017|0.00788063|0.00274771|0.000270551|0.00396778|0.00950649|0.000261291|0.000428116|0.00580301|0.00262605|0.00294926|0.00522178|0.000266598|0.000159088|0.00544009|0.000111435|0.000480267|0.00151267|0.00295865|0.000681499|0.000768065|0.000368678|0.000286765|0.000125263|0.00344885,0.0109342|0.0476737|0.0207315|0.0276207|0.00497013|0.0263713|0.0457563|0.00118659|0.0398377|0.0303206|0.0195393|0.0101688|0.00898217|0.029055|0.0455031|0.0107812|0.00850464|0.0186268|0.0286141|0.0192976|0.0201979|0.0108696|0.0377902|0.00830448|0.0365406,0.000178506|0.00335145|0.0378122|0.0210615|0.0341912|0.00318517|0.0105712|0.00176737|0.0151024|0.0230682|0.0159438|0.0409649|0.0488958|0.0302566|0.0360942|0.0401575|0.0237676|0.00979507|0.0216638|0.0120519|0.0291803|0.0181411|0.0195364|0.0293842|0.0130093,0.973537|0.954869|0.910795|0.904866|0.94998|0.902547|0.964079|0.967717|0.965406|0.985376|0.9023|0.981638|0.9108|0.923372|0.967439|0.926416|0.962132|0.977244|0.966653|0.946711|0.941018|0.923215|0.951762|0.927471|0.98883,4.63983|5.26639|1.89272|4.56594|3.70656|5.09423|4.96174|4.1126|0.0104102|4.5695|1.57149|2.91399|6.27947|0.31178|3.09858|0.0868458|1.9653|2.33192|4.60778|4.38273|1.39448|4.79469|0.85792|5.03384|4.04415,79.8117|66.6304|27.3162|89.5651|61.2725|46.986|13.4252|56.1703|46.2248|64.4551|63.0993|70.8805|71.5316|41.9872|94.0077|92.4072|57.0974|39.9413|55.8812|34.0839|86.2435|58.7029|71.0086|11.2844,0.246796|0.179788|0.231681|0.241996|0.204351|0.170599|0.230756|0.247907|0.183493|0.242248|0.228799|0.189485|0.196056|0.178665|0.234363|0.203687|0.227675|0.180359|0.234874|0.248409|0.182991|0.201188|0.230021|0.200895,0.338018|0.275394|0.750497|0.265381|0.413834|0.662799|0.986996|0.827328|0.657987|0.837222|0.359402|0.757042|0.758317|0.182289|0.948873|0.876618|0.396625|0.129355|0.16843|0.983209|0.182796|0.666395|0.131268|0.836539,0.869523,0.801463,0.117836,0.0993652,0.460468,0.534015,0.0732846,0.487967,0.198257,0.921169,51.6436,5.43263e-12,47756,0.887486,41.1981,1.06086e-12,38445,0.895553,0.876428,0.0878307,0.631141,0.996144,0.511517,0.22039,0.459803,0.228135,0.891603,87.9902,7.64954e-10,30733,0.967162,70.4477,9.04596e-11,52512
24,891,n1->n20->n89->n95->n97->n99->n77->n23->n21->n67->n64->n62->n61->n63->n42->n44->n43->n45->n72->n71->n75->n14->n96->n94->n51,5.37021e+09|4.0293e+11|2.68119e+11|1.05601e+11|2.90604e+09|1.57108e+10|5.68112e+11|4.63033e+10|1.56161e+12|4.7483e+09|4.21034e+09|2.37342e+11|6.44979e+11|6.55204e+12|2.42905e+09|5.26537e+13|1.40931e+10|8.38488e+13|6.83442e+09|7.70008e+11|8.71921e+10|3.70261e+10|2.51165e+12|1.36531e+10|7.46708e+11,8.19724e+08|1.89646e+11|9.23423e+10|5.46554e+10|5.04144e+08|4.21389e+09|3.56307e+11|3.30225e+10|3.02345e+11|7.5553e+08|1.60867e+09|1.13053e+11|1.30372e+11|2.63574e+12|2.47264e+08|2.86817e+13|3.26577e+09|1.01787e+13|1.48353e+09|1.60546e+11|5.29113e+10|1.44234e+10|5.36324e+11|1.67171e+09|5.06847e+11,0.000494453|5.21063e-05|3.55201e-05|0.000260968|8.81202e-05|0.00089026|8.49487e-05|0.000277161|0.00096308|3.91885e-05|1.88732e-05|8.24006e-05|3.71253e-05|0.000116235|8.79758e-05|0.000124649|0.000955168|1.67225e-05|0.000159499|0.00017279|0.000766915|3.25754e-05|1.2987e-05|2.95455e-05|0.000185382,0.000316017|0.000368678|0.000111435|0.000186877|0.00494291|0.000350126|0.000906866|0.00418014|0.00195589|0.000640186|0.000135861|0.00794111|0.00313588|0.00126856|0.000493531|0.00158999|0.00344494|0.000742576|0.00384342|0.00123164|0.000203965|0.000181646|0.000286765|0.000125263|0.00344885,0.0109342|0.0108696|0.0107812|0.00282907|0.0381696|0.0362414|0.04851|0.00314906|0.00712365|0.029632|0.0266797|0.0242596|0.0266048|0.0100727|0.00783732|0.0486405|0.0168583|0.00846218|0.0479977|0.0398828|0.0243876|0.0426128|0.0377902|0.00830448|0.0365406,0.000178506|0.0181411|0.0401575|0.0420997|0.00800322|0.0472365|0.0115254|0.0470385|0.0414669|0.0482082|0.0436548|0.0480911|0.0179693|0.0107197|0.0327962|0.00764508|0.0482719|0.0342415|0.0299903|0.0326729|0.0250863|0.049061|0.0195364|0.0293842|0.0130093,0.973537|0.923215|0.926416|0.966581|0.90679|0.953794|0.949999|0.92176|0.971602|0.924883|0.933821|0.98053|0.958619|0.903245|0.960936|0.932977|0.943219|0.934264|0.96924|0.947193|0.936129|0.906626|0.951762|0.927471|0.98883,4.63983|4.79469|0.0868458|1.09944|1.41691|3.07459|0.722366|2.08786|3.14177|2.06342|5.77568|5.59786|2.63855|4.68449|0.765875|2.64532|2.3897|5.31688|3.90463|0.117525|3.39264|0.762282|0.85792|5.03384|4.04415,90.7492|18.2346|11.8194|11.8968|94.4507|96.5216|39.0733|88.4205|42.5138|95.5844|93.0484|89.0369|47.0482|97.0433|21.0603|69.1985|48.5398|63.1262|45.8448|14.5634|56.2706|54.7186|71.0086|11.2844,0.215706|0.231355|0.168449|0.228013|0.168303|0.241387|0.178948|0.232237|0.197352|0.248978|0.176232|0.198053|0.167884|0.211509|0.23095|0.210513|0.218428|0.243732|0.218487|0.169453|0.226178|0.208433|0.230021|0.200895,0.53635|0.595303|0.776387|0.342677|0.263233|0.664018|0.23533|0.516177|0.602799|0.480161|0.182879|0.704733|0.410418|0.758395|0.399278|0.374145|0.854577|0.65643|0.29317|0.275247|0.725021|0.448351|0.131268|0.836539,0.869523,0.801463,0.117836,0.0993652,0.460468,0.534015,0.0732846,0.487967,0.198257,0.921169,51.6436,5.43263e-12,47756,0.887486,41.1981,1.06086e-12,38445,0.895553,0.876428,0.0878307,0.631141,0.996144,0.511517,0.22039,0.459803,0.228135,0.891603,87.9902,7.64954e-10,30733,0.967162,70.4477,9.04596e-11,52512
24,892,n1->n99->n77->n23->n21->n20->n96->n14->n75->n4->n27->n29->n28->n69->n3->n5->n65->n52->n53->n54->n56->n90->n59->n50->n51,5.37021e+09|1.57108e+10|5.68112e+11|4.63033e+10|1.56161e+12|4.0293e+11|2.51165e+12|3.70261e+10|8.71921e+10|7.07339e+12|4.19351e+12|3.6336e+13|1.34247e+11|8.81277e+09|2.78751e+13|2.91995e+11|1.12599e+09|1.02428e+10|4.60474e+10|2.80961e+11|1.1605e+12|1.33273e+11|3.04563e+11|2.36425e+09|7.46708e+11,8.19724e+08|4.21389e+09|3.56307e+11|3.30225e+10|3.02345e+11|1.89646e+11|5.36324e+11|1.44234e+10|5.29113e+10|2.43435e+12|8.73344e+11|1.77292e+13|1.51805e+10|7.57626e+09|1.44762e+13|4.67133e+10|3.2906e+08|2.07235e+09|3.18273e+10|2.23178e+11|5.65456e+11|6.41526e+10|3.06423e+10|4.07889e+08|5.06847e+11,0.000494453|0.00089026|8.49487e-05|0.000277161|0.00096308|5.21063e-05|1.2987e-05|3.25754e-05|0.000766915|0.000113681|1.08528e-05|0.000125062|0.00056516|0.000268039|0.00022361|7.03031e-05|1.96575e-05|0.00011644|2.00633e-05|1.47667e-05|1.7812e-05|0.000319756|2.43107e-05|1.54283e-05|0.000185382,0.000316017|0.000350126|0.000906866|0.00418014|0.00195589|0.000368678|0.000286765|0.000181646|0.000203965|0.00198341|0.00262605|0.00231296|0.0093172|0.00367819|0.00776667|0.000196916|0.000428116|0.00580301|0.000509085|0.00549128|0.000830638|0.000672662|0.000202742|0.00907722|0.00344885,0.0109342|0.0362414|0.04851|0.00314906|0.00712365|0.0108696|0.0377902|0.0426128|0.0243876|0.0350273|0.0303206|0.0255931|0.0317261|0.022957|0.0268705|0.00731162|0.00118659|0.0398377|5.21659e-05|0.0334079|0.0231698|0.0285929|0.00304046|0.00638914|0.0365406,0.000178506|0.0472365|0.0115254|0.0470385|0.0414669|0.0181411|0.0195364|0.049061|0.0250863|0.0273051|0.0230682|0.00291922|0.03841|0.0100342|0.0326941|0.0421608|0.00176737|0.0151024|0.00115664|0.00844474|0.0417641|0.0372754|0.0474075|0.0483596|0.0130093,0.973537|0.953794|0.949999|0.92176|0.971602|0.923215|0.951762|0.906626|0.936129|0.917619|0.985376|0.962742|0.948072|0.975915|0.982466|0.951514|0.967717|0.965406|0.913872|0.927525|0.944528|0.984478|0.99171|0.910708|0.98883,4.63983|3.07459|0.722366|2.08786|3.14177|4.79469|0.85792|0.762282|3.39264|1.56082|4.5695|0.0327787|1.48687|2.99986|4.79844|4.90362|4.1126|0.0104102|0.640024|1.22009|2.55597|4.02061|5.60303|5.41755|4.04415,66.2586|96.5216|39.0733|88.4205|76.7594|58.7029|54.7186|56.2706|81.7362|52.1141|49.6282|18.7034|97.1045|83.9106|10.4739|35.0583|56.1703|81.3721|75.3264|42.6814|40.6061|62.2588|47.7013|82.9474,0.180129|0.241387|0.178948|0.232237|0.218425|0.201188|0.208433|0.226178|0.218556|0.184605|0.180772|0.249902|0.207556|0.204476|0.163561|0.209201|0.247907|0.184589|0.191357|0.167734|0.166746|0.169222|0.170229|0.24308,0.323551|0.664018|0.23533|0.516177|0.515127|0.666395|0.448351|0.725021|0.847503|0.200735|0.511755|0.259002|0.438091|0.65353|0.469027|0.297185|0.827328|0.272111|0.567841|0.927159|0.163177|0.361153|0.776444|0.624607,0.869523,0.801463,0.117836,0.0993652,0.460468,0.534015,0.0732846,0.487967,0.198257,0.921169,51.6436,5.43263e-12,47756,0.887486,41.1981,1.06086e-12,38445,0.895553,0.876428,0.0878307,0.631141,0.996144,0.511517,0.22039,0.459803,0.228135,0.891603,87.9902,7.64954e-10,30733,0.967162,70.4477,9.04596e-11,52512
24,893,n1->n99->n98->n57->n83->n84->n85->n17->n19->n18->n20->n21->n22->n74->n35->n34->n15->n63->n79->n81->n37->n65->n64->n49->n51,5.37021e+09|1.57108e+10|1.8266e+13|4.14288e+09|3.76373e+13|1.07392e+09|2.02447e+09|1.51096e+11|2.47533e+11|7.59179e+12|4.0293e+11|1.56161e+12|1.47e+10|5.8385e+13|5.77859e+11|4.7313e+12|8.77071e+11|6.55204e+12|1.47019e+10|2.58887e+10|2.79748e+13|1.12599e+09|4.21034e+09|2.45005e+09|7.46708e+11,8.19724e+08|4.21389e+09|5.99087e+12|2.05006e+09|2.34723e+13|9.00899e+08|2.41326e+08|1.57582e+10|2.33399e+11|4.11836e+12|1.89646e+11|3.02345e+11|9.51029e+09|7.35096e+12|4.88834e+11|1.15705e+12|1.06991e+11|2.63574e+12|4.87652e+09|8.36206e+09|4.96975e+12|3.2906e+08|1.60867e+09|2.44458e+09|5.06847e+11,0.000494453|0.00089026|0.000410965|0.000173612|1.86087e-05|2.14473e-05|2.04325e-05|0.000261059|0.000261527|2.98936e-05|5.21063e-05|0.00096308|1.77434e-05|0.000875739|0.000412952|0.000140889|0.000182949|0.000116235|0.000133131|0.000268232|1.06248e-05|1.96575e-05|1.88732e-05|1.07426e-05|0.000185382,0.000316017|0.000350126|0.000548485|0.00271581|0.000175452|0.000434313|0.000338175|0.000513001|0.000768065|0.000681499|0.000368678|0.00195589|0.0006856|0.00944671|0.00138752|0.000270551|0.00274771|0.00126856|0.000479664|0.000752991|0.000261291|0.000428116|0.000135861|0.000979027|0.00344885,0.0109342|0.0362414|0.0295222|0.0328142|0.015405|0.0473575|0.0354515|0.0430027|0.0201979|0.0192976|0.0108696|0.00712365|0.0408661|0.0280357|0.00215298|0.0276207|0.0207315|0.0100727|0.0252961|0.0481357|0.0457563|0.00118659|0.0266797|0.0183567|0.0365406,0.000178506|0.0472365|0.0297366|0.0437642|0.038157|0.0366447|0.0266209|0.00442808|0.0291803|0.0120519|0.0181411|0.0414669|0.040072|0.0166219|0.0375959|0.0210615|0.0378122|0.0107197|0.0203026|0.00997263|0.0105712|0.00176737|0.0436548|0.0388066|0.0130093,0.973537|0.953794|0.959539|0.983348|0.947801|0.948551|0.940474|0.974312|0.941018|0.946711|0.923215|0.971602|0.95984|0.90082|0.952159|0.904866|0.910795|0.903245|0.966262|0.948836|0.964079|0.967717|0.933821|0.969899|0.98883,4.63983|3.07459|2.95405|1.93323|4.11052|5.42186|4.91715|5.11322|1.39448|4.38273|4.79469|3.14177|0.048646|0.0974208|5.24666|4.56594|1.89272|4.68449|3.41737|1.5908|4.96174|4.1126|5.77568|3.94615|4.04415,66.2586|58.4557|98.2355|50.003|20.1884|82.1833|84.7043|10.3361|34.0839|89.2299|76.7594|55.6995|63.8366|67.7415|26.2497|27.3162|11.0615|16.1844|26.55|88.8597|13.4252|56.7563|77.768|10.4661,0.180129|0.227784|0.190047|0.1911|0.246081|0.216313|0.225161|0.172286|0.248409|0.247215|0.218425|0.206062|0.241428|0.161632|0.244194|0.231681|0.214255|0.22961|0.238834|0.211898|0.230756|0.186349|0.165457|0.216931,0.323551|0.686264|0.757428|0.161388|0.599197|0.528406|0.880608|0.559133|0.983209|0.652252|0.515127|0.677391|0.480684|0.301798|0.307851|0.750497|0.692153|0.217843|0.957633|0.430076|0.986996|0.927837|0.348083|0.516407,0.869523,0.801463,0.117836,0.0993652,0.460468,0.534015,0.0732846,0.487967,0.198257,0.921169,51.6436,5.43263e-12,47756,0.887486,41.1981,1.06086e-12,38445,0.895553,0.876428,0.0878307,0.631141,0.996144,0.511517,0.22039,0.459803,0.228135,0.891603,87.9902,7.64954e-10,30733,0.967162,70.4477,9.04596e-11,52512
24,894,n1->n13->n15->n29->n11->n9->n7->n5->n65->n64->n36->n38->n37->n39->n41->n44->n43->n45->n72->n71->n24->n26->n27->n52->n51,5.37021e+09|6.60497e+13|8.77071e+11|3.6336e+13|1.78735e+12|1.49139e+12|3.81012e+11|2.91995e+11|1.12599e+09|4.21034e+09|7.73972e+11|1.16426e+13|2.79748e+13|3.34792e+13|3.95737e+11|5.26537e+13|1.40931e+10|8.38488e+13|6.83442e+09|7.70008e+11|1.59557e+13|7.09351e+09|4.19351e+12|1.02428e+10|7.46708e+11,8.19724e+08|8.87204e+12|1.06991e+11|1.77292e+13|3.29521e+11|3.79906e+11|6.70334e+10|4.67133e+10|3.2906e+08|1.60867e+09|7.77593e+10|1.19258e+12|4.96975e+12|1.12013e+13|1.47899e+11|2.86817e+13|3.26577e+09|1.01787e+13|1.48353e+09|1.60546e+11|4.06569e+12|1.31666e+09|8.73344e+11|2.07235e+09|5.06847e+11,0.000494453|0.000787814|0.000182949|0.000125062|5.47786e-05|1.80008e-05|0.000475679|7.03031e-05|1.96575e-05|1.88732e-05|0.000426407|1.04425e-05|1.06248e-05|5.53896e-05|2.35935e-05|0.000124649|0.000955168|1.67225e-05|0.000159499|0.00017279|0.000193265|3.77967e-05|1.08528e-05|0.00011644|0.000185382,0.000316017|0.00788063|0.00274771|0.00231296|0.00652494|0.00065196|0.00104538|0.000196916|0.000428116|0.000135861|0.00396778|0.00950649|0.000261291|0.0025393|0.00412419|0.00158999|0.00344494|0.000742576|0.00384342|0.00123164|0.0012727|0.00522178|0.00262605|0.00580301|0.00344885,0.0109342|0.0476737|0.0207315|0.0255931|0.00125292|0.0140743|0.01754|0.00731162|0.00118659|0.0266797|0.00497013|0.0263713|0.0457563|0.00111942|0.00451081|0.0486405|0.0168583|0.00846218|0.0479977|0.0398828|0.0433038|0.0101688|0.0303206|0.0398377|0.0365406,0.000178506|0.00335145|0.0378122|0.00291922|0.0136412|0.033904|0.0283975|0.0421608|0.00176737|0.0436548|0.0341912|0.00318517|0.0105712|0.0449458|0.00491436|0.00764508|0.0482719|0.0342415|0.0299903|0.0326729|0.00780618|0.0409649|0.0230682|0.0151024|0.0130093,0.973537|0.954869|0.910795|0.962742|0.988894|0.963574|0.963898|0.951514|0.967717|0.933821|0.94998|0.902547|0.964079|0.924329|0.923722|0.932977|0.943219|0.934264|0.96924|0.947193|0.90929|0.981638|0.985376|0.965406|0.98883,4.63983|5.26639|1.89272|0.0327787|0.923897|5.88966|3.51107|4.90362|4.1126|5.77568|3.70656|5.09423|4.96174|1.19952|4.11092|2.64532|2.3897|5.31688|3.90463|0.117525|3.9732|2.91399|4.5695|0.0104102|4.04415,79.8117|66.6304|32.2763|13.2112|99.0064|59.8148|37.2729|35.0583|56.7563|43.8659|61.2725|46.986|31.554|38.9947|12.7315|69.1985|48.5398|63.1262|45.8448|44.1502|83.4704|67.4197|46.2248|83.3731,0.246796|0.179788|0.240047|0.219003|0.201409|0.18359|0.176784|0.209201|0.186349|0.241695|0.204351|0.170599|0.195005|0.18226|0.246433|0.210513|0.218428|0.243732|0.218487|0.204574|0.216464|0.171162|0.183493|0.197114,0.338018|0.275394|0.895675|0.427028|0.439638|0.339058|0.943162|0.297185|0.927837|0.590576|0.413834|0.662799|0.711047|0.988985|0.665882|0.374145|0.854577|0.65643|0.29317|0.45026|0.583168|0.40751|0.657987|0.942894,0.869523,0.801463,0.117836,0.0993652,0.460468,0.534015,0.0732846,0.487967,0.198257,0.921169,51.6436,5.43263e-12,47756,0.887486,41.1981,1.06086e-12,38445,0.895553,0.876428,0.0878307,0.631141,0.996144,0.511517,0.22039,0.459803,0.228135,0.891603,87.9902,7.64954e-10,30733,0.967162,70.4477,9.04596e-11,52512
24,895,n1->n99->n77->n23->n24->n26->n47->n46->n62->n64->n93->n94->n96->n20->n89->n88->n87->n70->n72->n45->n44->n42->n63->n61->n51,5.37021e+09|1.57108e+10|5.68112e+11|4.63033e+10|1.59557e+13|7.09351e+09|4.74236e+11|5.53417e+12|2.37342e+11|4.21034e+09|4.22601e+13|1.36531e+10|2.51165e+12|4.0293e+11|2.68119e+11|9.00567e+12|7.3435e+12|6.87309e+13|6.83442e+09|8.38488e+13|5.26537e+13|2.42905e+09|6.55204e+12|6.44979e+11|7.46708e+11,8.19724e+08|4.21389e+09|3.56307e+11|3.30225e+10|4.06569e+12|1.31666e+09|1.54765e+11|1.63629e+12|1.13053e+11|1.60867e+09|1.3774e+13|1.67171e+09|5.36324e+11|1.89646e+11|9.23423e+10|8.66002e+12|2.79916e+12|9.78332e+12|1.48353e+09|1.01787e+13|2.86817e+13|2.47264e+08|2.63574e+12|1.30372e+11|5.06847e+11,0.000494453|0.00089026|8.49487e-05|0.000277161|0.000193265|3.77967e-05|0.000202873|0.000489732|8.24006e-05|1.88732e-05|8.45967e-05|2.95455e-05|1.2987e-05|5.21063e-05|3.55201e-05|6.2721e-05|0.000634307|5.13815e-05|0.000159499|1.67225e-05|0.000124649|8.79758e-05|0.000116235|3.71253e-05|0.000185382,0.000316017|0.000350126|0.000906866|0.00418014|0.0012727|0.00522178|0.000266598|0.000159088|0.00794111|0.000135861|0.000162335|0.000125263|0.000286765|0.000368678|0.000111435|0.000480267|0.00151267|0.00295865|0.00384342|0.000742576|0.00158999|0.000493531|0.00126856|0.00313588|0.00344885,0.0109342|0.0362414|0.04851|0.00314906|0.0433038|0.0101688|0.00898217|0.029055|0.0242596|0.0266797|0.0108045|0.00830448|0.0377902|0.0108696|0.0107812|0.00850464|0.0186268|0.0286141|0.0479977|0.00846218|0.0486405|0.00783732|0.0100727|0.0266048|0.0365406,0.000178506|0.0472365|0.0115254|0.0470385|0.00780618|0.0409649|0.0488958|0.0302566|0.0480911|0.0436548|0.0326183|0.0293842|0.0195364|0.0181411|0.0401575|0.0237676|0.00979507|0.0216638|0.0299903|0.0342415|0.00764508|0.0327962|0.0107197|0.0179693|0.0130093,0.973537|0.953794|0.949999|0.92176|0.90929|0.981638|0.9108|0.923372|0.98053|0.933821|0.912097|0.927471|0.951762|0.923215|0.926416|0.962132|0.977244|0.966653|0.96924|0.934264|0.932977|0.960936|0.903245|0.958619|0.98883,4.63983|3.07459|0.722366|2.08786|3.9732|2.91399|6.27947|0.31178|5.59786|5.77568|5.92115|5.03384|0.85792|4.79469|0.0868458|1.9653|2.33192|4.60778|3.90463|5.31688|2.64532|0.765875|4.68449|2.63855|4.04415,66.2586|96.5216|39.0733|44.8869|83.4704|70.8805|71.5316|56.7189|93.0484|32.5899|63.1349|71.0086|58.7029|18.2346|92.4072|57.0974|39.9413|97.4405|63.1262|57.1366|21.0603|97.0433|47.0482|66.5616,0.180129|0.241387|0.178948|0.161116|0.216464|0.189485|0.196056|0.167864|0.176232|0.178102|0.209804|0.230021|0.201188|0.231355|0.203687|0.227675|0.180359|0.180102|0.243732|0.235241|0.23095|0.211509|0.167884|0.171721,0.323551|0.664018|0.23533|0.528582|0.583168|0.757042|0.758317|0.624525|0.182879|0.548301|0.17375|0.131268|0.666395|0.595303|0.876618|0.396625|0.129355|0.79408|0.65643|0.218954|0.399278|0.758395|0.410418|0.235817,0.869523,0.801463,0.117836,0.0993652,0.460468,0.534015,0.0732846,0.487967,0.198257,0.921169,51.6436,5.43263e-12,47756,0.887486,41.1981,1.06086e-12,38445,0.895553,0.876428,0.0878307,0.631141,0.996144,0.511517,0.22039,0.459803,0.228135,0.891603,87.9902,7.64954e-10,30733,0.967162,70.4477,9.04596e-11,52512
24,896,n1->n99->n97->n95->n82->n84->n56->n55->n57->n83->n85->n17->n19->n20->n18->n70->n72->n77->n23->n24->n26->n25->n27->n52->n51,5.37021e+09|1.57108e+10|2.90604e+09|1.05601e+11|1.07979e+13|1.07392e+09|1.1605e+12|8.84081e+12|4.14288e+09|3.76373e+13|2.02447e+09|1.51096e+11|2.47533e+11|4.0293e+11|7.59179e+12|6.87309e+13|6.83442e+09|5.68112e+11|4.63033e+10|1.59557e+13|7.09351e+09|1.67189e+13|4.19351e+12|1.02428e+10|7.46708e+11,8.19724e+08|4.21389e+09|5.04144e+08|5.46554e+10|1.66379e+12|9.00899e+08|5.65456e+11|4.69454e+12|2.05006e+09|2.34723e+13|2.41326e+08|1.57582e+10|2.33399e+11|1.89646e+11|4.11836e+12|9.78332e+12|1.48353e+09|3.56307e+11|3.30225e+10|4.06569e+12|1.31666e+09|1.40059e+13|8.73344e+11|2.07235e+09|5.06847e+11,0.000494453|0.00089026|8.81202e-05|0.000260968|0.000837919|2.14473e-05|1.7812e-05|4.06274e-05|0.000173612|1.86087e-05|2.04325e-05|0.000261059|0.000261527|5.21063e-05|2.98936e-05|5.13815e-05|0.000159499|8.49487e-05|0.000277161|0.000193265|3.77967e-05|6.30741e-05|1.08528e-05|0.00011644|0.000185382,0.000316017|0.000350126|0.00494291|0.000186877|0.00271152|0.000434313|0.000830638|0.000128431|0.00271581|0.000175452|0.000338175|0.000513001|0.000768065|0.000368678|0.000681499|0.00295865|0.00384342|0.000906866|0.00418014|0.0012727|0.00522178|0.00294926|0.00262605|0.00580301|0.00344885,0.0109342|0.0362414|0.0381696|0.00282907|0.0278433|0.0473575|0.0231698|0.00843704|0.0328142|0.015405|0.0354515|0.0430027|0.0201979|0.0108696|0.0192976|0.0286141|0.0479977|0.04851|0.00314906|0.0433038|0.0101688|0.0195393|0.0303206|0.0398377|0.0365406,0.000178506|0.0472365|0.00800322|0.0420997|0.0266174|0.0366447|0.0417641|0.0314938|0.0437642|0.038157|0.0266209|0.00442808|0.0291803|0.0181411|0.0120519|0.0216638|0.0299903|0.0115254|0.0470385|0.00780618|0.0409649|0.0159438|0.0230682|0.0151024|0.0130093,0.973537|0.953794|0.90679|0.966581|0.934435|0.948551|0.944528|0.908585|0.983348|0.947801|0.940474|0.974312|0.941018|0.923215|0.946711|0.966653|0.96924|0.949999|0.92176|0.90929|0.981638|0.9023|0.985376|0.965406|0.98883,4.63983|3.07459|1.41691|1.09944|0.132111|5.42186|2.55597|3.37071|1.93323|4.11052|4.91715|5.11322|1.39448|4.79469|4.38273|4.60778|3.90463|0.722366|2.08786|3.9732|2.91399|1.57149|4.5695|0.0104102|4.04415,66.2586|94.4507|11.8968|75.699|83.37|34.4372|95.3312|61.5999|50.003|92.2019|84.7043|10.3361|86.2435|89.2299|55.8812|97.4405|92.3918|39.0733|44.8869|83.4704|63.0993|64.4551|46.2248|83.3731,0.180129|0.168303|0.228013|0.21275|0.203763|0.222961|0.167906|0.220389|0.1911|0.231254|0.225161|0.172286|0.182991|0.247215|0.234874|0.180102|0.167022|0.178948|0.161116|0.216464|0.228799|0.242248|0.183493|0.197114,0.323551|0.263233|0.342677|0.837867|0.808712|0.762891|0.402595|0.549818|0.161388|0.604504|0.880608|0.559133|0.182796|0.652252|0.16843|0.79408|0.776051|0.23533|0.528582|0.583168|0.359402|0.837222|0.657987|0.942894,0.869523,0.801463,0.117836,0.0993652,0.460468,0.534015,0.0732846,0.487967,0.198257,0.921169,51.6436,5.43263e-12,47756,0.887486,41.1981,1.06086e-12,38445,0.895553,0.876428,0.0878307,0.631141,0.996144,0.511517,0.22039,0.459803,0.228135,0.891603,87.9902,7.64954e-10,30733,0.967162,70.4477,9.04596e-11,52512
24,897,n1->n20->n96->n97->n99->n98->n57->n83->n23->n24->n33->n84->n82->n63->n10->n9->n11->n13->n14->n75->n76->n30->n29->n50->n51,5.37021e+09|4.0293e+11|2.51165e+12|2.90604e+09|1.57108e+10|1.8266e+13|4.14288e+09|3.76373e+13|4.63033e+10|1.59557e+13|3.64323e+13|1.07392e+09|1.07979e+13|6.55204e+12|2.49624e+09|1.49139e+12|1.78735e+12|6.60497e+13|3.70261e+10|8.71921e+10|4.21804e+13|1.26395e+10|3.6336e+13|2.36425e+09|7.46708e+11,8.19724e+08|1.89646e+11|5.36324e+11|5.04144e+08|4.21389e+09|5.99087e+12|2.05006e+09|2.34723e+13|3.30225e+10|4.06569e+12|6.32377e+12|9.00899e+08|1.66379e+12|2.63574e+12|7.32581e+08|3.79906e+11|3.29521e+11|8.87204e+12|1.44234e+10|5.29113e+10|1.15782e+13|1.81012e+09|1.77292e+13|4.07889e+08|5.06847e+11,0.000494453|5.21063e-05|1.2987e-05|8.81202e-05|0.00089026|0.000410965|0.000173612|1.86087e-05|0.000277161|0.000193265|1.50316e-05|2.14473e-05|0.000837919|0.000116235|6.27016e-05|1.80008e-05|5.47786e-05|0.000787814|3.25754e-05|0.000766915|1.88608e-05|4.789e-05|0.000125062|1.54283e-05|0.000185382,0.000316017|0.000368678|0.000286765|0.00494291|0.000350126|0.000548485|0.00271581|0.000175452|0.00418014|0.0012727|0.00213059|0.000434313|0.00271152|0.00126856|0.00113469|0.00065196|0.00652494|0.00788063|0.000181646|0.000203965|0.00214239|0.00655588|0.00231296|0.00907722|0.00344885,0.0109342|0.0108696|0.0377902|0.0381696|0.0362414|0.0295222|0.0328142|0.015405|0.00314906|0.0433038|0.00968695|0.0473575|0.0278433|0.0100727|0.00597815|0.0140743|0.00125292|0.0476737|0.0426128|0.0243876|0.00156873|0.00398508|0.0255931|0.00638914|0.0365406,0.000178506|0.0181411|0.0195364|0.00800322|0.0472365|0.0297366|0.0437642|0.038157|0.0470385|0.00780618|0.0280967|0.0366447|0.0266174|0.0107197|0.0245713|0.033904|0.0136412|0.00335145|0.049061|0.0250863|0.0470058|0.0178703|0.00291922|0.0483596|0.0130093,0.973537|0.923215|0.951762|0.90679|0.953794|0.959539|0.983348|0.947801|0.92176|0.90929|0.923653|0.948551|0.934435|0.903245|0.962416|0.963574|0.988894|0.954869|0.906626|0.936129|0.989289|0.972158|0.962742|0.910708|0.98883,4.63983|4.79469|0.85792|1.41691|3.07459|2.95405|1.93323|4.11052|2.08786|3.9732|1.04264|5.42186|0.132111|4.68449|1.97158|5.88966|0.923897|5.26639|0.762282|3.39264|0.578949|5.42296|0.0327787|5.41755|4.04415,90.7492|58.7029|37.9513|94.4507|58.4557|98.2355|50.003|23.518|44.8869|98.0873|59.7094|83.37|48.6997|65.1286|65.9961|99.0064|13.9548|92.5451|56.2706|63.5216|21.8454|29.3504|37.0378|82.9474,0.215706|0.201188|0.246589|0.168303|0.227784|0.190047|0.1911|0.181099|0.161116|0.239791|0.183728|0.203763|0.175742|0.203746|0.193896|0.201409|0.189728|0.191459|0.226178|0.207806|0.220509|0.179657|0.191256|0.24308,0.53635|0.666395|0.157157|0.263233|0.686264|0.757428|0.161388|0.741177|0.528582|0.939209|0.218166|0.808712|0.4301|0.514129|0.982181|0.439638|0.801183|0.161307|0.725021|0.844544|0.936019|0.887943|0.182586|0.624607,0.869523,0.801463,0.117836,0.0993652,0.460468,0.534015,0.0732846,0.487967,0.198257,0.921169,51.6436,5.43263e-12,47756,0.887486,41.1981,1.06086e-12,38445,0.895553,0.876428,0.0878307,0.631141,0.996144,0.511517,0.22039,0.459803,0.228135,0.891603,87.9902,7.64954e-10,30733,0.967162,70.4477,9.04596e-11,52512
24,898,n1->n20->n89->n90->n88->n87->n70->n72->n73->n10->n63->n82->n80->n78->n44->n43->n45->n47->n26->n25->n27->n28->n29->n50->n51,5.37021e+09|4.0293e+11|2.68119e+11|1.33273e+11|9.00567e+12|7.3435e+12|6.87309e+13|6.83442e+09|1.41706e+11|2.49624e+09|6.55204e+12|1.07979e+13|2.45686e+13|3.25238e+10|5.26537e+13|1.40931e+10|8.38488e+13|4.74236e+11|7.09351e+09|1.67189e+13|4.19351e+12|1.34247e+11|3.6336e+13|2.36425e+09|7.46708e+11,8.19724e+08|1.89646e+11|9.23423e+10|6.41526e+10|8.66002e+12|2.79916e+12|9.78332e+12|1.48353e+09|5.76853e+10|7.32581e+08|2.63574e+12|1.66379e+12|2.75437e+12|2.30731e+10|2.86817e+13|3.26577e+09|1.01787e+13|1.54765e+11|1.31666e+09|1.40059e+13|8.73344e+11|1.51805e+10|1.77292e+13|4.07889e+08|5.06847e+11,0.000494453|5.21063e-05|3.55201e-05|0.000319756|6.2721e-05|0.000634307|5.13815e-05|0.000159499|6.32916e-05|6.27016e-05|0.000116235|0.000837919|1.13052e-05|0.000270955|0.000124649|0.000955168|1.67225e-05|0.000202873|3.77967e-05|6.30741e-05|1.08528e-05|0.00056516|0.000125062|1.54283e-05|0.000185382,0.000316017|0.000368678|0.000111435|0.000672662|0.000480267|0.00151267|0.00295865|0.00384342|0.000807753|0.00113469|0.00126856|0.00271152|0.000238286|0.00167497|0.00158999|0.00344494|0.000742576|0.000266598|0.00522178|0.00294926|0.00262605|0.0093172|0.00231296|0.00907722|0.00344885,0.0109342|0.0108696|0.0107812|0.0285929|0.00850464|0.0186268|0.0286141|0.0479977|0.0455502|0.00597815|0.0100727|0.0278433|0.00592883|0.00569443|0.0486405|0.0168583|0.00846218|0.00898217|0.0101688|0.0195393|0.0303206|0.0317261|0.0255931|0.00638914|0.0365406,0.000178506|0.0181411|0.0401575|0.0372754|0.0237676|0.00979507|0.0216638|0.0299903|0.028193|0.0245713|0.0107197|0.0266174|0.0262948|0.0425349|0.00764508|0.0482719|0.0342415|0.0488958|0.0409649|0.0159438|0.0230682|0.03841|0.00291922|0.0483596|0.0130093,0.973537|0.923215|0.926416|0.984478|0.962132|0.977244|0.966653|0.96924|0.909539|0.962416|0.903245|0.934435|0.919013|0.92832|0.932977|0.943219|0.934264|0.9108|0.981638|0.9023|0.985376|0.948072|0.962742|0.910708|0.98883,4.63983|4.79469|0.0868458|4.02061|1.9653|2.33192|4.60778|3.90463|3.29092|1.97158|4.68449|0.132111|0.100836|3.3614|2.64532|2.3897|5.31688|6.27947|2.91399|1.57149|4.5695|1.48687|0.0327787|5.41755|4.04415,90.7492|18.2346|12.726|14.1987|57.0974|39.9413|97.4405|29.1617|29.3778|65.1286|48.6997|47.0365|66.5291|88.5528|69.1985|48.5398|40.979|70.8805|63.0993|64.4551|23.5709|18.7034|37.0378|82.9474,0.215706|0.231355|0.226099|0.244274|0.227675|0.180359|0.180102|0.178937|0.202302|0.203746|0.175742|0.231931|0.222935|0.200088|0.210513|0.218428|0.216949|0.189485|0.228799|0.242248|0.207151|0.249902|0.191256|0.24308,0.53635|0.595303|0.757755|0.997795|0.396625|0.129355|0.79408|0.920295|0.747283|0.514129|0.4301|0.796307|0.109088|0.134865|0.374145|0.854577|0.317946|0.757042|0.359402|0.837222|0.340196|0.259002|0.182586|0.624607,0.869523,0.801463,0.117836,0.0993652,0.460468,0.534015,0.0732846,0.487967,0.198257,0.921169,51.6436,5.43263e-12,47756,0.887486,41.1981,1.06086e-12,38445,0.895553,0.876428,0.0878307,0.631141,0.996144,0.511517,0.22039,0.459803,0.228135,0.891603,87.9902,7.64954e-10,30733,0.967162,70.4477,9.04596e-11,52512
24,899,n1->n99->n97->n95->n93->n77->n23->n83->n57->n74->n76->n75->n14->n96->n20->n21->n67->n64->n65->n37->n81->n79->n63->n61->n51,5.37021e+09|1.57108e+10|2.90604e+09|1.05601e+11|4.22601e+13|5.68112e+11|4.63033e+10|3.76373e+13|4.14288e+09|5.8385e+13|4.21804e+13|8.71921e+10|3.70261e+10|2.51165e+12|4.0293e+11|1.56161e+12|4.7483e+09|4.21034e+09|1.12599e+09|2.79748e+13|2.58887e+10|1.47019e+10|6.55204e+12|6.44979e+11|7.46708e+11,8.19724e+08|4.21389e+09|5.04144e+08|5.46554e+10|1.3774e+13|3.56307e+11|3.30225e+10|2.34723e+13|2.05006e+09|7.35096e+12|1.15782e+13|5.29113e+10|1.44234e+10|5.36324e+11|1.89646e+11|3.02345e+11|7.5553e+08|1.60867e+09|3.2906e+08|4.96975e+12|8.36206e+09|4.87652e+09|2.63574e+12|1.30372e+11|5.06847e+11,0.000494453|0.00089026|8.81202e-05|0.000260968|8.45967e-05|8.49487e-05|0.000277161|1.86087e-05|0.000173612|0.000875739|1.88608e-05|0.000766915|3.25754e-05|1.2987e-05|5.21063e-05|0.00096308|3.91885e-05|1.88732e-05|1.96575e-05|1.06248e-05|0.000268232|0.000133131|0.000116235|3.71253e-05|0.000185382,0.000316017|0.000350126|0.00494291|0.000186877|0.000162335|0.000906866|0.00418014|0.000175452|0.00271581|0.00944671|0.00214239|0.000203965|0.000181646|0.000286765|0.000368678|0.00195589|0.000640186|0.000135861|0.000428116|0.000261291|0.000752991|0.000479664|0.00126856|0.00313588|0.00344885,0.0109342|0.0362414|0.0381696|0.00282907|0.0108045|0.04851|0.00314906|0.015405|0.0328142|0.0280357|0.00156873|0.0243876|0.0426128|0.0377902|0.0108696|0.00712365|0.029632|0.0266797|0.00118659|0.0457563|0.0481357|0.0252961|0.0100727|0.0266048|0.0365406,0.000178506|0.0472365|0.00800322|0.0420997|0.0326183|0.0115254|0.0470385|0.038157|0.0437642|0.0166219|0.0470058|0.0250863|0.049061|0.0195364|0.0181411|0.0414669|0.0482082|0.0436548|0.00176737|0.0105712|0.00997263|0.0203026|0.0107197|0.0179693|0.0130093,0.973537|0.953794|0.90679|0.966581|0.912097|0.949999|0.92176|0.947801|0.983348|0.90082|0.989289|0.936129|0.906626|0.951762|0.923215|0.971602|0.924883|0.933821|0.967717|0.964079|0.948836|0.966262|0.903245|0.958619|0.98883,4.63983|3.07459|1.41691|1.09944|5.92115|0.722366|2.08786|4.11052|1.93323|0.0974208|0.578949|3.39264|0.762282|0.85792|4.79469|3.14177|2.06342|5.77568|4.1126|4.96174|1.5908|3.41737|4.68449|2.63855|4.04415,66.2586|94.4507|11.8968|24.941|51.9256|39.0733|23.518|50.003|95.6836|53.1277|63.5216|56.2706|54.7186|58.7029|76.7594|42.5138|95.5844|56.7563|13.4252|88.8597|26.55|16.1844|47.0482|66.5616,0.180129|0.168303|0.228013|0.237661|0.247077|0.178948|0.181099|0.1911|0.169856|0.181342|0.207806|0.226178|0.208433|0.201188|0.218425|0.197352|0.248978|0.186349|0.230756|0.211898|0.238834|0.22961|0.167884|0.171721,0.323551|0.263233|0.342677|0.985064|0.469529|0.23533|0.741177|0.161388|0.815246|0.519715|0.844544|0.725021|0.448351|0.666395|0.515127|0.602799|0.480161|0.927837|0.986996|0.430076|0.957633|0.217843|0.410418|0.235817,0.869523,0.801463,0.117836,0.0993652,0.460468,0.534015,0.0732846,0.487967,0.198257,0.921169,51.6436,5.43263e-12,47756,0.887486,41.1981,1.06086e-12,38445,0.895553,0.876428,0.0878307,0.631141,0.996144,0.511517,0.22039,0.459803,0.228135,0.891603,87.9902,7.64954e-10,30733,0.967162,70.4477,9.04596e-11,52512
24,900,n1->n13->n15->n34->n32->n66->n68->n22->n74->n76->n69->n3->n5->n7->n2->n100->n73->n10->n63->n42->n40->n54->n53->n52->n51,5.37021e+09|6.60497e+13|8.77071e+11|4.7313e+12|1.78367e+12|1.10072e+10|1.31753e+09|1.47e+10|5.8385e+13|4.21804e+13|8.81277e+09|2.78751e+13|2.91995e+11|3.81012e+11|5.94248e+10|4.01966e+09|1.41706e+11|2.49624e+09|6.55204e+12|2.42905e+09|3.58065e+10|2.80961e+11|4.60474e+10|1.02428e+10|7.46708e+11,8.19724e+08|8.87204e+12|1.06991e+11|1.15705e+12|1.05491e+12|8.7665e+09|3.10679e+08|9.51029e+09|7.35096e+12|1.15782e+13|7.57626e+09|1.44762e+13|4.67133e+10|6.70334e+10|3.74975e+10|2.27749e+09|5.76853e+10|7.32581e+08|2.63574e+12|2.47264e+08|4.14657e+09|2.23178e+11|3.18273e+10|2.07235e+09|5.06847e+11,0.000494453|0.000787814|0.000182949|0.000140889|0.000179959|0.000237659|0.000223952|1.77434e-05|0.000875739|1.88608e-05|0.000268039|0.00022361|7.03031e-05|0.000475679|1.10648e-05|0.000665246|6.32916e-05|6.27016e-05|0.000116235|8.79758e-05|6.01341e-05|1.47667e-05|2.00633e-05|0.00011644|0.000185382,0.000316017|0.00788063|0.00274771|0.000270551|0.00292552|0.000470269|0.00843573|0.0006856|0.00944671|0.00214239|0.00367819|0.00776667|0.000196916|0.00104538|0.00120557|0.00914892|0.000807753|0.00113469|0.00126856|0.000493531|0.00268841|0.00549128|0.000509085|0.00580301|0.00344885,0.0109342|0.0476737|0.0207315|0.0276207|0.00778345|0.0203827|0.0370095|0.0408661|0.0280357|0.00156873|0.022957|0.0268705|0.00731162|0.01754|0.00369149|0.0100829|0.0455502|0.00597815|0.0100727|0.00783732|0.0249103|0.0334079|5.21659e-05|0.0398377|0.0365406,0.000178506|0.00335145|0.0378122|0.0210615|0.0161829|0.0146278|0.00589983|0.040072|0.0166219|0.0470058|0.0100342|0.0326941|0.0421608|0.0283975|0.0127317|0.0460028|0.028193|0.0245713|0.0107197|0.0327962|0.033399|0.00844474|0.00115664|0.0151024|0.0130093,0.973537|0.954869|0.910795|0.904866|0.953313|0.978907|0.984554|0.95984|0.90082|0.989289|0.975915|0.982466|0.951514|0.963898|0.968894|0.935175|0.909539|0.962416|0.903245|0.960936|0.920308|0.927525|0.913872|0.965406|0.98883,4.63983|5.26639|1.89272|4.56594|0.10397|3.10364|5.26958|0.048646|0.0974208|0.578949|2.99986|4.79844|4.90362|3.51107|4.74216|3.89025|3.29092|1.97158|4.68449|0.765875|2.50002|1.22009|0.640024|0.0104102|4.04415,79.8117|66.6304|27.3162|23.0914|27.3217|70.8824|15.3326|63.8366|53.1277|66.666|83.9106|10.4739|37.2729|88.6198|37.015|20.1165|29.3778|65.1286|97.0433|77.6192|12.2677|75.3264|81.3721|83.3731,0.246796|0.179788|0.231681|0.18593|0.199785|0.16183|0.236297|0.241428|0.181342|0.212271|0.204476|0.163561|0.176784|0.228013|0.17211|0.175955|0.202302|0.203746|0.211509|0.243521|0.248162|0.191357|0.184589|0.197114,0.338018|0.275394|0.750497|0.12287|0.769012|0.215539|0.655447|0.480684|0.519715|0.890059|0.65353|0.469027|0.943162|0.84397|0.315214|0.825877|0.747283|0.514129|0.758395|0.14346|0.812759|0.567841|0.272111|0.942894,0.869523,0.801463,0.117836,0.0993652,0.460468,0.534015,0.0732846,0.487967,0.198257,0.921169,51.6436,5.43263e-12,47756,0.887486,41.1981,1.06086e-12,38445,0.895553,0.876428,0.0878307,0.631141,0.996144,0.511517,0.22039,0.459803,0.228135,0.891603,87.9902,7.64954e-10,30733,0.967162,70.4477,9.04596e-11,52512
24,901,n1->n13->n14->n96->n97->n99->n98->n57->n83->n23->n77->n72->n45->n43->n41->n44->n78->n85->n58->n59->n50->n29->n27->n52->n51,5.37021e+09|6.60497e+13|3.70261e+10|2.51165e+12|2.90604e+09|1.57108e+10|1.8266e+13|4.14288e+09|3.76373e+13|4.63033e+10|5.68112e+11|6.83442e+09|8.38488e+13|1.40931e+10|3.95737e+11|5.26537e+13|3.25238e+10|2.02447e+09|8.16696e+09|3.04563e+11|2.36425e+09|3.6336e+13|4.19351e+12|1.02428e+10|7.46708e+11,8.19724e+08|8.87204e+12|1.44234e+10|5.36324e+11|5.04144e+08|4.21389e+09|5.99087e+12|2.05006e+09|2.34723e+13|3.30225e+10|3.56307e+11|1.48353e+09|1.01787e+13|3.26577e+09|1.47899e+11|2.86817e+13|2.30731e+10|2.41326e+08|6.89506e+09|3.06423e+10|4.07889e+08|1.77292e+13|8.73344e+11|2.07235e+09|5.06847e+11,0.000494453|0.000787814|3.25754e-05|1.2987e-05|8.81202e-05|0.00089026|0.000410965|0.000173612|1.86087e-05|0.000277161|8.49487e-05|0.000159499|1.67225e-05|0.000955168|2.35935e-05|0.000124649|0.000270955|2.04325e-05|0.000266735|2.43107e-05|1.54283e-05|0.000125062|1.08528e-05|0.00011644|0.000185382,0.000316017|0.00788063|0.000181646|0.000286765|0.00494291|0.000350126|0.000548485|0.00271581|0.000175452|0.00418014|0.000906866|0.00384342|0.000742576|0.00344494|0.00412419|0.00158999|0.00167497|0.000338175|0.00874893|0.000202742|0.00907722|0.00231296|0.00262605|0.00580301|0.00344885,0.0109342|0.0476737|0.0426128|0.0377902|0.0381696|0.0362414|0.0295222|0.0328142|0.015405|0.00314906|0.04851|0.0479977|0.00846218|0.0168583|0.00451081|0.0486405|0.00569443|0.0354515|0.0248478|0.00304046|0.00638914|0.0255931|0.0303206|0.0398377|0.0365406,0.000178506|0.00335145|0.049061|0.0195364|0.00800322|0.0472365|0.0297366|0.0437642|0.038157|0.0470385|0.0115254|0.0299903|0.0342415|0.0482719|0.00491436|0.00764508|0.0425349|0.0266209|0.0481122|0.0474075|0.0483596|0.00291922|0.0230682|0.0151024|0.0130093,0.973537|0.954869|0.906626|0.951762|0.90679|0.953794|0.959539|0.983348|0.947801|0.92176|0.949999|0.96924|0.934264|0.943219|0.923722|0.932977|0.92832|0.940474|0.911658|0.99171|0.910708|0.962742|0.985376|0.965406|0.98883,4.63983|5.26639|0.762282|0.85792|1.41691|3.07459|2.95405|1.93323|4.11052|2.08786|0.722366|3.90463|5.31688|2.3897|4.11092|2.64532|3.3614|4.91715|3.70937|5.60303|5.41755|0.0327787|4.5695|0.0104102|4.04415,79.8117|92.5451|54.7186|37.9513|94.4507|58.4557|98.2355|50.003|23.518|39.0733|92.3918|63.1262|48.5398|43.4967|12.7315|88.5528|67.1704|90.6886|56.397|47.7013|37.0378|49.6282|46.2248|83.3731,0.246796|0.191459|0.208433|0.246589|0.168303|0.227784|0.190047|0.1911|0.181099|0.178948|0.167022|0.243732|0.218428|0.160247|0.246433|0.200088|0.184721|0.194345|0.21902|0.170229|0.191256|0.180772|0.183493|0.197114,0.338018|0.161307|0.448351|0.157157|0.263233|0.686264|0.757428|0.161388|0.741177|0.23533|0.776051|0.65643|0.854577|0.922117|0.665882|0.134865|0.609732|0.45102|0.533324|0.776444|0.182586|0.511755|0.657987|0.942894,0.869523,0.801463,0.117836,0.0993652,0.460468,0.534015,0.0732846,0.487967,0.198257,0.921169,51.6436,5.43263e-12,47756,0.887486,41.1981,1.06086e-12,38445,0.895553,0.876428,0.0878307,0.631141,0.996144,0.511517,0.22039,0.459803,0.228135,0.891603,87.9902,7.64954e-10,30733,0.967162,70.4477,9.04596e-11,52512
24,902,n1->n99->n98->n57->n83->n84->n33->n35->n34->n36->n64->n62->n60->n50->n29->n11->n13->n15->n63->n10->n73->n54->n53->n52->n51,5.37021e+09|1.57108e+10|1.8266e+13|4.14288e+09|3.76373e+13|1.07392e+09|3.64323e+13|5.77859e+11|4.7313e+12|7.73972e+11|4.21034e+09|2.37342e+11|8.79841e+13|2.36425e+09|3.6336e+13|1.78735e+12|6.60497e+13|8.77071e+11|6.55204e+12|2.49624e+09|1.41706e+11|2.80961e+11|4.60474e+10|1.02428e+10|7.46708e+11,8.19724e+08|4.21389e+09|5.99087e+12|2.05006e+09|2.34723e+13|9.00899e+08|6.32377e+12|4.88834e+11|1.15705e+12|7.77593e+10|1.60867e+09|1.13053e+11|5.95756e+13|4.07889e+08|1.77292e+13|3.29521e+11|8.87204e+12|1.06991e+11|2.63574e+12|7.32581e+08|5.76853e+10|2.23178e+11|3.18273e+10|2.07235e+09|5.06847e+11,0.000494453|0.00089026|0.000410965|0.000173612|1.86087e-05|2.14473e-05|1.50316e-05|0.000412952|0.000140889|0.000426407|1.88732e-05|8.24006e-05|0.000731749|1.54283e-05|0.000125062|5.47786e-05|0.000787814|0.000182949|0.000116235|6.27016e-05|6.32916e-05|1.47667e-05|2.00633e-05|0.00011644|0.000185382,0.000316017|0.000350126|0.000548485|0.00271581|0.000175452|0.000434313|0.00213059|0.00138752|0.000270551|0.00396778|0.000135861|0.00794111|0.000248463|0.00907722|0.00231296|0.00652494|0.00788063|0.00274771|0.00126856|0.00113469|0.000807753|0.00549128|0.000509085|0.00580301|0.00344885,0.0109342|0.0362414|0.0295222|0.0328142|0.015405|0.0473575|0.00968695|0.00215298|0.0276207|0.00497013|0.0266797|0.0242596|0.0128442|0.00638914|0.0255931|0.00125292|0.0476737|0.0207315|0.0100727|0.00597815|0.0455502|0.0334079|5.21659e-05|0.0398377|0.0365406,0.000178506|0.0472365|0.0297366|0.0437642|0.038157|0.0366447|0.0280967|0.0375959|0.0210615|0.0341912|0.0436548|0.0480911|0.0431033|0.0483596|0.00291922|0.0136412|0.00335145|0.0378122|0.0107197|0.0245713|0.028193|0.00844474|0.00115664|0.0151024|0.0130093,0.973537|0.953794|0.959539|0.983348|0.947801|0.948551|0.923653|0.952159|0.904866|0.94998|0.933821|0.98053|0.945549|0.910708|0.962742|0.988894|0.954869|0.910795|0.903245|0.962416|0.909539|0.927525|0.913872|0.965406|0.98883,4.63983|3.07459|2.95405|1.93323|4.11052|5.42186|1.04264|5.24666|4.56594|3.70656|5.77568|5.59786|4.50487|5.41755|0.0327787|0.923897|5.26639|1.89272|4.68449|1.97158|3.29092|1.22009|0.640024|0.0104102|4.04415,66.2586|58.4557|98.2355|50.003|20.1884|59.7094|93.5115|26.2497|89.5651|43.8659|93.0484|48.3985|22.3088|37.0378|13.2112|13.9548|66.6304|11.0615|65.1286|29.3778|26.1465|75.3264|81.3721|83.3731,0.180129|0.227784|0.190047|0.1911|0.246081|0.183728|0.242679|0.244194|0.241996|0.241695|0.176232|0.17162|0.190841|0.191256|0.219003|0.189728|0.179788|0.214255|0.203746|0.202302|0.196311|0.191357|0.184589|0.197114,0.323551|0.686264|0.757428|0.161388|0.599197|0.218166|0.487093|0.307851|0.265381|0.590576|0.182879|0.641887|0.323935|0.182586|0.427028|0.801183|0.275394|0.692153|0.514129|0.747283|0.754315|0.567841|0.272111|0.942894,0.869523,0.801463,0.117836,0.0993652,0.460468,0.534015,0.0732846,0.487967,0.198257,0.921169,51.6436,5.43263e-12,47756,0.887486,41.1981,1.06086e-12,38445,0.895553,0.876428,0.0878307,0.631141,0.996144,0.511517,0.22039,0.459803,0.228135,0.891603,87.9902,7.64954e-10,30733,0.967162,70.4477,9.04596e-11,52512
24,903,n1->n99->n97->n96->n94->n93->n64->n67->n21->n23->n24->n71->n75->n4->n2->n7->n9->n10->n8->n12->n13->n11->n29->n50->n51,5.37021e+09|1.57108e+10|2.90604e+09|2.51165e+12|1.36531e+10|4.22601e+13|4.21034e+09|4.7483e+09|1.56161e+12|4.63033e+10|1.59557e+13|7.70008e+11|8.71921e+10|7.07339e+12|5.94248e+10|3.81012e+11|1.49139e+12|2.49624e+09|4.61239e+13|9.70597e+10|6.60497e+13|1.78735e+12|3.6336e+13|2.36425e+09|7.46708e+11,8.19724e+08|4.21389e+09|5.04144e+08|5.36324e+11|1.67171e+09|1.3774e+13|1.60867e+09|7.5553e+08|3.02345e+11|3.30225e+10|4.06569e+12|1.60546e+11|5.29113e+10|2.43435e+12|3.74975e+10|6.70334e+10|3.79906e+11|7.32581e+08|1.04208e+13|2.76143e+10|8.87204e+12|3.29521e+11|1.77292e+13|4.07889e+08|5.06847e+11,0.000494453|0.00089026|8.81202e-05|1.2987e-05|2.95455e-05|8.45967e-05|1.88732e-05|3.91885e-05|0.00096308|0.000277161|0.000193265|0.00017279|0.000766915|0.000113681|1.10648e-05|0.000475679|1.80008e-05|6.27016e-05|6.6054e-05|0.000201974|0.000787814|5.47786e-05|0.000125062|1.54283e-05|0.000185382,0.000316017|0.000350126|0.00494291|0.000286765|0.000125263|0.000162335|0.000135861|0.000640186|0.00195589|0.00418014|0.0012727|0.00123164|0.000203965|0.00198341|0.00120557|0.00104538|0.00065196|0.00113469|0.00522046|0.0016732|0.00788063|0.00652494|0.00231296|0.00907722|0.00344885,0.0109342|0.0362414|0.0381696|0.0377902|0.00830448|0.0108045|0.0266797|0.029632|0.00712365|0.00314906|0.0433038|0.0398828|0.0243876|0.0350273|0.00369149|0.01754|0.0140743|0.00597815|0.0318744|0.0313381|0.0476737|0.00125292|0.0255931|0.00638914|0.0365406,0.000178506|0.0472365|0.00800322|0.0195364|0.0293842|0.0326183|0.0436548|0.0482082|0.0414669|0.0470385|0.00780618|0.0326729|0.0250863|0.0273051|0.0127317|0.0283975|0.033904|0.0245713|0.0483133|0.0470205|0.00335145|0.0136412|0.00291922|0.0483596|0.0130093,0.973537|0.953794|0.90679|0.951762|0.927471|0.912097|0.933821|0.924883|0.971602|0.92176|0.90929|0.947193|0.936129|0.917619|0.968894|0.963898|0.963574|0.962416|0.975256|0.937315|0.954869|0.988894|0.962742|0.910708|0.98883,4.63983|3.07459|1.41691|0.85792|5.03384|5.92115|5.77568|2.06342|3.14177|2.08786|3.9732|0.117525|3.39264|1.56082|4.74216|3.51107|5.88966|1.97158|3.22282|3.07758|5.26639|0.923897|0.0327787|5.41755|4.04415,66.2586|94.4507|37.9513|71.0086|63.1349|32.5899|95.5844|42.5138|88.4205|44.8869|44.1502|14.5634|81.7362|30.2686|88.6198|59.8148|65.9961|99.595|81.3396|56.34|13.9548|13.2112|37.0378|82.9474,0.180129|0.168303|0.246589|0.230021|0.209804|0.178102|0.248978|0.197352|0.232237|0.161116|0.204574|0.169453|0.218556|0.239023|0.228013|0.18359|0.193896|0.184434|0.186476|0.206669|0.189728|0.219003|0.191256|0.24308,0.323551|0.263233|0.157157|0.131268|0.17375|0.548301|0.480161|0.602799|0.516177|0.528582|0.45026|0.275247|0.847503|0.514427|0.84397|0.339058|0.982181|0.703378|0.379326|0.285239|0.801183|0.427028|0.182586|0.624607,0.869523,0.801463,0.117836,0.0993652,0.460468,0.534015,0.0732846,0.487967,0.198257,0.921169,51.6436,5.43263e-12,47756,0.887486,41.1981,1.06086e-12,38445,0.895553,0.876428,0.0878307,0.631141,0.996144,0.511517,0.22039,0.459803,0.228135,0.891603,87.9902,7.64954e-10,30733,0.967162,70.4477,9.04596e-11,52512
24,904,n1->n20->n21->n23->n24->n71->n75->n14->n12->n13->n15->n63->n42->n40->n54->n55->n56->n84->n33->n32->n34->n36->n64->n49->n51,5.37021e+09|4.0293e+11|1.56161e+12|4.63033e+10|1.59557e+13|7.70008e+11|8.71921e+10|3.70261e+10|9.70597e+10|6.60497e+13|8.77071e+11|6.55204e+12|2.42905e+09|3.58065e+10|2.80961e+11|8.84081e+12|1.1605e+12|1.07392e+09|3.64323e+13|1.78367e+12|4.7313e+12|7.73972e+11|4.21034e+09|2.45005e+09|7.46708e+11,8.19724e+08|1.89646e+11|3.02345e+11|3.30225e+10|4.06569e+12|1.60546e+11|5.29113e+10|1.44234e+10|2.76143e+10|8.87204e+12|1.06991e+11|2.63574e+12|2.47264e+08|4.14657e+09|2.23178e+11|4.69454e+12|5.65456e+11|9.00899e+08|6.32377e+12|1.05491e+12|1.15705e+12|7.77593e+10|1.60867e+09|2.44458e+09|5.06847e+11,0.000494453|5.21063e-05|0.00096308|0.000277161|0.000193265|0.00017279|0.000766915|3.25754e-05|0.000201974|0.000787814|0.000182949|0.000116235|8.79758e-05|6.01341e-05|1.47667e-05|4.06274e-05|1.7812e-05|2.14473e-05|1.50316e-05|0.000179959|0.000140889|0.000426407|1.88732e-05|1.07426e-05|0.000185382,0.000316017|0.000368678|0.00195589|0.00418014|0.0012727|0.00123164|0.000203965|0.000181646|0.0016732|0.00788063|0.00274771|0.00126856|0.000493531|0.00268841|0.00549128|0.000128431|0.000830638|0.000434313|0.00213059|0.00292552|0.000270551|0.00396778|0.000135861|0.000979027|0.00344885,0.0109342|0.0108696|0.00712365|0.00314906|0.0433038|0.0398828|0.0243876|0.0426128|0.0313381|0.0476737|0.0207315|0.0100727|0.00783732|0.0249103|0.0334079|0.00843704|0.0231698|0.0473575|0.00968695|0.00778345|0.0276207|0.00497013|0.0266797|0.0183567|0.0365406,0.000178506|0.0181411|0.0414669|0.0470385|0.00780618|0.0326729|0.0250863|0.049061|0.0470205|0.00335145|0.0378122|0.0107197|0.0327962|0.033399|0.00844474|0.0314938|0.0417641|0.0366447|0.0280967|0.0161829|0.0210615|0.0341912|0.0436548|0.0388066|0.0130093,0.973537|0.923215|0.971602|0.92176|0.90929|0.947193|0.936129|0.906626|0.937315|0.954869|0.910795|0.903245|0.960936|0.920308|0.927525|0.908585|0.944528|0.948551|0.923653|0.953313|0.904866|0.94998|0.933821|0.969899|0.98883,4.63983|4.79469|3.14177|2.08786|3.9732|0.117525|3.39264|0.762282|3.07758|5.26639|1.89272|4.68449|0.765875|2.50002|1.22009|3.37071|2.55597|5.42186|1.04264|0.10397|4.56594|3.70656|5.77568|3.94615|4.04415,90.7492|76.7594|88.4205|44.8869|44.1502|14.5634|56.2706|51.9585|56.34|66.6304|11.0615|97.0433|77.6192|12.2677|27.8669|95.3312|34.4372|59.7094|61.2747|23.0914|89.5651|43.8659|77.768|10.4661,0.215706|0.218425|0.232237|0.161116|0.204574|0.169453|0.226178|0.222459|0.206669|0.179788|0.214255|0.211509|0.243521|0.248162|0.169326|0.167906|0.222961|0.183728|0.208144|0.18593|0.241996|0.241695|0.165457|0.216931,0.53635|0.515127|0.516177|0.528582|0.45026|0.275247|0.725021|0.326911|0.285239|0.275394|0.692153|0.758395|0.14346|0.812759|0.414082|0.402595|0.762891|0.218166|0.704271|0.12287|0.265381|0.590576|0.348083|0.516407,0.869523,0.801463,0.117836,0.0993652,0.460468,0.534015,0.0732846,0.487967,0.198257,0.921169,51.6436,5.43263e-12,47756,0.887486,41.1981,1.06086e-12,38445,0.895553,0.876428,0.0878307,0.631141,0.996144,0.511517,0.22039,0.459803,0.228135,0.891603,87.9902,7.64954e-10,30733,0.967162,70.4477,9.04596e-11,52512
24,905,n1->n99->n98->n57->n55->n53->n54->n40->n42->n44->n78->n85->n65->n37->n81->n83->n23->n24->n71->n75->n76->n30->n29->n50->n51,5.37021e+09|1.57108e+10|1.8266e+13|4.14288e+09|8.84081e+12|4.60474e+10|2.80961e+11|3.58065e+10|2.42905e+09|5.26537e+13|3.25238e+10|2.02447e+09|1.12599e+09|2.79748e+13|2.58887e+10|3.76373e+13|4.63033e+10|1.59557e+13|7.70008e+11|8.71921e+10|4.21804e+13|1.26395e+10|3.6336e+13|2.36425e+09|7.46708e+11,8.19724e+08|4.21389e+09|5.99087e+12|2.05006e+09|4.69454e+12|3.18273e+10|2.23178e+11|4.14657e+09|2.47264e+08|2.86817e+13|2.30731e+10|2.41326e+08|3.2906e+08|4.96975e+12|8.36206e+09|2.34723e+13|3.30225e+10|4.06569e+12|1.60546e+11|5.29113e+10|1.15782e+13|1.81012e+09|1.77292e+13|4.07889e+08|5.06847e+11,0.000494453|0.00089026|0.000410965|0.000173612|4.06274e-05|2.00633e-05|1.47667e-05|6.01341e-05|8.79758e-05|0.000124649|0.000270955|2.04325e-05|1.96575e-05|1.06248e-05|0.000268232|1.86087e-05|0.000277161|0.000193265|0.00017279|0.000766915|1.88608e-05|4.789e-05|0.000125062|1.54283e-05|0.000185382,0.000316017|0.000350126|0.000548485|0.00271581|0.000128431|0.000509085|0.00549128|0.00268841|0.000493531|0.00158999|0.00167497|0.000338175|0.000428116|0.000261291|0.000752991|0.000175452|0.00418014|0.0012727|0.00123164|0.000203965|0.00214239|0.00655588|0.00231296|0.00907722|0.00344885,0.0109342|0.0362414|0.0295222|0.0328142|0.00843704|5.21659e-05|0.0334079|0.0249103|0.00783732|0.0486405|0.00569443|0.0354515|0.00118659|0.0457563|0.0481357|0.015405|0.00314906|0.0433038|0.0398828|0.0243876|0.00156873|0.00398508|0.0255931|0.00638914|0.0365406,0.000178506|0.0472365|0.0297366|0.0437642|0.0314938|0.00115664|0.00844474|0.033399|0.0327962|0.00764508|0.0425349|0.0266209|0.00176737|0.0105712|0.00997263|0.038157|0.0470385|0.00780618|0.0326729|0.0250863|0.0470058|0.0178703|0.00291922|0.0483596|0.0130093,0.973537|0.953794|0.959539|0.983348|0.908585|0.913872|0.927525|0.920308|0.960936|0.932977|0.92832|0.940474|0.967717|0.964079|0.948836|0.947801|0.92176|0.90929|0.947193|0.936129|0.989289|0.972158|0.962742|0.910708|0.98883,4.63983|3.07459|2.95405|1.93323|3.37071|0.640024|1.22009|2.50002|0.765875|2.64532|3.3614|4.91715|4.1126|4.96174|1.5908|4.11052|2.08786|3.9732|0.117525|3.39264|0.578949|5.42296|0.0327787|5.41755|4.04415,66.2586|58.4557|98.2355|61.5999|30.3781|75.3264|12.2677|77.6192|21.0603|88.5528|67.1704|82.5435|13.4252|88.8597|78.7627|23.518|44.8869|44.1502|14.5634|63.5216|21.8454|29.3504|37.0378|82.9474,0.180129|0.227784|0.190047|0.220389|0.207992|0.191357|0.248162|0.243521|0.23095|0.200088|0.184721|0.20461|0.230756|0.211898|0.170031|0.181099|0.161116|0.204574|0.169453|0.207806|0.220509|0.179657|0.191256|0.24308,0.323551|0.686264|0.757428|0.549818|0.646488|0.567841|0.812759|0.14346|0.399278|0.134865|0.609732|0.519435|0.986996|0.430076|0.530775|0.741177|0.528582|0.45026|0.275247|0.844544|0.936019|0.887943|0.182586|0.624607,0.869523,0.801463,0.117836,0.0993652,0.460468,0.534015,0.0732846,0.487967,0.198257,0.921169,51.6436,5.43263e-12,47756,0.887486,41.1981,1.06086e-12,38445,0.895553,0.876428,0.0878307,0.631141,0.996144,0.511517,0.22039,0.459803,0.228135,0.891603,87.9902,7.64954e-10,30733,0.967162,70.4477,9.04596e-11,52512
24,906,n1->n99->n77->n23->n83->n57->n74->n75->n76->n78->n85->n65->n64->n36->n38->n67->n21->n20->n18->n70->n69->n28->n29->n50->n51,5.37021e+09|1.57108e+10|5.68112e+11|4.63033e+10|3.76373e+13|4.14288e+09|5.8385e+13|8.71921e+10|4.21804e+13|3.25238e+10|2.02447e+09|1.12599e+09|4.21034e+09|7.73972e+11|1.16426e+13|4.7483e+09|1.56161e+12|4.0293e+11|7.59179e+12|6.87309e+13|8.81277e+09|1.34247e+11|3.6336e+13|2.36425e+09|7.46708e+11,8.19724e+08|4.21389e+09|3.56307e+11|3.30225e+10|2.34723e+13|2.05006e+09|7.35096e+12|5.29113e+10|1.15782e+13|2.30731e+10|2.41326e+08|3.2906e+08|1.60867e+09|7.77593e+10|1.19258e+12|7.5553e+08|3.02345e+11|1.89646e+11|4.11836e+12|9.78332e+12|7.57626e+09|1.51805e+10|1.77292e+13|4.07889e+08|5.06847e+11,0.000494453|0.00089026|8.49487e-05|0.000277161|1.86087e-05|0.000173612|0.000875739|0.000766915|1.88608e-05|0.000270955|2.04325e-05|1.96575e-05|1.88732e-05|0.000426407|1.04425e-05|3.91885e-05|0.00096308|5.21063e-05|2.98936e-05|5.13815e-05|0.000268039|0.00056516|0.000125062|1.54283e-05|0.000185382,0.000316017|0.000350126|0.000906866|0.00418014|0.000175452|0.00271581|0.00944671|0.000203965|0.00214239|0.00167497|0.000338175|0.000428116|0.000135861|0.00396778|0.00950649|0.000640186|0.00195589|0.000368678|0.000681499|0.00295865|0.00367819|0.0093172|0.00231296|0.00907722|0.00344885,0.0109342|0.0362414|0.04851|0.00314906|0.015405|0.0328142|0.0280357|0.0243876|0.00156873|0.00569443|0.0354515|0.00118659|0.0266797|0.00497013|0.0263713|0.029632|0.00712365|0.0108696|0.0192976|0.0286141|0.022957|0.0317261|0.0255931|0.00638914|0.0365406,0.000178506|0.0472365|0.0115254|0.0470385|0.038157|0.0437642|0.0166219|0.0250863|0.0470058|0.0425349|0.0266209|0.00176737|0.0436548|0.0341912|0.00318517|0.0482082|0.0414669|0.0181411|0.0120519|0.0216638|0.0100342|0.03841|0.00291922|0.0483596|0.0130093,0.973537|0.953794|0.949999|0.92176|0.947801|0.983348|0.90082|0.936129|0.989289|0.92832|0.940474|0.967717|0.933821|0.94998|0.902547|0.924883|0.971602|0.923215|0.946711|0.966653|0.975915|0.948072|0.962742|0.910708|0.98883,4.63983|3.07459|0.722366|2.08786|4.11052|1.93323|0.0974208|3.39264|0.578949|3.3614|4.91715|4.1126|5.77568|3.70656|5.09423|2.06342|3.14177|4.79469|4.38273|4.60778|2.99986|1.48687|0.0327787|5.41755|4.04415,66.2586|96.5216|39.0733|23.518|50.003|95.6836|64.3401|63.5216|69.3348|67.1704|82.5435|56.7563|43.8659|61.2725|59.2872|42.5138|76.7594|89.2299|55.8812|74.5377|97.1045|18.7034|37.0378|82.9474,0.180129|0.241387|0.178948|0.181099|0.1911|0.169856|0.220369|0.207806|0.194827|0.184721|0.20461|0.186349|0.241695|0.204351|0.200548|0.197352|0.218425|0.247215|0.234874|0.172691|0.207556|0.249902|0.191256|0.24308,0.323551|0.664018|0.23533|0.741177|0.161388|0.815246|0.119032|0.844544|0.93416|0.609732|0.519435|0.927837|0.590576|0.413834|0.127053|0.602799|0.515127|0.652252|0.16843|0.416585|0.438091|0.259002|0.182586|0.624607,0.869523,0.801463,0.117836,0.0993652,0.460468,0.534015,0.0732846,0.487967,0.198257,0.921169,51.6436,5.43263e-12,47756,0.887486,41.1981,1.06086e-12,38445,0.895553,0.876428,0.0878307,0.631141,0.996144,0.511517,0.22039,0.459803,0.228135,0.891603,87.9902,7.64954e-10,30733,0.967162,70.4477,9.04596e-11,52512
24,907,n1->n13->n15->n63->n79->n81->n80->n82->n54->n56->n90->n59->n60->n50->n48->n89->n20->n19->n18->n16->n38->n37->n65->n52->n51,5.37021e+09|6.60497e+13|8.77071e+11|6.55204e+12|1.47019e+10|2.58887e+10|2.45686e+13|1.07979e+13|2.80961e+11|1.1605e+12|1.33273e+11|3.04563e+11|8.79841e+13|2.36425e+09|3.98001e+12|2.68119e+11|4.0293e+11|2.47533e+11|7.59179e+12|1.09193e+13|1.16426e+13|2.79748e+13|1.12599e+09|1.02428e+10|7.46708e+11,8.19724e+08|8.87204e+12|1.06991e+11|2.63574e+12|4.87652e+09|8.36206e+09|2.75437e+12|1.66379e+12|2.23178e+11|5.65456e+11|6.41526e+10|3.06423e+10|5.95756e+13|4.07889e+08|1.69514e+12|9.23423e+10|1.89646e+11|2.33399e+11|4.11836e+12|1.33827e+12|1.19258e+12|4.96975e+12|3.2906e+08|2.07235e+09|5.06847e+11,0.000494453|0.000787814|0.000182949|0.000116235|0.000133131|0.000268232|1.13052e-05|0.000837919|1.47667e-05|1.7812e-05|0.000319756|2.43107e-05|0.000731749|1.54283e-05|4.78153e-05|3.55201e-05|5.21063e-05|0.000261527|2.98936e-05|3.71682e-05|1.04425e-05|1.06248e-05|1.96575e-05|0.00011644|0.000185382,0.000316017|0.00788063|0.00274771|0.00126856|0.000479664|0.000752991|0.000238286|0.00271152|0.00549128|0.000830638|0.000672662|0.000202742|0.000248463|0.00907722|0.00544009|0.000111435|0.000368678|0.000768065|0.000681499|0.00174713|0.00950649|0.000261291|0.000428116|0.00580301|0.00344885,0.0109342|0.0476737|0.0207315|0.0100727|0.0252961|0.0481357|0.00592883|0.0278433|0.0334079|0.0231698|0.0285929|0.00304046|0.0128442|0.00638914|0.0455031|0.0107812|0.0108696|0.0201979|0.0192976|0.0123696|0.0263713|0.0457563|0.00118659|0.0398377|0.0365406,0.000178506|0.00335145|0.0378122|0.0107197|0.0203026|0.00997263|0.0262948|0.0266174|0.00844474|0.0417641|0.0372754|0.0474075|0.0431033|0.0483596|0.0360942|0.0401575|0.0181411|0.0291803|0.0120519|0.0240438|0.00318517|0.0105712|0.00176737|0.0151024|0.0130093,0.973537|0.954869|0.910795|0.903245|0.966262|0.948836|0.919013|0.934435|0.927525|0.944528|0.984478|0.99171|0.945549|0.910708|0.967439|0.926416|0.923215|0.941018|0.946711|0.979533|0.902547|0.964079|0.967717|0.965406|0.98883,4.63983|5.26639|1.89272|4.68449|3.41737|1.5908|0.100836|0.132111|1.22009|2.55597|4.02061|5.60303|4.50487|5.41755|3.09858|0.0868458|4.79469|1.39448|4.38273|1.69436|5.09423|4.96174|4.1126|0.0104102|4.04415,79.8117|66.6304|11.0615|16.1844|26.55|15.5679|47.0365|41.1455|42.6814|40.6061|62.2588|76.8491|22.3088|23.5956|94.0077|18.2346|86.2435|34.0839|72.2829|28.0546|46.986|13.4252|56.1703|83.3731,0.246796|0.179788|0.214255|0.22961|0.238834|0.212149|0.231931|0.242874|0.167734|0.166746|0.169222|0.204072|0.190841|0.191801|0.234363|0.231355|0.182991|0.248409|0.180241|0.17367|0.170599|0.230756|0.247907|0.197114,0.338018|0.275394|0.692153|0.217843|0.957633|0.870283|0.796307|0.378494|0.927159|0.163177|0.361153|0.509755|0.323935|0.688345|0.948873|0.595303|0.182796|0.983209|0.553025|0.828443|0.662799|0.986996|0.827328|0.942894,0.869523,0.801463,0.117836,0.0993652,0.460468,0.534015,0.0732846,0.487967,0.198257,0.921169,51.6436,5.43263e-12,47756,0.887486,41.1981,1.06086e-12,38445,0.895553,0.876428,0.0878307,0.631141,0.996144,0.511517,0.22039,0.459803,0.228135,0.891603,87.9902,7.64954e-10,30733,0.967162,70.4477,9.04596e-11,52512
24,908,n1->n99->n77->n72->n70->n87->n86->n76->n74->n35->n31->n29->n50->n60->n62->n64->n49->n47->n45->n43->n44->n42->n63->n61->n51,5.37021e+09|1.57108e+10|5.68112e+11|6.83442e+09|6.87309e+13|7.3435e+12|3.85304e+10|4.21804e+13|5.8385e+13|5.77859e+11|4.79342e+12|3.6336e+13|2.36425e+09|8.79841e+13|2.37342e+11|4.21034e+09|2.45005e+09|4.74236e+11|8.38488e+13|1.40931e+10|5.26537e+13|2.42905e+09|6.55204e+12|6.44979e+11|7.46708e+11,8.19724e+08|4.21389e+09|3.56307e+11|1.48353e+09|9.78332e+12|2.79916e+12|4.69095e+09|1.15782e+13|7.35096e+12|4.88834e+11|4.42443e+12|1.77292e+13|4.07889e+08|5.95756e+13|1.13053e+11|1.60867e+09|2.44458e+09|1.54765e+11|1.01787e+13|3.26577e+09|2.86817e+13|2.47264e+08|2.63574e+12|1.30372e+11|5.06847e+11,0.000494453|0.00089026|8.49487e-05|0.000159499|5.13815e-05|0.000634307|6.21631e-05|1.88608e-05|0.000875739|0.000412952|0.00024651|0.000125062|1.54283e-05|0.000731749|8.24006e-05|1.88732e-05|1.07426e-05|0.000202873|1.67225e-05|0.000955168|0.000124649|8.79758e-05|0.000116235|3.71253e-05|0.000185382,0.000316017|0.000350126|0.000906866|0.00384342|0.00295865|0.00151267|0.00341054|0.00214239|0.00944671|0.00138752|0.00308746|0.00231296|0.00907722|0.000248463|0.00794111|0.000135861|0.000979027|0.000266598|0.000742576|0.00344494|0.00158999|0.000493531|0.00126856|0.00313588|0.00344885,0.0109342|0.0362414|0.04851|0.0479977|0.0286141|0.0186268|0.0237043|0.00156873|0.0280357|0.00215298|0.0211034|0.0255931|0.00638914|0.0128442|0.0242596|0.0266797|0.0183567|0.00898217|0.00846218|0.0168583|0.0486405|0.00783732|0.0100727|0.0266048|0.0365406,0.000178506|0.0472365|0.0115254|0.0299903|0.0216638|0.00979507|0.0488574|0.0470058|0.0166219|0.0375959|0.0151027|0.00291922|0.0483596|0.0431033|0.0480911|0.0436548|0.0388066|0.0488958|0.0342415|0.0482719|0.00764508|0.0327962|0.0107197|0.0179693|0.0130093,0.973537|0.953794|0.949999|0.96924|0.966653|0.977244|0.981332|0.989289|0.90082|0.952159|0.943878|0.962742|0.910708|0.945549|0.98053|0.933821|0.969899|0.9108|0.934264|0.943219|0.932977|0.960936|0.903245|0.958619|0.98883,4.63983|3.07459|0.722366|3.90463|4.60778|2.33192|4.96971|0.578949|0.0974208|5.24666|4.82496|0.0327787|5.41755|4.50487|5.59786|5.77568|3.94615|6.27947|5.31688|2.3897|2.64532|0.765875|4.68449|2.63855|4.04415,66.2586|96.5216|92.3918|97.4405|39.9413|88.9922|37.5994|53.1277|67.7415|91.3525|70.4589|37.0378|22.3088|48.3985|93.0484|77.768|91.8261|40.979|48.5398|69.1985|21.0603|97.0433|47.0482|66.5616,0.180129|0.241387|0.167022|0.180102|0.180359|0.246364|0.17745|0.181342|0.161632|0.243038|0.246199|0.191256|0.190841|0.17162|0.176232|0.165457|0.228404|0.216949|0.218428|0.210513|0.23095|0.211509|0.167884|0.171721,0.323551|0.664018|0.776051|0.79408|0.129355|0.83582|0.871942|0.519715|0.301798|0.658826|0.415176|0.182586|0.323935|0.641887|0.182879|0.348083|0.133861|0.317946|0.854577|0.374145|0.399278|0.758395|0.410418|0.235817,0.869523,0.801463,0.117836,0.0993652,0.460468,0.534015,0.0732846,0.487967,0.198257,0.921169,51.6436,5.43263e-12,47756,0.887486,41.1981,1.06086e-12,38445,0.895553,0.876428,0.0878307,0.631141,0.996144,0.511517,0.22039,0.459803,0.228135,0.891603,87.9902,7.64954e-10,30733,0.967162,70.4477,9.04596e-11,52512
24,909,n1->n13->n12->n8->n10->n39->n41->n43->n45->n44->n78->n80->n81->n79->n63->n42->n40->n54->n73->n71->n72->n77->n93->n94->n51,5.37021e+09|6.60497e+13|9.70597e+10|4.61239e+13|2.49624e+09|3.34792e+13|3.95737e+11|1.40931e+10|8.38488e+13|5.26537e+13|3.25238e+10|2.45686e+13|2.58887e+10|1.47019e+10|6.55204e+12|2.42905e+09|3.58065e+10|2.80961e+11|1.41706e+11|7.70008e+11|6.83442e+09|5.68112e+11|4.22601e+13|1.36531e+10|7.46708e+11,8.19724e+08|8.87204e+12|2.76143e+10|1.04208e+13|7.32581e+08|1.12013e+13|1.47899e+11|3.26577e+09|1.01787e+13|2.86817e+13|2.30731e+10|2.75437e+12|8.36206e+09|4.87652e+09|2.63574e+12|2.47264e+08|4.14657e+09|2.23178e+11|5.76853e+10|1.60546e+11|1.48353e+09|3.56307e+11|1.3774e+13|1.67171e+09|5.06847e+11,0.000494453|0.000787814|0.000201974|6.6054e-05|6.27016e-05|5.53896e-05|2.35935e-05|0.000955168|1.67225e-05|0.000124649|0.000270955|1.13052e-05|0.000268232|0.000133131|0.000116235|8.79758e-05|6.01341e-05|1.47667e-05|6.32916e-05|0.00017279|0.000159499|8.49487e-05|8.45967e-05|2.95455e-05|0.000185382,0.000316017|0.00788063|0.0016732|0.00522046|0.00113469|0.0025393|0.00412419|0.00344494|0.000742576|0.00158999|0.00167497|0.000238286|0.000752991|0.000479664|0.00126856|0.000493531|0.00268841|0.00549128|0.000807753|0.00123164|0.00384342|0.000906866|0.000162335|0.000125263|0.00344885,0.0109342|0.0476737|0.0313381|0.0318744|0.00597815|0.00111942|0.00451081|0.0168583|0.00846218|0.0486405|0.00569443|0.00592883|0.0481357|0.0252961|0.0100727|0.00783732|0.0249103|0.0334079|0.0455502|0.0398828|0.0479977|0.04851|0.0108045|0.00830448|0.0365406,0.000178506|0.00335145|0.0470205|0.0483133|0.0245713|0.0449458|0.00491436|0.0482719|0.0342415|0.00764508|0.0425349|0.0262948|0.00997263|0.0203026|0.0107197|0.0327962|0.033399|0.00844474|0.028193|0.0326729|0.0299903|0.0115254|0.0326183|0.0293842|0.0130093,0.973537|0.954869|0.937315|0.975256|0.962416|0.924329|0.923722|0.943219|0.934264|0.932977|0.92832|0.919013|0.948836|0.966262|0.903245|0.960936|0.920308|0.927525|0.909539|0.947193|0.96924|0.949999|0.912097|0.927471|0.98883,4.63983|5.26639|3.07758|3.22282|1.97158|1.19952|4.11092|2.3897|5.31688|2.64532|3.3614|0.100836|1.5908|3.41737|4.68449|0.765875|2.50002|1.22009|3.29092|0.117525|3.90463|0.722366|5.92115|5.03384|4.04415,79.8117|56.34|81.3396|99.595|24.4191|38.9947|43.4967|48.5398|57.1366|88.5528|66.5291|15.5679|26.55|16.1844|97.0433|77.6192|12.2677|26.1465|28.2621|45.8448|92.3918|51.9256|63.1349|11.2844,0.246796|0.206669|0.186476|0.184434|0.239532|0.18226|0.160247|0.218428|0.235241|0.200088|0.222935|0.212149|0.238834|0.22961|0.211509|0.243521|0.248162|0.196311|0.242769|0.218487|0.167022|0.247077|0.209804|0.200895,0.338018|0.285239|0.379326|0.703378|0.991722|0.988985|0.922117|0.854577|0.218954|0.134865|0.109088|0.870283|0.957633|0.217843|0.758395|0.14346|0.812759|0.754315|0.940077|0.29317|0.776051|0.469529|0.17375|0.836539,0.869523,0.801463,0.117836,0.0993652,0.460468,0.534015,0.0732846,0.487967,0.198257,0.921169,51.6436,5.43263e-12,47756,0.887486,41.1981,1.06086e-12,38445,0.895553,0.876428,0.0878307,0.631141,0.996144,0.511517,0.22039,0.459803,0.228135,0.891603,87.9902,7.64954e-10,30733,0.967162,70.4477,9.04596e-11,52512
24,910,n1->n20->n18->n70->n87->n86->n76->n78->n44->n41->n43->n45->n47->n46->n62->n61->n63->n82->n80->n81->n37->n65->n64->n49->n51,5.37021e+09|4.0293e+11|7.59179e+12|6.87309e+13|7.3435e+12|3.85304e+10|4.21804e+13|3.25238e+10|5.26537e+13|3.95737e+11|1.40931e+10|8.38488e+13|4.74236e+11|5.53417e+12|2.37342e+11|6.44979e+11|6.55204e+12|1.07979e+13|2.45686e+13|2.58887e+10|2.79748e+13|1.12599e+09|4.21034e+09|2.45005e+09|7.46708e+11,8.19724e+08|1.89646e+11|4.11836e+12|9.78332e+12|2.79916e+12|4.69095e+09|1.15782e+13|2.30731e+10|2.86817e+13|1.47899e+11|3.26577e+09|1.01787e+13|1.54765e+11|1.63629e+12|1.13053e+11|1.30372e+11|2.63574e+12|1.66379e+12|2.75437e+12|8.36206e+09|4.96975e+12|3.2906e+08|1.60867e+09|2.44458e+09|5.06847e+11,0.000494453|5.21063e-05|2.98936e-05|5.13815e-05|0.000634307|6.21631e-05|1.88608e-05|0.000270955|0.000124649|2.35935e-05|0.000955168|1.67225e-05|0.000202873|0.000489732|8.24006e-05|3.71253e-05|0.000116235|0.000837919|1.13052e-05|0.000268232|1.06248e-05|1.96575e-05|1.88732e-05|1.07426e-05|0.000185382,0.000316017|0.000368678|0.000681499|0.00295865|0.00151267|0.00341054|0.00214239|0.00167497|0.00158999|0.00412419|0.00344494|0.000742576|0.000266598|0.000159088|0.00794111|0.00313588|0.00126856|0.00271152|0.000238286|0.000752991|0.000261291|0.000428116|0.000135861|0.000979027|0.00344885,0.0109342|0.0108696|0.0192976|0.0286141|0.0186268|0.0237043|0.00156873|0.00569443|0.0486405|0.00451081|0.0168583|0.00846218|0.00898217|0.029055|0.0242596|0.0266048|0.0100727|0.0278433|0.00592883|0.0481357|0.0457563|0.00118659|0.0266797|0.0183567|0.0365406,0.000178506|0.0181411|0.0120519|0.0216638|0.00979507|0.0488574|0.0470058|0.0425349|0.00764508|0.00491436|0.0482719|0.0342415|0.0488958|0.0302566|0.0480911|0.0179693|0.0107197|0.0266174|0.0262948|0.00997263|0.0105712|0.00176737|0.0436548|0.0388066|0.0130093,0.973537|0.923215|0.946711|0.966653|0.977244|0.981332|0.989289|0.92832|0.932977|0.923722|0.943219|0.934264|0.9108|0.923372|0.98053|0.958619|0.903245|0.934435|0.919013|0.948836|0.964079|0.967717|0.933821|0.969899|0.98883,4.63983|4.79469|4.38273|4.60778|2.33192|4.96971|0.578949|3.3614|2.64532|4.11092|2.3897|5.31688|6.27947|0.31178|5.59786|2.63855|4.68449|0.132111|0.100836|1.5908|4.96174|4.1126|5.77568|3.94615|4.04415,90.7492|89.2299|55.8812|39.9413|88.9922|37.5994|69.3348|88.5528|12.7315|43.4967|48.5398|40.979|71.5316|56.7189|89.0369|47.0482|48.6997|47.0365|15.5679|88.8597|13.4252|56.7563|77.768|10.4661,0.215706|0.247215|0.234874|0.180359|0.246364|0.17745|0.194827|0.200088|0.246433|0.160247|0.218428|0.216949|0.196056|0.167864|0.198053|0.167884|0.175742|0.231931|0.212149|0.211898|0.230756|0.186349|0.165457|0.216931,0.53635|0.652252|0.16843|0.129355|0.83582|0.871942|0.93416|0.134865|0.665882|0.922117|0.854577|0.317946|0.758317|0.624525|0.704733|0.410418|0.4301|0.796307|0.870283|0.430076|0.986996|0.927837|0.348083|0.516407,0.869523,0.801463,0.117836,0.0993652,0.460468,0.534015,0.0732846,0.487967,0.198257,0.921169,51.6436,5.43263e-12,47756,0.887486,41.1981,1.06086e-12,38445,0.895553,0.876428,0.0878307,0.631141,0.996144,0.511517,0.22039,0.459803,0.228135,0.891603,87.9902,7.64954e-10,30733,0.967162,70.4477,9.04596e-11,52512
24,911,n1->n20->n96->n94->n93->n95->n97->n99->n77->n23->n83->n85->n17->n19->n68->n58->n59->n50->n60->n62->n46->n48->n47->n49->n51,5.37021e+09|4.0293e+11|2.51165e+12|1.36531e+10|4.22601e+13|1.05601e+11|2.90604e+09|1.57108e+10|5.68112e+11|4.63033e+10|3.76373e+13|2.02447e+09|1.51096e+11|2.47533e+11|1.31753e+09|8.16696e+09|3.04563e+11|2.36425e+09|8.79841e+13|2.37342e+11|5.53417e+12|3.98001e+12|4.74236e+11|2.45005e+09|7.46708e+11,8.19724e+08|1.89646e+11|5.36324e+11|1.67171e+09|1.3774e+13|5.46554e+10|5.04144e+08|4.21389e+09|3.56307e+11|3.30225e+10|2.34723e+13|2.41326e+08|1.57582e+10|2.33399e+11|3.10679e+08|6.89506e+09|3.06423e+10|4.07889e+08|5.95756e+13|1.13053e+11|1.63629e+12|1.69514e+12|1.54765e+11|2.44458e+09|5.06847e+11,0.000494453|5.21063e-05|1.2987e-05|2.95455e-05|8.45967e-05|0.000260968|8.81202e-05|0.00089026|8.49487e-05|0.000277161|1.86087e-05|2.04325e-05|0.000261059|0.000261527|0.000223952|0.000266735|2.43107e-05|1.54283e-05|0.000731749|8.24006e-05|0.000489732|4.78153e-05|0.000202873|1.07426e-05|0.000185382,0.000316017|0.000368678|0.000286765|0.000125263|0.000162335|0.000186877|0.00494291|0.000350126|0.000906866|0.00418014|0.000175452|0.000338175|0.000513001|0.000768065|0.00843573|0.00874893|0.000202742|0.00907722|0.000248463|0.00794111|0.000159088|0.00544009|0.000266598|0.000979027|0.00344885,0.0109342|0.0108696|0.0377902|0.00830448|0.0108045|0.00282907|0.0381696|0.0362414|0.04851|0.00314906|0.015405|0.0354515|0.0430027|0.0201979|0.0370095|0.0248478|0.00304046|0.00638914|0.0128442|0.0242596|0.029055|0.0455031|0.00898217|0.0183567|0.0365406,0.000178506|0.0181411|0.0195364|0.0293842|0.0326183|0.0420997|0.00800322|0.0472365|0.0115254|0.0470385|0.038157|0.0266209|0.00442808|0.0291803|0.00589983|0.0481122|0.0474075|0.0483596|0.0431033|0.0480911|0.0302566|0.0360942|0.0488958|0.0388066|0.0130093,0.973537|0.923215|0.951762|0.927471|0.912097|0.966581|0.90679|0.953794|0.949999|0.92176|0.947801|0.940474|0.974312|0.941018|0.984554|0.911658|0.99171|0.910708|0.945549|0.98053|0.923372|0.967439|0.9108|0.969899|0.98883,4.63983|4.79469|0.85792|5.03384|5.92115|1.09944|1.41691|3.07459|0.722366|2.08786|4.11052|4.91715|5.11322|1.39448|5.26958|3.70937|5.60303|5.41755|4.50487|5.59786|0.31178|3.09858|6.27947|3.94615|4.04415,90.7492|58.7029|71.0086|63.1349|24.941|11.8968|94.4507|96.5216|39.0733|23.518|92.2019|84.7043|10.3361|67.5745|56.905|56.397|47.7013|22.3088|48.3985|56.7189|41.9872|78.8723|91.8261|10.4661,0.215706|0.201188|0.230021|0.209804|0.237661|0.228013|0.168303|0.241387|0.178948|0.181099|0.231254|0.225161|0.172286|0.2055|0.185169|0.21902|0.170229|0.190841|0.17162|0.167864|0.178665|0.239998|0.228404|0.216931,0.53635|0.666395|0.131268|0.17375|0.985064|0.342677|0.263233|0.664018|0.23533|0.741177|0.604504|0.880608|0.559133|0.968257|0.476138|0.533324|0.776444|0.323935|0.641887|0.624525|0.182289|0.300482|0.133861|0.516407,0.869523,0.801463,0.117836,0.0993652,0.460468,0.534015,0.0732846,0.487967,0.198257,0.921169,51.6436,5.43263e-12,47756,0.887486,41.1981,1.06086e-12,38445,0.895553,0.876428,0.0878307,0.631141,0.996144,0.511517,0.22039,0.459803,0.228135,0.891603,87.9902,7.64954e-10,30733,0.967162,70.4477,9.04596e-11,52512
24,912,n1->n20->n89->n95->n82->n80->n81->n37->n65->n85->n83->n84->n56->n55->n53->n52->n27->n97->n96->n14->n13->n15->n29->n50->n51,5.37021e+09|4.0293e+11|2.68119e+11|1.05601e+11|1.07979e+13|2.45686e+13|2.58887e+10|2.79748e+13|1.12599e+09|2.02447e+09|3.76373e+13|1.07392e+09|1.1605e+12|8.84081e+12|4.60474e+10|1.02428e+10|4.19351e+12|2.90604e+09|2.51165e+12|3.70261e+10|6.60497e+13|8.77071e+11|3.6336e+13|2.36425e+09|7.46708e+11,8.19724e+08|1.89646e+11|9.23423e+10|5.46554e+10|1.66379e+12|2.75437e+12|8.36206e+09|4.96975e+12|3.2906e+08|2.41326e+08|2.34723e+13|9.00899e+08|5.65456e+11|4.69454e+12|3.18273e+10|2.07235e+09|8.73344e+11|5.04144e+08|5.36324e+11|1.44234e+10|8.87204e+12|1.06991e+11|1.77292e+13|4.07889e+08|5.06847e+11,0.000494453|5.21063e-05|3.55201e-05|0.000260968|0.000837919|1.13052e-05|0.000268232|1.06248e-05|1.96575e-05|2.04325e-05|1.86087e-05|2.14473e-05|1.7812e-05|4.06274e-05|2.00633e-05|0.00011644|1.08528e-05|8.81202e-05|1.2987e-05|3.25754e-05|0.000787814|0.000182949|0.000125062|1.54283e-05|0.000185382,0.000316017|0.000368678|0.000111435|0.000186877|0.00271152|0.000238286|0.000752991|0.000261291|0.000428116|0.000338175|0.000175452|0.000434313|0.000830638|0.000128431|0.000509085|0.00580301|0.00262605|0.00494291|0.000286765|0.000181646|0.00788063|0.00274771|0.00231296|0.00907722|0.00344885,0.0109342|0.0108696|0.0107812|0.00282907|0.0278433|0.00592883|0.0481357|0.0457563|0.00118659|0.0354515|0.015405|0.0473575|0.0231698|0.00843704|5.21659e-05|0.0398377|0.0303206|0.0381696|0.0377902|0.0426128|0.0476737|0.0207315|0.0255931|0.00638914|0.0365406,0.000178506|0.0181411|0.0401575|0.0420997|0.0266174|0.0262948|0.00997263|0.0105712|0.00176737|0.0266209|0.038157|0.0366447|0.0417641|0.0314938|0.00115664|0.0151024|0.0230682|0.00800322|0.0195364|0.049061|0.00335145|0.0378122|0.00291922|0.0483596|0.0130093,0.973537|0.923215|0.926416|0.966581|0.934435|0.919013|0.948836|0.964079|0.967717|0.940474|0.947801|0.948551|0.944528|0.908585|0.913872|0.965406|0.985376|0.90679|0.951762|0.906626|0.954869|0.910795|0.962742|0.910708|0.98883,4.63983|4.79469|0.0868458|1.09944|0.132111|0.100836|1.5908|4.96174|4.1126|4.91715|4.11052|5.42186|2.55597|3.37071|0.640024|0.0104102|4.5695|1.41691|0.85792|0.762282|5.26639|1.89272|0.0327787|5.41755|4.04415,90.7492|18.2346|11.8194|75.699|47.0365|15.5679|88.8597|13.4252|82.5435|92.2019|20.1884|34.4372|95.3312|30.3781|81.3721|46.2248|31.5608|37.9513|54.7186|92.5451|66.6304|32.2763|37.0378|82.9474,0.215706|0.231355|0.168449|0.21275|0.231931|0.212149|0.211898|0.230756|0.20461|0.231254|0.246081|0.222961|0.167906|0.207992|0.184589|0.183493|0.219936|0.246589|0.208433|0.191459|0.179788|0.240047|0.191256|0.24308,0.53635|0.595303|0.776387|0.837867|0.796307|0.870283|0.430076|0.986996|0.519435|0.604504|0.599197|0.762891|0.402595|0.646488|0.272111|0.657987|0.557853|0.157157|0.448351|0.161307|0.275394|0.895675|0.182586|0.624607,0.869523,0.801463,0.117836,0.0993652,0.460468,0.534015,0.0732846,0.487967,0.198257,0.921169,51.6436,5.43263e-12,47756,0.887486,41.1981,1.06086e-12,38445,0.895553,0.876428,0.0878307,0.631141,0.996144,0.511517,0.22039,0.459803,0.228135,0.891603,87.9902,7.64954e-10,30733,0.967162,70.4477,9.04596e-11,52512
24,913,n1->n13->n12->n14->n96->n97->n99->n98->n57->n55->n56->n54->n40->n42->n44->n43->n41->n39->n10->n73->n100->n90->n59->n50->n51,5.37021e+09|6.60497e+13|9.70597e+10|3.70261e+10|2.51165e+12|2.90604e+09|1.57108e+10|1.8266e+13|4.14288e+09|8.84081e+12|1.1605e+12|2.80961e+11|3.58065e+10|2.42905e+09|5.26537e+13|1.40931e+10|3.95737e+11|3.34792e+13|2.49624e+09|1.41706e+11|4.01966e+09|1.33273e+11|3.04563e+11|2.36425e+09|7.46708e+11,8.19724e+08|8.87204e+12|2.76143e+10|1.44234e+10|5.36324e+11|5.04144e+08|4.21389e+09|5.99087e+12|2.05006e+09|4.69454e+12|5.65456e+11|2.23178e+11|4.14657e+09|2.47264e+08|2.86817e+13|3.26577e+09|1.47899e+11|1.12013e+13|7.32581e+08|5.76853e+10|2.27749e+09|6.41526e+10|3.06423e+10|4.07889e+08|5.06847e+11,0.000494453|0.000787814|0.000201974|3.25754e-05|1.2987e-05|8.81202e-05|0.00089026|0.000410965|0.000173612|4.06274e-05|1.7812e-05|1.47667e-05|6.01341e-05|8.79758e-05|0.000124649|0.000955168|2.35935e-05|5.53896e-05|6.27016e-05|6.32916e-05|0.000665246|0.000319756|2.43107e-05|1.54283e-05|0.000185382,0.000316017|0.00788063|0.0016732|0.000181646|0.000286765|0.00494291|0.000350126|0.000548485|0.00271581|0.000128431|0.000830638|0.00549128|0.00268841|0.000493531|0.00158999|0.00344494|0.00412419|0.0025393|0.00113469|0.000807753|0.00914892|0.000672662|0.000202742|0.00907722|0.00344885,0.0109342|0.0476737|0.0313381|0.0426128|0.0377902|0.0381696|0.0362414|0.0295222|0.0328142|0.00843704|0.0231698|0.0334079|0.0249103|0.00783732|0.0486405|0.0168583|0.00451081|0.00111942|0.00597815|0.0455502|0.0100829|0.0285929|0.00304046|0.00638914|0.0365406,0.000178506|0.00335145|0.0470205|0.049061|0.0195364|0.00800322|0.0472365|0.0297366|0.0437642|0.0314938|0.0417641|0.00844474|0.033399|0.0327962|0.00764508|0.0482719|0.00491436|0.0449458|0.0245713|0.028193|0.0460028|0.0372754|0.0474075|0.0483596|0.0130093,0.973537|0.954869|0.937315|0.906626|0.951762|0.90679|0.953794|0.959539|0.983348|0.908585|0.944528|0.927525|0.920308|0.960936|0.932977|0.943219|0.923722|0.924329|0.962416|0.909539|0.935175|0.984478|0.99171|0.910708|0.98883,4.63983|5.26639|3.07758|0.762282|0.85792|1.41691|3.07459|2.95405|1.93323|3.37071|2.55597|1.22009|2.50002|0.765875|2.64532|2.3897|4.11092|1.19952|1.97158|3.29092|3.89025|4.02061|5.60303|5.41755|4.04415,79.8117|56.34|51.9585|54.7186|37.9513|94.4507|58.4557|98.2355|61.5999|95.3312|42.6814|12.2677|77.6192|21.0603|69.1985|43.4967|38.9947|24.4191|29.3778|20.1165|32.7492|62.2588|47.7013|82.9474,0.246796|0.206669|0.222459|0.208433|0.246589|0.168303|0.227784|0.190047|0.220389|0.167906|0.167734|0.248162|0.243521|0.23095|0.210513|0.160247|0.18226|0.239532|0.202302|0.175955|0.191207|0.169222|0.170229|0.24308,0.338018|0.285239|0.326911|0.448351|0.157157|0.263233|0.686264|0.757428|0.549818|0.402595|0.927159|0.812759|0.14346|0.399278|0.374145|0.922117|0.988985|0.991722|0.747283|0.825877|0.878161|0.361153|0.776444|0.624607,0.869523,0.801463,0.117836,0.0993652,0.460468,0.534015,0.0732846,0.487967,0.198257,0.921169,51.6436,5.43263e-12,47756,0.887486,41.1981,1.06086e-12,38445,0.895553,0.876428,0.0878307,0.631141,0.996144,0.511517,0.22039,0.459803,0.228135,0.891603,87.9902,7.64954e-10,30733,0.967162,70.4477,9.04596e-11,52512
24,914,n1->n13->n11->n29->n15->n34->n36->n38->n67->n21->n22->n68->n66->n32->n31->n30->n76->n69->n70->n72->n45->n47->n48->n50->n51,5.37021e+09|6.60497e+13|1.78735e+12|3.6336e+13|8.77071e+11|4.7313e+12|7.73972e+11|1.16426e+13|4.7483e+09|1.56161e+12|1.47e+10|1.31753e+09|1.10072e+10|1.78367e+12|4.79342e+12|1.26395e+10|4.21804e+13|8.81277e+09|6.87309e+13|6.83442e+09|8.38488e+13|4.74236e+11|3.98001e+12|2.36425e+09|7.46708e+11,8.19724e+08|8.87204e+12|3.29521e+11|1.77292e+13|1.06991e+11|1.15705e+12|7.77593e+10|1.19258e+12|7.5553e+08|3.02345e+11|9.51029e+09|3.10679e+08|8.7665e+09|1.05491e+12|4.42443e+12|1.81012e+09|1.15782e+13|7.57626e+09|9.78332e+12|1.48353e+09|1.01787e+13|1.54765e+11|1.69514e+12|4.07889e+08|5.06847e+11,0.000494453|0.000787814|5.47786e-05|0.000125062|0.000182949|0.000140889|0.000426407|1.04425e-05|3.91885e-05|0.00096308|1.77434e-05|0.000223952|0.000237659|0.000179959|0.00024651|4.789e-05|1.88608e-05|0.000268039|5.13815e-05|0.000159499|1.67225e-05|0.000202873|4.78153e-05|1.54283e-05|0.000185382,0.000316017|0.00788063|0.00652494|0.00231296|0.00274771|0.000270551|0.00396778|0.00950649|0.000640186|0.00195589|0.0006856|0.00843573|0.000470269|0.00292552|0.00308746|0.00655588|0.00214239|0.00367819|0.00295865|0.00384342|0.000742576|0.000266598|0.00544009|0.00907722|0.00344885,0.0109342|0.0476737|0.00125292|0.0255931|0.0207315|0.0276207|0.00497013|0.0263713|0.029632|0.00712365|0.0408661|0.0370095|0.0203827|0.00778345|0.0211034|0.00398508|0.00156873|0.022957|0.0286141|0.0479977|0.00846218|0.00898217|0.0455031|0.00638914|0.0365406,0.000178506|0.00335145|0.0136412|0.00291922|0.0378122|0.0210615|0.0341912|0.00318517|0.0482082|0.0414669|0.040072|0.00589983|0.0146278|0.0161829|0.0151027|0.0178703|0.0470058|0.0100342|0.0216638|0.0299903|0.0342415|0.0488958|0.0360942|0.0483596|0.0130093,0.973537|0.954869|0.988894|0.962742|0.910795|0.904866|0.94998|0.902547|0.924883|0.971602|0.95984|0.984554|0.978907|0.953313|0.943878|0.972158|0.989289|0.975915|0.966653|0.96924|0.934264|0.9108|0.967439|0.910708|0.98883,4.63983|5.26639|0.923897|0.0327787|1.89272|4.56594|3.70656|5.09423|2.06342|3.14177|0.048646|5.26958|3.10364|0.10397|4.82496|5.42296|0.578949|2.99986|4.60778|3.90463|5.31688|6.27947|3.09858|5.41755|4.04415,79.8117|13.9548|13.2112|32.2763|27.3162|89.5651|61.2725|59.2872|42.5138|55.6995|15.3326|70.8824|27.3217|86.0567|88.6669|21.8454|66.666|74.5377|97.4405|63.1262|40.979|78.8723|23.5956|82.9474,0.246796|0.189728|0.219003|0.240047|0.231681|0.241996|0.204351|0.200548|0.197352|0.206062|0.236297|0.16183|0.199785|0.16799|0.215598|0.220509|0.212271|0.172691|0.180102|0.243732|0.216949|0.239998|0.191801|0.24308,0.338018|0.801183|0.427028|0.895675|0.750497|0.265381|0.413834|0.127053|0.602799|0.677391|0.655447|0.215539|0.769012|0.799966|0.123891|0.936019|0.890059|0.416585|0.79408|0.65643|0.317946|0.300482|0.688345|0.624607,0.869523,0.801463,0.117836,0.0993652,0.460468,0.534015,0.0732846,0.487967,0.198257,0.921169,51.6436,5.43263e-12,47756,0.887486,41.1981,1.06086e-12,38445,0.895553,0.876428,0.0878307,0.631141,0.996144,0.511517,0.22039,0.459803,0.228135,0.891603,87.9902,7.64954e-10,30733,0.967162,70.4477,9.04596e-11,52512
24,915,n1->n99->n77->n72->n70->n87->n88->n90->n89->n48->n46->n47->n45->n44->n42->n63->n61->n62->n60->n50->n59->n58->n85->n65->n52->n51,5.37021e+09|1.57108e+10|5.68112e+11|6.83442e+09|6.87309e+13|7.3435e+12|9.00567e+12|1.33273e+11|2.68119e+11|3.98001e+12|5.53417e+12|4.74236e+11|8.38488e+13|5.26537e+13|2.42905e+09|6.55204e+12|6.44979e+11|2.37342e+11|8.79841e+13|2.36425e+09|3.04563e+11|8.16696e+09|2.02447e+09|1.12599e+09|1.02428e+10|7.46708e+11,8.19724e+08|4.21389e+09|3.56307e+11|1.48353e+09|9.78332e+12|2.79916e+12|8.66002e+12|6.41526e+10|9.23423e+10|1.69514e+12|1.63629e+12|1.54765e+11|1.01787e+13|2.86817e+13|2.47264e+08|2.63574e+12|1.30372e+11|1.13053e+11|5.95756e+13|4.07889e+08|3.06423e+10|6.89506e+09|2.41326e+08|3.2906e+08|2.07235e+09|5.06847e+11,0.000494453|0.00089026|8.49487e-05|0.000159499|5.13815e-05|0.000634307|6.2721e-05|0.000319756|3.55201e-05|4.78153e-05|0.000489732|0.000202873|1.67225e-05|0.000124649|8.79758e-05|0.000116235|3.71253e-05|8.24006e-05|0.000731749|1.54283e-05|2.43107e-05|0.000266735|2.04325e-05|1.96575e-05|0.00011644|0.000185382,0.000316017|0.000350126|0.000906866|0.00384342|0.00295865|0.00151267|0.000480267|0.000672662|0.000111435|0.00544009|0.000159088|0.000266598|0.000742576|0.00158999|0.000493531|0.00126856|0.00313588|0.00794111|0.000248463|0.00907722|0.000202742|0.00874893|0.000338175|0.000428116|0.00580301|0.00344885,0.0109342|0.0362414|0.04851|0.0479977|0.0286141|0.0186268|0.00850464|0.0285929|0.0107812|0.0455031|0.029055|0.00898217|0.00846218|0.0486405|0.00783732|0.0100727|0.0266048|0.0242596|0.0128442|0.00638914|0.00304046|0.0248478|0.0354515|0.00118659|0.0398377|0.0365406,0.000178506|0.0472365|0.0115254|0.0299903|0.0216638|0.00979507|0.0237676|0.0372754|0.0401575|0.0360942|0.0302566|0.0488958|0.0342415|0.00764508|0.0327962|0.0107197|0.0179693|0.0480911|0.0431033|0.0483596|0.0474075|0.0481122|0.0266209|0.00176737|0.0151024|0.0130093,0.973537|0.953794|0.949999|0.96924|0.966653|0.977244|0.962132|0.984478|0.926416|0.967439|0.923372|0.9108|0.934264|0.932977|0.960936|0.903245|0.958619|0.98053|0.945549|0.910708|0.99171|0.911658|0.940474|0.967717|0.965406|0.98883,4.63983|3.07459|0.722366|3.90463|4.60778|2.33192|1.9653|4.02061|0.0868458|3.09858|0.31178|6.27947|5.31688|2.64532|0.765875|4.68449|2.63855|5.59786|4.50487|5.41755|5.60303|3.70937|4.91715|4.1126|0.0104102|4.04415,66.2586|96.5216|92.3918|97.4405|39.9413|57.0974|14.1987|12.726|94.0077|41.9872|71.5316|40.979|57.1366|21.0603|97.0433|47.0482|89.0369|48.3985|22.3088|47.7013|56.397|90.6886|82.5435|56.1703|83.3731,0.180129|0.241387|0.167022|0.180102|0.180359|0.227675|0.244274|0.226099|0.234363|0.178665|0.196056|0.216949|0.235241|0.23095|0.211509|0.167884|0.198053|0.17162|0.190841|0.170229|0.21902|0.194345|0.20461|0.247907|0.197114,0.323551|0.664018|0.776051|0.79408|0.129355|0.396625|0.997795|0.757755|0.948873|0.182289|0.758317|0.317946|0.218954|0.399278|0.758395|0.410418|0.704733|0.641887|0.323935|0.776444|0.533324|0.45102|0.519435|0.827328|0.942894,0.869523,0.801463,0.117836,0.0993652,0.460468,0.534015,0.0732846,0.487967,0.198257,0.921169,51.6436,5.43263e-12,47756,0.887486,41.1981,1.06086e-12,38445,0.895553,0.876428,0.0878307,0.631141,0.996144,0.511517,0.22039,0.459803,0.228135,0.891603,87.9902,7.64954e-10,30733,0.967162,70.4477,9.04596e-11,52512
24,916,n1->n20->n19->n18->n70->n72->n71->n24->n26->n27->n4->n75->n76->n69->n3->n5->n65->n85->n84->n83->n57->n55->n54->n53->n52->n51,5.37021e+09|4.0293e+11|2.47533e+11|7.59179e+12|6.87309e+13|6.83442e+09|7.70008e+11|1.59557e+13|7.09351e+09|4.19351e+12|7.07339e+12|8.71921e+10|4.21804e+13|8.81277e+09|2.78751e+13|2.91995e+11|1.12599e+09|2.02447e+09|1.07392e+09|3.76373e+13|4.14288e+09|8.84081e+12|2.80961e+11|4.60474e+10|1.02428e+10|7.46708e+11,8.19724e+08|1.89646e+11|2.33399e+11|4.11836e+12|9.78332e+12|1.48353e+09|1.60546e+11|4.06569e+12|1.31666e+09|8.73344e+11|2.43435e+12|5.29113e+10|1.15782e+13|7.57626e+09|1.44762e+13|4.67133e+10|3.2906e+08|2.41326e+08|9.00899e+08|2.34723e+13|2.05006e+09|4.69454e+12|2.23178e+11|3.18273e+10|2.07235e+09|5.06847e+11,0.000494453|5.21063e-05|0.000261527|2.98936e-05|5.13815e-05|0.000159499|0.00017279|0.000193265|3.77967e-05|1.08528e-05|0.000113681|0.000766915|1.88608e-05|0.000268039|0.00022361|7.03031e-05|1.96575e-05|2.04325e-05|2.14473e-05|1.86087e-05|0.000173612|4.06274e-05|1.47667e-05|2.00633e-05|0.00011644|0.000185382,0.000316017|0.000368678|0.000768065|0.000681499|0.00295865|0.00384342|0.00123164|0.0012727|0.00522178|0.00262605|0.00198341|0.000203965|0.00214239|0.00367819|0.00776667|0.000196916|0.000428116|0.000338175|0.000434313|0.000175452|0.00271581|0.000128431|0.00549128|0.000509085|0.00580301|0.00344885,0.0109342|0.0108696|0.0201979|0.0192976|0.0286141|0.0479977|0.0398828|0.0433038|0.0101688|0.0303206|0.0350273|0.0243876|0.00156873|0.022957|0.0268705|0.00731162|0.00118659|0.0354515|0.0473575|0.015405|0.0328142|0.00843704|0.0334079|5.21659e-05|0.0398377|0.0365406,0.000178506|0.0181411|0.0291803|0.0120519|0.0216638|0.0299903|0.0326729|0.00780618|0.0409649|0.0230682|0.0273051|0.0250863|0.0470058|0.0100342|0.0326941|0.0421608|0.00176737|0.0266209|0.0366447|0.038157|0.0437642|0.0314938|0.00844474|0.00115664|0.0151024|0.0130093,0.973537|0.923215|0.941018|0.946711|0.966653|0.96924|0.947193|0.90929|0.981638|0.985376|0.917619|0.936129|0.989289|0.975915|0.982466|0.951514|0.967717|0.940474|0.948551|0.947801|0.983348|0.908585|0.927525|0.913872|0.965406|0.98883,4.63983|4.79469|1.39448|4.38273|4.60778|3.90463|0.117525|3.9732|2.91399|4.5695|1.56082|3.39264|0.578949|2.99986|4.79844|4.90362|4.1126|4.91715|5.42186|4.11052|1.93323|3.37071|1.22009|0.640024|0.0104102|4.04415,90.7492|86.2435|34.0839|55.8812|97.4405|45.8448|44.1502|83.4704|67.4197|52.1141|81.7362|63.5216|66.666|83.9106|10.4739|35.0583|82.5435|82.1833|20.1884|50.003|61.5999|27.8669|75.3264|81.3721|83.3731,0.215706|0.182991|0.248409|0.234874|0.180102|0.218487|0.204574|0.216464|0.171162|0.184605|0.218556|0.207806|0.212271|0.204476|0.163561|0.209201|0.20461|0.216313|0.246081|0.1911|0.220389|0.169326|0.191357|0.184589|0.197114,0.53635|0.182796|0.983209|0.16843|0.79408|0.29317|0.45026|0.583168|0.40751|0.200735|0.847503|0.844544|0.890059|0.65353|0.469027|0.297185|0.519435|0.528406|0.599197|0.161388|0.549818|0.414082|0.567841|0.272111|0.942894,0.869523,0.801463,0.117836,0.0993652,0.460468,0.534015,0.0732846,0.487967,0.198257,0.921169,51.6436,5.43263e-12,47756,0.887486,41.1981,1.06086e-12,38445,0.895553,0.876428,0.0878307,0.631141,0.996144,0.511517,0.22039,0.459803,0.228135,0.891603,87.9902,7.64954e-10,30733,0.967162,70.4477,9.04596e-11,52512
24,917,n1->n20->n89->n90->n56->n54->n73->n10->n63->n61->n62->n64->n36->n38->n67->n21->n22->n74->n76->n75->n71->n72->n45->n47->n49->n51,5.37021e+09|4.0293e+11|2.68119e+11|1.33273e+11|1.1605e+12|2.80961e+11|1.41706e+11|2.49624e+09|6.55204e+12|6.44979e+11|2.37342e+11|4.21034e+09|7.73972e+11|1.16426e+13|4.7483e+09|1.56161e+12|1.47e+10|5.8385e+13|4.21804e+13|8.71921e+10|7.70008e+11|6.83442e+09|8.38488e+13|4.74236e+11|2.45005e+09|7.46708e+11,8.19724e+08|1.89646e+11|9.23423e+10|6.41526e+10|5.65456e+11|2.23178e+11|5.76853e+10|7.32581e+08|2.63574e+12|1.30372e+11|1.13053e+11|1.60867e+09|7.77593e+10|1.19258e+12|7.5553e+08|3.02345e+11|9.51029e+09|7.35096e+12|1.15782e+13|5.29113e+10|1.60546e+11|1.48353e+09|1.01787e+13|1.54765e+11|2.44458e+09|5.06847e+11,0.000494453|5.21063e-05|3.55201e-05|0.000319756|1.7812e-05|1.47667e-05|6.32916e-05|6.27016e-05|0.000116235|3.71253e-05|8.24006e-05|1.88732e-05|0.000426407|1.04425e-05|3.91885e-05|0.00096308|1.77434e-05|0.000875739|1.88608e-05|0.000766915|0.00017279|0.000159499|1.67225e-05|0.000202873|1.07426e-05|0.000185382,0.000316017|0.000368678|0.000111435|0.000672662|0.000830638|0.00549128|0.000807753|0.00113469|0.00126856|0.00313588|0.00794111|0.000135861|0.00396778|0.00950649|0.000640186|0.00195589|0.0006856|0.00944671|0.00214239|0.000203965|0.00123164|0.00384342|0.000742576|0.000266598|0.000979027|0.00344885,0.0109342|0.0108696|0.0107812|0.0285929|0.0231698|0.0334079|0.0455502|0.00597815|0.0100727|0.0266048|0.0242596|0.0266797|0.00497013|0.0263713|0.029632|0.00712365|0.0408661|0.0280357|0.00156873|0.0243876|0.0398828|0.0479977|0.00846218|0.00898217|0.0183567|0.0365406,0.000178506|0.0181411|0.0401575|0.0372754|0.0417641|0.00844474|0.028193|0.0245713|0.0107197|0.0179693|0.0480911|0.0436548|0.0341912|0.00318517|0.0482082|0.0414669|0.040072|0.0166219|0.0470058|0.0250863|0.0326729|0.0299903|0.0342415|0.0488958|0.0388066|0.0130093,0.973537|0.923215|0.926416|0.984478|0.944528|0.927525|0.909539|0.962416|0.903245|0.958619|0.98053|0.933821|0.94998|0.902547|0.924883|0.971602|0.95984|0.90082|0.989289|0.936129|0.947193|0.96924|0.934264|0.9108|0.969899|0.98883,4.63983|4.79469|0.0868458|4.02061|2.55597|1.22009|3.29092|1.97158|4.68449|2.63855|5.59786|5.77568|3.70656|5.09423|2.06342|3.14177|0.048646|0.0974208|0.578949|3.39264|0.117525|3.90463|5.31688|6.27947|3.94615|4.04415,90.7492|18.2346|12.726|40.6061|42.6814|26.1465|29.3778|65.1286|47.0482|89.0369|93.0484|43.8659|61.2725|59.2872|42.5138|55.6995|63.8366|53.1277|63.5216|14.5634|45.8448|63.1262|40.979|91.8261|10.4661,0.215706|0.231355|0.226099|0.166746|0.167734|0.196311|0.202302|0.203746|0.167884|0.198053|0.176232|0.241695|0.204351|0.200548|0.197352|0.206062|0.241428|0.181342|0.207806|0.169453|0.218487|0.243732|0.216949|0.228404|0.216931,0.53635|0.595303|0.757755|0.163177|0.927159|0.754315|0.747283|0.514129|0.410418|0.704733|0.182879|0.590576|0.413834|0.127053|0.602799|0.677391|0.480684|0.519715|0.844544|0.275247|0.29317|0.65643|0.317946|0.133861|0.516407,0.869523,0.801463,0.117836,0.0993652,0.460468,0.534015,0.0732846,0.487967,0.198257,0.921169,51.6436,5.43263e-12,47756,0.887486,41.1981,1.06086e-12,38445,0.895553,0.876428,0.0878307,0.631141,0.996144,0.511517,0.22039,0.459803,0.228135,0.891603,87.9902,7.64954e-10,30733,0.967162,70.4477,9.04596e-11,52512
24,918,n1->n13->n14->n96->n94->n93->n95->n82->n63->n79->n81->n37->n65->n85->n58->n68->n19->n18->n70->n72->n71->n75->n4->n27->n52->n51,5.37021e+09|6.60497e+13|3.70261e+10|2.51165e+12|1.36531e+10|4.22601e+13|1.05601e+11|1.07979e+13|6.55204e+12|1.47019e+10|2.58887e+10|2.79748e+13|1.12599e+09|2.02447e+09|8.16696e+09|1.31753e+09|2.47533e+11|7.59179e+12|6.87309e+13|6.83442e+09|7.70008e+11|8.71921e+10|7.07339e+12|4.19351e+12|1.02428e+10|7.46708e+11,8.19724e+08|8.87204e+12|1.44234e+10|5.36324e+11|1.67171e+09|1.3774e+13|5.46554e+10|1.66379e+12|2.63574e+12|4.87652e+09|8.36206e+09|4.96975e+12|3.2906e+08|2.41326e+08|6.89506e+09|3.10679e+08|2.33399e+11|4.11836e+12|9.78332e+12|1.48353e+09|1.60546e+11|5.29113e+10|2.43435e+12|8.73344e+11|2.07235e+09|5.06847e+11,0.000494453|0.000787814|3.25754e-05|1.2987e-05|2.95455e-05|8.45967e-05|0.000260968|0.000837919|0.000116235|0.000133131|0.000268232|1.06248e-05|1.96575e-05|2.04325e-05|0.000266735|0.000223952|0.000261527|2.98936e-05|5.13815e-05|0.000159499|0.00017279|0.000766915|0.000113681|1.08528e-05|0.00011644|0.000185382,0.000316017|0.00788063|0.000181646|0.000286765|0.000125263|0.000162335|0.000186877|0.00271152|0.00126856|0.000479664|0.000752991|0.000261291|0.000428116|0.000338175|0.00874893|0.00843573|0.000768065|0.000681499|0.00295865|0.00384342|0.00123164|0.000203965|0.00198341|0.00262605|0.00580301|0.00344885,0.0109342|0.0476737|0.0426128|0.0377902|0.00830448|0.0108045|0.00282907|0.0278433|0.0100727|0.0252961|0.0481357|0.0457563|0.00118659|0.0354515|0.0248478|0.0370095|0.0201979|0.0192976|0.0286141|0.0479977|0.0398828|0.0243876|0.0350273|0.0303206|0.0398377|0.0365406,0.000178506|0.00335145|0.049061|0.0195364|0.0293842|0.0326183|0.0420997|0.0266174|0.0107197|0.0203026|0.00997263|0.0105712|0.00176737|0.0266209|0.0481122|0.00589983|0.0291803|0.0120519|0.0216638|0.0299903|0.0326729|0.0250863|0.0273051|0.0230682|0.0151024|0.0130093,0.973537|0.954869|0.906626|0.951762|0.927471|0.912097|0.966581|0.934435|0.903245|0.966262|0.948836|0.964079|0.967717|0.940474|0.911658|0.984554|0.941018|0.946711|0.966653|0.96924|0.947193|0.936129|0.917619|0.985376|0.965406|0.98883,4.63983|5.26639|0.762282|0.85792|5.03384|5.92115|1.09944|0.132111|4.68449|3.41737|1.5908|4.96174|4.1126|4.91715|3.70937|5.26958|1.39448|4.38273|4.60778|3.90463|0.117525|3.39264|1.56082|4.5695|0.0104102|4.04415,79.8117|92.5451|54.7186|71.0086|63.1349|24.941|75.699|48.6997|16.1844|26.55|88.8597|13.4252|82.5435|90.6886|56.905|67.5745|34.0839|55.8812|97.4405|45.8448|14.5634|81.7362|52.1141|46.2248|83.3731,0.246796|0.191459|0.208433|0.230021|0.209804|0.237661|0.21275|0.175742|0.22961|0.238834|0.211898|0.230756|0.20461|0.194345|0.185169|0.2055|0.248409|0.234874|0.180102|0.218487|0.169453|0.218556|0.184605|0.183493|0.197114,0.338018|0.161307|0.448351|0.131268|0.17375|0.985064|0.837867|0.4301|0.217843|0.957633|0.430076|0.986996|0.519435|0.45102|0.476138|0.968257|0.983209|0.16843|0.79408|0.29317|0.275247|0.847503|0.200735|0.657987|0.942894,0.869523,0.801463,0.117836,0.0993652,0.460468,0.534015,0.0732846,0.487967,0.198257,0.921169,51.6436,5.43263e-12,47756,0.887486,41.1981,1.06086e-12,38445,0.895553,0.876428,0.0878307,0.631141,0.996144,0.511517,0.22039,0.459803,0.228135,0.891603,87.9902,7.64954e-10,30733,0.967162,70.4477,9.04596e-11,52512
24,919,n1->n13->n12->n14->n96->n97->n95->n89->n88->n87->n70->n18->n17->n68->n58->n59->n60->n50->n29->n28->n69->n3->n5->n65->n52->n51,5.37021e+09|6.60497e+13|9.70597e+10|3.70261e+10|2.51165e+12|2.90604e+09|1.05601e+11|2.68119e+11|9.00567e+12|7.3435e+12|6.87309e+13|7.59179e+12|1.51096e+11|1.31753e+09|8.16696e+09|3.04563e+11|8.79841e+13|2.36425e+09|3.6336e+13|1.34247e+11|8.81277e+09|2.78751e+13|2.91995e+11|1.12599e+09|1.02428e+10|7.46708e+11,8.19724e+08|8.87204e+12|2.76143e+10|1.44234e+10|5.36324e+11|5.04144e+08|5.46554e+10|9.23423e+10|8.66002e+12|2.79916e+12|9.78332e+12|4.11836e+12|1.57582e+10|3.10679e+08|6.89506e+09|3.06423e+10|5.95756e+13|4.07889e+08|1.77292e+13|1.51805e+10|7.57626e+09|1.44762e+13|4.67133e+10|3.2906e+08|2.07235e+09|5.06847e+11,0.000494453|0.000787814|0.000201974|3.25754e-05|1.2987e-05|8.81202e-05|0.000260968|3.55201e-05|6.2721e-05|0.000634307|5.13815e-05|2.98936e-05|0.000261059|0.000223952|0.000266735|2.43107e-05|0.000731749|1.54283e-05|0.000125062|0.00056516|0.000268039|0.00022361|7.03031e-05|1.96575e-05|0.00011644|0.000185382,0.000316017|0.00788063|0.0016732|0.000181646|0.000286765|0.00494291|0.000186877|0.000111435|0.000480267|0.00151267|0.00295865|0.000681499|0.000513001|0.00843573|0.00874893|0.000202742|0.000248463|0.00907722|0.00231296|0.0093172|0.00367819|0.00776667|0.000196916|0.000428116|0.00580301|0.00344885,0.0109342|0.0476737|0.0313381|0.0426128|0.0377902|0.0381696|0.00282907|0.0107812|0.00850464|0.0186268|0.0286141|0.0192976|0.0430027|0.0370095|0.0248478|0.00304046|0.0128442|0.00638914|0.0255931|0.0317261|0.022957|0.0268705|0.00731162|0.00118659|0.0398377|0.0365406,0.000178506|0.00335145|0.0470205|0.049061|0.0195364|0.00800322|0.0420997|0.0401575|0.0237676|0.00979507|0.0216638|0.0120519|0.00442808|0.00589983|0.0481122|0.0474075|0.0431033|0.0483596|0.00291922|0.03841|0.0100342|0.0326941|0.0421608|0.00176737|0.0151024|0.0130093,0.973537|0.954869|0.937315|0.906626|0.951762|0.90679|0.966581|0.926416|0.962132|0.977244|0.966653|0.946711|0.974312|0.984554|0.911658|0.99171|0.945549|0.910708|0.962742|0.948072|0.975915|0.982466|0.951514|0.967717|0.965406|0.98883,4.63983|5.26639|3.07758|0.762282|0.85792|1.41691|1.09944|0.0868458|1.9653|2.33192|4.60778|4.38273|5.11322|5.26958|3.70937|5.60303|4.50487|5.41755|0.0327787|1.48687|2.99986|4.79844|4.90362|4.1126|0.0104102|4.04415,79.8117|56.34|51.9585|54.7186|37.9513|11.8968|11.8194|92.4072|57.0974|39.9413|55.8812|43.2583|23.9015|56.905|56.397|76.8491|22.3088|37.0378|18.7034|97.1045|83.9106|10.4739|35.0583|56.1703|83.3731,0.246796|0.206669|0.222459|0.208433|0.246589|0.228013|0.168449|0.203687|0.227675|0.180359|0.234874|0.218822|0.236806|0.185169|0.21902|0.204072|0.190841|0.191256|0.249902|0.207556|0.204476|0.163561|0.209201|0.247907|0.197114,0.338018|0.285239|0.326911|0.448351|0.157157|0.342677|0.776387|0.876618|0.396625|0.129355|0.16843|0.981182|0.2818|0.476138|0.533324|0.509755|0.323935|0.182586|0.259002|0.438091|0.65353|0.469027|0.297185|0.827328|0.942894,0.869523,0.801463,0.117836,0.0993652,0.460468,0.534015,0.0732846,0.487967,0.198257,0.921169,51.6436,5.43263e-12,47756,0.887486,41.1981,1.06086e-12,38445,0.895553,0.876428,0.0878307,0.631141,0.996144,0.511517,0.22039,0.459803,0.228135,0.891603,87.9902,7.64954e-10,30733,0.967162,70.4477,9.04596e-11,52512
24,920,n1->n20->n96->n14->n75->n76->n69->n70->n87->n88->n89->n90->n56->n54->n40->n42->n63->n82->n95->n97->n99->n77->n93->n92->n94->n51,5.37021e+09|4.0293e+11|2.51165e+12|3.70261e+10|8.71921e+10|4.21804e+13|8.81277e+09|6.87309e+13|7.3435e+12|9.00567e+12|2.68119e+11|1.33273e+11|1.1605e+12|2.80961e+11|3.58065e+10|2.42905e+09|6.55204e+12|1.07979e+13|1.05601e+11|2.90604e+09|1.57108e+10|5.68112e+11|4.22601e+13|1.97334e+09|1.36531e+10|7.46708e+11,8.19724e+08|1.89646e+11|5.36324e+11|1.44234e+10|5.29113e+10|1.15782e+13|7.57626e+09|9.78332e+12|2.79916e+12|8.66002e+12|9.23423e+10|6.41526e+10|5.65456e+11|2.23178e+11|4.14657e+09|2.47264e+08|2.63574e+12|1.66379e+12|5.46554e+10|5.04144e+08|4.21389e+09|3.56307e+11|1.3774e+13|1.46451e+09|1.67171e+09|5.06847e+11,0.000494453|5.21063e-05|1.2987e-05|3.25754e-05|0.000766915|1.88608e-05|0.000268039|5.13815e-05|0.000634307|6.2721e-05|3.55201e-05|0.000319756|1.7812e-05|1.47667e-05|6.01341e-05|8.79758e-05|0.000116235|0.000837919|0.000260968|8.81202e-05|0.00089026|8.49487e-05|8.45967e-05|2.75832e-05|2.95455e-05|0.000185382,0.000316017|0.000368678|0.000286765|0.000181646|0.000203965|0.00214239|0.00367819|0.00295865|0.00151267|0.000480267|0.000111435|0.000672662|0.000830638|0.00549128|0.00268841|0.000493531|0.00126856|0.00271152|0.000186877|0.00494291|0.000350126|0.000906866|0.000162335|0.0052688|0.000125263|0.00344885,0.0109342|0.0108696|0.0377902|0.0426128|0.0243876|0.00156873|0.022957|0.0286141|0.0186268|0.00850464|0.0107812|0.0285929|0.0231698|0.0334079|0.0249103|0.00783732|0.0100727|0.0278433|0.00282907|0.0381696|0.0362414|0.04851|0.0108045|0.0444618|0.00830448|0.0365406,0.000178506|0.0181411|0.0195364|0.049061|0.0250863|0.0470058|0.0100342|0.0216638|0.00979507|0.0237676|0.0401575|0.0372754|0.0417641|0.00844474|0.033399|0.0327962|0.0107197|0.0266174|0.0420997|0.00800322|0.0472365|0.0115254|0.0326183|0.0387741|0.0293842|0.0130093,0.973537|0.923215|0.951762|0.906626|0.936129|0.989289|0.975915|0.966653|0.977244|0.962132|0.926416|0.984478|0.944528|0.927525|0.920308|0.960936|0.903245|0.934435|0.966581|0.90679|0.953794|0.949999|0.912097|0.987763|0.927471|0.98883,4.63983|4.79469|0.85792|0.762282|3.39264|0.578949|2.99986|4.60778|2.33192|1.9653|0.0868458|4.02061|2.55597|1.22009|2.50002|0.765875|4.68449|0.132111|1.09944|1.41691|3.07459|0.722366|5.92115|6.03913|5.03384|4.04415,90.7492|58.7029|54.7186|56.2706|63.5216|66.666|74.5377|39.9413|57.0974|92.4072|12.726|40.6061|42.6814|12.2677|77.6192|97.0433|48.6997|75.699|11.8968|94.4507|96.5216|51.9256|61.035|13.5087|11.2844,0.215706|0.201188|0.208433|0.226178|0.207806|0.212271|0.172691|0.180359|0.227675|0.203687|0.226099|0.166746|0.167734|0.248162|0.243521|0.211509|0.175742|0.21275|0.228013|0.168303|0.241387|0.247077|0.21409|0.230182|0.200895,0.53635|0.666395|0.448351|0.725021|0.844544|0.890059|0.416585|0.129355|0.396625|0.876618|0.757755|0.163177|0.927159|0.812759|0.14346|0.758395|0.4301|0.837867|0.342677|0.263233|0.664018|0.469529|0.722832|0.731663|0.836539,0.869523,0.801463,0.117836,0.0993652,0.460468,0.534015,0.0732846,0.487967,0.198257,0.921169,51.6436,5.43263e-12,47756,0.887486,41.1981,1.06086e-12,38445,0.895553,0.876428,0.0878307,0.631141,0.996144,0.511517,0.22039,0.459803,0.228135,0.891603,87.9902,7.64954e-10,30733,0.967162,70.4477,9.04596e-11,52512
24,921,n1->n20->n18->n17->n85->n83->n57->n55->n56->n84->n33->n35->n74->n76->n86->n87->n88->n90->n59->n50->n48->n47->n26->n27->n52->n51,5.37021e+09|4.0293e+11|7.59179e+12|1.51096e+11|2.02447e+09|3.76373e+13|4.14288e+09|8.84081e+12|1.1605e+12|1.07392e+09|3.64323e+13|5.77859e+11|5.8385e+13|4.21804e+13|3.85304e+10|7.3435e+12|9.00567e+12|1.33273e+11|3.04563e+11|2.36425e+09|3.98001e+12|4.74236e+11|7.09351e+09|4.19351e+12|1.02428e+10|7.46708e+11,8.19724e+08|1.89646e+11|4.11836e+12|1.57582e+10|2.41326e+08|2.34723e+13|2.05006e+09|4.69454e+12|5.65456e+11|9.00899e+08|6.32377e+12|4.88834e+11|7.35096e+12|1.15782e+13|4.69095e+09|2.79916e+12|8.66002e+12|6.41526e+10|3.06423e+10|4.07889e+08|1.69514e+12|1.54765e+11|1.31666e+09|8.73344e+11|2.07235e+09|5.06847e+11,0.000494453|5.21063e-05|2.98936e-05|0.000261059|2.04325e-05|1.86087e-05|0.000173612|4.06274e-05|1.7812e-05|2.14473e-05|1.50316e-05|0.000412952|0.000875739|1.88608e-05|6.21631e-05|0.000634307|6.2721e-05|0.000319756|2.43107e-05|1.54283e-05|4.78153e-05|0.000202873|3.77967e-05|1.08528e-05|0.00011644|0.000185382,0.000316017|0.000368678|0.000681499|0.000513001|0.000338175|0.000175452|0.00271581|0.000128431|0.000830638|0.000434313|0.00213059|0.00138752|0.00944671|0.00214239|0.00341054|0.00151267|0.000480267|0.000672662|0.000202742|0.00907722|0.00544009|0.000266598|0.00522178|0.00262605|0.00580301|0.00344885,0.0109342|0.0108696|0.0192976|0.0430027|0.0354515|0.015405|0.0328142|0.00843704|0.0231698|0.0473575|0.00968695|0.00215298|0.0280357|0.00156873|0.0237043|0.0186268|0.00850464|0.0285929|0.00304046|0.00638914|0.0455031|0.00898217|0.0101688|0.0303206|0.0398377|0.0365406,0.000178506|0.0181411|0.0120519|0.00442808|0.0266209|0.038157|0.0437642|0.0314938|0.0417641|0.0366447|0.0280967|0.0375959|0.0166219|0.0470058|0.0488574|0.00979507|0.0237676|0.0372754|0.0474075|0.0483596|0.0360942|0.0488958|0.0409649|0.0230682|0.0151024|0.0130093,0.973537|0.923215|0.946711|0.974312|0.940474|0.947801|0.983348|0.908585|0.944528|0.948551|0.923653|0.952159|0.90082|0.989289|0.981332|0.977244|0.962132|0.984478|0.99171|0.910708|0.967439|0.9108|0.981638|0.985376|0.965406|0.98883,4.63983|4.79469|4.38273|5.11322|4.91715|4.11052|1.93323|3.37071|2.55597|5.42186|1.04264|5.24666|0.0974208|0.578949|4.96971|2.33192|1.9653|4.02061|5.60303|5.41755|3.09858|6.27947|2.91399|4.5695|0.0104102|4.04415,90.7492|89.2299|43.2583|84.7043|92.2019|50.003|61.5999|95.3312|34.4372|59.7094|93.5115|67.7415|53.1277|37.5994|88.9922|57.0974|14.1987|62.2588|47.7013|23.5956|78.8723|70.8805|67.4197|46.2248|83.3731,0.215706|0.247215|0.218822|0.225161|0.231254|0.1911|0.220389|0.167906|0.222961|0.183728|0.242679|0.161632|0.181342|0.17745|0.246364|0.227675|0.244274|0.169222|0.170229|0.191801|0.239998|0.189485|0.171162|0.183493|0.197114,0.53635|0.652252|0.981182|0.880608|0.604504|0.161388|0.549818|0.402595|0.762891|0.218166|0.487093|0.301798|0.519715|0.871942|0.83582|0.396625|0.997795|0.361153|0.776444|0.688345|0.300482|0.757042|0.40751|0.657987|0.942894,0.869523,0.801463,0.117836,0.0993652,0.460468,0.534015,0.0732846,0.487967,0.198257,0.921169,51.6436,5.43263e-12,47756,0.887486,41.1981,1.06086e-12,38445,0.895553,0.876428,0.0878307,0.631141,0.996144,0.511517,0.22039,0.459803,0.228135,0.891603,87.9902,7.64954e-10,30733,0.967162,70.4477,9.04596e-11,52512
24,922,n1->n13->n14->n96->n20->n18->n17->n85->n83->n84->n56->n55->n54->n40->n42->n44->n45->n43->n41->n39->n38->n36->n64->n62->n61->n51,5.37021e+09|6.60497e+13|3.70261e+10|2.51165e+12|4.0293e+11|7.59179e+12|1.51096e+11|2.02447e+09|3.76373e+13|1.07392e+09|1.1605e+12|8.84081e+12|2.80961e+11|3.58065e+10|2.42905e+09|5.26537e+13|8.38488e+13|1.40931e+10|3.95737e+11|3.34792e+13|1.16426e+13|7.73972e+11|4.21034e+09|2.37342e+11|6.44979e+11|7.46708e+11,8.19724e+08|8.87204e+12|1.44234e+10|5.36324e+11|1.89646e+11|4.11836e+12|1.57582e+10|2.41326e+08|2.34723e+13|9.00899e+08|5.65456e+11|4.69454e+12|2.23178e+11|4.14657e+09|2.47264e+08|2.86817e+13|1.01787e+13|3.26577e+09|1.47899e+11|1.12013e+13|1.19258e+12|7.77593e+10|1.60867e+09|1.13053e+11|1.30372e+11|5.06847e+11,0.000494453|0.000787814|3.25754e-05|1.2987e-05|5.21063e-05|2.98936e-05|0.000261059|2.04325e-05|1.86087e-05|2.14473e-05|1.7812e-05|4.06274e-05|1.47667e-05|6.01341e-05|8.79758e-05|0.000124649|1.67225e-05|0.000955168|2.35935e-05|5.53896e-05|1.04425e-05|0.000426407|1.88732e-05|8.24006e-05|3.71253e-05|0.000185382,0.000316017|0.00788063|0.000181646|0.000286765|0.000368678|0.000681499|0.000513001|0.000338175|0.000175452|0.000434313|0.000830638|0.000128431|0.00549128|0.00268841|0.000493531|0.00158999|0.000742576|0.00344494|0.00412419|0.0025393|0.00950649|0.00396778|0.000135861|0.00794111|0.00313588|0.00344885,0.0109342|0.0476737|0.0426128|0.0377902|0.0108696|0.0192976|0.0430027|0.0354515|0.015405|0.0473575|0.0231698|0.00843704|0.0334079|0.0249103|0.00783732|0.0486405|0.00846218|0.0168583|0.00451081|0.00111942|0.0263713|0.00497013|0.0266797|0.0242596|0.0266048|0.0365406,0.000178506|0.00335145|0.049061|0.0195364|0.0181411|0.0120519|0.00442808|0.0266209|0.038157|0.0366447|0.0417641|0.0314938|0.00844474|0.033399|0.0327962|0.00764508|0.0342415|0.0482719|0.00491436|0.0449458|0.00318517|0.0341912|0.0436548|0.0480911|0.0179693|0.0130093,0.973537|0.954869|0.906626|0.951762|0.923215|0.946711|0.974312|0.940474|0.947801|0.948551|0.944528|0.908585|0.927525|0.920308|0.960936|0.932977|0.934264|0.943219|0.923722|0.924329|0.902547|0.94998|0.933821|0.98053|0.958619|0.98883,4.63983|5.26639|0.762282|0.85792|4.79469|4.38273|5.11322|4.91715|4.11052|5.42186|2.55597|3.37071|1.22009|2.50002|0.765875|2.64532|5.31688|2.3897|4.11092|1.19952|5.09423|3.70656|5.77568|5.59786|2.63855|4.04415,79.8117|92.5451|54.7186|58.7029|89.2299|43.2583|84.7043|92.2019|20.1884|34.4372|95.3312|27.8669|12.2677|77.6192|21.0603|57.1366|48.5398|43.4967|38.9947|52.0957|61.2725|43.8659|93.0484|89.0369|66.5616,0.246796|0.191459|0.208433|0.201188|0.247215|0.218822|0.225161|0.231254|0.246081|0.222961|0.167906|0.169326|0.248162|0.243521|0.23095|0.235241|0.218428|0.160247|0.18226|0.199024|0.204351|0.241695|0.176232|0.198053|0.171721,0.338018|0.161307|0.448351|0.666395|0.652252|0.981182|0.880608|0.604504|0.599197|0.762891|0.402595|0.414082|0.812759|0.14346|0.399278|0.218954|0.854577|0.922117|0.988985|0.46236|0.413834|0.590576|0.182879|0.704733|0.235817,0.869523,0.801463,0.117836,0.0993652,0.460468,0.534015,0.0732846,0.487967,0.198257,0.921169,51.6436,5.43263e-12,47756,0.887486,41.1981,1.06086e-12,38445,0.895553,0.876428,0.0878307,0.631141,0.996144,0.511517,0.22039,0.459803,0.228135,0.891603,87.9902,7.64954e-10,30733,0.967162,70.4477,9.04596e-11,52512
24,923,n1->n13->n12->n8->n10->n73->n100->n90->n89->n95->n93->n64->n49->n47->n26->n24->n71->n72->n70->n18->n17->n85->n58->n59->n50->n51,5.37021e+09|6.60497e+13|9.70597e+10|4.61239e+13|2.49624e+09|1.41706e+11|4.01966e+09|1.33273e+11|2.68119e+11|1.05601e+11|4.22601e+13|4.21034e+09|2.45005e+09|4.74236e+11|7.09351e+09|1.59557e+13|7.70008e+11|6.83442e+09|6.87309e+13|7.59179e+12|1.51096e+11|2.02447e+09|8.16696e+09|3.04563e+11|2.36425e+09|7.46708e+11,8.19724e+08|8.87204e+12|2.76143e+10|1.04208e+13|7.32581e+08|5.76853e+10|2.27749e+09|6.41526e+10|9.23423e+10|5.46554e+10|1.3774e+13|1.60867e+09|2.44458e+09|1.54765e+11|1.31666e+09|4.06569e+12|1.60546e+11|1.48353e+09|9.78332e+12|4.11836e+12|1.57582e+10|2.41326e+08|6.89506e+09|3.06423e+10|4.07889e+08|5.06847e+11,0.000494453|0.000787814|0.000201974|6.6054e-05|6.27016e-05|6.32916e-05|0.000665246|0.000319756|3.55201e-05|0.000260968|8.45967e-05|1.88732e-05|1.07426e-05|0.000202873|3.77967e-05|0.000193265|0.00017279|0.000159499|5.13815e-05|2.98936e-05|0.000261059|2.04325e-05|0.000266735|2.43107e-05|1.54283e-05|0.000185382,0.000316017|0.00788063|0.0016732|0.00522046|0.00113469|0.000807753|0.00914892|0.000672662|0.000111435|0.000186877|0.000162335|0.000135861|0.000979027|0.000266598|0.00522178|0.0012727|0.00123164|0.00384342|0.00295865|0.000681499|0.000513001|0.000338175|0.00874893|0.000202742|0.00907722|0.00344885,0.0109342|0.0476737|0.0313381|0.0318744|0.00597815|0.0455502|0.0100829|0.0285929|0.0107812|0.00282907|0.0108045|0.0266797|0.0183567|0.00898217|0.0101688|0.0433038|0.0398828|0.0479977|0.0286141|0.0192976|0.0430027|0.0354515|0.0248478|0.00304046|0.00638914|0.0365406,0.000178506|0.00335145|0.0470205|0.0483133|0.0245713|0.028193|0.0460028|0.0372754|0.0401575|0.0420997|0.0326183|0.0436548|0.0388066|0.0488958|0.0409649|0.00780618|0.0326729|0.0299903|0.0216638|0.0120519|0.00442808|0.0266209|0.0481122|0.0474075|0.0483596|0.0130093,0.973537|0.954869|0.937315|0.975256|0.962416|0.909539|0.935175|0.984478|0.926416|0.966581|0.912097|0.933821|0.969899|0.9108|0.981638|0.90929|0.947193|0.96924|0.966653|0.946711|0.974312|0.940474|0.911658|0.99171|0.910708|0.98883,4.63983|5.26639|3.07758|3.22282|1.97158|3.29092|3.89025|4.02061|0.0868458|1.09944|5.92115|5.77568|3.94615|6.27947|2.91399|3.9732|0.117525|3.90463|4.60778|4.38273|5.11322|4.91715|3.70937|5.60303|5.41755|4.04415,79.8117|56.34|81.3396|99.595|29.3778|20.1165|32.7492|12.726|11.8194|24.941|32.5899|77.768|91.8261|70.8805|83.4704|44.1502|45.8448|97.4405|55.8812|43.2583|84.7043|90.6886|56.397|47.7013|82.9474,0.246796|0.206669|0.186476|0.184434|0.202302|0.175955|0.191207|0.226099|0.168449|0.237661|0.178102|0.165457|0.228404|0.189485|0.216464|0.204574|0.218487|0.180102|0.234874|0.218822|0.225161|0.194345|0.21902|0.170229|0.24308,0.338018|0.285239|0.379326|0.703378|0.747283|0.825877|0.878161|0.757755|0.776387|0.985064|0.548301|0.348083|0.133861|0.757042|0.583168|0.45026|0.29317|0.79408|0.16843|0.981182|0.880608|0.45102|0.533324|0.776444|0.624607,0.869523,0.801463,0.117836,0.0993652,0.460468,0.534015,0.0732846,0.487967,0.198257,0.921169,51.6436,5.43263e-12,47756,0.887486,41.1981,1.06086e-12,38445,0.895553,0.876428,0.0878307,0.631141,0.996144,0.511517,0.22039,0.459803,0.228135,0.891603,87.9902,7.64954e-10,30733,0.967162,70.4477,9.04596e-11,52512
24,924,n1->n20->n19->n17->n68->n66->n32->n30->n29->n31->n33->n84->n83->n85->n78->n76->n69->n70->n18->n16->n38->n39->n10->n63->n61->n51,5.37021e+09|4.0293e+11|2.47533e+11|1.51096e+11|1.31753e+09|1.10072e+10|1.78367e+12|1.26395e+10|3.6336e+13|4.79342e+12|3.64323e+13|1.07392e+09|3.76373e+13|2.02447e+09|3.25238e+10|4.21804e+13|8.81277e+09|6.87309e+13|7.59179e+12|1.09193e+13|1.16426e+13|3.34792e+13|2.49624e+09|6.55204e+12|6.44979e+11|7.46708e+11,8.19724e+08|1.89646e+11|2.33399e+11|1.57582e+10|3.10679e+08|8.7665e+09|1.05491e+12|1.81012e+09|1.77292e+13|4.42443e+12|6.32377e+12|9.00899e+08|2.34723e+13|2.41326e+08|2.30731e+10|1.15782e+13|7.57626e+09|9.78332e+12|4.11836e+12|1.33827e+12|1.19258e+12|1.12013e+13|7.32581e+08|2.63574e+12|1.30372e+11|5.06847e+11,0.000494453|5.21063e-05|0.000261527|0.000261059|0.000223952|0.000237659|0.000179959|4.789e-05|0.000125062|0.00024651|1.50316e-05|2.14473e-05|1.86087e-05|2.04325e-05|0.000270955|1.88608e-05|0.000268039|5.13815e-05|2.98936e-05|3.71682e-05|1.04425e-05|5.53896e-05|6.27016e-05|0.000116235|3.71253e-05|0.000185382,0.000316017|0.000368678|0.000768065|0.000513001|0.00843573|0.000470269|0.00292552|0.00655588|0.00231296|0.00308746|0.00213059|0.000434313|0.000175452|0.000338175|0.00167497|0.00214239|0.00367819|0.00295865|0.000681499|0.00174713|0.00950649|0.0025393|0.00113469|0.00126856|0.00313588|0.00344885,0.0109342|0.0108696|0.0201979|0.0430027|0.0370095|0.0203827|0.00778345|0.00398508|0.0255931|0.0211034|0.00968695|0.0473575|0.015405|0.0354515|0.00569443|0.00156873|0.022957|0.0286141|0.0192976|0.0123696|0.0263713|0.00111942|0.00597815|0.0100727|0.0266048|0.0365406,0.000178506|0.0181411|0.0291803|0.00442808|0.00589983|0.0146278|0.0161829|0.0178703|0.00291922|0.0151027|0.0280967|0.0366447|0.038157|0.0266209|0.0425349|0.0470058|0.0100342|0.0216638|0.0120519|0.0240438|0.00318517|0.0449458|0.0245713|0.0107197|0.0179693|0.0130093,0.973537|0.923215|0.941018|0.974312|0.984554|0.978907|0.953313|0.972158|0.962742|0.943878|0.923653|0.948551|0.947801|0.940474|0.92832|0.989289|0.975915|0.966653|0.946711|0.979533|0.902547|0.924329|0.962416|0.903245|0.958619|0.98883,4.63983|4.79469|1.39448|5.11322|5.26958|3.10364|0.10397|5.42296|0.0327787|4.82496|1.04264|5.42186|4.11052|4.91715|3.3614|0.578949|2.99986|4.60778|4.38273|1.69436|5.09423|1.19952|1.97158|4.68449|2.63855|4.04415,90.7492|86.2435|10.3361|23.9015|70.8824|27.3217|69.5993|29.3504|70.4589|95.0453|59.7094|20.1884|92.2019|67.1704|69.3348|66.666|74.5377|55.8812|72.2829|28.0546|52.0957|24.4191|65.1286|47.0482|66.5616,0.215706|0.182991|0.172286|0.236806|0.16183|0.199785|0.204659|0.179657|0.246199|0.234751|0.183728|0.246081|0.231254|0.184721|0.194827|0.212271|0.172691|0.234874|0.180241|0.17367|0.199024|0.239532|0.203746|0.167884|0.171721,0.53635|0.182796|0.559133|0.2818|0.215539|0.769012|0.237533|0.887943|0.415176|0.258586|0.218166|0.599197|0.604504|0.609732|0.93416|0.890059|0.416585|0.16843|0.553025|0.828443|0.46236|0.991722|0.514129|0.410418|0.235817,0.869523,0.801463,0.117836,0.0993652,0.460468,0.534015,0.0732846,0.487967,0.198257,0.921169,51.6436,5.43263e-12,47756,0.887486,41.1981,1.06086e-12,38445,0.895553,0.876428,0.0878307,0.631141,0.996144,0.511517,0.22039,0.459803,0.228135,0.891603,87.9902,7.64954e-10,30733,0.967162,70.4477,9.04596e-11,52512
24,925,n1->n99->n98->n57->n74->n75->n71->n72->n77->n93->n91->n92->n94->n96->n97->n27->n28->n69->n3->n5->n7->n8->n10->n63->n61->n51,5.37021e+09|1.57108e+10|1.8266e+13|4.14288e+09|5.8385e+13|8.71921e+10|7.70008e+11|6.83442e+09|5.68112e+11|4.22601e+13|2.84652e+12|1.97334e+09|1.36531e+10|2.51165e+12|2.90604e+09|4.19351e+12|1.34247e+11|8.81277e+09|2.78751e+13|2.91995e+11|3.81012e+11|4.61239e+13|2.49624e+09|6.55204e+12|6.44979e+11|7.46708e+11,8.19724e+08|4.21389e+09|5.99087e+12|2.05006e+09|7.35096e+12|5.29113e+10|1.60546e+11|1.48353e+09|3.56307e+11|1.3774e+13|3.57264e+11|1.46451e+09|1.67171e+09|5.36324e+11|5.04144e+08|8.73344e+11|1.51805e+10|7.57626e+09|1.44762e+13|4.67133e+10|6.70334e+10|1.04208e+13|7.32581e+08|2.63574e+12|1.30372e+11|5.06847e+11,0.000494453|0.00089026|0.000410965|0.000173612|0.000875739|0.000766915|0.00017279|0.000159499|8.49487e-05|8.45967e-05|6.93267e-05|2.75832e-05|2.95455e-05|1.2987e-05|8.81202e-05|1.08528e-05|0.00056516|0.000268039|0.00022361|7.03031e-05|0.000475679|6.6054e-05|6.27016e-05|0.000116235|3.71253e-05|0.000185382,0.000316017|0.000350126|0.000548485|0.00271581|0.00944671|0.000203965|0.00123164|0.00384342|0.000906866|0.000162335|0.00599677|0.0052688|0.000125263|0.000286765|0.00494291|0.00262605|0.0093172|0.00367819|0.00776667|0.000196916|0.00104538|0.00522046|0.00113469|0.00126856|0.00313588|0.00344885,0.0109342|0.0362414|0.0295222|0.0328142|0.0280357|0.0243876|0.0398828|0.0479977|0.04851|0.0108045|0.008036|0.0444618|0.00830448|0.0377902|0.0381696|0.0303206|0.0317261|0.022957|0.0268705|0.00731162|0.01754|0.0318744|0.00597815|0.0100727|0.0266048|0.0365406,0.000178506|0.0472365|0.0297366|0.0437642|0.0166219|0.0250863|0.0326729|0.0299903|0.0115254|0.0326183|0.015498|0.0387741|0.0293842|0.0195364|0.00800322|0.0230682|0.03841|0.0100342|0.0326941|0.0421608|0.0283975|0.0483133|0.0245713|0.0107197|0.0179693|0.0130093,0.973537|0.953794|0.959539|0.983348|0.90082|0.936129|0.947193|0.96924|0.949999|0.912097|0.964407|0.987763|0.927471|0.951762|0.90679|0.985376|0.948072|0.975915|0.982466|0.951514|0.963898|0.975256|0.962416|0.903245|0.958619|0.98883,4.63983|3.07459|2.95405|1.93323|0.0974208|3.39264|0.117525|3.90463|0.722366|5.92115|5.6679|6.03913|5.03384|0.85792|1.41691|4.5695|1.48687|2.99986|4.79844|4.90362|3.51107|3.22282|1.97158|4.68449|2.63855|4.04415,66.2586|58.4557|98.2355|95.6836|64.3401|14.5634|45.8448|92.3918|51.9256|26.8753|32.3713|13.5087|71.0086|37.9513|31.5608|23.5709|97.1045|83.9106|10.4739|37.2729|55.4093|99.595|65.1286|47.0482|66.5616,0.180129|0.227784|0.190047|0.169856|0.220369|0.169453|0.218487|0.167022|0.247077|0.203549|0.161013|0.230182|0.230021|0.246589|0.219936|0.207151|0.207556|0.204476|0.163561|0.176784|0.230451|0.184434|0.203746|0.167884|0.171721,0.323551|0.686264|0.757428|0.815246|0.119032|0.275247|0.29317|0.776051|0.469529|0.21516|0.940947|0.731663|0.131268|0.157157|0.557853|0.340196|0.438091|0.65353|0.469027|0.943162|0.745697|0.703378|0.514129|0.410418|0.235817,0.869523,0.801463,0.117836,0.0993652,0.460468,0.534015,0.0732846,0.487967,0.198257,0.921169,51.6436,5.43263e-12,47756,0.887486,41.1981,1.06086e-12,38445,0.895553,0.876428,0.0878307,0.631141,0.996144,0.511517,0.22039,0.459803,0.228135,0.891603,87.9902,7.64954e-10,30733,0.967162,70.4477,9.04596e-11,52512
24,926,n1->n99->n77->n23->n21->n22->n68->n58->n85->n78->n76->n75->n4->n2->n100->n73->n71->n72->n45->n43->n41->n44->n42->n63->n61->n51,5.37021e+09|1.57108e+10|5.68112e+11|4.63033e+10|1.56161e+12|1.47e+10|1.31753e+09|8.16696e+09|2.02447e+09|3.25238e+10|4.21804e+13|8.71921e+10|7.07339e+12|5.94248e+10|4.01966e+09|1.41706e+11|7.70008e+11|6.83442e+09|8.38488e+13|1.40931e+10|3.95737e+11|5.26537e+13|2.42905e+09|6.55204e+12|6.44979e+11|7.46708e+11,8.19724e+08|4.21389e+09|3.56307e+11|3.30225e+10|3.02345e+11|9.51029e+09|3.10679e+08|6.89506e+09|2.41326e+08|2.30731e+10|1.15782e+13|5.29113e+10|2.43435e+12|3.74975e+10|2.27749e+09|5.76853e+10|1.60546e+11|1.48353e+09|1.01787e+13|3.26577e+09|1.47899e+11|2.86817e+13|2.47264e+08|2.63574e+12|1.30372e+11|5.06847e+11,0.000494453|0.00089026|8.49487e-05|0.000277161|0.00096308|1.77434e-05|0.000223952|0.000266735|2.04325e-05|0.000270955|1.88608e-05|0.000766915|0.000113681|1.10648e-05|0.000665246|6.32916e-05|0.00017279|0.000159499|1.67225e-05|0.000955168|2.35935e-05|0.000124649|8.79758e-05|0.000116235|3.71253e-05|0.000185382,0.000316017|0.000350126|0.000906866|0.00418014|0.00195589|0.0006856|0.00843573|0.00874893|0.000338175|0.00167497|0.00214239|0.000203965|0.00198341|0.00120557|0.00914892|0.000807753|0.00123164|0.00384342|0.000742576|0.00344494|0.00412419|0.00158999|0.000493531|0.00126856|0.00313588|0.00344885,0.0109342|0.0362414|0.04851|0.00314906|0.00712365|0.0408661|0.0370095|0.0248478|0.0354515|0.00569443|0.00156873|0.0243876|0.0350273|0.00369149|0.0100829|0.0455502|0.0398828|0.0479977|0.00846218|0.0168583|0.00451081|0.0486405|0.00783732|0.0100727|0.0266048|0.0365406,0.000178506|0.0472365|0.0115254|0.0470385|0.0414669|0.040072|0.00589983|0.0481122|0.0266209|0.0425349|0.0470058|0.0250863|0.0273051|0.0127317|0.0460028|0.028193|0.0326729|0.0299903|0.0342415|0.0482719|0.00491436|0.00764508|0.0327962|0.0107197|0.0179693|0.0130093,0.973537|0.953794|0.949999|0.92176|0.971602|0.95984|0.984554|0.911658|0.940474|0.92832|0.989289|0.936129|0.917619|0.968894|0.935175|0.909539|0.947193|0.96924|0.934264|0.943219|0.923722|0.932977|0.960936|0.903245|0.958619|0.98883,4.63983|3.07459|0.722366|2.08786|3.14177|0.048646|5.26958|3.70937|4.91715|3.3614|0.578949|3.39264|1.56082|4.74216|3.89025|3.29092|0.117525|3.90463|5.31688|2.3897|4.11092|2.64532|0.765875|4.68449|2.63855|4.04415,66.2586|96.5216|39.0733|88.4205|55.6995|15.3326|56.905|90.6886|67.1704|69.3348|63.5216|81.7362|30.2686|37.015|20.1165|28.2621|45.8448|63.1262|48.5398|43.4967|12.7315|21.0603|97.0433|47.0482|66.5616,0.180129|0.241387|0.178948|0.232237|0.206062|0.236297|0.185169|0.194345|0.184721|0.194827|0.207806|0.218556|0.239023|0.17211|0.175955|0.242769|0.218487|0.243732|0.218428|0.160247|0.246433|0.23095|0.211509|0.167884|0.171721,0.323551|0.664018|0.23533|0.516177|0.677391|0.655447|0.476138|0.45102|0.609732|0.93416|0.844544|0.847503|0.514427|0.315214|0.825877|0.940077|0.29317|0.65643|0.854577|0.922117|0.665882|0.399278|0.758395|0.410418|0.235817,0.869523,0.801463,0.117836,0.0993652,0.460468,0.534015,0.0732846,0.487967,0.198257,0.921169,51.6436,5.43263e-12,47756,0.887486,41.1981,1.06086e-12,38445,0.895553,0.876428,0.0878307,0.631141,0.996144,0.511517,0.22039,0.459803,0.228135,0.891603,87.9902,7.64954e-10,30733,0.967162,70.4477,9.04596e-11,52512
24,927,n1->n99->n97->n27->n28->n29->n50->n48->n46->n47->n26->n24->n23->n77->n93->n91->n92->n94->n96->n14->n12->n8->n10->n63->n61->n51,5.37021e+09|1.57108e+10|2.90604e+09|4.19351e+12|1.34247e+11|3.6336e+13|2.36425e+09|3.98001e+12|5.53417e+12|4.74236e+11|7.09351e+09|1.59557e+13|4.63033e+10|5.68112e+11|4.22601e+13|2.84652e+12|1.97334e+09|1.36531e+10|2.51165e+12|3.70261e+10|9.70597e+10|4.61239e+13|2.49624e+09|6.55204e+12|6.44979e+11|7.46708e+11,8.19724e+08|4.21389e+09|5.04144e+08|8.73344e+11|1.51805e+10|1.77292e+13|4.07889e+08|1.69514e+12|1.63629e+12|1.54765e+11|1.31666e+09|4.06569e+12|3.30225e+10|3.56307e+11|1.3774e+13|3.57264e+11|1.46451e+09|1.67171e+09|5.36324e+11|1.44234e+10|2.76143e+10|1.04208e+13|7.32581e+08|2.63574e+12|1.30372e+11|5.06847e+11,0.000494453|0.00089026|8.81202e-05|1.08528e-05|0.00056516|0.000125062|1.54283e-05|4.78153e-05|0.000489732|0.000202873|3.77967e-05|0.000193265|0.000277161|8.49487e-05|8.45967e-05|6.93267e-05|2.75832e-05|2.95455e-05|1.2987e-05|3.25754e-05|0.000201974|6.6054e-05|6.27016e-05|0.000116235|3.71253e-05|0.000185382,0.000316017|0.000350126|0.00494291|0.00262605|0.0093172|0.00231296|0.00907722|0.00544009|0.000159088|0.000266598|0.00522178|0.0012727|0.00418014|0.000906866|0.000162335|0.00599677|0.0052688|0.000125263|0.000286765|0.000181646|0.0016732|0.00522046|0.00113469|0.00126856|0.00313588|0.00344885,0.0109342|0.0362414|0.0381696|0.0303206|0.0317261|0.0255931|0.00638914|0.0455031|0.029055|0.00898217|0.0101688|0.0433038|0.00314906|0.04851|0.0108045|0.008036|0.0444618|0.00830448|0.0377902|0.0426128|0.0313381|0.0318744|0.00597815|0.0100727|0.0266048|0.0365406,0.000178506|0.0472365|0.00800322|0.0230682|0.03841|0.00291922|0.0483596|0.0360942|0.0302566|0.0488958|0.0409649|0.00780618|0.0470385|0.0115254|0.0326183|0.015498|0.0387741|0.0293842|0.0195364|0.049061|0.0470205|0.0483133|0.0245713|0.0107197|0.0179693|0.0130093,0.973537|0.953794|0.90679|0.985376|0.948072|0.962742|0.910708|0.967439|0.923372|0.9108|0.981638|0.90929|0.92176|0.949999|0.912097|0.964407|0.987763|0.927471|0.951762|0.906626|0.937315|0.975256|0.962416|0.903245|0.958619|0.98883,4.63983|3.07459|1.41691|4.5695|1.48687|0.0327787|5.41755|3.09858|0.31178|6.27947|2.91399|3.9732|2.08786|0.722366|5.92115|5.6679|6.03913|5.03384|0.85792|0.762282|3.07758|3.22282|1.97158|4.68449|2.63855|4.04415,66.2586|94.4507|31.5608|23.5709|18.7034|37.0378|23.5956|41.9872|71.5316|70.8805|83.4704|44.8869|39.0733|51.9256|26.8753|32.3713|13.5087|71.0086|54.7186|51.9585|81.3396|99.595|65.1286|47.0482|66.5616,0.180129|0.168303|0.219936|0.207151|0.249902|0.191256|0.191801|0.178665|0.196056|0.189485|0.216464|0.161116|0.178948|0.247077|0.203549|0.161013|0.230182|0.230021|0.208433|0.222459|0.186476|0.184434|0.203746|0.167884|0.171721,0.323551|0.263233|0.557853|0.340196|0.259002|0.182586|0.688345|0.182289|0.758317|0.757042|0.583168|0.528582|0.23533|0.469529|0.21516|0.940947|0.731663|0.131268|0.448351|0.326911|0.379326|0.703378|0.514129|0.410418|0.235817,0.869523,0.801463,0.117836,0.0993652,0.460468,0.534015,0.0732846,0.487967,0.198257,0.921169,51.6436,5.43263e-12,47756,0.887486,41.1981,1.06086e-12,38445,0.895553,0.876428,0.0878307,0.631141,0.996144,0.511517,0.22039,0.459803,0.228135,0.891603,87.9902,7.64954e-10,30733,0.967162,70.4477,9.04596e-11,52512
24,928,n1->n20->n89->n90->n56->n54->n55->n57->n74->n22->n21->n23->n83->n81->n80->n78->n76->n75->n71->n73->n100->n2->n4->n27->n52->n51,5.37021e+09|4.0293e+11|2.68119e+11|1.33273e+11|1.1605e+12|2.80961e+11|8.84081e+12|4.14288e+09|5.8385e+13|1.47e+10|1.56161e+12|4.63033e+10|3.76373e+13|2.58887e+10|2.45686e+13|3.25238e+10|4.21804e+13|8.71921e+10|7.70008e+11|1.41706e+11|4.01966e+09|5.94248e+10|7.07339e+12|4.19351e+12|1.02428e+10|7.46708e+11,8.19724e+08|1.89646e+11|9.23423e+10|6.41526e+10|5.65456e+11|2.23178e+11|4.69454e+12|2.05006e+09|7.35096e+12|9.51029e+09|3.02345e+11|3.30225e+10|2.34723e+13|8.36206e+09|2.75437e+12|2.30731e+10|1.15782e+13|5.29113e+10|1.60546e+11|5.76853e+10|2.27749e+09|3.74975e+10|2.43435e+12|8.73344e+11|2.07235e+09|5.06847e+11,0.000494453|5.21063e-05|3.55201e-05|0.000319756|1.7812e-05|1.47667e-05|4.06274e-05|0.000173612|0.000875739|1.77434e-05|0.00096308|0.000277161|1.86087e-05|0.000268232|1.13052e-05|0.000270955|1.88608e-05|0.000766915|0.00017279|6.32916e-05|0.000665246|1.10648e-05|0.000113681|1.08528e-05|0.00011644|0.000185382,0.000316017|0.000368678|0.000111435|0.000672662|0.000830638|0.00549128|0.000128431|0.00271581|0.00944671|0.0006856|0.00195589|0.00418014|0.000175452|0.000752991|0.000238286|0.00167497|0.00214239|0.000203965|0.00123164|0.000807753|0.00914892|0.00120557|0.00198341|0.00262605|0.00580301|0.00344885,0.0109342|0.0108696|0.0107812|0.0285929|0.0231698|0.0334079|0.00843704|0.0328142|0.0280357|0.0408661|0.00712365|0.00314906|0.015405|0.0481357|0.00592883|0.00569443|0.00156873|0.0243876|0.0398828|0.0455502|0.0100829|0.00369149|0.0350273|0.0303206|0.0398377|0.0365406,0.000178506|0.0181411|0.0401575|0.0372754|0.0417641|0.00844474|0.0314938|0.0437642|0.0166219|0.040072|0.0414669|0.0470385|0.038157|0.00997263|0.0262948|0.0425349|0.0470058|0.0250863|0.0326729|0.028193|0.0460028|0.0127317|0.0273051|0.0230682|0.0151024|0.0130093,0.973537|0.923215|0.926416|0.984478|0.944528|0.927525|0.908585|0.983348|0.90082|0.95984|0.971602|0.92176|0.947801|0.948836|0.919013|0.92832|0.989289|0.936129|0.947193|0.909539|0.935175|0.968894|0.917619|0.985376|0.965406|0.98883,4.63983|4.79469|0.0868458|4.02061|2.55597|1.22009|3.37071|1.93323|0.0974208|0.048646|3.14177|2.08786|4.11052|1.5908|0.100836|3.3614|0.578949|3.39264|0.117525|3.29092|3.89025|4.74216|1.56082|4.5695|0.0104102|4.04415,90.7492|18.2346|12.726|40.6061|42.6814|27.8669|61.5999|95.6836|63.8366|55.6995|88.4205|23.518|78.7627|15.5679|66.5291|69.3348|63.5216|14.5634|28.2621|20.1165|37.015|30.2686|52.1141|46.2248|83.3731,0.215706|0.231355|0.226099|0.166746|0.167734|0.169326|0.220389|0.169856|0.241428|0.206062|0.232237|0.181099|0.170031|0.212149|0.222935|0.194827|0.207806|0.169453|0.242769|0.175955|0.17211|0.239023|0.184605|0.183493|0.197114,0.53635|0.595303|0.757755|0.163177|0.927159|0.414082|0.549818|0.815246|0.480684|0.677391|0.516177|0.741177|0.530775|0.870283|0.109088|0.93416|0.844544|0.275247|0.940077|0.825877|0.315214|0.514427|0.200735|0.657987|0.942894,0.869523,0.801463,0.117836,0.0993652,0.460468,0.534015,0.0732846,0.487967,0.198257,0.921169,51.6436,5.43263e-12,47756,0.887486,41.1981,1.06086e-12,38445,0.895553,0.876428,0.0878307,0.631141,0.996144,0.511517,0.22039,0.459803,0.228135,0.891603,87.9902,7.64954e-10,30733,0.967162,70.4477,9.04596e-11,52512
24,929,n1->n99->n98->n57->n74->n35->n31->n29->n27->n52->n53->n54->n40->n42->n44->n43->n45->n47->n49->n64->n67->n21->n20->n96->n94->n51,5.37021e+09|1.57108e+10|1.8266e+13|4.14288e+09|5.8385e+13|5.77859e+11|4.79342e+12|3.6336e+13|4.19351e+12|1.02428e+10|4.60474e+10|2.80961e+11|3.58065e+10|2.42905e+09|5.26537e+13|1.40931e+10|8.38488e+13|4.74236e+11|2.45005e+09|4.21034e+09|4.7483e+09|1.56161e+12|4.0293e+11|2.51165e+12|1.36531e+10|7.46708e+11,8.19724e+08|4.21389e+09|5.99087e+12|2.05006e+09|7.35096e+12|4.88834e+11|4.42443e+12|1.77292e+13|8.73344e+11|2.07235e+09|3.18273e+10|2.23178e+11|4.14657e+09|2.47264e+08|2.86817e+13|3.26577e+09|1.01787e+13|1.54765e+11|2.44458e+09|1.60867e+09|7.5553e+08|3.02345e+11|1.89646e+11|5.36324e+11|1.67171e+09|5.06847e+11,0.000494453|0.00089026|0.000410965|0.000173612|0.000875739|0.000412952|0.00024651|0.000125062|1.08528e-05|0.00011644|2.00633e-05|1.47667e-05|6.01341e-05|8.79758e-05|0.000124649|0.000955168|1.67225e-05|0.000202873|1.07426e-05|1.88732e-05|3.91885e-05|0.00096308|5.21063e-05|1.2987e-05|2.95455e-05|0.000185382,0.000316017|0.000350126|0.000548485|0.00271581|0.00944671|0.00138752|0.00308746|0.00231296|0.00262605|0.00580301|0.000509085|0.00549128|0.00268841|0.000493531|0.00158999|0.00344494|0.000742576|0.000266598|0.000979027|0.000135861|0.000640186|0.00195589|0.000368678|0.000286765|0.000125263|0.00344885,0.0109342|0.0362414|0.0295222|0.0328142|0.0280357|0.00215298|0.0211034|0.0255931|0.0303206|0.0398377|5.21659e-05|0.0334079|0.0249103|0.00783732|0.0486405|0.0168583|0.00846218|0.00898217|0.0183567|0.0266797|0.029632|0.00712365|0.0108696|0.0377902|0.00830448|0.0365406,0.000178506|0.0472365|0.0297366|0.0437642|0.0166219|0.0375959|0.0151027|0.00291922|0.0230682|0.0151024|0.00115664|0.00844474|0.033399|0.0327962|0.00764508|0.0482719|0.0342415|0.0488958|0.0388066|0.0436548|0.0482082|0.0414669|0.0181411|0.0195364|0.0293842|0.0130093,0.973537|0.953794|0.959539|0.983348|0.90082|0.952159|0.943878|0.962742|0.985376|0.965406|0.913872|0.927525|0.920308|0.960936|0.932977|0.943219|0.934264|0.9108|0.969899|0.933821|0.924883|0.971602|0.923215|0.951762|0.927471|0.98883,4.63983|3.07459|2.95405|1.93323|0.0974208|5.24666|4.82496|0.0327787|4.5695|0.0104102|0.640024|1.22009|2.50002|0.765875|2.64532|2.3897|5.31688|6.27947|3.94615|5.77568|2.06342|3.14177|4.79469|0.85792|5.03384|4.04415,66.2586|58.4557|98.2355|95.6836|67.7415|91.3525|70.4589|49.6282|46.2248|81.3721|75.3264|12.2677|77.6192|21.0603|69.1985|48.5398|40.979|91.8261|77.768|95.5844|42.5138|76.7594|58.7029|71.0086|11.2844,0.180129|0.227784|0.190047|0.169856|0.161632|0.243038|0.246199|0.180772|0.183493|0.184589|0.191357|0.248162|0.243521|0.23095|0.210513|0.218428|0.216949|0.228404|0.165457|0.248978|0.197352|0.218425|0.201188|0.230021|0.200895,0.323551|0.686264|0.757428|0.815246|0.301798|0.658826|0.415176|0.511755|0.657987|0.272111|0.567841|0.812759|0.14346|0.399278|0.374145|0.854577|0.317946|0.133861|0.348083|0.480161|0.602799|0.515127|0.666395|0.131268|0.836539,0.869523,0.801463,0.117836,0.0993652,0.460468,0.534015,0.0732846,0.487967,0.198257,0.921169,51.6436,5.43263e-12,47756,0.887486,41.1981,1.06086e-12,38445,0.895553,0.876428,0.0878307,0.631141,0.996144,0.511517,0.22039,0.459803,0.228135,0.891603,87.9902,7.64954e-10,30733,0.967162,70.4477,9.04596e-11,52512
24,930,n1->n13->n12->n14->n96->n20->n19->n18->n70->n69->n28->n29->n15->n63->n79->n81->n83->n85->n65->n37->n38->n67->n64->n62->n61->n51,5.37021e+09|6.60497e+13|9.70597e+10|3.70261e+10|2.51165e+12|4.0293e+11|2.47533e+11|7.59179e+12|6.87309e+13|8.81277e+09|1.34247e+11|3.6336e+13|8.77071e+11|6.55204e+12|1.47019e+10|2.58887e+10|3.76373e+13|2.02447e+09|1.12599e+09|2.79748e+13|1.16426e+13|4.7483e+09|4.21034e+09|2.37342e+11|6.44979e+11|7.46708e+11,8.19724e+08|8.87204e+12|2.76143e+10|1.44234e+10|5.36324e+11|1.89646e+11|2.33399e+11|4.11836e+12|9.78332e+12|7.57626e+09|1.51805e+10|1.77292e+13|1.06991e+11|2.63574e+12|4.87652e+09|8.36206e+09|2.34723e+13|2.41326e+08|3.2906e+08|4.96975e+12|1.19258e+12|7.5553e+08|1.60867e+09|1.13053e+11|1.30372e+11|5.06847e+11,0.000494453|0.000787814|0.000201974|3.25754e-05|1.2987e-05|5.21063e-05|0.000261527|2.98936e-05|5.13815e-05|0.000268039|0.00056516|0.000125062|0.000182949|0.000116235|0.000133131|0.000268232|1.86087e-05|2.04325e-05|1.96575e-05|1.06248e-05|1.04425e-05|3.91885e-05|1.88732e-05|8.24006e-05|3.71253e-05|0.000185382,0.000316017|0.00788063|0.0016732|0.000181646|0.000286765|0.000368678|0.000768065|0.000681499|0.00295865|0.00367819|0.0093172|0.00231296|0.00274771|0.00126856|0.000479664|0.000752991|0.000175452|0.000338175|0.000428116|0.000261291|0.00950649|0.000640186|0.000135861|0.00794111|0.00313588|0.00344885,0.0109342|0.0476737|0.0313381|0.0426128|0.0377902|0.0108696|0.0201979|0.0192976|0.0286141|0.022957|0.0317261|0.0255931|0.0207315|0.0100727|0.0252961|0.0481357|0.015405|0.0354515|0.00118659|0.0457563|0.0263713|0.029632|0.0266797|0.0242596|0.0266048|0.0365406,0.000178506|0.00335145|0.0470205|0.049061|0.0195364|0.0181411|0.0291803|0.0120519|0.0216638|0.0100342|0.03841|0.00291922|0.0378122|0.0107197|0.0203026|0.00997263|0.038157|0.0266209|0.00176737|0.0105712|0.00318517|0.0482082|0.0436548|0.0480911|0.0179693|0.0130093,0.973537|0.954869|0.937315|0.906626|0.951762|0.923215|0.941018|0.946711|0.966653|0.975915|0.948072|0.962742|0.910795|0.903245|0.966262|0.948836|0.947801|0.940474|0.967717|0.964079|0.902547|0.924883|0.933821|0.98053|0.958619|0.98883,4.63983|5.26639|3.07758|0.762282|0.85792|4.79469|1.39448|4.38273|4.60778|2.99986|1.48687|0.0327787|1.89272|4.68449|3.41737|1.5908|4.11052|4.91715|4.1126|4.96174|5.09423|2.06342|5.77568|5.59786|2.63855|4.04415,79.8117|56.34|51.9585|54.7186|58.7029|86.2435|34.0839|55.8812|74.5377|97.1045|18.7034|32.2763|11.0615|16.1844|26.55|78.7627|92.2019|82.5435|13.4252|46.986|59.2872|95.5844|93.0484|89.0369|66.5616,0.246796|0.206669|0.222459|0.208433|0.201188|0.182991|0.248409|0.234874|0.172691|0.207556|0.249902|0.240047|0.214255|0.22961|0.238834|0.170031|0.231254|0.20461|0.230756|0.170599|0.200548|0.248978|0.176232|0.198053|0.171721,0.338018|0.285239|0.326911|0.448351|0.666395|0.182796|0.983209|0.16843|0.416585|0.438091|0.259002|0.895675|0.692153|0.217843|0.957633|0.530775|0.604504|0.519435|0.986996|0.662799|0.127053|0.480161|0.182879|0.704733|0.235817,0.869523,0.801463,0.117836,0.0993652,0.460468,0.534015,0.0732846,0.487967,0.198257,0.921169,51.6436,5.43263e-12,47756,0.887486,41.1981,1.06086e-12,38445,0.895553,0.876428,0.0878307,0.631141,0.996144,0.511517,0.22039,0.459803,0.228135,0.891603,87.9902,7.64954e-10,30733,0.967162,70.4477,9.04596e-11,52512
24,931,n1->n13->n11->n9->n7->n8->n12->n6->n33->n35->n34->n15->n29->n27->n25->n26->n24->n71->n72->n77->n23->n83->n85->n65->n52->n51,5.37021e+09|6.60497e+13|1.78735e+12|1.49139e+12|3.81012e+11|4.61239e+13|9.70597e+10|1.14208e+09|3.64323e+13|5.77859e+11|4.7313e+12|8.77071e+11|3.6336e+13|4.19351e+12|1.67189e+13|7.09351e+09|1.59557e+13|7.70008e+11|6.83442e+09|5.68112e+11|4.63033e+10|3.76373e+13|2.02447e+09|1.12599e+09|1.02428e+10|7.46708e+11,8.19724e+08|8.87204e+12|3.29521e+11|3.79906e+11|6.70334e+10|1.04208e+13|2.76143e+10|2.20459e+08|6.32377e+12|4.88834e+11|1.15705e+12|1.06991e+11|1.77292e+13|8.73344e+11|1.40059e+13|1.31666e+09|4.06569e+12|1.60546e+11|1.48353e+09|3.56307e+11|3.30225e+10|2.34723e+13|2.41326e+08|3.2906e+08|2.07235e+09|5.06847e+11,0.000494453|0.000787814|5.47786e-05|1.80008e-05|0.000475679|6.6054e-05|0.000201974|1.08483e-05|1.50316e-05|0.000412952|0.000140889|0.000182949|0.000125062|1.08528e-05|6.30741e-05|3.77967e-05|0.000193265|0.00017279|0.000159499|8.49487e-05|0.000277161|1.86087e-05|2.04325e-05|1.96575e-05|0.00011644|0.000185382,0.000316017|0.00788063|0.00652494|0.00065196|0.00104538|0.00522046|0.0016732|0.00010157|0.00213059|0.00138752|0.000270551|0.00274771|0.00231296|0.00262605|0.00294926|0.00522178|0.0012727|0.00123164|0.00384342|0.000906866|0.00418014|0.000175452|0.000338175|0.000428116|0.00580301|0.00344885,0.0109342|0.0476737|0.00125292|0.0140743|0.01754|0.0318744|0.0313381|0.00160082|0.00968695|0.00215298|0.0276207|0.0207315|0.0255931|0.0303206|0.0195393|0.0101688|0.0433038|0.0398828|0.0479977|0.04851|0.00314906|0.015405|0.0354515|0.00118659|0.0398377|0.0365406,0.000178506|0.00335145|0.0136412|0.033904|0.0283975|0.0483133|0.0470205|0.0260762|0.0280967|0.0375959|0.0210615|0.0378122|0.00291922|0.0230682|0.0159438|0.0409649|0.00780618|0.0326729|0.0299903|0.0115254|0.0470385|0.038157|0.0266209|0.00176737|0.0151024|0.0130093,0.973537|0.954869|0.988894|0.963574|0.963898|0.975256|0.937315|0.908628|0.923653|0.952159|0.904866|0.910795|0.962742|0.985376|0.9023|0.981638|0.90929|0.947193|0.96924|0.949999|0.92176|0.947801|0.940474|0.967717|0.965406|0.98883,4.63983|5.26639|0.923897|5.88966|3.51107|3.22282|3.07758|5.01633|1.04264|5.24666|4.56594|1.89272|0.0327787|4.5695|1.57149|2.91399|3.9732|0.117525|3.90463|0.722366|2.08786|4.11052|4.91715|4.1126|0.0104102|4.04415,79.8117|13.9548|99.0064|59.8148|55.4093|81.3396|32.9383|50.0569|93.5115|26.2497|27.3162|32.2763|49.6282|64.4551|63.0993|83.4704|44.1502|45.8448|92.3918|39.0733|23.518|92.2019|82.5435|56.1703|83.3731,0.246796|0.189728|0.201409|0.18359|0.230451|0.186476|0.230728|0.19306|0.242679|0.244194|0.231681|0.240047|0.180772|0.242248|0.228799|0.216464|0.204574|0.218487|0.167022|0.178948|0.181099|0.231254|0.20461|0.247907|0.197114,0.338018|0.801183|0.439638|0.339058|0.745697|0.379326|0.628307|0.116472|0.487093|0.307851|0.750497|0.895675|0.511755|0.837222|0.359402|0.583168|0.45026|0.29317|0.776051|0.23533|0.741177|0.604504|0.519435|0.827328|0.942894,0.869523,0.801463,0.117836,0.0993652,0.460468,0.534015,0.0732846,0.487967,0.198257,0.921169,51.6436,5.43263e-12,47756,0.887486,41.1981,1.06086e-12,38445,0.895553,0.876428,0.0878307,0.631141,0.996144,0.511517,0.22039,0.459803,0.228135,0.891603,87.9902,7.64954e-10,30733,0.967162,70.4477,9.04596e-11,52512
24,932,n1->n99->n77->n93->n64->n36->n34->n32->n33->n6->n12->n13->n14->n75->n4->n27->n26->n24->n71->n72->n70->n18->n20->n96->n94->n51,5.37021e+09|1.57108e+10|5.68112e+11|4.22601e+13|4.21034e+09|7.73972e+11|4.7313e+12|1.78367e+12|3.64323e+13|1.14208e+09|9.70597e+10|6.60497e+13|3.70261e+10|8.71921e+10|7.07339e+12|4.19351e+12|7.09351e+09|1.59557e+13|7.70008e+11|6.83442e+09|6.87309e+13|7.59179e+12|4.0293e+11|2.51165e+12|1.36531e+10|7.46708e+11,8.19724e+08|4.21389e+09|3.56307e+11|1.3774e+13|1.60867e+09|7.77593e+10|1.15705e+12|1.05491e+12|6.32377e+12|2.20459e+08|2.76143e+10|8.87204e+12|1.44234e+10|5.29113e+10|2.43435e+12|8.73344e+11|1.31666e+09|4.06569e+12|1.60546e+11|1.48353e+09|9.78332e+12|4.11836e+12|1.89646e+11|5.36324e+11|1.67171e+09|5.06847e+11,0.000494453|0.00089026|8.49487e-05|8.45967e-05|1.88732e-05|0.000426407|0.000140889|0.000179959|1.50316e-05|1.08483e-05|0.000201974|0.000787814|3.25754e-05|0.000766915|0.000113681|1.08528e-05|3.77967e-05|0.000193265|0.00017279|0.000159499|5.13815e-05|2.98936e-05|5.21063e-05|1.2987e-05|2.95455e-05|0.000185382,0.000316017|0.000350126|0.000906866|0.000162335|0.000135861|0.00396778|0.000270551|0.00292552|0.00213059|0.00010157|0.0016732|0.00788063|0.000181646|0.000203965|0.00198341|0.00262605|0.00522178|0.0012727|0.00123164|0.00384342|0.00295865|0.000681499|0.000368678|0.000286765|0.000125263|0.00344885,0.0109342|0.0362414|0.04851|0.0108045|0.0266797|0.00497013|0.0276207|0.00778345|0.00968695|0.00160082|0.0313381|0.0476737|0.0426128|0.0243876|0.0350273|0.0303206|0.0101688|0.0433038|0.0398828|0.0479977|0.0286141|0.0192976|0.0108696|0.0377902|0.00830448|0.0365406,0.000178506|0.0472365|0.0115254|0.0326183|0.0436548|0.0341912|0.0210615|0.0161829|0.0280967|0.0260762|0.0470205|0.00335145|0.049061|0.0250863|0.0273051|0.0230682|0.0409649|0.00780618|0.0326729|0.0299903|0.0216638|0.0120519|0.0181411|0.0195364|0.0293842|0.0130093,0.973537|0.953794|0.949999|0.912097|0.933821|0.94998|0.904866|0.953313|0.923653|0.908628|0.937315|0.954869|0.906626|0.936129|0.917619|0.985376|0.981638|0.90929|0.947193|0.96924|0.966653|0.946711|0.923215|0.951762|0.927471|0.98883,4.63983|3.07459|0.722366|5.92115|5.77568|3.70656|4.56594|0.10397|1.04264|5.01633|3.07758|5.26639|0.762282|3.39264|1.56082|4.5695|2.91399|3.9732|0.117525|3.90463|4.60778|4.38273|4.79469|0.85792|5.03384|4.04415,66.2586|96.5216|51.9256|32.5899|43.8659|89.5651|23.0914|61.2747|50.0569|32.9383|56.34|92.5451|56.2706|81.7362|52.1141|67.4197|83.4704|44.1502|45.8448|97.4405|55.8812|89.2299|58.7029|71.0086|11.2844,0.180129|0.241387|0.247077|0.178102|0.241695|0.241996|0.18593|0.208144|0.19306|0.230728|0.206669|0.191459|0.226178|0.218556|0.184605|0.171162|0.216464|0.204574|0.218487|0.180102|0.234874|0.247215|0.201188|0.230021|0.200895,0.323551|0.664018|0.469529|0.548301|0.590576|0.265381|0.12287|0.704271|0.116472|0.628307|0.285239|0.161307|0.725021|0.847503|0.200735|0.40751|0.583168|0.45026|0.29317|0.79408|0.16843|0.652252|0.666395|0.131268|0.836539,0.869523,0.801463,0.117836,0.0993652,0.460468,0.534015,0.0732846,0.487967,0.198257,0.921169,51.6436,5.43263e-12,47756,0.887486,41.1981,1.06086e-12,38445,0.895553,0.876428,0.0878307,0.631141,0.996144,0.511517,0.22039,0.459803,0.228135,0.891603,87.9902,7.64954e-10,30733,0.967162,70.4477,9.04596e-11,52512
24,933,n1->n13->n15->n29->n11->n9->n7->n8->n10->n63->n42->n44->n78->n76->n69->n3->n5->n65->n64->n93->n77->n99->n97->n96->n94->n51,5.37021e+09|6.60497e+13|8.77071e+11|3.6336e+13|1.78735e+12|1.49139e+12|3.81012e+11|4.61239e+13|2.49624e+09|6.55204e+12|2.42905e+09|5.26537e+13|3.25238e+10|4.21804e+13|8.81277e+09|2.78751e+13|2.91995e+11|1.12599e+09|4.21034e+09|4.22601e+13|5.68112e+11|1.57108e+10|2.90604e+09|2.51165e+12|1.36531e+10|7.46708e+11,8.19724e+08|8.87204e+12|1.06991e+11|1.77292e+13|3.29521e+11|3.79906e+11|6.70334e+10|1.04208e+13|7.32581e+08|2.63574e+12|2.47264e+08|2.86817e+13|2.30731e+10|1.15782e+13|7.57626e+09|1.44762e+13|4.67133e+10|3.2906e+08|1.60867e+09|1.3774e+13|3.56307e+11|4.21389e+09|5.04144e+08|5.36324e+11|1.67171e+09|5.06847e+11,0.000494453|0.000787814|0.000182949|0.000125062|5.47786e-05|1.80008e-05|0.000475679|6.6054e-05|6.27016e-05|0.000116235|8.79758e-05|0.000124649|0.000270955|1.88608e-05|0.000268039|0.00022361|7.03031e-05|1.96575e-05|1.88732e-05|8.45967e-05|8.49487e-05|0.00089026|8.81202e-05|1.2987e-05|2.95455e-05|0.000185382,0.000316017|0.00788063|0.00274771|0.00231296|0.00652494|0.00065196|0.00104538|0.00522046|0.00113469|0.00126856|0.000493531|0.00158999|0.00167497|0.00214239|0.00367819|0.00776667|0.000196916|0.000428116|0.000135861|0.000162335|0.000906866|0.000350126|0.00494291|0.000286765|0.000125263|0.00344885,0.0109342|0.0476737|0.0207315|0.0255931|0.00125292|0.0140743|0.01754|0.0318744|0.00597815|0.0100727|0.00783732|0.0486405|0.00569443|0.00156873|0.022957|0.0268705|0.00731162|0.00118659|0.0266797|0.0108045|0.04851|0.0362414|0.0381696|0.0377902|0.00830448|0.0365406,0.000178506|0.00335145|0.0378122|0.00291922|0.0136412|0.033904|0.0283975|0.0483133|0.0245713|0.0107197|0.0327962|0.00764508|0.0425349|0.0470058|0.0100342|0.0326941|0.0421608|0.00176737|0.0436548|0.0326183|0.0115254|0.0472365|0.00800322|0.0195364|0.0293842|0.0130093,0.973537|0.954869|0.910795|0.962742|0.988894|0.963574|0.963898|0.975256|0.962416|0.903245|0.960936|0.932977|0.92832|0.989289|0.975915|0.982466|0.951514|0.967717|0.933821|0.912097|0.949999|0.953794|0.90679|0.951762|0.927471|0.98883,4.63983|5.26639|1.89272|0.0327787|0.923897|5.88966|3.51107|3.22282|1.97158|4.68449|0.765875|2.64532|3.3614|0.578949|2.99986|4.79844|4.90362|4.1126|5.77568|5.92115|0.722366|3.07459|1.41691|0.85792|5.03384|4.04415,79.8117|66.6304|32.2763|13.2112|99.0064|59.8148|55.4093|99.595|65.1286|97.0433|21.0603|88.5528|69.3348|66.666|83.9106|10.4739|35.0583|56.7563|32.5899|51.9256|96.5216|94.4507|37.9513|71.0086|11.2844,0.246796|0.179788|0.240047|0.219003|0.201409|0.18359|0.230451|0.184434|0.203746|0.211509|0.23095|0.200088|0.194827|0.212271|0.204476|0.163561|0.209201|0.186349|0.178102|0.247077|0.241387|0.168303|0.246589|0.230021|0.200895,0.338018|0.275394|0.895675|0.427028|0.439638|0.339058|0.745697|0.703378|0.514129|0.758395|0.399278|0.134865|0.93416|0.890059|0.65353|0.469027|0.297185|0.927837|0.548301|0.469529|0.664018|0.263233|0.157157|0.131268|0.836539,0.869523,0.801463,0.117836,0.0993652,0.460468,0.534015,0.0732846,0.487967,0.198257,0.921169,51.6436,5.43263e-12,47756,0.887486,41.1981,1.06086e-12,38445,0.895553,0.876428,0.0878307,0.631141,0.996144,0.511517,0.22039,0.459803,0.228135,0.891603,87.9902,7.64954e-10,30733,0.967162,70.4477,9.04596e-11,52512
24,934,n1->n13->n12->n8->n7->n9->n10->n39->n41->n43->n45->n44->n78->n80->n82->n54->n56->n84->n85->n17->n68->n19->n20->n96->n94->n51,5.37021e+09|6.60497e+13|9.70597e+10|4.61239e+13|3.81012e+11|1.49139e+12|2.49624e+09|3.34792e+13|3.95737e+11|1.40931e+10|8.38488e+13|5.26537e+13|3.25238e+10|2.45686e+13|1.07979e+13|2.80961e+11|1.1605e+12|1.07392e+09|2.02447e+09|1.51096e+11|1.31753e+09|2.47533e+11|4.0293e+11|2.51165e+12|1.36531e+10|7.46708e+11,8.19724e+08|8.87204e+12|2.76143e+10|1.04208e+13|6.70334e+10|3.79906e+11|7.32581e+08|1.12013e+13|1.47899e+11|3.26577e+09|1.01787e+13|2.86817e+13|2.30731e+10|2.75437e+12|1.66379e+12|2.23178e+11|5.65456e+11|9.00899e+08|2.41326e+08|1.57582e+10|3.10679e+08|2.33399e+11|1.89646e+11|5.36324e+11|1.67171e+09|5.06847e+11,0.000494453|0.000787814|0.000201974|6.6054e-05|0.000475679|1.80008e-05|6.27016e-05|5.53896e-05|2.35935e-05|0.000955168|1.67225e-05|0.000124649|0.000270955|1.13052e-05|0.000837919|1.47667e-05|1.7812e-05|2.14473e-05|2.04325e-05|0.000261059|0.000223952|0.000261527|5.21063e-05|1.2987e-05|2.95455e-05|0.000185382,0.000316017|0.00788063|0.0016732|0.00522046|0.00104538|0.00065196|0.00113469|0.0025393|0.00412419|0.00344494|0.000742576|0.00158999|0.00167497|0.000238286|0.00271152|0.00549128|0.000830638|0.000434313|0.000338175|0.000513001|0.00843573|0.000768065|0.000368678|0.000286765|0.000125263|0.00344885,0.0109342|0.0476737|0.0313381|0.0318744|0.01754|0.0140743|0.00597815|0.00111942|0.00451081|0.0168583|0.00846218|0.0486405|0.00569443|0.00592883|0.0278433|0.0334079|0.0231698|0.0473575|0.0354515|0.0430027|0.0370095|0.0201979|0.0108696|0.0377902|0.00830448|0.0365406,0.000178506|0.00335145|0.0470205|0.0483133|0.0283975|0.033904|0.0245713|0.0449458|0.00491436|0.0482719|0.0342415|0.00764508|0.0425349|0.0262948|0.0266174|0.00844474|0.0417641|0.0366447|0.0266209|0.00442808|0.00589983|0.0291803|0.0181411|0.0195364|0.0293842|0.0130093,0.973537|0.954869|0.937315|0.975256|0.963898|0.963574|0.962416|0.924329|0.923722|0.943219|0.934264|0.932977|0.92832|0.919013|0.934435|0.927525|0.944528|0.948551|0.940474|0.974312|0.984554|0.941018|0.923215|0.951762|0.927471|0.98883,4.63983|5.26639|3.07758|3.22282|3.51107|5.88966|1.97158|1.19952|4.11092|2.3897|5.31688|2.64532|3.3614|0.100836|0.132111|1.22009|2.55597|5.42186|4.91715|5.11322|5.26958|1.39448|4.79469|0.85792|5.03384|4.04415,79.8117|56.34|81.3396|55.4093|59.8148|65.9961|24.4191|38.9947|43.4967|48.5398|57.1366|88.5528|66.5291|47.0365|41.1455|42.6814|34.4372|82.1833|84.7043|23.9015|67.5745|86.2435|58.7029|71.0086|11.2844,0.246796|0.206669|0.186476|0.230451|0.18359|0.193896|0.239532|0.18226|0.160247|0.218428|0.235241|0.200088|0.222935|0.231931|0.242874|0.167734|0.222961|0.216313|0.225161|0.236806|0.2055|0.182991|0.201188|0.230021|0.200895,0.338018|0.285239|0.379326|0.745697|0.339058|0.982181|0.991722|0.988985|0.922117|0.854577|0.218954|0.134865|0.109088|0.796307|0.378494|0.927159|0.762891|0.528406|0.880608|0.2818|0.968257|0.182796|0.666395|0.131268|0.836539,0.869523,0.801463,0.117836,0.0993652,0.460468,0.534015,0.0732846,0.487967,0.198257,0.921169,51.6436,5.43263e-12,47756,0.887486,41.1981,1.06086e-12,38445,0.895553,0.876428,0.0878307,0.631141,0.996144,0.511517,0.22039,0.459803,0.228135,0.891603,87.9902,7.64954e-10,30733,0.967162,70.4477,9.04596e-11,52512
24,935,n1->n20->n19->n68->n22->n74->n35->n34->n32->n33->n6->n12->n13->n14->n96->n94->n93->n64->n62->n60->n50->n29->n28->n27->n52->n51,5.37021e+09|4.0293e+11|2.47533e+11|1.31753e+09|1.47e+10|5.8385e+13|5.77859e+11|4.7313e+12|1.78367e+12|3.64323e+13|1.14208e+09|9.70597e+10|6.60497e+13|3.70261e+10|2.51165e+12|1.36531e+10|4.22601e+13|4.21034e+09|2.37342e+11|8.79841e+13|2.36425e+09|3.6336e+13|1.34247e+11|4.19351e+12|1.02428e+10|7.46708e+11,8.19724e+08|1.89646e+11|2.33399e+11|3.10679e+08|9.51029e+09|7.35096e+12|4.88834e+11|1.15705e+12|1.05491e+12|6.32377e+12|2.20459e+08|2.76143e+10|8.87204e+12|1.44234e+10|5.36324e+11|1.67171e+09|1.3774e+13|1.60867e+09|1.13053e+11|5.95756e+13|4.07889e+08|1.77292e+13|1.51805e+10|8.73344e+11|2.07235e+09|5.06847e+11,0.000494453|5.21063e-05|0.000261527|0.000223952|1.77434e-05|0.000875739|0.000412952|0.000140889|0.000179959|1.50316e-05|1.08483e-05|0.000201974|0.000787814|3.25754e-05|1.2987e-05|2.95455e-05|8.45967e-05|1.88732e-05|8.24006e-05|0.000731749|1.54283e-05|0.000125062|0.00056516|1.08528e-05|0.00011644|0.000185382,0.000316017|0.000368678|0.000768065|0.00843573|0.0006856|0.00944671|0.00138752|0.000270551|0.00292552|0.00213059|0.00010157|0.0016732|0.00788063|0.000181646|0.000286765|0.000125263|0.000162335|0.000135861|0.00794111|0.000248463|0.00907722|0.00231296|0.0093172|0.00262605|0.00580301|0.00344885,0.0109342|0.0108696|0.0201979|0.0370095|0.0408661|0.0280357|0.00215298|0.0276207|0.00778345|0.00968695|0.00160082|0.0313381|0.0476737|0.0426128|0.0377902|0.00830448|0.0108045|0.0266797|0.0242596|0.0128442|0.00638914|0.0255931|0.0317261|0.0303206|0.0398377|0.0365406,0.000178506|0.0181411|0.0291803|0.00589983|0.040072|0.0166219|0.0375959|0.0210615|0.0161829|0.0280967|0.0260762|0.0470205|0.00335145|0.049061|0.0195364|0.0293842|0.0326183|0.0436548|0.0480911|0.0431033|0.0483596|0.00291922|0.03841|0.0230682|0.0151024|0.0130093,0.973537|0.923215|0.941018|0.984554|0.95984|0.90082|0.952159|0.904866|0.953313|0.923653|0.908628|0.937315|0.954869|0.906626|0.951762|0.927471|0.912097|0.933821|0.98053|0.945549|0.910708|0.962742|0.948072|0.985376|0.965406|0.98883,4.63983|4.79469|1.39448|5.26958|0.048646|0.0974208|5.24666|4.56594|0.10397|1.04264|5.01633|3.07758|5.26639|0.762282|0.85792|5.03384|5.92115|5.77568|5.59786|4.50487|5.41755|0.0327787|1.48687|4.5695|0.0104102|4.04415,90.7492|86.2435|67.5745|15.3326|63.8366|67.7415|26.2497|23.0914|61.2747|50.0569|32.9383|56.34|92.5451|54.7186|71.0086|63.1349|32.5899|93.0484|48.3985|22.3088|37.0378|18.7034|23.5709|46.2248|83.3731,0.215706|0.182991|0.2055|0.236297|0.241428|0.161632|0.244194|0.18593|0.208144|0.19306|0.230728|0.206669|0.191459|0.208433|0.230021|0.209804|0.178102|0.176232|0.17162|0.190841|0.191256|0.249902|0.207151|0.183493|0.197114,0.53635|0.182796|0.968257|0.655447|0.480684|0.301798|0.307851|0.12287|0.704271|0.116472|0.628307|0.285239|0.161307|0.448351|0.131268|0.17375|0.548301|0.182879|0.641887|0.323935|0.182586|0.259002|0.340196|0.657987|0.942894,0.869523,0.801463,0.117836,0.0993652,0.460468,0.534015,0.0732846,0.487967,0.198257,0.921169,51.6436,5.43263e-12,47756,0.887486,41.1981,1.06086e-12,38445,0.895553,0.876428,0.0878307,0.631141,0.996144,0.511517,0.22039,0.459803,0.228135,0.891603,87.9902,7.64954e-10,30733,0.967162,70.4477,9.04596e-11,52512
24,936,n1->n20->n89->n90->n56->n54->n55->n53->n52->n65->n64->n49->n47->n45->n72->n70->n18->n17->n85->n84->n83->n23->n77->n93->n94->n51,5.37021e+09|4.0293e+11|2.68119e+11|1.33273e+11|1.1605e+12|2.80961e+11|8.84081e+12|4.60474e+10|1.02428e+10|1.12599e+09|4.21034e+09|2.45005e+09|4.74236e+11|8.38488e+13|6.83442e+09|6.87309e+13|7.59179e+12|1.51096e+11|2.02447e+09|1.07392e+09|3.76373e+13|4.63033e+10|5.68112e+11|4.22601e+13|1.36531e+10|7.46708e+11,8.19724e+08|1.89646e+11|9.23423e+10|6.41526e+10|5.65456e+11|2.23178e+11|4.69454e+12|3.18273e+10|2.07235e+09|3.2906e+08|1.60867e+09|2.44458e+09|1.54765e+11|1.01787e+13|1.48353e+09|9.78332e+12|4.11836e+12|1.57582e+10|2.41326e+08|9.00899e+08|2.34723e+13|3.30225e+10|3.56307e+11|1.3774e+13|1.67171e+09|5.06847e+11,0.000494453|5.21063e-05|3.55201e-05|0.000319756|1.7812e-05|1.47667e-05|4.06274e-05|2.00633e-05|0.00011644|1.96575e-05|1.88732e-05|1.07426e-05|0.000202873|1.67225e-05|0.000159499|5.13815e-05|2.98936e-05|0.000261059|2.04325e-05|2.14473e-05|1.86087e-05|0.000277161|8.49487e-05|8.45967e-05|2.95455e-05|0.000185382,0.000316017|0.000368678|0.000111435|0.000672662|0.000830638|0.00549128|0.000128431|0.000509085|0.00580301|0.000428116|0.000135861|0.000979027|0.000266598|0.000742576|0.00384342|0.00295865|0.000681499|0.000513001|0.000338175|0.000434313|0.000175452|0.00418014|0.000906866|0.000162335|0.000125263|0.00344885,0.0109342|0.0108696|0.0107812|0.0285929|0.0231698|0.0334079|0.00843704|5.21659e-05|0.0398377|0.00118659|0.0266797|0.0183567|0.00898217|0.00846218|0.0479977|0.0286141|0.0192976|0.0430027|0.0354515|0.0473575|0.015405|0.00314906|0.04851|0.0108045|0.00830448|0.0365406,0.000178506|0.0181411|0.0401575|0.0372754|0.0417641|0.00844474|0.0314938|0.00115664|0.0151024|0.00176737|0.0436548|0.0388066|0.0488958|0.0342415|0.0299903|0.0216638|0.0120519|0.00442808|0.0266209|0.0366447|0.038157|0.0470385|0.0115254|0.0326183|0.0293842|0.0130093,0.973537|0.923215|0.926416|0.984478|0.944528|0.927525|0.908585|0.913872|0.965406|0.967717|0.933821|0.969899|0.9108|0.934264|0.96924|0.966653|0.946711|0.974312|0.940474|0.948551|0.947801|0.92176|0.949999|0.912097|0.927471|0.98883,4.63983|4.79469|0.0868458|4.02061|2.55597|1.22009|3.37071|0.640024|0.0104102|4.1126|5.77568|3.94615|6.27947|5.31688|3.90463|4.60778|4.38273|5.11322|4.91715|5.42186|4.11052|2.08786|0.722366|5.92115|5.03384|4.04415,90.7492|18.2346|12.726|40.6061|42.6814|27.8669|30.3781|81.3721|56.1703|56.7563|77.768|91.8261|40.979|63.1262|97.4405|55.8812|43.2583|84.7043|82.1833|20.1884|23.518|39.0733|51.9256|63.1349|11.2844,0.215706|0.231355|0.226099|0.166746|0.167734|0.169326|0.207992|0.184589|0.247907|0.186349|0.165457|0.228404|0.216949|0.243732|0.180102|0.234874|0.218822|0.225161|0.216313|0.246081|0.181099|0.178948|0.247077|0.209804|0.200895,0.53635|0.595303|0.757755|0.163177|0.927159|0.414082|0.646488|0.272111|0.827328|0.927837|0.348083|0.133861|0.317946|0.65643|0.79408|0.16843|0.981182|0.880608|0.528406|0.599197|0.741177|0.23533|0.469529|0.17375|0.836539,0.869523,0.801463,0.117836,0.0993652,0.460468,0.534015,0.0732846,0.487967,0.198257,0.921169,51.6436,5.43263e-12,47756,0.887486,41.1981,1.06086e-12,38445,0.895553,0.876428,0.0878307,0.631141,0.996144,0.511517,0.22039,0.459803,0.228135,0.891603,87.9902,7.64954e-10,30733,0.967162,70.4477,9.04596e-11,52512
24,937,n1->n13->n15->n29->n30->n31->n35->n33->n24->n71->n72->n45->n47->n26->n25->n27->n28->n69->n3->n5->n65->n85->n58->n59->n50->n51,5.37021e+09|6.60497e+13|8.77071e+11|3.6336e+13|1.26395e+10|4.79342e+12|5.77859e+11|3.64323e+13|1.59557e+13|7.70008e+11|6.83442e+09|8.38488e+13|4.74236e+11|7.09351e+09|1.67189e+13|4.19351e+12|1.34247e+11|8.81277e+09|2.78751e+13|2.91995e+11|1.12599e+09|2.02447e+09|8.16696e+09|3.04563e+11|2.36425e+09|7.46708e+11,8.19724e+08|8.87204e+12|1.06991e+11|1.77292e+13|1.81012e+09|4.42443e+12|4.88834e+11|6.32377e+12|4.06569e+12|1.60546e+11|1.48353e+09|1.01787e+13|1.54765e+11|1.31666e+09|1.40059e+13|8.73344e+11|1.51805e+10|7.57626e+09|1.44762e+13|4.67133e+10|3.2906e+08|2.41326e+08|6.89506e+09|3.06423e+10|4.07889e+08|5.06847e+11,0.000494453|0.000787814|0.000182949|0.000125062|4.789e-05|0.00024651|0.000412952|1.50316e-05|0.000193265|0.00017279|0.000159499|1.67225e-05|0.000202873|3.77967e-05|6.30741e-05|1.08528e-05|0.00056516|0.000268039|0.00022361|7.03031e-05|1.96575e-05|2.04325e-05|0.000266735|2.43107e-05|1.54283e-05|0.000185382,0.000316017|0.00788063|0.00274771|0.00231296|0.00655588|0.00308746|0.00138752|0.00213059|0.0012727|0.00123164|0.00384342|0.000742576|0.000266598|0.00522178|0.00294926|0.00262605|0.0093172|0.00367819|0.00776667|0.000196916|0.000428116|0.000338175|0.00874893|0.000202742|0.00907722|0.00344885,0.0109342|0.0476737|0.0207315|0.0255931|0.00398508|0.0211034|0.00215298|0.00968695|0.0433038|0.0398828|0.0479977|0.00846218|0.00898217|0.0101688|0.0195393|0.0303206|0.0317261|0.022957|0.0268705|0.00731162|0.00118659|0.0354515|0.0248478|0.00304046|0.00638914|0.0365406,0.000178506|0.00335145|0.0378122|0.00291922|0.0178703|0.0151027|0.0375959|0.0280967|0.00780618|0.0326729|0.0299903|0.0342415|0.0488958|0.0409649|0.0159438|0.0230682|0.03841|0.0100342|0.0326941|0.0421608|0.00176737|0.0266209|0.0481122|0.0474075|0.0483596|0.0130093,0.973537|0.954869|0.910795|0.962742|0.972158|0.943878|0.952159|0.923653|0.90929|0.947193|0.96924|0.934264|0.9108|0.981638|0.9023|0.985376|0.948072|0.975915|0.982466|0.951514|0.967717|0.940474|0.911658|0.99171|0.910708|0.98883,4.63983|5.26639|1.89272|0.0327787|5.42296|4.82496|5.24666|1.04264|3.9732|0.117525|3.90463|5.31688|6.27947|2.91399|1.57149|4.5695|1.48687|2.99986|4.79844|4.90362|4.1126|4.91715|3.70937|5.60303|5.41755|4.04415,79.8117|66.6304|32.2763|29.3504|88.6669|91.3525|93.5115|98.0873|44.1502|45.8448|63.1262|40.979|70.8805|63.0993|64.4551|23.5709|97.1045|83.9106|10.4739|35.0583|82.5435|90.6886|56.397|47.7013|82.9474,0.246796|0.179788|0.240047|0.179657|0.215598|0.243038|0.242679|0.239791|0.204574|0.218487|0.243732|0.216949|0.189485|0.228799|0.242248|0.207151|0.207556|0.204476|0.163561|0.209201|0.20461|0.194345|0.21902|0.170229|0.24308,0.338018|0.275394|0.895675|0.887943|0.123891|0.658826|0.487093|0.939209|0.45026|0.29317|0.65643|0.317946|0.757042|0.359402|0.837222|0.340196|0.438091|0.65353|0.469027|0.297185|0.519435|0.45102|0.533324|0.776444|0.624607,0.869523,0.801463,0.117836,0.0993652,0.460468,0.534015,0.0732846,0.487967,0.198257,0.921169,51.6436,5.43263e-12,47756,0.887486,41.1981,1.06086e-12,38445,0.895553,0.876428,0.0878307,0.631141,0.996144,0.511517,0.22039,0.459803,0.228135,0.891603,87.9902,7.64954e-10,30733,0.967162,70.4477,9.04596e-11,52512
24,938,n1->n20->n18->n70->n72->n73->n100->n90->n88->n87->n86->n76->n75->n71->n24->n23->n77->n99->n97->n95->n89->n48->n46->n47->n49->n51,5.37021e+09|4.0293e+11|7.59179e+12|6.87309e+13|6.83442e+09|1.41706e+11|4.01966e+09|1.33273e+11|9.00567e+12|7.3435e+12|3.85304e+10|4.21804e+13|8.71921e+10|7.70008e+11|1.59557e+13|4.63033e+10|5.68112e+11|1.57108e+10|2.90604e+09|1.05601e+11|2.68119e+11|3.98001e+12|5.53417e+12|4.74236e+11|2.45005e+09|7.46708e+11,8.19724e+08|1.89646e+11|4.11836e+12|9.78332e+12|1.48353e+09|5.76853e+10|2.27749e+09|6.41526e+10|8.66002e+12|2.79916e+12|4.69095e+09|1.15782e+13|5.29113e+10|1.60546e+11|4.06569e+12|3.30225e+10|3.56307e+11|4.21389e+09|5.04144e+08|5.46554e+10|9.23423e+10|1.69514e+12|1.63629e+12|1.54765e+11|2.44458e+09|5.06847e+11,0.000494453|5.21063e-05|2.98936e-05|5.13815e-05|0.000159499|6.32916e-05|0.000665246|0.000319756|6.2721e-05|0.000634307|6.21631e-05|1.88608e-05|0.000766915|0.00017279|0.000193265|0.000277161|8.49487e-05|0.00089026|8.81202e-05|0.000260968|3.55201e-05|4.78153e-05|0.000489732|0.000202873|1.07426e-05|0.000185382,0.000316017|0.000368678|0.000681499|0.00295865|0.00384342|0.000807753|0.00914892|0.000672662|0.000480267|0.00151267|0.00341054|0.00214239|0.000203965|0.00123164|0.0012727|0.00418014|0.000906866|0.000350126|0.00494291|0.000186877|0.000111435|0.00544009|0.000159088|0.000266598|0.000979027|0.00344885,0.0109342|0.0108696|0.0192976|0.0286141|0.0479977|0.0455502|0.0100829|0.0285929|0.00850464|0.0186268|0.0237043|0.00156873|0.0243876|0.0398828|0.0433038|0.00314906|0.04851|0.0362414|0.0381696|0.00282907|0.0107812|0.0455031|0.029055|0.00898217|0.0183567|0.0365406,0.000178506|0.0181411|0.0120519|0.0216638|0.0299903|0.028193|0.0460028|0.0372754|0.0237676|0.00979507|0.0488574|0.0470058|0.0250863|0.0326729|0.00780618|0.0470385|0.0115254|0.0472365|0.00800322|0.0420997|0.0401575|0.0360942|0.0302566|0.0488958|0.0388066|0.0130093,0.973537|0.923215|0.946711|0.966653|0.96924|0.909539|0.935175|0.984478|0.962132|0.977244|0.981332|0.989289|0.936129|0.947193|0.90929|0.92176|0.949999|0.953794|0.90679|0.966581|0.926416|0.967439|0.923372|0.9108|0.969899|0.98883,4.63983|4.79469|4.38273|4.60778|3.90463|3.29092|3.89025|4.02061|1.9653|2.33192|4.96971|0.578949|3.39264|0.117525|3.9732|2.08786|0.722366|3.07459|1.41691|1.09944|0.0868458|3.09858|0.31178|6.27947|3.94615|4.04415,90.7492|89.2299|55.8812|97.4405|29.1617|20.1165|32.7492|14.1987|57.0974|88.9922|37.5994|63.5216|14.5634|44.1502|44.8869|39.0733|96.5216|94.4507|11.8968|11.8194|94.0077|41.9872|71.5316|91.8261|10.4661,0.215706|0.247215|0.234874|0.180102|0.178937|0.175955|0.191207|0.244274|0.227675|0.246364|0.17745|0.207806|0.169453|0.204574|0.161116|0.178948|0.241387|0.168303|0.228013|0.168449|0.234363|0.178665|0.196056|0.228404|0.216931,0.53635|0.652252|0.16843|0.79408|0.920295|0.825877|0.878161|0.997795|0.396625|0.83582|0.871942|0.844544|0.275247|0.45026|0.528582|0.23533|0.664018|0.263233|0.342677|0.776387|0.948873|0.182289|0.758317|0.133861|0.516407,0.869523,0.801463,0.117836,0.0993652,0.460468,0.534015,0.0732846,0.487967,0.198257,0.921169,51.6436,5.43263e-12,47756,0.887486,41.1981,1.06086e-12,38445,0.895553,0.876428,0.0878307,0.631141,0.996144,0.511517,0.22039,0.459803,0.228135,0.891603,87.9902,7.64954e-10,30733,0.967162,70.4477,9.04596e-11,52512
24,939,n1->n99->n77->n23->n24->n26->n47->n48->n50->n29->n28->n27->n97->n95->n82->n84->n85->n58->n59->n90->n56->n55->n54->n53->n52->n51,5.37021e+09|1.57108e+10|5.68112e+11|4.63033e+10|1.59557e+13|7.09351e+09|4.74236e+11|3.98001e+12|2.36425e+09|3.6336e+13|1.34247e+11|4.19351e+12|2.90604e+09|1.05601e+11|1.07979e+13|1.07392e+09|2.02447e+09|8.16696e+09|3.04563e+11|1.33273e+11|1.1605e+12|8.84081e+12|2.80961e+11|4.60474e+10|1.02428e+10|7.46708e+11,8.19724e+08|4.21389e+09|3.56307e+11|3.30225e+10|4.06569e+12|1.31666e+09|1.54765e+11|1.69514e+12|4.07889e+08|1.77292e+13|1.51805e+10|8.73344e+11|5.04144e+08|5.46554e+10|1.66379e+12|9.00899e+08|2.41326e+08|6.89506e+09|3.06423e+10|6.41526e+10|5.65456e+11|4.69454e+12|2.23178e+11|3.18273e+10|2.07235e+09|5.06847e+11,0.000494453|0.00089026|8.49487e-05|0.000277161|0.000193265|3.77967e-05|0.000202873|4.78153e-05|1.54283e-05|0.000125062|0.00056516|1.08528e-05|8.81202e-05|0.000260968|0.000837919|2.14473e-05|2.04325e-05|0.000266735|2.43107e-05|0.000319756|1.7812e-05|4.06274e-05|1.47667e-05|2.00633e-05|0.00011644|0.000185382,0.000316017|0.000350126|0.000906866|0.00418014|0.0012727|0.00522178|0.000266598|0.00544009|0.00907722|0.00231296|0.0093172|0.00262605|0.00494291|0.000186877|0.00271152|0.000434313|0.000338175|0.00874893|0.000202742|0.000672662|0.000830638|0.000128431|0.00549128|0.000509085|0.00580301|0.00344885,0.0109342|0.0362414|0.04851|0.00314906|0.0433038|0.0101688|0.00898217|0.0455031|0.00638914|0.0255931|0.0317261|0.0303206|0.0381696|0.00282907|0.0278433|0.0473575|0.0354515|0.0248478|0.00304046|0.0285929|0.0231698|0.00843704|0.0334079|5.21659e-05|0.0398377|0.0365406,0.000178506|0.0472365|0.0115254|0.0470385|0.00780618|0.0409649|0.0488958|0.0360942|0.0483596|0.00291922|0.03841|0.0230682|0.00800322|0.0420997|0.0266174|0.0366447|0.0266209|0.0481122|0.0474075|0.0372754|0.0417641|0.0314938|0.00844474|0.00115664|0.0151024|0.0130093,0.973537|0.953794|0.949999|0.92176|0.90929|0.981638|0.9108|0.967439|0.910708|0.962742|0.948072|0.985376|0.90679|0.966581|0.934435|0.948551|0.940474|0.911658|0.99171|0.984478|0.944528|0.908585|0.927525|0.913872|0.965406|0.98883,4.63983|3.07459|0.722366|2.08786|3.9732|2.91399|6.27947|3.09858|5.41755|0.0327787|1.48687|4.5695|1.41691|1.09944|0.132111|5.42186|4.91715|3.70937|5.60303|4.02061|2.55597|3.37071|1.22009|0.640024|0.0104102|4.04415,66.2586|96.5216|39.0733|44.8869|83.4704|70.8805|78.8723|23.5956|37.0378|18.7034|23.5709|31.5608|11.8968|75.699|83.37|82.1833|90.6886|56.397|62.2588|40.6061|95.3312|27.8669|75.3264|81.3721|83.3731,0.180129|0.241387|0.178948|0.161116|0.216464|0.189485|0.239998|0.191801|0.191256|0.249902|0.207151|0.219936|0.228013|0.21275|0.203763|0.216313|0.194345|0.21902|0.169222|0.166746|0.167906|0.169326|0.191357|0.184589|0.197114,0.323551|0.664018|0.23533|0.528582|0.583168|0.757042|0.300482|0.688345|0.182586|0.259002|0.340196|0.557853|0.342677|0.837867|0.808712|0.528406|0.45102|0.533324|0.361153|0.163177|0.402595|0.414082|0.567841|0.272111|0.942894,0.869523,0.801463,0.117836,0.0993652,0.460468,0.534015,0.0732846,0.487967,0.198257,0.921169,51.6436,5.43263e-12,47756,0.887486,41.1981,1.06086e-12,38445,0.895553,0.876428,0.0878307,0.631141,0.996144,0.511517,0.22039,0.459803,0.228135,0.891603,87.9902,7.64954e-10,30733,0.967162,70.4477,9.04596e-11,52512
24,940,n1->n99->n98->n57->n74->n35->n34->n15->n13->n12->n6->n33->n32->n31->n30->n76->n75->n14->n96->n94->n92->n91->n93->n64->n49->n51,5.37021e+09|1.57108e+10|1.8266e+13|4.14288e+09|5.8385e+13|5.77859e+11|4.7313e+12|8.77071e+11|6.60497e+13|9.70597e+10|1.14208e+09|3.64323e+13|1.78367e+12|4.79342e+12|1.26395e+10|4.21804e+13|8.71921e+10|3.70261e+10|2.51165e+12|1.36531e+10|1.97334e+09|2.84652e+12|4.22601e+13|4.21034e+09|2.45005e+09|7.46708e+11,8.19724e+08|4.21389e+09|5.99087e+12|2.05006e+09|7.35096e+12|4.88834e+11|1.15705e+12|1.06991e+11|8.87204e+12|2.76143e+10|2.20459e+08|6.32377e+12|1.05491e+12|4.42443e+12|1.81012e+09|1.15782e+13|5.29113e+10|1.44234e+10|5.36324e+11|1.67171e+09|1.46451e+09|3.57264e+11|1.3774e+13|1.60867e+09|2.44458e+09|5.06847e+11,0.000494453|0.00089026|0.000410965|0.000173612|0.000875739|0.000412952|0.000140889|0.000182949|0.000787814|0.000201974|1.08483e-05|1.50316e-05|0.000179959|0.00024651|4.789e-05|1.88608e-05|0.000766915|3.25754e-05|1.2987e-05|2.95455e-05|2.75832e-05|6.93267e-05|8.45967e-05|1.88732e-05|1.07426e-05|0.000185382,0.000316017|0.000350126|0.000548485|0.00271581|0.00944671|0.00138752|0.000270551|0.00274771|0.00788063|0.0016732|0.00010157|0.00213059|0.00292552|0.00308746|0.00655588|0.00214239|0.000203965|0.000181646|0.000286765|0.000125263|0.0052688|0.00599677|0.000162335|0.000135861|0.000979027|0.00344885,0.0109342|0.0362414|0.0295222|0.0328142|0.0280357|0.00215298|0.0276207|0.0207315|0.0476737|0.0313381|0.00160082|0.00968695|0.00778345|0.0211034|0.00398508|0.00156873|0.0243876|0.0426128|0.0377902|0.00830448|0.0444618|0.008036|0.0108045|0.0266797|0.0183567|0.0365406,0.000178506|0.0472365|0.0297366|0.0437642|0.0166219|0.0375959|0.0210615|0.0378122|0.00335145|0.0470205|0.0260762|0.0280967|0.0161829|0.0151027|0.0178703|0.0470058|0.0250863|0.049061|0.0195364|0.0293842|0.0387741|0.015498|0.0326183|0.0436548|0.0388066|0.0130093,0.973537|0.953794|0.959539|0.983348|0.90082|0.952159|0.904866|0.910795|0.954869|0.937315|0.908628|0.923653|0.953313|0.943878|0.972158|0.989289|0.936129|0.906626|0.951762|0.927471|0.987763|0.964407|0.912097|0.933821|0.969899|0.98883,4.63983|3.07459|2.95405|1.93323|0.0974208|5.24666|4.56594|1.89272|5.26639|3.07758|5.01633|1.04264|0.10397|4.82496|5.42296|0.578949|3.39264|0.762282|0.85792|5.03384|6.03913|5.6679|5.92115|5.77568|3.94615|4.04415,66.2586|58.4557|98.2355|95.6836|67.7415|26.2497|27.3162|66.6304|56.34|32.9383|50.0569|61.2747|86.0567|88.6669|21.8454|63.5216|56.2706|54.7186|71.0086|13.5087|32.3713|26.8753|32.5899|77.768|10.4661,0.180129|0.227784|0.190047|0.169856|0.161632|0.244194|0.231681|0.179788|0.206669|0.230728|0.19306|0.208144|0.16799|0.215598|0.220509|0.207806|0.226178|0.208433|0.230021|0.230182|0.161013|0.203549|0.178102|0.165457|0.216931,0.323551|0.686264|0.757428|0.815246|0.301798|0.307851|0.750497|0.275394|0.285239|0.628307|0.116472|0.704271|0.799966|0.123891|0.936019|0.844544|0.725021|0.448351|0.131268|0.731663|0.940947|0.21516|0.548301|0.348083|0.516407,0.869523,0.801463,0.117836,0.0993652,0.460468,0.534015,0.0732846,0.487967,0.198257,0.921169,51.6436,5.43263e-12,47756,0.887486,41.1981,1.06086e-12,38445,0.895553,0.876428,0.0878307,0.631141,0.996144,0.511517,0.22039,0.459803,0.228135,0.891603,87.9902,7.64954e-10,30733,0.967162,70.4477,9.04596e-11,52512
24,941,n1->n99->n97->n95->n82->n80->n78->n85->n17->n68->n22->n21->n67->n38->n36->n34->n15->n63->n10->n73->n71->n72->n77->n93->n94->n51,5.37021e+09|1.57108e+10|2.90604e+09|1.05601e+11|1.07979e+13|2.45686e+13|3.25238e+10|2.02447e+09|1.51096e+11|1.31753e+09|1.47e+10|1.56161e+12|4.7483e+09|1.16426e+13|7.73972e+11|4.7313e+12|8.77071e+11|6.55204e+12|2.49624e+09|1.41706e+11|7.70008e+11|6.83442e+09|5.68112e+11|4.22601e+13|1.36531e+10|7.46708e+11,8.19724e+08|4.21389e+09|5.04144e+08|5.46554e+10|1.66379e+12|2.75437e+12|2.30731e+10|2.41326e+08|1.57582e+10|3.10679e+08|9.51029e+09|3.02345e+11|7.5553e+08|1.19258e+12|7.77593e+10|1.15705e+12|1.06991e+11|2.63574e+12|7.32581e+08|5.76853e+10|1.60546e+11|1.48353e+09|3.56307e+11|1.3774e+13|1.67171e+09|5.06847e+11,0.000494453|0.00089026|8.81202e-05|0.000260968|0.000837919|1.13052e-05|0.000270955|2.04325e-05|0.000261059|0.000223952|1.77434e-05|0.00096308|3.91885e-05|1.04425e-05|0.000426407|0.000140889|0.000182949|0.000116235|6.27016e-05|6.32916e-05|0.00017279|0.000159499|8.49487e-05|8.45967e-05|2.95455e-05|0.000185382,0.000316017|0.000350126|0.00494291|0.000186877|0.00271152|0.000238286|0.00167497|0.000338175|0.000513001|0.00843573|0.0006856|0.00195589|0.000640186|0.00950649|0.00396778|0.000270551|0.00274771|0.00126856|0.00113469|0.000807753|0.00123164|0.00384342|0.000906866|0.000162335|0.000125263|0.00344885,0.0109342|0.0362414|0.0381696|0.00282907|0.0278433|0.00592883|0.00569443|0.0354515|0.0430027|0.0370095|0.0408661|0.00712365|0.029632|0.0263713|0.00497013|0.0276207|0.0207315|0.0100727|0.00597815|0.0455502|0.0398828|0.0479977|0.04851|0.0108045|0.00830448|0.0365406,0.000178506|0.0472365|0.00800322|0.0420997|0.0266174|0.0262948|0.0425349|0.0266209|0.00442808|0.00589983|0.040072|0.0414669|0.0482082|0.00318517|0.0341912|0.0210615|0.0378122|0.0107197|0.0245713|0.028193|0.0326729|0.0299903|0.0115254|0.0326183|0.0293842|0.0130093,0.973537|0.953794|0.90679|0.966581|0.934435|0.919013|0.92832|0.940474|0.974312|0.984554|0.95984|0.971602|0.924883|0.902547|0.94998|0.904866|0.910795|0.903245|0.962416|0.909539|0.947193|0.96924|0.949999|0.912097|0.927471|0.98883,4.63983|3.07459|1.41691|1.09944|0.132111|0.100836|3.3614|4.91715|5.11322|5.26958|0.048646|3.14177|2.06342|5.09423|3.70656|4.56594|1.89272|4.68449|1.97158|3.29092|0.117525|3.90463|0.722366|5.92115|5.03384|4.04415,66.2586|94.4507|11.8968|75.699|47.0365|66.5291|67.1704|84.7043|23.9015|15.3326|55.6995|42.5138|59.2872|61.2725|89.5651|27.3162|11.0615|65.1286|29.3778|28.2621|45.8448|92.3918|51.9256|63.1349|11.2844,0.180129|0.168303|0.228013|0.21275|0.231931|0.222935|0.184721|0.225161|0.236806|0.236297|0.206062|0.197352|0.200548|0.204351|0.241996|0.231681|0.214255|0.203746|0.202302|0.242769|0.218487|0.167022|0.247077|0.209804|0.200895,0.323551|0.263233|0.342677|0.837867|0.796307|0.109088|0.609732|0.880608|0.2818|0.655447|0.677391|0.602799|0.127053|0.413834|0.265381|0.750497|0.692153|0.514129|0.747283|0.940077|0.29317|0.776051|0.469529|0.17375|0.836539,0.869523,0.801463,0.117836,0.0993652,0.460468,0.534015,0.0732846,0.487967,0.198257,0.921169,51.6436,5.43263e-12,47756,0.887486,41.1981,1.06086e-12,38445,0.895553,0.876428,0.0878307,0.631141,0.996144,0.511517,0.22039,0.459803,0.228135,0.891603,87.9902,7.64954e-10,30733,0.967162,70.4477,9.04596e-11,52512
24,942,n1->n20->n89->n88->n90->n100->n2->n4->n27->n25->n26->n47->n45->n44->n42->n40->n54->n56->n84->n33->n32->n34->n15->n29->n50->n51,5.37021e+09|4.0293e+11|2.68119e+11|9.00567e+12|1.33273e+11|4.01966e+09|5.94248e+10|7.07339e+12|4.19351e+12|1.67189e+13|7.09351e+09|4.74236e+11|8.38488e+13|5.26537e+13|2.42905e+09|3.58065e+10|2.80961e+11|1.1605e+12|1.07392e+09|3.64323e+13|1.78367e+12|4.7313e+12|8.77071e+11|3.6336e+13|2.36425e+09|7.46708e+11,8.19724e+08|1.89646e+11|9.23423e+10|8.66002e+12|6.41526e+10|2.27749e+09|3.74975e+10|2.43435e+12|8.73344e+11|1.40059e+13|1.31666e+09|1.54765e+11|1.01787e+13|2.86817e+13|2.47264e+08|4.14657e+09|2.23178e+11|5.65456e+11|9.00899e+08|6.32377e+12|1.05491e+12|1.15705e+12|1.06991e+11|1.77292e+13|4.07889e+08|5.06847e+11,0.000494453|5.21063e-05|3.55201e-05|6.2721e-05|0.000319756|0.000665246|1.10648e-05|0.000113681|1.08528e-05|6.30741e-05|3.77967e-05|0.000202873|1.67225e-05|0.000124649|8.79758e-05|6.01341e-05|1.47667e-05|1.7812e-05|2.14473e-05|1.50316e-05|0.000179959|0.000140889|0.000182949|0.000125062|1.54283e-05|0.000185382,0.000316017|0.000368678|0.000111435|0.000480267|0.000672662|0.00914892|0.00120557|0.00198341|0.00262605|0.00294926|0.00522178|0.000266598|0.000742576|0.00158999|0.000493531|0.00268841|0.00549128|0.000830638|0.000434313|0.00213059|0.00292552|0.000270551|0.00274771|0.00231296|0.00907722|0.00344885,0.0109342|0.0108696|0.0107812|0.00850464|0.0285929|0.0100829|0.00369149|0.0350273|0.0303206|0.0195393|0.0101688|0.00898217|0.00846218|0.0486405|0.00783732|0.0249103|0.0334079|0.0231698|0.0473575|0.00968695|0.00778345|0.0276207|0.0207315|0.0255931|0.00638914|0.0365406,0.000178506|0.0181411|0.0401575|0.0237676|0.0372754|0.0460028|0.0127317|0.0273051|0.0230682|0.0159438|0.0409649|0.0488958|0.0342415|0.00764508|0.0327962|0.033399|0.00844474|0.0417641|0.0366447|0.0280967|0.0161829|0.0210615|0.0378122|0.00291922|0.0483596|0.0130093,0.973537|0.923215|0.926416|0.962132|0.984478|0.935175|0.968894|0.917619|0.985376|0.9023|0.981638|0.9108|0.934264|0.932977|0.960936|0.920308|0.927525|0.944528|0.948551|0.923653|0.953313|0.904866|0.910795|0.962742|0.910708|0.98883,4.63983|4.79469|0.0868458|1.9653|4.02061|3.89025|4.74216|1.56082|4.5695|1.57149|2.91399|6.27947|5.31688|2.64532|0.765875|2.50002|1.22009|2.55597|5.42186|1.04264|0.10397|4.56594|1.89272|0.0327787|5.41755|4.04415,90.7492|18.2346|92.4072|14.1987|32.7492|37.015|30.2686|52.1141|64.4551|63.0993|70.8805|40.979|57.1366|21.0603|77.6192|12.2677|42.6814|34.4372|59.7094|61.2747|23.0914|27.3162|32.2763|37.0378|82.9474,0.215706|0.231355|0.203687|0.244274|0.191207|0.17211|0.239023|0.184605|0.242248|0.228799|0.189485|0.216949|0.235241|0.23095|0.243521|0.248162|0.167734|0.222961|0.183728|0.208144|0.18593|0.231681|0.240047|0.191256|0.24308,0.53635|0.595303|0.876618|0.997795|0.878161|0.315214|0.514427|0.200735|0.837222|0.359402|0.757042|0.317946|0.218954|0.399278|0.14346|0.812759|0.927159|0.762891|0.218166|0.704271|0.12287|0.750497|0.895675|0.182586|0.624607,0.869523,0.801463,0.117836,0.0993652,0.460468,0.534015,0.0732846,0.487967,0.198257,0.921169,51.6436,5.43263e-12,47756,0.887486,41.1981,1.06086e-12,38445,0.895553,0.876428,0.0878307,0.631141,0.996144,0.511517,0.22039,0.459803,0.228135,0.891603,87.9902,7.64954e-10,30733,0.967162,70.4477,9.04596e-11,52512
24,943,n1->n13->n12->n6->n33->n84->n85->n78->n76->n74->n57->n83->n81->n80->n82->n63->n10->n9->n7->n2->n4->n75->n14->n96->n94->n51,5.37021e+09|6.60497e+13|9.70597e+10|1.14208e+09|3.64323e+13|1.07392e+09|2.02447e+09|3.25238e+10|4.21804e+13|5.8385e+13|4.14288e+09|3.76373e+13|2.58887e+10|2.45686e+13|1.07979e+13|6.55204e+12|2.49624e+09|1.49139e+12|3.81012e+11|5.94248e+10|7.07339e+12|8.71921e+10|3.70261e+10|2.51165e+12|1.36531e+10|7.46708e+11,8.19724e+08|8.87204e+12|2.76143e+10|2.20459e+08|6.32377e+12|9.00899e+08|2.41326e+08|2.30731e+10|1.15782e+13|7.35096e+12|2.05006e+09|2.34723e+13|8.36206e+09|2.75437e+12|1.66379e+12|2.63574e+12|7.32581e+08|3.79906e+11|6.70334e+10|3.74975e+10|2.43435e+12|5.29113e+10|1.44234e+10|5.36324e+11|1.67171e+09|5.06847e+11,0.000494453|0.000787814|0.000201974|1.08483e-05|1.50316e-05|2.14473e-05|2.04325e-05|0.000270955|1.88608e-05|0.000875739|0.000173612|1.86087e-05|0.000268232|1.13052e-05|0.000837919|0.000116235|6.27016e-05|1.80008e-05|0.000475679|1.10648e-05|0.000113681|0.000766915|3.25754e-05|1.2987e-05|2.95455e-05|0.000185382,0.000316017|0.00788063|0.0016732|0.00010157|0.00213059|0.000434313|0.000338175|0.00167497|0.00214239|0.00944671|0.00271581|0.000175452|0.000752991|0.000238286|0.00271152|0.00126856|0.00113469|0.00065196|0.00104538|0.00120557|0.00198341|0.000203965|0.000181646|0.000286765|0.000125263|0.00344885,0.0109342|0.0476737|0.0313381|0.00160082|0.00968695|0.0473575|0.0354515|0.00569443|0.00156873|0.0280357|0.0328142|0.015405|0.0481357|0.00592883|0.0278433|0.0100727|0.00597815|0.0140743|0.01754|0.00369149|0.0350273|0.0243876|0.0426128|0.0377902|0.00830448|0.0365406,0.000178506|0.00335145|0.0470205|0.0260762|0.0280967|0.0366447|0.0266209|0.0425349|0.0470058|0.0166219|0.0437642|0.038157|0.00997263|0.0262948|0.0266174|0.0107197|0.0245713|0.033904|0.0283975|0.0127317|0.0273051|0.0250863|0.049061|0.0195364|0.0293842|0.0130093,0.973537|0.954869|0.937315|0.908628|0.923653|0.948551|0.940474|0.92832|0.989289|0.90082|0.983348|0.947801|0.948836|0.919013|0.934435|0.903245|0.962416|0.963574|0.963898|0.968894|0.917619|0.936129|0.906626|0.951762|0.927471|0.98883,4.63983|5.26639|3.07758|5.01633|1.04264|5.42186|4.91715|3.3614|0.578949|0.0974208|1.93323|4.11052|1.5908|0.100836|0.132111|4.68449|1.97158|5.88966|3.51107|4.74216|1.56082|3.39264|0.762282|0.85792|5.03384|4.04415,79.8117|56.34|32.9383|50.0569|59.7094|82.1833|67.1704|69.3348|53.1277|95.6836|50.003|78.7627|15.5679|47.0365|48.6997|65.1286|65.9961|59.8148|88.6198|30.2686|81.7362|56.2706|54.7186|71.0086|11.2844,0.246796|0.206669|0.230728|0.19306|0.183728|0.216313|0.184721|0.194827|0.181342|0.169856|0.1911|0.170031|0.212149|0.231931|0.175742|0.203746|0.193896|0.18359|0.228013|0.239023|0.218556|0.226178|0.208433|0.230021|0.200895,0.338018|0.285239|0.628307|0.116472|0.218166|0.528406|0.609732|0.93416|0.519715|0.815246|0.161388|0.530775|0.870283|0.796307|0.4301|0.514129|0.982181|0.339058|0.84397|0.514427|0.847503|0.725021|0.448351|0.131268|0.836539,0.869523,0.801463,0.117836,0.0993652,0.460468,0.534015,0.0732846,0.487967,0.198257,0.921169,51.6436,5.43263e-12,47756,0.887486,41.1981,1.06086e-12,38445,0.895553,0.876428,0.0878307,0.631141,0.996144,0.511517,0.22039,0.459803,0.228135,0.891603,87.9902,7.64954e-10,30733,0.967162,70.4477,9.04596e-11,52512
24,944,n1->n99->n97->n96->n14->n12->n6->n33->n31->n29->n30->n32->n66->n68->n22->n21->n67->n64->n49->n47->n45->n72->n77->n93->n94->n51,5.37021e+09|1.57108e+10|2.90604e+09|2.51165e+12|3.70261e+10|9.70597e+10|1.14208e+09|3.64323e+13|4.79342e+12|3.6336e+13|1.26395e+10|1.78367e+12|1.10072e+10|1.31753e+09|1.47e+10|1.56161e+12|4.7483e+09|4.21034e+09|2.45005e+09|4.74236e+11|8.38488e+13|6.83442e+09|5.68112e+11|4.22601e+13|1.36531e+10|7.46708e+11,8.19724e+08|4.21389e+09|5.04144e+08|5.36324e+11|1.44234e+10|2.76143e+10|2.20459e+08|6.32377e+12|4.42443e+12|1.77292e+13|1.81012e+09|1.05491e+12|8.7665e+09|3.10679e+08|9.51029e+09|3.02345e+11|7.5553e+08|1.60867e+09|2.44458e+09|1.54765e+11|1.01787e+13|1.48353e+09|3.56307e+11|1.3774e+13|1.67171e+09|5.06847e+11,0.000494453|0.00089026|8.81202e-05|1.2987e-05|3.25754e-05|0.000201974|1.08483e-05|1.50316e-05|0.00024651|0.000125062|4.789e-05|0.000179959|0.000237659|0.000223952|1.77434e-05|0.00096308|3.91885e-05|1.88732e-05|1.07426e-05|0.000202873|1.67225e-05|0.000159499|8.49487e-05|8.45967e-05|2.95455e-05|0.000185382,0.000316017|0.000350126|0.00494291|0.000286765|0.000181646|0.0016732|0.00010157|0.00213059|0.00308746|0.00231296|0.00655588|0.00292552|0.000470269|0.00843573|0.0006856|0.00195589|0.000640186|0.000135861|0.000979027|0.000266598|0.000742576|0.00384342|0.000906866|0.000162335|0.000125263|0.00344885,0.0109342|0.0362414|0.0381696|0.0377902|0.0426128|0.0313381|0.00160082|0.00968695|0.0211034|0.0255931|0.00398508|0.00778345|0.0203827|0.0370095|0.0408661|0.00712365|0.029632|0.0266797|0.0183567|0.00898217|0.00846218|0.0479977|0.04851|0.0108045|0.00830448|0.0365406,0.000178506|0.0472365|0.00800322|0.0195364|0.049061|0.0470205|0.0260762|0.0280967|0.0151027|0.00291922|0.0178703|0.0161829|0.0146278|0.00589983|0.040072|0.0414669|0.0482082|0.0436548|0.0388066|0.0488958|0.0342415|0.0299903|0.0115254|0.0326183|0.0293842|0.0130093,0.973537|0.953794|0.90679|0.951762|0.906626|0.937315|0.908628|0.923653|0.943878|0.962742|0.972158|0.953313|0.978907|0.984554|0.95984|0.971602|0.924883|0.933821|0.969899|0.9108|0.934264|0.96924|0.949999|0.912097|0.927471|0.98883,4.63983|3.07459|1.41691|0.85792|0.762282|3.07758|5.01633|1.04264|4.82496|0.0327787|5.42296|0.10397|3.10364|5.26958|0.048646|3.14177|2.06342|5.77568|3.94615|6.27947|5.31688|3.90463|0.722366|5.92115|5.03384|4.04415,66.2586|94.4507|37.9513|54.7186|51.9585|32.9383|50.0569|95.0453|70.4589|29.3504|69.5993|27.3217|70.8824|15.3326|55.6995|42.5138|95.5844|77.768|91.8261|40.979|63.1262|92.3918|51.9256|63.1349|11.2844,0.180129|0.168303|0.246589|0.208433|0.222459|0.230728|0.19306|0.234751|0.246199|0.179657|0.204659|0.199785|0.16183|0.236297|0.206062|0.197352|0.248978|0.165457|0.228404|0.216949|0.243732|0.167022|0.247077|0.209804|0.200895,0.323551|0.263233|0.157157|0.448351|0.326911|0.628307|0.116472|0.258586|0.415176|0.887943|0.237533|0.769012|0.215539|0.655447|0.677391|0.602799|0.480161|0.348083|0.133861|0.317946|0.65643|0.776051|0.469529|0.17375|0.836539,0.869523,0.801463,0.117836,0.0993652,0.460468,0.534015,0.0732846,0.487967,0.198257,0.921169,51.6436,5.43263e-12,47756,0.887486,41.1981,1.06086e-12,38445,0.895553,0.876428,0.0878307,0.631141,0.996144,0.511517,0.22039,0.459803,0.228135,0.891603,87.9902,7.64954e-10,30733,0.967162,70.4477,9.04596e-11,52512
24,945,n1->n13->n14->n75->n73->n54->n56->n84->n33->n32->n34->n35->n31->n30->n76->n86->n87->n88->n90->n59->n58->n85->n65->n64->n49->n51,5.37021e+09|6.60497e+13|3.70261e+10|8.71921e+10|1.41706e+11|2.80961e+11|1.1605e+12|1.07392e+09|3.64323e+13|1.78367e+12|4.7313e+12|5.77859e+11|4.79342e+12|1.26395e+10|4.21804e+13|3.85304e+10|7.3435e+12|9.00567e+12|1.33273e+11|3.04563e+11|8.16696e+09|2.02447e+09|1.12599e+09|4.21034e+09|2.45005e+09|7.46708e+11,8.19724e+08|8.87204e+12|1.44234e+10|5.29113e+10|5.76853e+10|2.23178e+11|5.65456e+11|9.00899e+08|6.32377e+12|1.05491e+12|1.15705e+12|4.88834e+11|4.42443e+12|1.81012e+09|1.15782e+13|4.69095e+09|2.79916e+12|8.66002e+12|6.41526e+10|3.06423e+10|6.89506e+09|2.41326e+08|3.2906e+08|1.60867e+09|2.44458e+09|5.06847e+11,0.000494453|0.000787814|3.25754e-05|0.000766915|6.32916e-05|1.47667e-05|1.7812e-05|2.14473e-05|1.50316e-05|0.000179959|0.000140889|0.000412952|0.00024651|4.789e-05|1.88608e-05|6.21631e-05|0.000634307|6.2721e-05|0.000319756|2.43107e-05|0.000266735|2.04325e-05|1.96575e-05|1.88732e-05|1.07426e-05|0.000185382,0.000316017|0.00788063|0.000181646|0.000203965|0.000807753|0.00549128|0.000830638|0.000434313|0.00213059|0.00292552|0.000270551|0.00138752|0.00308746|0.00655588|0.00214239|0.00341054|0.00151267|0.000480267|0.000672662|0.000202742|0.00874893|0.000338175|0.000428116|0.000135861|0.000979027|0.00344885,0.0109342|0.0476737|0.0426128|0.0243876|0.0455502|0.0334079|0.0231698|0.0473575|0.00968695|0.00778345|0.0276207|0.00215298|0.0211034|0.00398508|0.00156873|0.0237043|0.0186268|0.00850464|0.0285929|0.00304046|0.0248478|0.0354515|0.00118659|0.0266797|0.0183567|0.0365406,0.000178506|0.00335145|0.049061|0.0250863|0.028193|0.00844474|0.0417641|0.0366447|0.0280967|0.0161829|0.0210615|0.0375959|0.0151027|0.0178703|0.0470058|0.0488574|0.00979507|0.0237676|0.0372754|0.0474075|0.0481122|0.0266209|0.00176737|0.0436548|0.0388066|0.0130093,0.973537|0.954869|0.906626|0.936129|0.909539|0.927525|0.944528|0.948551|0.923653|0.953313|0.904866|0.952159|0.943878|0.972158|0.989289|0.981332|0.977244|0.962132|0.984478|0.99171|0.911658|0.940474|0.967717|0.933821|0.969899|0.98883,4.63983|5.26639|0.762282|3.39264|3.29092|1.22009|2.55597|5.42186|1.04264|0.10397|4.56594|5.24666|4.82496|5.42296|0.578949|4.96971|2.33192|1.9653|4.02061|5.60303|3.70937|4.91715|4.1126|5.77568|3.94615|4.04415,79.8117|92.5451|56.2706|85.6152|26.1465|42.6814|34.4372|59.7094|61.2747|23.0914|26.2497|91.3525|88.6669|21.8454|37.5994|88.9922|57.0974|14.1987|62.2588|56.397|90.6886|82.5435|56.7563|77.768|10.4661,0.246796|0.191459|0.226178|0.185893|0.196311|0.167734|0.222961|0.183728|0.208144|0.18593|0.244194|0.243038|0.215598|0.220509|0.17745|0.246364|0.227675|0.244274|0.169222|0.21902|0.194345|0.20461|0.186349|0.165457|0.216931,0.338018|0.161307|0.725021|0.624191|0.754315|0.927159|0.762891|0.218166|0.704271|0.12287|0.307851|0.658826|0.123891|0.936019|0.871942|0.83582|0.396625|0.997795|0.361153|0.533324|0.45102|0.519435|0.927837|0.348083|0.516407,0.869523,0.801463,0.117836,0.0993652,0.460468,0.534015,0.0732846,0.487967,0.198257,0.921169,51.6436,5.43263e-12,47756,0.887486,41.1981,1.06086e-12,38445,0.895553,0.876428,0.0878307,0.631141,0.996144,0.511517,0.22039,0.459803,0.228135,0.891603,87.9902,7.64954e-10,30733,0.967162,70.4477,9.04596e-11,52512
24,946,n1->n20->n19->n18->n17->n85->n84->n83->n57->n55->n54->n53->n52->n65->n5->n7->n8->n12->n13->n14->n75->n4->n27->n29->n50->n51,5.37021e+09|4.0293e+11|2.47533e+11|7.59179e+12|1.51096e+11|2.02447e+09|1.07392e+09|3.76373e+13|4.14288e+09|8.84081e+12|2.80961e+11|4.60474e+10|1.02428e+10|1.12599e+09|2.91995e+11|3.81012e+11|4.61239e+13|9.70597e+10|6.60497e+13|3.70261e+10|8.71921e+10|7.07339e+12|4.19351e+12|3.6336e+13|2.36425e+09|7.46708e+11,8.19724e+08|1.89646e+11|2.33399e+11|4.11836e+12|1.57582e+10|2.41326e+08|9.00899e+08|2.34723e+13|2.05006e+09|4.69454e+12|2.23178e+11|3.18273e+10|2.07235e+09|3.2906e+08|4.67133e+10|6.70334e+10|1.04208e+13|2.76143e+10|8.87204e+12|1.44234e+10|5.29113e+10|2.43435e+12|8.73344e+11|1.77292e+13|4.07889e+08|5.06847e+11,0.000494453|5.21063e-05|0.000261527|2.98936e-05|0.000261059|2.04325e-05|2.14473e-05|1.86087e-05|0.000173612|4.06274e-05|1.47667e-05|2.00633e-05|0.00011644|1.96575e-05|7.03031e-05|0.000475679|6.6054e-05|0.000201974|0.000787814|3.25754e-05|0.000766915|0.000113681|1.08528e-05|0.000125062|1.54283e-05|0.000185382,0.000316017|0.000368678|0.000768065|0.000681499|0.000513001|0.000338175|0.000434313|0.000175452|0.00271581|0.000128431|0.00549128|0.000509085|0.00580301|0.000428116|0.000196916|0.00104538|0.00522046|0.0016732|0.00788063|0.000181646|0.000203965|0.00198341|0.00262605|0.00231296|0.00907722|0.00344885,0.0109342|0.0108696|0.0201979|0.0192976|0.0430027|0.0354515|0.0473575|0.015405|0.0328142|0.00843704|0.0334079|5.21659e-05|0.0398377|0.00118659|0.00731162|0.01754|0.0318744|0.0313381|0.0476737|0.0426128|0.0243876|0.0350273|0.0303206|0.0255931|0.00638914|0.0365406,0.000178506|0.0181411|0.0291803|0.0120519|0.00442808|0.0266209|0.0366447|0.038157|0.0437642|0.0314938|0.00844474|0.00115664|0.0151024|0.00176737|0.0421608|0.0283975|0.0483133|0.0470205|0.00335145|0.049061|0.0250863|0.0273051|0.0230682|0.00291922|0.0483596|0.0130093,0.973537|0.923215|0.941018|0.946711|0.974312|0.940474|0.948551|0.947801|0.983348|0.908585|0.927525|0.913872|0.965406|0.967717|0.951514|0.963898|0.975256|0.937315|0.954869|0.906626|0.936129|0.917619|0.985376|0.962742|0.910708|0.98883,4.63983|4.79469|1.39448|4.38273|5.11322|4.91715|5.42186|4.11052|1.93323|3.37071|1.22009|0.640024|0.0104102|4.1126|4.90362|3.51107|3.22282|3.07758|5.26639|0.762282|3.39264|1.56082|4.5695|0.0327787|5.41755|4.04415,90.7492|86.2435|34.0839|43.2583|84.7043|82.1833|20.1884|50.003|61.5999|27.8669|75.3264|81.3721|56.1703|35.0583|37.2729|55.4093|81.3396|56.34|92.5451|56.2706|81.7362|52.1141|49.6282|37.0378|82.9474,0.215706|0.182991|0.248409|0.218822|0.225161|0.216313|0.246081|0.1911|0.220389|0.169326|0.191357|0.184589|0.247907|0.209201|0.176784|0.230451|0.186476|0.206669|0.191459|0.226178|0.218556|0.184605|0.180772|0.191256|0.24308,0.53635|0.182796|0.983209|0.981182|0.880608|0.528406|0.599197|0.161388|0.549818|0.414082|0.567841|0.272111|0.827328|0.297185|0.943162|0.745697|0.379326|0.285239|0.161307|0.725021|0.847503|0.200735|0.511755|0.182586|0.624607,0.869523,0.801463,0.117836,0.0993652,0.460468,0.534015,0.0732846,0.487967,0.198257,0.921169,51.6436,5.43263e-12,47756,0.887486,41.1981,1.06086e-12,38445,0.895553,0.876428,0.0878307,0.631141,0.996144,0.511517,0.22039,0.459803,0.228135,0.891603,87.9902,7.64954e-10,30733,0.967162,70.4477,9.04596e-11,52512
24,947,n1->n13->n12->n14->n75->n76->n86->n87->n70->n72->n77->n23->n83->n81->n37->n39->n38->n67->n21->n20->n19->n17->n85->n65->n52->n51,5.37021e+09|6.60497e+13|9.70597e+10|3.70261e+10|8.71921e+10|4.21804e+13|3.85304e+10|7.3435e+12|6.87309e+13|6.83442e+09|5.68112e+11|4.63033e+10|3.76373e+13|2.58887e+10|2.79748e+13|3.34792e+13|1.16426e+13|4.7483e+09|1.56161e+12|4.0293e+11|2.47533e+11|1.51096e+11|2.02447e+09|1.12599e+09|1.02428e+10|7.46708e+11,8.19724e+08|8.87204e+12|2.76143e+10|1.44234e+10|5.29113e+10|1.15782e+13|4.69095e+09|2.79916e+12|9.78332e+12|1.48353e+09|3.56307e+11|3.30225e+10|2.34723e+13|8.36206e+09|4.96975e+12|1.12013e+13|1.19258e+12|7.5553e+08|3.02345e+11|1.89646e+11|2.33399e+11|1.57582e+10|2.41326e+08|3.2906e+08|2.07235e+09|5.06847e+11,0.000494453|0.000787814|0.000201974|3.25754e-05|0.000766915|1.88608e-05|6.21631e-05|0.000634307|5.13815e-05|0.000159499|8.49487e-05|0.000277161|1.86087e-05|0.000268232|1.06248e-05|5.53896e-05|1.04425e-05|3.91885e-05|0.00096308|5.21063e-05|0.000261527|0.000261059|2.04325e-05|1.96575e-05|0.00011644|0.000185382,0.000316017|0.00788063|0.0016732|0.000181646|0.000203965|0.00214239|0.00341054|0.00151267|0.00295865|0.00384342|0.000906866|0.00418014|0.000175452|0.000752991|0.000261291|0.0025393|0.00950649|0.000640186|0.00195589|0.000368678|0.000768065|0.000513001|0.000338175|0.000428116|0.00580301|0.00344885,0.0109342|0.0476737|0.0313381|0.0426128|0.0243876|0.00156873|0.0237043|0.0186268|0.0286141|0.0479977|0.04851|0.00314906|0.015405|0.0481357|0.0457563|0.00111942|0.0263713|0.029632|0.00712365|0.0108696|0.0201979|0.0430027|0.0354515|0.00118659|0.0398377|0.0365406,0.000178506|0.00335145|0.0470205|0.049061|0.0250863|0.0470058|0.0488574|0.00979507|0.0216638|0.0299903|0.0115254|0.0470385|0.038157|0.00997263|0.0105712|0.0449458|0.00318517|0.0482082|0.0414669|0.0181411|0.0291803|0.00442808|0.0266209|0.00176737|0.0151024|0.0130093,0.973537|0.954869|0.937315|0.906626|0.936129|0.989289|0.981332|0.977244|0.966653|0.96924|0.949999|0.92176|0.947801|0.948836|0.964079|0.924329|0.902547|0.924883|0.971602|0.923215|0.941018|0.974312|0.940474|0.967717|0.965406|0.98883,4.63983|5.26639|3.07758|0.762282|3.39264|0.578949|4.96971|2.33192|4.60778|3.90463|0.722366|2.08786|4.11052|1.5908|4.96174|1.19952|5.09423|2.06342|3.14177|4.79469|1.39448|5.11322|4.91715|4.1126|0.0104102|4.04415,79.8117|56.34|51.9585|56.2706|63.5216|37.5994|88.9922|39.9413|97.4405|92.3918|39.0733|23.518|78.7627|88.8597|31.554|52.0957|59.2872|42.5138|76.7594|86.2435|10.3361|84.7043|82.5435|56.1703|83.3731,0.246796|0.206669|0.222459|0.226178|0.207806|0.17745|0.246364|0.180359|0.180102|0.167022|0.178948|0.181099|0.170031|0.211898|0.195005|0.199024|0.200548|0.197352|0.218425|0.182991|0.172286|0.225161|0.20461|0.247907|0.197114,0.338018|0.285239|0.326911|0.725021|0.844544|0.871942|0.83582|0.129355|0.79408|0.776051|0.23533|0.741177|0.530775|0.430076|0.711047|0.46236|0.127053|0.602799|0.515127|0.182796|0.559133|0.880608|0.519435|0.827328|0.942894,0.869523,0.801463,0.117836,0.0993652,0.460468,0.534015,0.0732846,0.487967,0.198257,0.921169,51.6436,5.43263e-12,47756,0.887486,41.1981,1.06086e-12,38445,0.895553,0.876428,0.0878307,0.631141,0.996144,0.511517,0.22039,0.459803,0.228135,0.891603,87.9902,7.64954e-10,30733,0.967162,70.4477,9.04596e-11,52512
24,948,n1->n20->n21->n67->n38->n36->n64->n62->n46->n48->n47->n45->n43->n44->n78->n80->n81->n83->n84->n56->n54->n40->n42->n63->n61->n51,5.37021e+09|4.0293e+11|1.56161e+12|4.7483e+09|1.16426e+13|7.73972e+11|4.21034e+09|2.37342e+11|5.53417e+12|3.98001e+12|4.74236e+11|8.38488e+13|1.40931e+10|5.26537e+13|3.25238e+10|2.45686e+13|2.58887e+10|3.76373e+13|1.07392e+09|1.1605e+12|2.80961e+11|3.58065e+10|2.42905e+09|6.55204e+12|6.44979e+11|7.46708e+11,8.19724e+08|1.89646e+11|3.02345e+11|7.5553e+08|1.19258e+12|7.77593e+10|1.60867e+09|1.13053e+11|1.63629e+12|1.69514e+12|1.54765e+11|1.01787e+13|3.26577e+09|2.86817e+13|2.30731e+10|2.75437e+12|8.36206e+09|2.34723e+13|9.00899e+08|5.65456e+11|2.23178e+11|4.14657e+09|2.47264e+08|2.63574e+12|1.30372e+11|5.06847e+11,0.000494453|5.21063e-05|0.00096308|3.91885e-05|1.04425e-05|0.000426407|1.88732e-05|8.24006e-05|0.000489732|4.78153e-05|0.000202873|1.67225e-05|0.000955168|0.000124649|0.000270955|1.13052e-05|0.000268232|1.86087e-05|2.14473e-05|1.7812e-05|1.47667e-05|6.01341e-05|8.79758e-05|0.000116235|3.71253e-05|0.000185382,0.000316017|0.000368678|0.00195589|0.000640186|0.00950649|0.00396778|0.000135861|0.00794111|0.000159088|0.00544009|0.000266598|0.000742576|0.00344494|0.00158999|0.00167497|0.000238286|0.000752991|0.000175452|0.000434313|0.000830638|0.00549128|0.00268841|0.000493531|0.00126856|0.00313588|0.00344885,0.0109342|0.0108696|0.00712365|0.029632|0.0263713|0.00497013|0.0266797|0.0242596|0.029055|0.0455031|0.00898217|0.00846218|0.0168583|0.0486405|0.00569443|0.00592883|0.0481357|0.015405|0.0473575|0.0231698|0.0334079|0.0249103|0.00783732|0.0100727|0.0266048|0.0365406,0.000178506|0.0181411|0.0414669|0.0482082|0.00318517|0.0341912|0.0436548|0.0480911|0.0302566|0.0360942|0.0488958|0.0342415|0.0482719|0.00764508|0.0425349|0.0262948|0.00997263|0.038157|0.0366447|0.0417641|0.00844474|0.033399|0.0327962|0.0107197|0.0179693|0.0130093,0.973537|0.923215|0.971602|0.924883|0.902547|0.94998|0.933821|0.98053|0.923372|0.967439|0.9108|0.934264|0.943219|0.932977|0.92832|0.919013|0.948836|0.947801|0.948551|0.944528|0.927525|0.920308|0.960936|0.903245|0.958619|0.98883,4.63983|4.79469|3.14177|2.06342|5.09423|3.70656|5.77568|5.59786|0.31178|3.09858|6.27947|5.31688|2.3897|2.64532|3.3614|0.100836|1.5908|4.11052|5.42186|2.55597|1.22009|2.50002|0.765875|4.68449|2.63855|4.04415,90.7492|76.7594|42.5138|59.2872|61.2725|43.8659|93.0484|56.7189|41.9872|78.8723|40.979|48.5398|69.1985|88.5528|66.5291|15.5679|78.7627|20.1884|34.4372|42.6814|12.2677|77.6192|97.0433|47.0482|66.5616,0.215706|0.218425|0.197352|0.200548|0.204351|0.241695|0.176232|0.167864|0.178665|0.239998|0.216949|0.218428|0.210513|0.200088|0.222935|0.212149|0.170031|0.246081|0.222961|0.167734|0.248162|0.243521|0.211509|0.167884|0.171721,0.53635|0.515127|0.602799|0.127053|0.413834|0.590576|0.182879|0.624525|0.182289|0.300482|0.317946|0.854577|0.374145|0.134865|0.109088|0.870283|0.530775|0.599197|0.762891|0.927159|0.812759|0.14346|0.758395|0.410418|0.235817,0.869523,0.801463,0.117836,0.0993652,0.460468,0.534015,0.0732846,0.487967,0.198257,0.921169,51.6436,5.43263e-12,47756,0.887486,41.1981,1.06086e-12,38445,0.895553,0.876428,0.0878307,0.631141,0.996144,0.511517,0.22039,0.459803,0.228135,0.891603,87.9902,7.64954e-10,30733,0.967162,70.4477,9.04596e-11,52512
24,949,n1->n20->n19->n17->n68->n58->n59->n90->n56->n55->n54->n53->n52->n65->n85->n84->n82->n63->n61->n62->n64->n49->n47->n48->n50->n51,5.37021e+09|4.0293e+11|2.47533e+11|1.51096e+11|1.31753e+09|8.16696e+09|3.04563e+11|1.33273e+11|1.1605e+12|8.84081e+12|2.80961e+11|4.60474e+10|1.02428e+10|1.12599e+09|2.02447e+09|1.07392e+09|1.07979e+13|6.55204e+12|6.44979e+11|2.37342e+11|4.21034e+09|2.45005e+09|4.74236e+11|3.98001e+12|2.36425e+09|7.46708e+11,8.19724e+08|1.89646e+11|2.33399e+11|1.57582e+10|3.10679e+08|6.89506e+09|3.06423e+10|6.41526e+10|5.65456e+11|4.69454e+12|2.23178e+11|3.18273e+10|2.07235e+09|3.2906e+08|2.41326e+08|9.00899e+08|1.66379e+12|2.63574e+12|1.30372e+11|1.13053e+11|1.60867e+09|2.44458e+09|1.54765e+11|1.69514e+12|4.07889e+08|5.06847e+11,0.000494453|5.21063e-05|0.000261527|0.000261059|0.000223952|0.000266735|2.43107e-05|0.000319756|1.7812e-05|4.06274e-05|1.47667e-05|2.00633e-05|0.00011644|1.96575e-05|2.04325e-05|2.14473e-05|0.000837919|0.000116235|3.71253e-05|8.24006e-05|1.88732e-05|1.07426e-05|0.000202873|4.78153e-05|1.54283e-05|0.000185382,0.000316017|0.000368678|0.000768065|0.000513001|0.00843573|0.00874893|0.000202742|0.000672662|0.000830638|0.000128431|0.00549128|0.000509085|0.00580301|0.000428116|0.000338175|0.000434313|0.00271152|0.00126856|0.00313588|0.00794111|0.000135861|0.000979027|0.000266598|0.00544009|0.00907722|0.00344885,0.0109342|0.0108696|0.0201979|0.0430027|0.0370095|0.0248478|0.00304046|0.0285929|0.0231698|0.00843704|0.0334079|5.21659e-05|0.0398377|0.00118659|0.0354515|0.0473575|0.0278433|0.0100727|0.0266048|0.0242596|0.0266797|0.0183567|0.00898217|0.0455031|0.00638914|0.0365406,0.000178506|0.0181411|0.0291803|0.00442808|0.00589983|0.0481122|0.0474075|0.0372754|0.0417641|0.0314938|0.00844474|0.00115664|0.0151024|0.00176737|0.0266209|0.0366447|0.0266174|0.0107197|0.0179693|0.0480911|0.0436548|0.0388066|0.0488958|0.0360942|0.0483596|0.0130093,0.973537|0.923215|0.941018|0.974312|0.984554|0.911658|0.99171|0.984478|0.944528|0.908585|0.927525|0.913872|0.965406|0.967717|0.940474|0.948551|0.934435|0.903245|0.958619|0.98053|0.933821|0.969899|0.9108|0.967439|0.910708|0.98883,4.63983|4.79469|1.39448|5.11322|5.26958|3.70937|5.60303|4.02061|2.55597|3.37071|1.22009|0.640024|0.0104102|4.1126|4.91715|5.42186|0.132111|4.68449|2.63855|5.59786|5.77568|3.94615|6.27947|3.09858|5.41755|4.04415,90.7492|86.2435|10.3361|23.9015|56.905|56.397|62.2588|40.6061|95.3312|27.8669|75.3264|81.3721|56.1703|82.5435|82.1833|83.37|48.6997|47.0482|89.0369|93.0484|77.768|91.8261|78.8723|23.5956|82.9474,0.215706|0.182991|0.172286|0.236806|0.185169|0.21902|0.169222|0.166746|0.167906|0.169326|0.191357|0.184589|0.247907|0.20461|0.216313|0.203763|0.175742|0.167884|0.198053|0.176232|0.165457|0.228404|0.239998|0.191801|0.24308,0.53635|0.182796|0.559133|0.2818|0.476138|0.533324|0.361153|0.163177|0.402595|0.414082|0.567841|0.272111|0.827328|0.519435|0.528406|0.808712|0.4301|0.410418|0.704733|0.182879|0.348083|0.133861|0.300482|0.688345|0.624607,0.869523,0.801463,0.117836,0.0993652,0.460468,0.534015,0.0732846,0.487967,0.198257,0.921169,51.6436,5.43263e-12,47756,0.887486,41.1981,1.06086e-12,38445,0.895553,0.876428,0.0878307,0.631141,0.996144,0.511517,0.22039,0.459803,0.228135,0.891603,87.9902,7.64954e-10,30733,0.967162,70.4477,9.04596e-11,52512
24,950,n1->n20->n19->n68->n66->n32->n33->n84->n85->n83->n23->n21->n67->n38->n39->n10->n63->n42->n40->n54->n73->n72->n77->n93->n94->n51,5.37021e+09|4.0293e+11|2.47533e+11|1.31753e+09|1.10072e+10|1.78367e+12|3.64323e+13|1.07392e+09|2.02447e+09|3.76373e+13|4.63033e+10|1.56161e+12|4.7483e+09|1.16426e+13|3.34792e+13|2.49624e+09|6.55204e+12|2.42905e+09|3.58065e+10|2.80961e+11|1.41706e+11|6.83442e+09|5.68112e+11|4.22601e+13|1.36531e+10|7.46708e+11,8.19724e+08|1.89646e+11|2.33399e+11|3.10679e+08|8.7665e+09|1.05491e+12|6.32377e+12|9.00899e+08|2.41326e+08|2.34723e+13|3.30225e+10|3.02345e+11|7.5553e+08|1.19258e+12|1.12013e+13|7.32581e+08|2.63574e+12|2.47264e+08|4.14657e+09|2.23178e+11|5.76853e+10|1.48353e+09|3.56307e+11|1.3774e+13|1.67171e+09|5.06847e+11,0.000494453|5.21063e-05|0.000261527|0.000223952|0.000237659|0.000179959|1.50316e-05|2.14473e-05|2.04325e-05|1.86087e-05|0.000277161|0.00096308|3.91885e-05|1.04425e-05|5.53896e-05|6.27016e-05|0.000116235|8.79758e-05|6.01341e-05|1.47667e-05|6.32916e-05|0.000159499|8.49487e-05|8.45967e-05|2.95455e-05|0.000185382,0.000316017|0.000368678|0.000768065|0.00843573|0.000470269|0.00292552|0.00213059|0.000434313|0.000338175|0.000175452|0.00418014|0.00195589|0.000640186|0.00950649|0.0025393|0.00113469|0.00126856|0.000493531|0.00268841|0.00549128|0.000807753|0.00384342|0.000906866|0.000162335|0.000125263|0.00344885,0.0109342|0.0108696|0.0201979|0.0370095|0.0203827|0.00778345|0.00968695|0.0473575|0.0354515|0.015405|0.00314906|0.00712365|0.029632|0.0263713|0.00111942|0.00597815|0.0100727|0.00783732|0.0249103|0.0334079|0.0455502|0.0479977|0.04851|0.0108045|0.00830448|0.0365406,0.000178506|0.0181411|0.0291803|0.00589983|0.0146278|0.0161829|0.0280967|0.0366447|0.0266209|0.038157|0.0470385|0.0414669|0.0482082|0.00318517|0.0449458|0.0245713|0.0107197|0.0327962|0.033399|0.00844474|0.028193|0.0299903|0.0115254|0.0326183|0.0293842|0.0130093,0.973537|0.923215|0.941018|0.984554|0.978907|0.953313|0.923653|0.948551|0.940474|0.947801|0.92176|0.971602|0.924883|0.902547|0.924329|0.962416|0.903245|0.960936|0.920308|0.927525|0.909539|0.96924|0.949999|0.912097|0.927471|0.98883,4.63983|4.79469|1.39448|5.26958|3.10364|0.10397|1.04264|5.42186|4.91715|4.11052|2.08786|3.14177|2.06342|5.09423|1.19952|1.97158|4.68449|0.765875|2.50002|1.22009|3.29092|3.90463|0.722366|5.92115|5.03384|4.04415,90.7492|86.2435|67.5745|70.8824|27.3217|61.2747|59.7094|82.1833|92.2019|23.518|88.4205|42.5138|59.2872|52.0957|24.4191|65.1286|97.0433|77.6192|12.2677|26.1465|29.1617|92.3918|51.9256|63.1349|11.2844,0.215706|0.182991|0.2055|0.16183|0.199785|0.208144|0.183728|0.216313|0.231254|0.181099|0.232237|0.197352|0.200548|0.199024|0.239532|0.203746|0.211509|0.243521|0.248162|0.196311|0.178937|0.167022|0.247077|0.209804|0.200895,0.53635|0.182796|0.968257|0.215539|0.769012|0.704271|0.218166|0.528406|0.604504|0.741177|0.516177|0.602799|0.127053|0.46236|0.991722|0.514129|0.758395|0.14346|0.812759|0.754315|0.920295|0.776051|0.469529|0.17375|0.836539,0.869523,0.801463,0.117836,0.0993652,0.460468,0.534015,0.0732846,0.487967,0.198257,0.921169,51.6436,5.43263e-12,47756,0.887486,41.1981,1.06086e-12,38445,0.895553,0.876428,0.0878307,0.631141,0.996144,0.511517,0.22039,0.459803,0.228135,0.891603,87.9902,7.64954e-10,30733,0.967162,70.4477,9.04596e-11,52512
24,951,n1->n20->n96->n94->n93->n95->n97->n99->n98->n57->n74->n76->n75->n4->n27->n25->n26->n24->n33->n31->n35->n34->n36->n64->n49->n51,5.37021e+09|4.0293e+11|2.51165e+12|1.36531e+10|4.22601e+13|1.05601e+11|2.90604e+09|1.57108e+10|1.8266e+13|4.14288e+09|5.8385e+13|4.21804e+13|8.71921e+10|7.07339e+12|4.19351e+12|1.67189e+13|7.09351e+09|1.59557e+13|3.64323e+13|4.79342e+12|5.77859e+11|4.7313e+12|7.73972e+11|4.21034e+09|2.45005e+09|7.46708e+11,8.19724e+08|1.89646e+11|5.36324e+11|1.67171e+09|1.3774e+13|5.46554e+10|5.04144e+08|4.21389e+09|5.99087e+12|2.05006e+09|7.35096e+12|1.15782e+13|5.29113e+10|2.43435e+12|8.73344e+11|1.40059e+13|1.31666e+09|4.06569e+12|6.32377e+12|4.42443e+12|4.88834e+11|1.15705e+12|7.77593e+10|1.60867e+09|2.44458e+09|5.06847e+11,0.000494453|5.21063e-05|1.2987e-05|2.95455e-05|8.45967e-05|0.000260968|8.81202e-05|0.00089026|0.000410965|0.000173612|0.000875739|1.88608e-05|0.000766915|0.000113681|1.08528e-05|6.30741e-05|3.77967e-05|0.000193265|1.50316e-05|0.00024651|0.000412952|0.000140889|0.000426407|1.88732e-05|1.07426e-05|0.000185382,0.000316017|0.000368678|0.000286765|0.000125263|0.000162335|0.000186877|0.00494291|0.000350126|0.000548485|0.00271581|0.00944671|0.00214239|0.000203965|0.00198341|0.00262605|0.00294926|0.00522178|0.0012727|0.00213059|0.00308746|0.00138752|0.000270551|0.00396778|0.000135861|0.000979027|0.00344885,0.0109342|0.0108696|0.0377902|0.00830448|0.0108045|0.00282907|0.0381696|0.0362414|0.0295222|0.0328142|0.0280357|0.00156873|0.0243876|0.0350273|0.0303206|0.0195393|0.0101688|0.0433038|0.00968695|0.0211034|0.00215298|0.0276207|0.00497013|0.0266797|0.0183567|0.0365406,0.000178506|0.0181411|0.0195364|0.0293842|0.0326183|0.0420997|0.00800322|0.0472365|0.0297366|0.0437642|0.0166219|0.0470058|0.0250863|0.0273051|0.0230682|0.0159438|0.0409649|0.00780618|0.0280967|0.0151027|0.0375959|0.0210615|0.0341912|0.0436548|0.0388066|0.0130093,0.973537|0.923215|0.951762|0.927471|0.912097|0.966581|0.90679|0.953794|0.959539|0.983348|0.90082|0.989289|0.936129|0.917619|0.985376|0.9023|0.981638|0.90929|0.923653|0.943878|0.952159|0.904866|0.94998|0.933821|0.969899|0.98883,4.63983|4.79469|0.85792|5.03384|5.92115|1.09944|1.41691|3.07459|2.95405|1.93323|0.0974208|0.578949|3.39264|1.56082|4.5695|1.57149|2.91399|3.9732|1.04264|4.82496|5.24666|4.56594|3.70656|5.77568|3.94615|4.04415,90.7492|58.7029|71.0086|63.1349|24.941|11.8968|94.4507|58.4557|98.2355|95.6836|53.1277|63.5216|81.7362|52.1141|64.4551|63.0993|83.4704|98.0873|95.0453|91.3525|26.2497|89.5651|43.8659|77.768|10.4661,0.215706|0.201188|0.230021|0.209804|0.237661|0.228013|0.168303|0.227784|0.190047|0.169856|0.181342|0.207806|0.218556|0.184605|0.242248|0.228799|0.216464|0.239791|0.234751|0.243038|0.244194|0.241996|0.241695|0.165457|0.216931,0.53635|0.666395|0.131268|0.17375|0.985064|0.342677|0.263233|0.686264|0.757428|0.815246|0.519715|0.844544|0.847503|0.200735|0.837222|0.359402|0.583168|0.939209|0.258586|0.658826|0.307851|0.265381|0.590576|0.348083|0.516407,0.869523,0.801463,0.117836,0.0993652,0.460468,0.534015,0.0732846,0.487967,0.198257,0.921169,51.6436,5.43263e-12,47756,0.887486,41.1981,1.06086e-12,38445,0.895553,0.876428,0.0878307,0.631141,0.996144,0.511517,0.22039,0.459803,0.228135,0.891603,87.9902,7.64954e-10,30733,0.967162,70.4477,9.04596e-11,52512
24,952,n1->n13->n14->n75->n73->n100->n90->n56->n54->n55->n57->n74->n22->n21->n67->n64->n36->n38->n37->n81->n83->n84->n82->n63->n61->n51,5.37021e+09|6.60497e+13|3.70261e+10|8.71921e+10|1.41706e+11|4.01966e+09|1.33273e+11|1.1605e+12|2.80961e+11|8.84081e+12|4.14288e+09|5.8385e+13|1.47e+10|1.56161e+12|4.7483e+09|4.21034e+09|7.73972e+11|1.16426e+13|2.79748e+13|2.58887e+10|3.76373e+13|1.07392e+09|1.07979e+13|6.55204e+12|6.44979e+11|7.46708e+11,8.19724e+08|8.87204e+12|1.44234e+10|5.29113e+10|5.76853e+10|2.27749e+09|6.41526e+10|5.65456e+11|2.23178e+11|4.69454e+12|2.05006e+09|7.35096e+12|9.51029e+09|3.02345e+11|7.5553e+08|1.60867e+09|7.77593e+10|1.19258e+12|4.96975e+12|8.36206e+09|2.34723e+13|9.00899e+08|1.66379e+12|2.63574e+12|1.30372e+11|5.06847e+11,0.000494453|0.000787814|3.25754e-05|0.000766915|6.32916e-05|0.000665246|0.000319756|1.7812e-05|1.47667e-05|4.06274e-05|0.000173612|0.000875739|1.77434e-05|0.00096308|3.91885e-05|1.88732e-05|0.000426407|1.04425e-05|1.06248e-05|0.000268232|1.86087e-05|2.14473e-05|0.000837919|0.000116235|3.71253e-05|0.000185382,0.000316017|0.00788063|0.000181646|0.000203965|0.000807753|0.00914892|0.000672662|0.000830638|0.00549128|0.000128431|0.00271581|0.00944671|0.0006856|0.00195589|0.000640186|0.000135861|0.00396778|0.00950649|0.000261291|0.000752991|0.000175452|0.000434313|0.00271152|0.00126856|0.00313588|0.00344885,0.0109342|0.0476737|0.0426128|0.0243876|0.0455502|0.0100829|0.0285929|0.0231698|0.0334079|0.00843704|0.0328142|0.0280357|0.0408661|0.00712365|0.029632|0.0266797|0.00497013|0.0263713|0.0457563|0.0481357|0.015405|0.0473575|0.0278433|0.0100727|0.0266048|0.0365406,0.000178506|0.00335145|0.049061|0.0250863|0.028193|0.0460028|0.0372754|0.0417641|0.00844474|0.0314938|0.0437642|0.0166219|0.040072|0.0414669|0.0482082|0.0436548|0.0341912|0.00318517|0.0105712|0.00997263|0.038157|0.0366447|0.0266174|0.0107197|0.0179693|0.0130093,0.973537|0.954869|0.906626|0.936129|0.909539|0.935175|0.984478|0.944528|0.927525|0.908585|0.983348|0.90082|0.95984|0.971602|0.924883|0.933821|0.94998|0.902547|0.964079|0.948836|0.947801|0.948551|0.934435|0.903245|0.958619|0.98883,4.63983|5.26639|0.762282|3.39264|3.29092|3.89025|4.02061|2.55597|1.22009|3.37071|1.93323|0.0974208|0.048646|3.14177|2.06342|5.77568|3.70656|5.09423|4.96174|1.5908|4.11052|5.42186|0.132111|4.68449|2.63855|4.04415,79.8117|92.5451|56.2706|85.6152|20.1165|32.7492|40.6061|42.6814|27.8669|61.5999|95.6836|63.8366|55.6995|42.5138|95.5844|43.8659|61.2725|46.986|88.8597|78.7627|20.1884|83.37|48.6997|47.0482|66.5616,0.246796|0.191459|0.226178|0.185893|0.175955|0.191207|0.166746|0.167734|0.169326|0.220389|0.169856|0.241428|0.206062|0.197352|0.248978|0.241695|0.204351|0.170599|0.211898|0.170031|0.246081|0.203763|0.175742|0.167884|0.171721,0.338018|0.161307|0.725021|0.624191|0.825877|0.878161|0.163177|0.927159|0.414082|0.549818|0.815246|0.480684|0.677391|0.602799|0.480161|0.590576|0.413834|0.662799|0.430076|0.530775|0.599197|0.808712|0.4301|0.410418|0.235817,0.869523,0.801463,0.117836,0.0993652,0.460468,0.534015,0.0732846,0.487967,0.198257,0.921169,51.6436,5.43263e-12,47756,0.887486,41.1981,1.06086e-12,38445,0.895553,0.876428,0.0878307,0.631141,0.996144,0.511517,0.22039,0.459803,0.228135,0.891603,87.9902,7.64954e-10,30733,0.967162,70.4477,9.04596e-11,52512
24,953,n1->n13->n14->n12->n8->n10->n9->n7->n2->n100->n73->n71->n24->n23->n77->n72->n70->n18->n19->n68->n17->n85->n58->n59->n50->n51,5.37021e+09|6.60497e+13|3.70261e+10|9.70597e+10|4.61239e+13|2.49624e+09|1.49139e+12|3.81012e+11|5.94248e+10|4.01966e+09|1.41706e+11|7.70008e+11|1.59557e+13|4.63033e+10|5.68112e+11|6.83442e+09|6.87309e+13|7.59179e+12|2.47533e+11|1.31753e+09|1.51096e+11|2.02447e+09|8.16696e+09|3.04563e+11|2.36425e+09|7.46708e+11,8.19724e+08|8.87204e+12|1.44234e+10|2.76143e+10|1.04208e+13|7.32581e+08|3.79906e+11|6.70334e+10|3.74975e+10|2.27749e+09|5.76853e+10|1.60546e+11|4.06569e+12|3.30225e+10|3.56307e+11|1.48353e+09|9.78332e+12|4.11836e+12|2.33399e+11|3.10679e+08|1.57582e+10|2.41326e+08|6.89506e+09|3.06423e+10|4.07889e+08|5.06847e+11,0.000494453|0.000787814|3.25754e-05|0.000201974|6.6054e-05|6.27016e-05|1.80008e-05|0.000475679|1.10648e-05|0.000665246|6.32916e-05|0.00017279|0.000193265|0.000277161|8.49487e-05|0.000159499|5.13815e-05|2.98936e-05|0.000261527|0.000223952|0.000261059|2.04325e-05|0.000266735|2.43107e-05|1.54283e-05|0.000185382,0.000316017|0.00788063|0.000181646|0.0016732|0.00522046|0.00113469|0.00065196|0.00104538|0.00120557|0.00914892|0.000807753|0.00123164|0.0012727|0.00418014|0.000906866|0.00384342|0.00295865|0.000681499|0.000768065|0.00843573|0.000513001|0.000338175|0.00874893|0.000202742|0.00907722|0.00344885,0.0109342|0.0476737|0.0426128|0.0313381|0.0318744|0.00597815|0.0140743|0.01754|0.00369149|0.0100829|0.0455502|0.0398828|0.0433038|0.00314906|0.04851|0.0479977|0.0286141|0.0192976|0.0201979|0.0370095|0.0430027|0.0354515|0.0248478|0.00304046|0.00638914|0.0365406,0.000178506|0.00335145|0.049061|0.0470205|0.0483133|0.0245713|0.033904|0.0283975|0.0127317|0.0460028|0.028193|0.0326729|0.00780618|0.0470385|0.0115254|0.0299903|0.0216638|0.0120519|0.0291803|0.00589983|0.00442808|0.0266209|0.0481122|0.0474075|0.0483596|0.0130093,0.973537|0.954869|0.906626|0.937315|0.975256|0.962416|0.963574|0.963898|0.968894|0.935175|0.909539|0.947193|0.90929|0.92176|0.949999|0.96924|0.966653|0.946711|0.941018|0.984554|0.974312|0.940474|0.911658|0.99171|0.910708|0.98883,4.63983|5.26639|0.762282|3.07758|3.22282|1.97158|5.88966|3.51107|4.74216|3.89025|3.29092|0.117525|3.9732|2.08786|0.722366|3.90463|4.60778|4.38273|1.39448|5.26958|5.11322|4.91715|3.70937|5.60303|5.41755|4.04415,79.8117|92.5451|51.9585|81.3396|99.595|65.9961|59.8148|88.6198|37.015|20.1165|28.2621|44.1502|44.8869|39.0733|92.3918|97.4405|55.8812|34.0839|67.5745|23.9015|84.7043|90.6886|56.397|47.7013|82.9474,0.246796|0.191459|0.222459|0.186476|0.184434|0.193896|0.18359|0.228013|0.17211|0.175955|0.242769|0.204574|0.161116|0.178948|0.167022|0.180102|0.234874|0.248409|0.2055|0.236806|0.225161|0.194345|0.21902|0.170229|0.24308,0.338018|0.161307|0.326911|0.379326|0.703378|0.982181|0.339058|0.84397|0.315214|0.825877|0.940077|0.45026|0.528582|0.23533|0.776051|0.79408|0.16843|0.983209|0.968257|0.2818|0.880608|0.45102|0.533324|0.776444|0.624607,0.869523,0.801463,0.117836,0.0993652,0.460468,0.534015,0.0732846,0.487967,0.198257,0.921169,51.6436,5.43263e-12,47756,0.887486,41.1981,1.06086e-12,38445,0.895553,0.876428,0.0878307,0.631141,0.996144,0.511517,0.22039,0.459803,0.228135,0.891603,87.9902,7.64954e-10,30733,0.967162,70.4477,9.04596e-11,52512
24,954,n1->n99->n98->n57->n83->n23->n24->n71->n75->n76->n69->n3->n5->n7->n9->n11->n13->n14->n12->n6->n33->n84->n85->n65->n52->n51,5.37021e+09|1.57108e+10|1.8266e+13|4.14288e+09|3.76373e+13|4.63033e+10|1.59557e+13|7.70008e+11|8.71921e+10|4.21804e+13|8.81277e+09|2.78751e+13|2.91995e+11|3.81012e+11|1.49139e+12|1.78735e+12|6.60497e+13|3.70261e+10|9.70597e+10|1.14208e+09|3.64323e+13|1.07392e+09|2.02447e+09|1.12599e+09|1.02428e+10|7.46708e+11,8.19724e+08|4.21389e+09|5.99087e+12|2.05006e+09|2.34723e+13|3.30225e+10|4.06569e+12|1.60546e+11|5.29113e+10|1.15782e+13|7.57626e+09|1.44762e+13|4.67133e+10|6.70334e+10|3.79906e+11|3.29521e+11|8.87204e+12|1.44234e+10|2.76143e+10|2.20459e+08|6.32377e+12|9.00899e+08|2.41326e+08|3.2906e+08|2.07235e+09|5.06847e+11,0.000494453|0.00089026|0.000410965|0.000173612|1.86087e-05|0.000277161|0.000193265|0.00017279|0.000766915|1.88608e-05|0.000268039|0.00022361|7.03031e-05|0.000475679|1.80008e-05|5.47786e-05|0.000787814|3.25754e-05|0.000201974|1.08483e-05|1.50316e-05|2.14473e-05|2.04325e-05|1.96575e-05|0.00011644|0.000185382,0.000316017|0.000350126|0.000548485|0.00271581|0.000175452|0.00418014|0.0012727|0.00123164|0.000203965|0.00214239|0.00367819|0.00776667|0.000196916|0.00104538|0.00065196|0.00652494|0.00788063|0.000181646|0.0016732|0.00010157|0.00213059|0.000434313|0.000338175|0.000428116|0.00580301|0.00344885,0.0109342|0.0362414|0.0295222|0.0328142|0.015405|0.00314906|0.0433038|0.0398828|0.0243876|0.00156873|0.022957|0.0268705|0.00731162|0.01754|0.0140743|0.00125292|0.0476737|0.0426128|0.0313381|0.00160082|0.00968695|0.0473575|0.0354515|0.00118659|0.0398377|0.0365406,0.000178506|0.0472365|0.0297366|0.0437642|0.038157|0.0470385|0.00780618|0.0326729|0.0250863|0.0470058|0.0100342|0.0326941|0.0421608|0.0283975|0.033904|0.0136412|0.00335145|0.049061|0.0470205|0.0260762|0.0280967|0.0366447|0.0266209|0.00176737|0.0151024|0.0130093,0.973537|0.953794|0.959539|0.983348|0.947801|0.92176|0.90929|0.947193|0.936129|0.989289|0.975915|0.982466|0.951514|0.963898|0.963574|0.988894|0.954869|0.906626|0.937315|0.908628|0.923653|0.948551|0.940474|0.967717|0.965406|0.98883,4.63983|3.07459|2.95405|1.93323|4.11052|2.08786|3.9732|0.117525|3.39264|0.578949|2.99986|4.79844|4.90362|3.51107|5.88966|0.923897|5.26639|0.762282|3.07758|5.01633|1.04264|5.42186|4.91715|4.1126|0.0104102|4.04415,66.2586|58.4557|98.2355|50.003|23.518|44.8869|44.1502|14.5634|63.5216|66.666|83.9106|10.4739|37.2729|59.8148|99.0064|13.9548|92.5451|51.9585|32.9383|50.0569|59.7094|82.1833|82.5435|56.1703|83.3731,0.180129|0.227784|0.190047|0.1911|0.181099|0.161116|0.204574|0.169453|0.207806|0.212271|0.204476|0.163561|0.176784|0.18359|0.201409|0.189728|0.191459|0.222459|0.230728|0.19306|0.183728|0.216313|0.20461|0.247907|0.197114,0.323551|0.686264|0.757428|0.161388|0.741177|0.528582|0.45026|0.275247|0.844544|0.890059|0.65353|0.469027|0.943162|0.339058|0.439638|0.801183|0.161307|0.326911|0.628307|0.116472|0.218166|0.528406|0.519435|0.827328|0.942894,0.869523,0.801463,0.117836,0.0993652,0.460468,0.534015,0.0732846,0.487967,0.198257,0.921169,51.6436,5.43263e-12,47756,0.887486,41.1981,1.06086e-12,38445,0.895553,0.876428,0.0878307,0.631141,0.996144,0.511517,0.22039,0.459803,0.228135,0.891603,87.9902,7.64954e-10,30733,0.967162,70.4477,9.04596e-11,52512
24,955,n1->n20->n21->n23->n83->n81->n80->n82->n95->n93->n91->n92->n94->n96->n97->n99->n77->n72->n73->n71->n24->n33->n31->n29->n50->n51,5.37021e+09|4.0293e+11|1.56161e+12|4.63033e+10|3.76373e+13|2.58887e+10|2.45686e+13|1.07979e+13|1.05601e+11|4.22601e+13|2.84652e+12|1.97334e+09|1.36531e+10|2.51165e+12|2.90604e+09|1.57108e+10|5.68112e+11|6.83442e+09|1.41706e+11|7.70008e+11|1.59557e+13|3.64323e+13|4.79342e+12|3.6336e+13|2.36425e+09|7.46708e+11,8.19724e+08|1.89646e+11|3.02345e+11|3.30225e+10|2.34723e+13|8.36206e+09|2.75437e+12|1.66379e+12|5.46554e+10|1.3774e+13|3.57264e+11|1.46451e+09|1.67171e+09|5.36324e+11|5.04144e+08|4.21389e+09|3.56307e+11|1.48353e+09|5.76853e+10|1.60546e+11|4.06569e+12|6.32377e+12|4.42443e+12|1.77292e+13|4.07889e+08|5.06847e+11,0.000494453|5.21063e-05|0.00096308|0.000277161|1.86087e-05|0.000268232|1.13052e-05|0.000837919|0.000260968|8.45967e-05|6.93267e-05|2.75832e-05|2.95455e-05|1.2987e-05|8.81202e-05|0.00089026|8.49487e-05|0.000159499|6.32916e-05|0.00017279|0.000193265|1.50316e-05|0.00024651|0.000125062|1.54283e-05|0.000185382,0.000316017|0.000368678|0.00195589|0.00418014|0.000175452|0.000752991|0.000238286|0.00271152|0.000186877|0.000162335|0.00599677|0.0052688|0.000125263|0.000286765|0.00494291|0.000350126|0.000906866|0.00384342|0.000807753|0.00123164|0.0012727|0.00213059|0.00308746|0.00231296|0.00907722|0.00344885,0.0109342|0.0108696|0.00712365|0.00314906|0.015405|0.0481357|0.00592883|0.0278433|0.00282907|0.0108045|0.008036|0.0444618|0.00830448|0.0377902|0.0381696|0.0362414|0.04851|0.0479977|0.0455502|0.0398828|0.0433038|0.00968695|0.0211034|0.0255931|0.00638914|0.0365406,0.000178506|0.0181411|0.0414669|0.0470385|0.038157|0.00997263|0.0262948|0.0266174|0.0420997|0.0326183|0.015498|0.0387741|0.0293842|0.0195364|0.00800322|0.0472365|0.0115254|0.0299903|0.028193|0.0326729|0.00780618|0.0280967|0.0151027|0.00291922|0.0483596|0.0130093,0.973537|0.923215|0.971602|0.92176|0.947801|0.948836|0.919013|0.934435|0.966581|0.912097|0.964407|0.987763|0.927471|0.951762|0.90679|0.953794|0.949999|0.96924|0.909539|0.947193|0.90929|0.923653|0.943878|0.962742|0.910708|0.98883,4.63983|4.79469|3.14177|2.08786|4.11052|1.5908|0.100836|0.132111|1.09944|5.92115|5.6679|6.03913|5.03384|0.85792|1.41691|3.07459|0.722366|3.90463|3.29092|0.117525|3.9732|1.04264|4.82496|0.0327787|5.41755|4.04415,90.7492|76.7594|88.4205|23.518|78.7627|15.5679|47.0365|75.699|24.941|26.8753|32.3713|13.5087|71.0086|37.9513|94.4507|96.5216|92.3918|29.1617|28.2621|44.1502|98.0873|95.0453|70.4589|37.0378|82.9474,0.215706|0.218425|0.232237|0.181099|0.170031|0.212149|0.231931|0.21275|0.237661|0.203549|0.161013|0.230182|0.230021|0.246589|0.168303|0.241387|0.167022|0.178937|0.242769|0.204574|0.239791|0.234751|0.246199|0.191256|0.24308,0.53635|0.515127|0.516177|0.741177|0.530775|0.870283|0.796307|0.837867|0.985064|0.21516|0.940947|0.731663|0.131268|0.157157|0.263233|0.664018|0.776051|0.920295|0.940077|0.45026|0.939209|0.258586|0.415176|0.182586|0.624607,0.869523,0.801463,0.117836,0.0993652,0.460468,0.534015,0.0732846,0.487967,0.198257,0.921169,51.6436,5.43263e-12,47756,0.887486,41.1981,1.06086e-12,38445,0.895553,0.876428,0.0878307,0.631141,0.996144,0.511517,0.22039,0.459803,0.228135,0.891603,87.9902,7.64954e-10,30733,0.967162,70.4477,9.04596e-11,52512
24,956,n1->n20->n89->n48->n47->n26->n24->n33->n35->n31->n32->n66->n68->n22->n21->n23->n77->n72->n70->n87->n86->n76->n30->n29->n50->n51,5.37021e+09|4.0293e+11|2.68119e+11|3.98001e+12|4.74236e+11|7.09351e+09|1.59557e+13|3.64323e+13|5.77859e+11|4.79342e+12|1.78367e+12|1.10072e+10|1.31753e+09|1.47e+10|1.56161e+12|4.63033e+10|5.68112e+11|6.83442e+09|6.87309e+13|7.3435e+12|3.85304e+10|4.21804e+13|1.26395e+10|3.6336e+13|2.36425e+09|7.46708e+11,8.19724e+08|1.89646e+11|9.23423e+10|1.69514e+12|1.54765e+11|1.31666e+09|4.06569e+12|6.32377e+12|4.88834e+11|4.42443e+12|1.05491e+12|8.7665e+09|3.10679e+08|9.51029e+09|3.02345e+11|3.30225e+10|3.56307e+11|1.48353e+09|9.78332e+12|2.79916e+12|4.69095e+09|1.15782e+13|1.81012e+09|1.77292e+13|4.07889e+08|5.06847e+11,0.000494453|5.21063e-05|3.55201e-05|4.78153e-05|0.000202873|3.77967e-05|0.000193265|1.50316e-05|0.000412952|0.00024651|0.000179959|0.000237659|0.000223952|1.77434e-05|0.00096308|0.000277161|8.49487e-05|0.000159499|5.13815e-05|0.000634307|6.21631e-05|1.88608e-05|4.789e-05|0.000125062|1.54283e-05|0.000185382,0.000316017|0.000368678|0.000111435|0.00544009|0.000266598|0.00522178|0.0012727|0.00213059|0.00138752|0.00308746|0.00292552|0.000470269|0.00843573|0.0006856|0.00195589|0.00418014|0.000906866|0.00384342|0.00295865|0.00151267|0.00341054|0.00214239|0.00655588|0.00231296|0.00907722|0.00344885,0.0109342|0.0108696|0.0107812|0.0455031|0.00898217|0.0101688|0.0433038|0.00968695|0.00215298|0.0211034|0.00778345|0.0203827|0.0370095|0.0408661|0.00712365|0.00314906|0.04851|0.0479977|0.0286141|0.0186268|0.0237043|0.00156873|0.00398508|0.0255931|0.00638914|0.0365406,0.000178506|0.0181411|0.0401575|0.0360942|0.0488958|0.0409649|0.00780618|0.0280967|0.0375959|0.0151027|0.0161829|0.0146278|0.00589983|0.040072|0.0414669|0.0470385|0.0115254|0.0299903|0.0216638|0.00979507|0.0488574|0.0470058|0.0178703|0.00291922|0.0483596|0.0130093,0.973537|0.923215|0.926416|0.967439|0.9108|0.981638|0.90929|0.923653|0.952159|0.943878|0.953313|0.978907|0.984554|0.95984|0.971602|0.92176|0.949999|0.96924|0.966653|0.977244|0.981332|0.989289|0.972158|0.962742|0.910708|0.98883,4.63983|4.79469|0.0868458|3.09858|6.27947|2.91399|3.9732|1.04264|5.24666|4.82496|0.10397|3.10364|5.26958|0.048646|3.14177|2.08786|0.722366|3.90463|4.60778|2.33192|4.96971|0.578949|5.42296|0.0327787|5.41755|4.04415,90.7492|18.2346|94.0077|78.8723|70.8805|83.4704|98.0873|93.5115|91.3525|86.0567|27.3217|70.8824|15.3326|55.6995|88.4205|39.0733|92.3918|97.4405|39.9413|88.9922|37.5994|21.8454|29.3504|37.0378|82.9474,0.215706|0.231355|0.234363|0.239998|0.189485|0.216464|0.239791|0.242679|0.243038|0.16799|0.199785|0.16183|0.236297|0.206062|0.232237|0.178948|0.167022|0.180102|0.180359|0.246364|0.17745|0.220509|0.179657|0.191256|0.24308,0.53635|0.595303|0.948873|0.300482|0.757042|0.583168|0.939209|0.487093|0.658826|0.799966|0.769012|0.215539|0.655447|0.677391|0.516177|0.23533|0.776051|0.79408|0.129355|0.83582|0.871942|0.936019|0.887943|0.182586|0.624607,0.869523,0.801463,0.117836,0.0993652,0.460468,0.534015,0.0732846,0.487967,0.198257,0.921169,51.6436,5.43263e-12,47756,0.887486,41.1981,1.06086e-12,38445,0.895553,0.876428,0.0878307,0.631141,0.996144,0.511517,0.22039,0.459803,0.228135,0.891603,87.9902,7.64954e-10,30733,0.967162,70.4477,9.04596e-11,52512
24,957,n1->n13->n15->n63->n10->n73->n71->n72->n70->n18->n19->n20->n21->n22->n68->n66->n32->n30->n76->n74->n57->n55->n54->n53->n52->n51,5.37021e+09|6.60497e+13|8.77071e+11|6.55204e+12|2.49624e+09|1.41706e+11|7.70008e+11|6.83442e+09|6.87309e+13|7.59179e+12|2.47533e+11|4.0293e+11|1.56161e+12|1.47e+10|1.31753e+09|1.10072e+10|1.78367e+12|1.26395e+10|4.21804e+13|5.8385e+13|4.14288e+09|8.84081e+12|2.80961e+11|4.60474e+10|1.02428e+10|7.46708e+11,8.19724e+08|8.87204e+12|1.06991e+11|2.63574e+12|7.32581e+08|5.76853e+10|1.60546e+11|1.48353e+09|9.78332e+12|4.11836e+12|2.33399e+11|1.89646e+11|3.02345e+11|9.51029e+09|3.10679e+08|8.7665e+09|1.05491e+12|1.81012e+09|1.15782e+13|7.35096e+12|2.05006e+09|4.69454e+12|2.23178e+11|3.18273e+10|2.07235e+09|5.06847e+11,0.000494453|0.000787814|0.000182949|0.000116235|6.27016e-05|6.32916e-05|0.00017279|0.000159499|5.13815e-05|2.98936e-05|0.000261527|5.21063e-05|0.00096308|1.77434e-05|0.000223952|0.000237659|0.000179959|4.789e-05|1.88608e-05|0.000875739|0.000173612|4.06274e-05|1.47667e-05|2.00633e-05|0.00011644|0.000185382,0.000316017|0.00788063|0.00274771|0.00126856|0.00113469|0.000807753|0.00123164|0.00384342|0.00295865|0.000681499|0.000768065|0.000368678|0.00195589|0.0006856|0.00843573|0.000470269|0.00292552|0.00655588|0.00214239|0.00944671|0.00271581|0.000128431|0.00549128|0.000509085|0.00580301|0.00344885,0.0109342|0.0476737|0.0207315|0.0100727|0.00597815|0.0455502|0.0398828|0.0479977|0.0286141|0.0192976|0.0201979|0.0108696|0.00712365|0.0408661|0.0370095|0.0203827|0.00778345|0.00398508|0.00156873|0.0280357|0.0328142|0.00843704|0.0334079|5.21659e-05|0.0398377|0.0365406,0.000178506|0.00335145|0.0378122|0.0107197|0.0245713|0.028193|0.0326729|0.0299903|0.0216638|0.0120519|0.0291803|0.0181411|0.0414669|0.040072|0.00589983|0.0146278|0.0161829|0.0178703|0.0470058|0.0166219|0.0437642|0.0314938|0.00844474|0.00115664|0.0151024|0.0130093,0.973537|0.954869|0.910795|0.903245|0.962416|0.909539|0.947193|0.96924|0.966653|0.946711|0.941018|0.923215|0.971602|0.95984|0.984554|0.978907|0.953313|0.972158|0.989289|0.90082|0.983348|0.908585|0.927525|0.913872|0.965406|0.98883,4.63983|5.26639|1.89272|4.68449|1.97158|3.29092|0.117525|3.90463|4.60778|4.38273|1.39448|4.79469|3.14177|0.048646|5.26958|3.10364|0.10397|5.42296|0.578949|0.0974208|1.93323|3.37071|1.22009|0.640024|0.0104102|4.04415,79.8117|66.6304|11.0615|65.1286|29.3778|28.2621|45.8448|97.4405|55.8812|34.0839|86.2435|76.7594|55.6995|15.3326|70.8824|27.3217|69.5993|21.8454|53.1277|95.6836|61.5999|27.8669|75.3264|81.3721|83.3731,0.246796|0.179788|0.214255|0.203746|0.202302|0.242769|0.218487|0.180102|0.234874|0.248409|0.182991|0.218425|0.206062|0.236297|0.16183|0.199785|0.204659|0.220509|0.181342|0.169856|0.220389|0.169326|0.191357|0.184589|0.197114,0.338018|0.275394|0.692153|0.514129|0.747283|0.940077|0.29317|0.79408|0.16843|0.983209|0.182796|0.515127|0.677391|0.655447|0.215539|0.769012|0.237533|0.936019|0.519715|0.815246|0.549818|0.414082|0.567841|0.272111|0.942894,0.869523,0.801463,0.117836,0.0993652,0.460468,0.534015,0.0732846,0.487967,0.198257,0.921169,51.6436,5.43263e-12,47756,0.887486,41.1981,1.06086e-12,38445,0.895553,0.876428,0.0878307,0.631141,0.996144,0.511517,0.22039,0.459803,0.228135,0.891603,87.9902,7.64954e-10,30733,0.967162,70.4477,9.04596e-11,52512
24,958,n1->n13->n11->n9->n10->n8->n12->n6->n33->n24->n23->n77->n72->n70->n87->n86->n76->n30->n32->n34->n35->n31->n29->n27->n52->n51,5.37021e+09|6.60497e+13|1.78735e+12|1.49139e+12|2.49624e+09|4.61239e+13|9.70597e+10|1.14208e+09|3.64323e+13|1.59557e+13|4.63033e+10|5.68112e+11|6.83442e+09|6.87309e+13|7.3435e+12|3.85304e+10|4.21804e+13|1.26395e+10|1.78367e+12|4.7313e+12|5.77859e+11|4.79342e+12|3.6336e+13|4.19351e+12|1.02428e+10|7.46708e+11,8.19724e+08|8.87204e+12|3.29521e+11|3.79906e+11|7.32581e+08|1.04208e+13|2.76143e+10|2.20459e+08|6.32377e+12|4.06569e+12|3.30225e+10|3.56307e+11|1.48353e+09|9.78332e+12|2.79916e+12|4.69095e+09|1.15782e+13|1.81012e+09|1.05491e+12|1.15705e+12|4.88834e+11|4.42443e+12|1.77292e+13|8.73344e+11|2.07235e+09|5.06847e+11,0.000494453|0.000787814|5.47786e-05|1.80008e-05|6.27016e-05|6.6054e-05|0.000201974|1.08483e-05|1.50316e-05|0.000193265|0.000277161|8.49487e-05|0.000159499|5.13815e-05|0.000634307|6.21631e-05|1.88608e-05|4.789e-05|0.000179959|0.000140889|0.000412952|0.00024651|0.000125062|1.08528e-05|0.00011644|0.000185382,0.000316017|0.00788063|0.00652494|0.00065196|0.00113469|0.00522046|0.0016732|0.00010157|0.00213059|0.0012727|0.00418014|0.000906866|0.00384342|0.00295865|0.00151267|0.00341054|0.00214239|0.00655588|0.00292552|0.000270551|0.00138752|0.00308746|0.00231296|0.00262605|0.00580301|0.00344885,0.0109342|0.0476737|0.00125292|0.0140743|0.00597815|0.0318744|0.0313381|0.00160082|0.00968695|0.0433038|0.00314906|0.04851|0.0479977|0.0286141|0.0186268|0.0237043|0.00156873|0.00398508|0.00778345|0.0276207|0.00215298|0.0211034|0.0255931|0.0303206|0.0398377|0.0365406,0.000178506|0.00335145|0.0136412|0.033904|0.0245713|0.0483133|0.0470205|0.0260762|0.0280967|0.00780618|0.0470385|0.0115254|0.0299903|0.0216638|0.00979507|0.0488574|0.0470058|0.0178703|0.0161829|0.0210615|0.0375959|0.0151027|0.00291922|0.0230682|0.0151024|0.0130093,0.973537|0.954869|0.988894|0.963574|0.962416|0.975256|0.937315|0.908628|0.923653|0.90929|0.92176|0.949999|0.96924|0.966653|0.977244|0.981332|0.989289|0.972158|0.953313|0.904866|0.952159|0.943878|0.962742|0.985376|0.965406|0.98883,4.63983|5.26639|0.923897|5.88966|1.97158|3.22282|3.07758|5.01633|1.04264|3.9732|2.08786|0.722366|3.90463|4.60778|2.33192|4.96971|0.578949|5.42296|0.10397|4.56594|5.24666|4.82496|0.0327787|4.5695|0.0104102|4.04415,79.8117|13.9548|99.0064|65.9961|99.595|81.3396|32.9383|50.0569|98.0873|44.8869|39.0733|92.3918|97.4405|39.9413|88.9922|37.5994|21.8454|69.5993|23.0914|26.2497|91.3525|70.4589|49.6282|46.2248|83.3731,0.246796|0.189728|0.201409|0.193896|0.184434|0.186476|0.230728|0.19306|0.239791|0.161116|0.178948|0.167022|0.180102|0.180359|0.246364|0.17745|0.220509|0.204659|0.18593|0.244194|0.243038|0.246199|0.180772|0.183493|0.197114,0.338018|0.801183|0.439638|0.982181|0.703378|0.379326|0.628307|0.116472|0.939209|0.528582|0.23533|0.776051|0.79408|0.129355|0.83582|0.871942|0.936019|0.237533|0.12287|0.307851|0.658826|0.415176|0.511755|0.657987|0.942894,0.869523,0.801463,0.117836,0.0993652,0.460468,0.534015,0.0732846,0.487967,0.198257,0.921169,51.6436,5.43263e-12,47756,0.887486,41.1981,1.06086e-12,38445,0.895553,0.876428,0.0878307,0.631141,0.996144,0.511517,0.22039,0.459803,0.228135,0.891603,87.9902,7.64954e-10,30733,0.967162,70.4477,9.04596e-11,52512
24,959,n1->n99->n97->n27->n52->n65->n5->n3->n69->n28->n29->n50->n48->n47->n46->n62->n60->n59->n58->n85->n17->n18->n20->n96->n94->n51,5.37021e+09|1.57108e+10|2.90604e+09|4.19351e+12|1.02428e+10|1.12599e+09|2.91995e+11|2.78751e+13|8.81277e+09|1.34247e+11|3.6336e+13|2.36425e+09|3.98001e+12|4.74236e+11|5.53417e+12|2.37342e+11|8.79841e+13|3.04563e+11|8.16696e+09|2.02447e+09|1.51096e+11|7.59179e+12|4.0293e+11|2.51165e+12|1.36531e+10|7.46708e+11,8.19724e+08|4.21389e+09|5.04144e+08|8.73344e+11|2.07235e+09|3.2906e+08|4.67133e+10|1.44762e+13|7.57626e+09|1.51805e+10|1.77292e+13|4.07889e+08|1.69514e+12|1.54765e+11|1.63629e+12|1.13053e+11|5.95756e+13|3.06423e+10|6.89506e+09|2.41326e+08|1.57582e+10|4.11836e+12|1.89646e+11|5.36324e+11|1.67171e+09|5.06847e+11,0.000494453|0.00089026|8.81202e-05|1.08528e-05|0.00011644|1.96575e-05|7.03031e-05|0.00022361|0.000268039|0.00056516|0.000125062|1.54283e-05|4.78153e-05|0.000202873|0.000489732|8.24006e-05|0.000731749|2.43107e-05|0.000266735|2.04325e-05|0.000261059|2.98936e-05|5.21063e-05|1.2987e-05|2.95455e-05|0.000185382,0.000316017|0.000350126|0.00494291|0.00262605|0.00580301|0.000428116|0.000196916|0.00776667|0.00367819|0.0093172|0.00231296|0.00907722|0.00544009|0.000266598|0.000159088|0.00794111|0.000248463|0.000202742|0.00874893|0.000338175|0.000513001|0.000681499|0.000368678|0.000286765|0.000125263|0.00344885,0.0109342|0.0362414|0.0381696|0.0303206|0.0398377|0.00118659|0.00731162|0.0268705|0.022957|0.0317261|0.0255931|0.00638914|0.0455031|0.00898217|0.029055|0.0242596|0.0128442|0.00304046|0.0248478|0.0354515|0.0430027|0.0192976|0.0108696|0.0377902|0.00830448|0.0365406,0.000178506|0.0472365|0.00800322|0.0230682|0.0151024|0.00176737|0.0421608|0.0326941|0.0100342|0.03841|0.00291922|0.0483596|0.0360942|0.0488958|0.0302566|0.0480911|0.0431033|0.0474075|0.0481122|0.0266209|0.00442808|0.0120519|0.0181411|0.0195364|0.0293842|0.0130093,0.973537|0.953794|0.90679|0.985376|0.965406|0.967717|0.951514|0.982466|0.975915|0.948072|0.962742|0.910708|0.967439|0.9108|0.923372|0.98053|0.945549|0.99171|0.911658|0.940474|0.974312|0.946711|0.923215|0.951762|0.927471|0.98883,4.63983|3.07459|1.41691|4.5695|0.0104102|4.1126|4.90362|4.79844|2.99986|1.48687|0.0327787|5.41755|3.09858|6.27947|0.31178|5.59786|4.50487|5.60303|3.70937|4.91715|5.11322|4.38273|4.79469|0.85792|5.03384|4.04415,66.2586|94.4507|31.5608|46.2248|56.1703|35.0583|10.4739|83.9106|97.1045|18.7034|37.0378|23.5956|78.8723|71.5316|56.7189|48.3985|76.8491|56.397|90.6886|84.7043|43.2583|89.2299|58.7029|71.0086|11.2844,0.180129|0.168303|0.219936|0.183493|0.247907|0.209201|0.163561|0.204476|0.207556|0.249902|0.191256|0.191801|0.239998|0.196056|0.167864|0.17162|0.204072|0.21902|0.194345|0.225161|0.218822|0.247215|0.201188|0.230021|0.200895,0.323551|0.263233|0.557853|0.657987|0.827328|0.297185|0.469027|0.65353|0.438091|0.259002|0.182586|0.688345|0.300482|0.758317|0.624525|0.641887|0.509755|0.533324|0.45102|0.880608|0.981182|0.652252|0.666395|0.131268|0.836539,0.869523,0.801463,0.117836,0.0993652,0.460468,0.534015,0.0732846,0.487967,0.198257,0.921169,51.6436,5.43263e-12,47756,0.887486,41.1981,1.06086e-12,38445,0.895553,0.876428,0.0878307,0.631141,0.996144,0.511517,0.22039,0.459803,0.228135,0.891603,87.9902,7.64954e-10,30733,0.967162,70.4477,9.04596e-11,52512
24,960,n1->n20->n89->n95->n97->n99->n98->n57->n74->n76->n69->n3->n5->n7->n9->n10->n63->n79->n81->n37->n39->n38->n67->n64->n49->n51,5.37021e+09|4.0293e+11|2.68119e+11|1.05601e+11|2.90604e+09|1.57108e+10|1.8266e+13|4.14288e+09|5.8385e+13|4.21804e+13|8.81277e+09|2.78751e+13|2.91995e+11|3.81012e+11|1.49139e+12|2.49624e+09|6.55204e+12|1.47019e+10|2.58887e+10|2.79748e+13|3.34792e+13|1.16426e+13|4.7483e+09|4.21034e+09|2.45005e+09|7.46708e+11,8.19724e+08|1.89646e+11|9.23423e+10|5.46554e+10|5.04144e+08|4.21389e+09|5.99087e+12|2.05006e+09|7.35096e+12|1.15782e+13|7.57626e+09|1.44762e+13|4.67133e+10|6.70334e+10|3.79906e+11|7.32581e+08|2.63574e+12|4.87652e+09|8.36206e+09|4.96975e+12|1.12013e+13|1.19258e+12|7.5553e+08|1.60867e+09|2.44458e+09|5.06847e+11,0.000494453|5.21063e-05|3.55201e-05|0.000260968|8.81202e-05|0.00089026|0.000410965|0.000173612|0.000875739|1.88608e-05|0.000268039|0.00022361|7.03031e-05|0.000475679|1.80008e-05|6.27016e-05|0.000116235|0.000133131|0.000268232|1.06248e-05|5.53896e-05|1.04425e-05|3.91885e-05|1.88732e-05|1.07426e-05|0.000185382,0.000316017|0.000368678|0.000111435|0.000186877|0.00494291|0.000350126|0.000548485|0.00271581|0.00944671|0.00214239|0.00367819|0.00776667|0.000196916|0.00104538|0.00065196|0.00113469|0.00126856|0.000479664|0.000752991|0.000261291|0.0025393|0.00950649|0.000640186|0.000135861|0.000979027|0.00344885,0.0109342|0.0108696|0.0107812|0.00282907|0.0381696|0.0362414|0.0295222|0.0328142|0.0280357|0.00156873|0.022957|0.0268705|0.00731162|0.01754|0.0140743|0.00597815|0.0100727|0.0252961|0.0481357|0.0457563|0.00111942|0.0263713|0.029632|0.0266797|0.0183567|0.0365406,0.000178506|0.0181411|0.0401575|0.0420997|0.00800322|0.0472365|0.0297366|0.0437642|0.0166219|0.0470058|0.0100342|0.0326941|0.0421608|0.0283975|0.033904|0.0245713|0.0107197|0.0203026|0.00997263|0.0105712|0.0449458|0.00318517|0.0482082|0.0436548|0.0388066|0.0130093,0.973537|0.923215|0.926416|0.966581|0.90679|0.953794|0.959539|0.983348|0.90082|0.989289|0.975915|0.982466|0.951514|0.963898|0.963574|0.962416|0.903245|0.966262|0.948836|0.964079|0.924329|0.902547|0.924883|0.933821|0.969899|0.98883,4.63983|4.79469|0.0868458|1.09944|1.41691|3.07459|2.95405|1.93323|0.0974208|0.578949|2.99986|4.79844|4.90362|3.51107|5.88966|1.97158|4.68449|3.41737|1.5908|4.96174|1.19952|5.09423|2.06342|5.77568|3.94615|4.04415,90.7492|18.2346|11.8194|11.8968|94.4507|58.4557|98.2355|95.6836|53.1277|66.666|83.9106|10.4739|37.2729|59.8148|65.9961|65.1286|16.1844|26.55|88.8597|31.554|52.0957|59.2872|95.5844|77.768|10.4661,0.215706|0.231355|0.168449|0.228013|0.168303|0.227784|0.190047|0.169856|0.181342|0.212271|0.204476|0.163561|0.176784|0.18359|0.193896|0.203746|0.22961|0.238834|0.211898|0.195005|0.199024|0.200548|0.248978|0.165457|0.216931,0.53635|0.595303|0.776387|0.342677|0.263233|0.686264|0.757428|0.815246|0.519715|0.890059|0.65353|0.469027|0.943162|0.339058|0.982181|0.514129|0.217843|0.957633|0.430076|0.711047|0.46236|0.127053|0.480161|0.348083|0.516407,0.869523,0.801463,0.117836,0.0993652,0.460468,0.534015,0.0732846,0.487967,0.198257,0.921169,51.6436,5.43263e-12,47756,0.887486,41.1981,1.06086e-12,38445,0.895553,0.876428,0.0878307,0.631141,0.996144,0.511517,0.22039,0.459803,0.228135,0.891603,87.9902,7.64954e-10,30733,0.967162,70.4477,9.04596e-11,52512
24,961,n1->n13->n11->n9->n7->n5->n3->n69->n28->n27->n97->n95->n89->n88->n87->n70->n72->n71->n73->n10->n8->n12->n14->n96->n94->n51,5.37021e+09|6.60497e+13|1.78735e+12|1.49139e+12|3.81012e+11|2.91995e+11|2.78751e+13|8.81277e+09|1.34247e+11|4.19351e+12|2.90604e+09|1.05601e+11|2.68119e+11|9.00567e+12|7.3435e+12|6.87309e+13|6.83442e+09|7.70008e+11|1.41706e+11|2.49624e+09|4.61239e+13|9.70597e+10|3.70261e+10|2.51165e+12|1.36531e+10|7.46708e+11,8.19724e+08|8.87204e+12|3.29521e+11|3.79906e+11|6.70334e+10|4.67133e+10|1.44762e+13|7.57626e+09|1.51805e+10|8.73344e+11|5.04144e+08|5.46554e+10|9.23423e+10|8.66002e+12|2.79916e+12|9.78332e+12|1.48353e+09|1.60546e+11|5.76853e+10|7.32581e+08|1.04208e+13|2.76143e+10|1.44234e+10|5.36324e+11|1.67171e+09|5.06847e+11,0.000494453|0.000787814|5.47786e-05|1.80008e-05|0.000475679|7.03031e-05|0.00022361|0.000268039|0.00056516|1.08528e-05|8.81202e-05|0.000260968|3.55201e-05|6.2721e-05|0.000634307|5.13815e-05|0.000159499|0.00017279|6.32916e-05|6.27016e-05|6.6054e-05|0.000201974|3.25754e-05|1.2987e-05|2.95455e-05|0.000185382,0.000316017|0.00788063|0.00652494|0.00065196|0.00104538|0.000196916|0.00776667|0.00367819|0.0093172|0.00262605|0.00494291|0.000186877|0.000111435|0.000480267|0.00151267|0.00295865|0.00384342|0.00123164|0.000807753|0.00113469|0.00522046|0.0016732|0.000181646|0.000286765|0.000125263|0.00344885,0.0109342|0.0476737|0.00125292|0.0140743|0.01754|0.00731162|0.0268705|0.022957|0.0317261|0.0303206|0.0381696|0.00282907|0.0107812|0.00850464|0.0186268|0.0286141|0.0479977|0.0398828|0.0455502|0.00597815|0.0318744|0.0313381|0.0426128|0.0377902|0.00830448|0.0365406,0.000178506|0.00335145|0.0136412|0.033904|0.0283975|0.0421608|0.0326941|0.0100342|0.03841|0.0230682|0.00800322|0.0420997|0.0401575|0.0237676|0.00979507|0.0216638|0.0299903|0.0326729|0.028193|0.0245713|0.0483133|0.0470205|0.049061|0.0195364|0.0293842|0.0130093,0.973537|0.954869|0.988894|0.963574|0.963898|0.951514|0.982466|0.975915|0.948072|0.985376|0.90679|0.966581|0.926416|0.962132|0.977244|0.966653|0.96924|0.947193|0.909539|0.962416|0.975256|0.937315|0.906626|0.951762|0.927471|0.98883,4.63983|5.26639|0.923897|5.88966|3.51107|4.90362|4.79844|2.99986|1.48687|4.5695|1.41691|1.09944|0.0868458|1.9653|2.33192|4.60778|3.90463|0.117525|3.29092|1.97158|3.22282|3.07758|0.762282|0.85792|5.03384|4.04415,79.8117|13.9548|99.0064|59.8148|37.2729|10.4739|83.9106|97.1045|23.5709|31.5608|11.8968|11.8194|92.4072|57.0974|39.9413|97.4405|45.8448|28.2621|29.3778|99.595|81.3396|51.9585|54.7186|71.0086|11.2844,0.246796|0.189728|0.201409|0.18359|0.176784|0.163561|0.204476|0.207556|0.207151|0.219936|0.228013|0.168449|0.203687|0.227675|0.180359|0.180102|0.218487|0.242769|0.202302|0.184434|0.186476|0.222459|0.208433|0.230021|0.200895,0.338018|0.801183|0.439638|0.339058|0.943162|0.469027|0.65353|0.438091|0.340196|0.557853|0.342677|0.776387|0.876618|0.396625|0.129355|0.79408|0.29317|0.940077|0.747283|0.703378|0.379326|0.326911|0.448351|0.131268|0.836539,0.869523,0.801463,0.117836,0.0993652,0.460468,0.534015,0.0732846,0.487967,0.198257,0.921169,51.6436,5.43263e-12,47756,0.887486,41.1981,1.06086e-12,38445,0.895553,0.876428,0.0878307,0.631141,0.996144,0.511517,0.22039,0.459803,0.228135,0.891603,87.9902,7.64954e-10,30733,0.967162,70.4477,9.04596e-11,52512
24,962,n1->n13->n15->n29->n30->n76->n75->n74->n22->n21->n20->n89->n48->n46->n47->n45->n72->n73->n10->n63->n42->n40->n54->n53->n52->n51,5.37021e+09|6.60497e+13|8.77071e+11|3.6336e+13|1.26395e+10|4.21804e+13|8.71921e+10|5.8385e+13|1.47e+10|1.56161e+12|4.0293e+11|2.68119e+11|3.98001e+12|5.53417e+12|4.74236e+11|8.38488e+13|6.83442e+09|1.41706e+11|2.49624e+09|6.55204e+12|2.42905e+09|3.58065e+10|2.80961e+11|4.60474e+10|1.02428e+10|7.46708e+11,8.19724e+08|8.87204e+12|1.06991e+11|1.77292e+13|1.81012e+09|1.15782e+13|5.29113e+10|7.35096e+12|9.51029e+09|3.02345e+11|1.89646e+11|9.23423e+10|1.69514e+12|1.63629e+12|1.54765e+11|1.01787e+13|1.48353e+09|5.76853e+10|7.32581e+08|2.63574e+12|2.47264e+08|4.14657e+09|2.23178e+11|3.18273e+10|2.07235e+09|5.06847e+11,0.000494453|0.000787814|0.000182949|0.000125062|4.789e-05|1.88608e-05|0.000766915|0.000875739|1.77434e-05|0.00096308|5.21063e-05|3.55201e-05|4.78153e-05|0.000489732|0.000202873|1.67225e-05|0.000159499|6.32916e-05|6.27016e-05|0.000116235|8.79758e-05|6.01341e-05|1.47667e-05|2.00633e-05|0.00011644|0.000185382,0.000316017|0.00788063|0.00274771|0.00231296|0.00655588|0.00214239|0.000203965|0.00944671|0.0006856|0.00195589|0.000368678|0.000111435|0.00544009|0.000159088|0.000266598|0.000742576|0.00384342|0.000807753|0.00113469|0.00126856|0.000493531|0.00268841|0.00549128|0.000509085|0.00580301|0.00344885,0.0109342|0.0476737|0.0207315|0.0255931|0.00398508|0.00156873|0.0243876|0.0280357|0.0408661|0.00712365|0.0108696|0.0107812|0.0455031|0.029055|0.00898217|0.00846218|0.0479977|0.0455502|0.00597815|0.0100727|0.00783732|0.0249103|0.0334079|5.21659e-05|0.0398377|0.0365406,0.000178506|0.00335145|0.0378122|0.00291922|0.0178703|0.0470058|0.0250863|0.0166219|0.040072|0.0414669|0.0181411|0.0401575|0.0360942|0.0302566|0.0488958|0.0342415|0.0299903|0.028193|0.0245713|0.0107197|0.0327962|0.033399|0.00844474|0.00115664|0.0151024|0.0130093,0.973537|0.954869|0.910795|0.962742|0.972158|0.989289|0.936129|0.90082|0.95984|0.971602|0.923215|0.926416|0.967439|0.923372|0.9108|0.934264|0.96924|0.909539|0.962416|0.903245|0.960936|0.920308|0.927525|0.913872|0.965406|0.98883,4.63983|5.26639|1.89272|0.0327787|5.42296|0.578949|3.39264|0.0974208|0.048646|3.14177|4.79469|0.0868458|3.09858|0.31178|6.27947|5.31688|3.90463|3.29092|1.97158|4.68449|0.765875|2.50002|1.22009|0.640024|0.0104102|4.04415,79.8117|66.6304|32.2763|29.3504|21.8454|63.5216|64.3401|63.8366|55.6995|76.7594|18.2346|94.0077|41.9872|71.5316|40.979|63.1262|29.1617|29.3778|65.1286|97.0433|77.6192|12.2677|75.3264|81.3721|83.3731,0.246796|0.179788|0.240047|0.179657|0.220509|0.207806|0.220369|0.241428|0.206062|0.218425|0.231355|0.234363|0.178665|0.196056|0.216949|0.243732|0.178937|0.202302|0.203746|0.211509|0.243521|0.248162|0.191357|0.184589|0.197114,0.338018|0.275394|0.895675|0.887943|0.936019|0.844544|0.119032|0.480684|0.677391|0.515127|0.595303|0.948873|0.182289|0.758317|0.317946|0.65643|0.920295|0.747283|0.514129|0.758395|0.14346|0.812759|0.567841|0.272111|0.942894,0.869523,0.801463,0.117836,0.0993652,0.460468,0.534015,0.0732846,0.487967,0.198257,0.921169,51.6436,5.43263e-12,47756,0.887486,41.1981,1.06086e-12,38445,0.895553,0.876428,0.0878307,0.631141,0.996144,0.511517,0.22039,0.459803,0.228135,0.891603,87.9902,7.64954e-10,30733,0.967162,70.4477,9.04596e-11,52512
24,963,n1->n20->n18->n70->n69->n28->n27->n4->n2->n100->n73->n54->n40->n42->n63->n79->n81->n83->n23->n77->n72->n45->n47->n48->n50->n51,5.37021e+09|4.0293e+11|7.59179e+12|6.87309e+13|8.81277e+09|1.34247e+11|4.19351e+12|7.07339e+12|5.94248e+10|4.01966e+09|1.41706e+11|2.80961e+11|3.58065e+10|2.42905e+09|6.55204e+12|1.47019e+10|2.58887e+10|3.76373e+13|4.63033e+10|5.68112e+11|6.83442e+09|8.38488e+13|4.74236e+11|3.98001e+12|2.36425e+09|7.46708e+11,8.19724e+08|1.89646e+11|4.11836e+12|9.78332e+12|7.57626e+09|1.51805e+10|8.73344e+11|2.43435e+12|3.74975e+10|2.27749e+09|5.76853e+10|2.23178e+11|4.14657e+09|2.47264e+08|2.63574e+12|4.87652e+09|8.36206e+09|2.34723e+13|3.30225e+10|3.56307e+11|1.48353e+09|1.01787e+13|1.54765e+11|1.69514e+12|4.07889e+08|5.06847e+11,0.000494453|5.21063e-05|2.98936e-05|5.13815e-05|0.000268039|0.00056516|1.08528e-05|0.000113681|1.10648e-05|0.000665246|6.32916e-05|1.47667e-05|6.01341e-05|8.79758e-05|0.000116235|0.000133131|0.000268232|1.86087e-05|0.000277161|8.49487e-05|0.000159499|1.67225e-05|0.000202873|4.78153e-05|1.54283e-05|0.000185382,0.000316017|0.000368678|0.000681499|0.00295865|0.00367819|0.0093172|0.00262605|0.00198341|0.00120557|0.00914892|0.000807753|0.00549128|0.00268841|0.000493531|0.00126856|0.000479664|0.000752991|0.000175452|0.00418014|0.000906866|0.00384342|0.000742576|0.000266598|0.00544009|0.00907722|0.00344885,0.0109342|0.0108696|0.0192976|0.0286141|0.022957|0.0317261|0.0303206|0.0350273|0.00369149|0.0100829|0.0455502|0.0334079|0.0249103|0.00783732|0.0100727|0.0252961|0.0481357|0.015405|0.00314906|0.04851|0.0479977|0.00846218|0.00898217|0.0455031|0.00638914|0.0365406,0.000178506|0.0181411|0.0120519|0.0216638|0.0100342|0.03841|0.0230682|0.0273051|0.0127317|0.0460028|0.028193|0.00844474|0.033399|0.0327962|0.0107197|0.0203026|0.00997263|0.038157|0.0470385|0.0115254|0.0299903|0.0342415|0.0488958|0.0360942|0.0483596|0.0130093,0.973537|0.923215|0.946711|0.966653|0.975915|0.948072|0.985376|0.917619|0.968894|0.935175|0.909539|0.927525|0.920308|0.960936|0.903245|0.966262|0.948836|0.947801|0.92176|0.949999|0.96924|0.934264|0.9108|0.967439|0.910708|0.98883,4.63983|4.79469|4.38273|4.60778|2.99986|1.48687|4.5695|1.56082|4.74216|3.89025|3.29092|1.22009|2.50002|0.765875|4.68449|3.41737|1.5908|4.11052|2.08786|0.722366|3.90463|5.31688|6.27947|3.09858|5.41755|4.04415,90.7492|89.2299|55.8812|74.5377|97.1045|23.5709|52.1141|30.2686|37.015|20.1165|26.1465|12.2677|77.6192|97.0433|16.1844|26.55|78.7627|23.518|39.0733|92.3918|63.1262|40.979|78.8723|23.5956|82.9474,0.215706|0.247215|0.234874|0.172691|0.207556|0.207151|0.184605|0.239023|0.17211|0.175955|0.196311|0.248162|0.243521|0.211509|0.22961|0.238834|0.170031|0.181099|0.178948|0.167022|0.243732|0.216949|0.239998|0.191801|0.24308,0.53635|0.652252|0.16843|0.416585|0.438091|0.340196|0.200735|0.514427|0.315214|0.825877|0.754315|0.812759|0.14346|0.758395|0.217843|0.957633|0.530775|0.741177|0.23533|0.776051|0.65643|0.317946|0.300482|0.688345|0.624607,0.869523,0.801463,0.117836,0.0993652,0.460468,0.534015,0.0732846,0.487967,0.198257,0.921169,51.6436,5.43263e-12,47756,0.887486,41.1981,1.06086e-12,38445,0.895553,0.876428,0.0878307,0.631141,0.996144,0.511517,0.22039,0.459803,0.228135,0.891603,87.9902,7.64954e-10,30733,0.967162,70.4477,9.04596e-11,52512
24,964,n1->n99->n98->n57->n55->n53->n54->n40->n42->n63->n10->n9->n11->n29->n28->n69->n76->n75->n71->n72->n73->n100->n90->n59->n50->n51,5.37021e+09|1.57108e+10|1.8266e+13|4.14288e+09|8.84081e+12|4.60474e+10|2.80961e+11|3.58065e+10|2.42905e+09|6.55204e+12|2.49624e+09|1.49139e+12|1.78735e+12|3.6336e+13|1.34247e+11|8.81277e+09|4.21804e+13|8.71921e+10|7.70008e+11|6.83442e+09|1.41706e+11|4.01966e+09|1.33273e+11|3.04563e+11|2.36425e+09|7.46708e+11,8.19724e+08|4.21389e+09|5.99087e+12|2.05006e+09|4.69454e+12|3.18273e+10|2.23178e+11|4.14657e+09|2.47264e+08|2.63574e+12|7.32581e+08|3.79906e+11|3.29521e+11|1.77292e+13|1.51805e+10|7.57626e+09|1.15782e+13|5.29113e+10|1.60546e+11|1.48353e+09|5.76853e+10|2.27749e+09|6.41526e+10|3.06423e+10|4.07889e+08|5.06847e+11,0.000494453|0.00089026|0.000410965|0.000173612|4.06274e-05|2.00633e-05|1.47667e-05|6.01341e-05|8.79758e-05|0.000116235|6.27016e-05|1.80008e-05|5.47786e-05|0.000125062|0.00056516|0.000268039|1.88608e-05|0.000766915|0.00017279|0.000159499|6.32916e-05|0.000665246|0.000319756|2.43107e-05|1.54283e-05|0.000185382,0.000316017|0.000350126|0.000548485|0.00271581|0.000128431|0.000509085|0.00549128|0.00268841|0.000493531|0.00126856|0.00113469|0.00065196|0.00652494|0.00231296|0.0093172|0.00367819|0.00214239|0.000203965|0.00123164|0.00384342|0.000807753|0.00914892|0.000672662|0.000202742|0.00907722|0.00344885,0.0109342|0.0362414|0.0295222|0.0328142|0.00843704|5.21659e-05|0.0334079|0.0249103|0.00783732|0.0100727|0.00597815|0.0140743|0.00125292|0.0255931|0.0317261|0.022957|0.00156873|0.0243876|0.0398828|0.0479977|0.0455502|0.0100829|0.0285929|0.00304046|0.00638914|0.0365406,0.000178506|0.0472365|0.0297366|0.0437642|0.0314938|0.00115664|0.00844474|0.033399|0.0327962|0.0107197|0.0245713|0.033904|0.0136412|0.00291922|0.03841|0.0100342|0.0470058|0.0250863|0.0326729|0.0299903|0.028193|0.0460028|0.0372754|0.0474075|0.0483596|0.0130093,0.973537|0.953794|0.959539|0.983348|0.908585|0.913872|0.927525|0.920308|0.960936|0.903245|0.962416|0.963574|0.988894|0.962742|0.948072|0.975915|0.989289|0.936129|0.947193|0.96924|0.909539|0.935175|0.984478|0.99171|0.910708|0.98883,4.63983|3.07459|2.95405|1.93323|3.37071|0.640024|1.22009|2.50002|0.765875|4.68449|1.97158|5.88966|0.923897|0.0327787|1.48687|2.99986|0.578949|3.39264|0.117525|3.90463|3.29092|3.89025|4.02061|5.60303|5.41755|4.04415,66.2586|58.4557|98.2355|61.5999|30.3781|75.3264|12.2677|77.6192|97.0433|65.1286|65.9961|99.0064|13.2112|18.7034|97.1045|66.666|63.5216|14.5634|45.8448|29.1617|20.1165|32.7492|62.2588|47.7013|82.9474,0.180129|0.227784|0.190047|0.220389|0.207992|0.191357|0.248162|0.243521|0.211509|0.203746|0.193896|0.201409|0.219003|0.249902|0.207556|0.212271|0.207806|0.169453|0.218487|0.178937|0.175955|0.191207|0.169222|0.170229|0.24308,0.323551|0.686264|0.757428|0.549818|0.646488|0.567841|0.812759|0.14346|0.758395|0.514129|0.982181|0.439638|0.427028|0.259002|0.438091|0.890059|0.844544|0.275247|0.29317|0.920295|0.825877|0.878161|0.361153|0.776444|0.624607,0.869523,0.801463,0.117836,0.0993652,0.460468,0.534015,0.0732846,0.487967,0.198257,0.921169,51.6436,5.43263e-12,47756,0.887486,41.1981,1.06086e-12,38445,0.895553,0.876428,0.0878307,0.631141,0.996144,0.511517,0.22039,0.459803,0.228135,0.891603,87.9902,7.64954e-10,30733,0.967162,70.4477,9.04596e-11,52512
24,965,n1->n99->n97->n27->n4->n75->n73->n72->n77->n23->n83->n81->n80->n82->n63->n61->n62->n46->n47->n26->n24->n33->n32->n31->n29->n50->n51,5.37021e+09|1.57108e+10|2.90604e+09|4.19351e+12|7.07339e+12|8.71921e+10|1.41706e+11|6.83442e+09|5.68112e+11|4.63033e+10|3.76373e+13|2.58887e+10|2.45686e+13|1.07979e+13|6.55204e+12|6.44979e+11|2.37342e+11|5.53417e+12|4.74236e+11|7.09351e+09|1.59557e+13|3.64323e+13|1.78367e+12|4.79342e+12|3.6336e+13|2.36425e+09|7.46708e+11,8.19724e+08|4.21389e+09|5.04144e+08|8.73344e+11|2.43435e+12|5.29113e+10|5.76853e+10|1.48353e+09|3.56307e+11|3.30225e+10|2.34723e+13|8.36206e+09|2.75437e+12|1.66379e+12|2.63574e+12|1.30372e+11|1.13053e+11|1.63629e+12|1.54765e+11|1.31666e+09|4.06569e+12|6.32377e+12|1.05491e+12|4.42443e+12|1.77292e+13|4.07889e+08|5.06847e+11,0.000494453|0.00089026|8.81202e-05|1.08528e-05|0.000113681|0.000766915|6.32916e-05|0.000159499|8.49487e-05|0.000277161|1.86087e-05|0.000268232|1.13052e-05|0.000837919|0.000116235|3.71253e-05|8.24006e-05|0.000489732|0.000202873|3.77967e-05|0.000193265|1.50316e-05|0.000179959|0.00024651|0.000125062|1.54283e-05|0.000185382,0.000316017|0.000350126|0.00494291|0.00262605|0.00198341|0.000203965|0.000807753|0.00384342|0.000906866|0.00418014|0.000175452|0.000752991|0.000238286|0.00271152|0.00126856|0.00313588|0.00794111|0.000159088|0.000266598|0.00522178|0.0012727|0.00213059|0.00292552|0.00308746|0.00231296|0.00907722|0.00344885,0.0109342|0.0362414|0.0381696|0.0303206|0.0350273|0.0243876|0.0455502|0.0479977|0.04851|0.00314906|0.015405|0.0481357|0.00592883|0.0278433|0.0100727|0.0266048|0.0242596|0.029055|0.00898217|0.0101688|0.0433038|0.00968695|0.00778345|0.0211034|0.0255931|0.00638914|0.0365406,0.000178506|0.0472365|0.00800322|0.0230682|0.0273051|0.0250863|0.028193|0.0299903|0.0115254|0.0470385|0.038157|0.00997263|0.0262948|0.0266174|0.0107197|0.0179693|0.0480911|0.0302566|0.0488958|0.0409649|0.00780618|0.0280967|0.0161829|0.0151027|0.00291922|0.0483596|0.0130093,0.973537|0.953794|0.90679|0.985376|0.917619|0.936129|0.909539|0.96924|0.949999|0.92176|0.947801|0.948836|0.919013|0.934435|0.903245|0.958619|0.98053|0.923372|0.9108|0.981638|0.90929|0.923653|0.953313|0.943878|0.962742|0.910708|0.98883,4.63983|3.07459|1.41691|4.5695|1.56082|3.39264|3.29092|3.90463|0.722366|2.08786|4.11052|1.5908|0.100836|0.132111|4.68449|2.63855|5.59786|0.31178|6.27947|2.91399|3.9732|1.04264|0.10397|4.82496|0.0327787|5.41755|4.04415,66.2586|94.4507|31.5608|52.1141|81.7362|85.6152|29.1617|92.3918|39.0733|23.518|78.7627|15.5679|47.0365|48.6997|47.0482|89.0369|56.7189|71.5316|70.8805|83.4704|98.0873|61.2747|86.0567|70.4589|37.0378|82.9474,0.180129|0.168303|0.219936|0.184605|0.218556|0.185893|0.178937|0.167022|0.178948|0.181099|0.170031|0.212149|0.231931|0.175742|0.167884|0.198053|0.167864|0.196056|0.189485|0.216464|0.239791|0.208144|0.16799|0.246199|0.191256|0.24308,0.323551|0.263233|0.557853|0.200735|0.847503|0.624191|0.920295|0.776051|0.23533|0.741177|0.530775|0.870283|0.796307|0.4301|0.410418|0.704733|0.624525|0.758317|0.757042|0.583168|0.939209|0.704271|0.799966|0.415176|0.182586|0.624607,0.869523,0.801463,0.117836,0.0993652,0.460468,0.534015,0.0732846,0.487967,0.198257,0.921169,51.6436,5.43263e-12,47756,0.887486,41.1981,1.06086e-12,38445,0.895553,0.876428,0.0878307,0.631141,0.996144,0.511517,0.22039,0.459803,0.228135,0.891603,87.9902,7.64954e-10,30733,0.967162,70.4477,9.04596e-11,52512
24,966,n1->n99->n97->n96->n20->n18->n19->n17->n68->n22->n21->n67->n64->n65->n5->n3->n69->n70->n87->n86->n76->n74->n35->n31->n29->n50->n51,5.37021e+09|1.57108e+10|2.90604e+09|2.51165e+12|4.0293e+11|7.59179e+12|2.47533e+11|1.51096e+11|1.31753e+09|1.47e+10|1.56161e+12|4.7483e+09|4.21034e+09|1.12599e+09|2.91995e+11|2.78751e+13|8.81277e+09|6.87309e+13|7.3435e+12|3.85304e+10|4.21804e+13|5.8385e+13|5.77859e+11|4.79342e+12|3.6336e+13|2.36425e+09|7.46708e+11,8.19724e+08|4.21389e+09|5.04144e+08|5.36324e+11|1.89646e+11|4.11836e+12|2.33399e+11|1.57582e+10|3.10679e+08|9.51029e+09|3.02345e+11|7.5553e+08|1.60867e+09|3.2906e+08|4.67133e+10|1.44762e+13|7.57626e+09|9.78332e+12|2.79916e+12|4.69095e+09|1.15782e+13|7.35096e+12|4.88834e+11|4.42443e+12|1.77292e+13|4.07889e+08|5.06847e+11,0.000494453|0.00089026|8.81202e-05|1.2987e-05|5.21063e-05|2.98936e-05|0.000261527|0.000261059|0.000223952|1.77434e-05|0.00096308|3.91885e-05|1.88732e-05|1.96575e-05|7.03031e-05|0.00022361|0.000268039|5.13815e-05|0.000634307|6.21631e-05|1.88608e-05|0.000875739|0.000412952|0.00024651|0.000125062|1.54283e-05|0.000185382,0.000316017|0.000350126|0.00494291|0.000286765|0.000368678|0.000681499|0.000768065|0.000513001|0.00843573|0.0006856|0.00195589|0.000640186|0.000135861|0.000428116|0.000196916|0.00776667|0.00367819|0.00295865|0.00151267|0.00341054|0.00214239|0.00944671|0.00138752|0.00308746|0.00231296|0.00907722|0.00344885,0.0109342|0.0362414|0.0381696|0.0377902|0.0108696|0.0192976|0.0201979|0.0430027|0.0370095|0.0408661|0.00712365|0.029632|0.0266797|0.00118659|0.00731162|0.0268705|0.022957|0.0286141|0.0186268|0.0237043|0.00156873|0.0280357|0.00215298|0.0211034|0.0255931|0.00638914|0.0365406,0.000178506|0.0472365|0.00800322|0.0195364|0.0181411|0.0120519|0.0291803|0.00442808|0.00589983|0.040072|0.0414669|0.0482082|0.0436548|0.00176737|0.0421608|0.0326941|0.0100342|0.0216638|0.00979507|0.0488574|0.0470058|0.0166219|0.0375959|0.0151027|0.00291922|0.0483596|0.0130093,0.973537|0.953794|0.90679|0.951762|0.923215|0.946711|0.941018|0.974312|0.984554|0.95984|0.971602|0.924883|0.933821|0.967717|0.951514|0.982466|0.975915|0.966653|0.977244|0.981332|0.989289|0.90082|0.952159|0.943878|0.962742|0.910708|0.98883,4.63983|3.07459|1.41691|0.85792|4.79469|4.38273|1.39448|5.11322|5.26958|0.048646|3.14177|2.06342|5.77568|4.1126|4.90362|4.79844|2.99986|4.60778|2.33192|4.96971|0.578949|0.0974208|5.24666|4.82496|0.0327787|5.41755|4.04415,66.2586|94.4507|37.9513|58.7029|89.2299|34.0839|10.3361|23.9015|15.3326|55.6995|42.5138|95.5844|56.7563|35.0583|10.4739|83.9106|74.5377|39.9413|88.9922|37.5994|53.1277|67.7415|91.3525|70.4589|37.0378|82.9474,0.180129|0.168303|0.246589|0.201188|0.247215|0.248409|0.172286|0.236806|0.236297|0.206062|0.197352|0.248978|0.186349|0.209201|0.163561|0.204476|0.172691|0.180359|0.246364|0.17745|0.181342|0.161632|0.243038|0.246199|0.191256|0.24308,0.323551|0.263233|0.157157|0.666395|0.652252|0.983209|0.559133|0.2818|0.655447|0.677391|0.602799|0.480161|0.927837|0.297185|0.469027|0.65353|0.416585|0.129355|0.83582|0.871942|0.519715|0.301798|0.658826|0.415176|0.182586|0.624607,0.869523,0.801463,0.117836,0.0993652,0.460468,0.534015,0.0732846,0.487967,0.198257,0.921169,51.6436,5.43263e-12,47756,0.887486,41.1981,1.06086e-12,38445,0.895553,0.876428,0.0878307,0.631141,0.996144,0.511517,0.22039,0.459803,0.228135,0.891603,87.9902,7.64954e-10,30733,0.967162,70.4477,9.04596e-11,52512
24,967,n1->n20->n89->n48->n47->n49->n64->n67->n38->n16->n18->n70->n72->n73->n75->n76->n86->n87->n88->n90->n56->n54->n40->n42->n63->n61->n51,5.37021e+09|4.0293e+11|2.68119e+11|3.98001e+12|4.74236e+11|2.45005e+09|4.21034e+09|4.7483e+09|1.16426e+13|1.09193e+13|7.59179e+12|6.87309e+13|6.83442e+09|1.41706e+11|8.71921e+10|4.21804e+13|3.85304e+10|7.3435e+12|9.00567e+12|1.33273e+11|1.1605e+12|2.80961e+11|3.58065e+10|2.42905e+09|6.55204e+12|6.44979e+11|7.46708e+11,8.19724e+08|1.89646e+11|9.23423e+10|1.69514e+12|1.54765e+11|2.44458e+09|1.60867e+09|7.5553e+08|1.19258e+12|1.33827e+12|4.11836e+12|9.78332e+12|1.48353e+09|5.76853e+10|5.29113e+10|1.15782e+13|4.69095e+09|2.79916e+12|8.66002e+12|6.41526e+10|5.65456e+11|2.23178e+11|4.14657e+09|2.47264e+08|2.63574e+12|1.30372e+11|5.06847e+11,0.000494453|5.21063e-05|3.55201e-05|4.78153e-05|0.000202873|1.07426e-05|1.88732e-05|3.91885e-05|1.04425e-05|3.71682e-05|2.98936e-05|5.13815e-05|0.000159499|6.32916e-05|0.000766915|1.88608e-05|6.21631e-05|0.000634307|6.2721e-05|0.000319756|1.7812e-05|1.47667e-05|6.01341e-05|8.79758e-05|0.000116235|3.71253e-05|0.000185382,0.000316017|0.000368678|0.000111435|0.00544009|0.000266598|0.000979027|0.000135861|0.000640186|0.00950649|0.00174713|0.000681499|0.00295865|0.00384342|0.000807753|0.000203965|0.00214239|0.00341054|0.00151267|0.000480267|0.000672662|0.000830638|0.00549128|0.00268841|0.000493531|0.00126856|0.00313588|0.00344885,0.0109342|0.0108696|0.0107812|0.0455031|0.00898217|0.0183567|0.0266797|0.029632|0.0263713|0.0123696|0.0192976|0.0286141|0.0479977|0.0455502|0.0243876|0.00156873|0.0237043|0.0186268|0.00850464|0.0285929|0.0231698|0.0334079|0.0249103|0.00783732|0.0100727|0.0266048|0.0365406,0.000178506|0.0181411|0.0401575|0.0360942|0.0488958|0.0388066|0.0436548|0.0482082|0.00318517|0.0240438|0.0120519|0.0216638|0.0299903|0.028193|0.0250863|0.0470058|0.0488574|0.00979507|0.0237676|0.0372754|0.0417641|0.00844474|0.033399|0.0327962|0.0107197|0.0179693|0.0130093,0.973537|0.923215|0.926416|0.967439|0.9108|0.969899|0.933821|0.924883|0.902547|0.979533|0.946711|0.966653|0.96924|0.909539|0.936129|0.989289|0.981332|0.977244|0.962132|0.984478|0.944528|0.927525|0.920308|0.960936|0.903245|0.958619|0.98883,4.63983|4.79469|0.0868458|3.09858|6.27947|3.94615|5.77568|2.06342|5.09423|1.69436|4.38273|4.60778|3.90463|3.29092|3.39264|0.578949|4.96971|2.33192|1.9653|4.02061|2.55597|1.22009|2.50002|0.765875|4.68449|2.63855|4.04415,90.7492|18.2346|94.0077|78.8723|91.8261|77.768|95.5844|59.2872|28.0546|72.2829|55.8812|97.4405|29.1617|85.6152|63.5216|37.5994|88.9922|57.0974|14.1987|40.6061|42.6814|12.2677|77.6192|97.0433|47.0482|66.5616,0.215706|0.231355|0.234363|0.239998|0.228404|0.165457|0.248978|0.200548|0.17367|0.180241|0.234874|0.180102|0.178937|0.185893|0.207806|0.17745|0.246364|0.227675|0.244274|0.166746|0.167734|0.248162|0.243521|0.211509|0.167884|0.171721,0.53635|0.595303|0.948873|0.300482|0.133861|0.348083|0.480161|0.127053|0.828443|0.553025|0.16843|0.79408|0.920295|0.624191|0.844544|0.871942|0.83582|0.396625|0.997795|0.163177|0.927159|0.812759|0.14346|0.758395|0.410418|0.235817,0.869523,0.801463,0.117836,0.0993652,0.460468,0.534015,0.0732846,0.487967,0.198257,0.921169,51.6436,5.43263e-12,47756,0.887486,41.1981,1.06086e-12,38445,0.895553,0.876428,0.0878307,0.631141,0.996144,0.511517,0.22039,0.459803,0.228135,0.891603,87.9902,7.64954e-10,30733,0.967162,70.4477,9.04596e-11,52512
24,968,n1->n13->n12->n14->n96->n94->n93->n95->n82->n80->n78->n76->n69->n3->n5->n7->n9->n11->n29->n31->n35->n74->n57->n55->n53->n52->n51,5.37021e+09|6.60497e+13|9.70597e+10|3.70261e+10|2.51165e+12|1.36531e+10|4.22601e+13|1.05601e+11|1.07979e+13|2.45686e+13|3.25238e+10|4.21804e+13|8.81277e+09|2.78751e+13|2.91995e+11|3.81012e+11|1.49139e+12|1.78735e+12|3.6336e+13|4.79342e+12|5.77859e+11|5.8385e+13|4.14288e+09|8.84081e+12|4.60474e+10|1.02428e+10|7.46708e+11,8.19724e+08|8.87204e+12|2.76143e+10|1.44234e+10|5.36324e+11|1.67171e+09|1.3774e+13|5.46554e+10|1.66379e+12|2.75437e+12|2.30731e+10|1.15782e+13|7.57626e+09|1.44762e+13|4.67133e+10|6.70334e+10|3.79906e+11|3.29521e+11|1.77292e+13|4.42443e+12|4.88834e+11|7.35096e+12|2.05006e+09|4.69454e+12|3.18273e+10|2.07235e+09|5.06847e+11,0.000494453|0.000787814|0.000201974|3.25754e-05|1.2987e-05|2.95455e-05|8.45967e-05|0.000260968|0.000837919|1.13052e-05|0.000270955|1.88608e-05|0.000268039|0.00022361|7.03031e-05|0.000475679|1.80008e-05|5.47786e-05|0.000125062|0.00024651|0.000412952|0.000875739|0.000173612|4.06274e-05|2.00633e-05|0.00011644|0.000185382,0.000316017|0.00788063|0.0016732|0.000181646|0.000286765|0.000125263|0.000162335|0.000186877|0.00271152|0.000238286|0.00167497|0.00214239|0.00367819|0.00776667|0.000196916|0.00104538|0.00065196|0.00652494|0.00231296|0.00308746|0.00138752|0.00944671|0.00271581|0.000128431|0.000509085|0.00580301|0.00344885,0.0109342|0.0476737|0.0313381|0.0426128|0.0377902|0.00830448|0.0108045|0.00282907|0.0278433|0.00592883|0.00569443|0.00156873|0.022957|0.0268705|0.00731162|0.01754|0.0140743|0.00125292|0.0255931|0.0211034|0.00215298|0.0280357|0.0328142|0.00843704|5.21659e-05|0.0398377|0.0365406,0.000178506|0.00335145|0.0470205|0.049061|0.0195364|0.0293842|0.0326183|0.0420997|0.0266174|0.0262948|0.0425349|0.0470058|0.0100342|0.0326941|0.0421608|0.0283975|0.033904|0.0136412|0.00291922|0.0151027|0.0375959|0.0166219|0.0437642|0.0314938|0.00115664|0.0151024|0.0130093,0.973537|0.954869|0.937315|0.906626|0.951762|0.927471|0.912097|0.966581|0.934435|0.919013|0.92832|0.989289|0.975915|0.982466|0.951514|0.963898|0.963574|0.988894|0.962742|0.943878|0.952159|0.90082|0.983348|0.908585|0.913872|0.965406|0.98883,4.63983|5.26639|3.07758|0.762282|0.85792|5.03384|5.92115|1.09944|0.132111|0.100836|3.3614|0.578949|2.99986|4.79844|4.90362|3.51107|5.88966|0.923897|0.0327787|4.82496|5.24666|0.0974208|1.93323|3.37071|0.640024|0.0104102|4.04415,79.8117|56.34|51.9585|54.7186|71.0086|63.1349|24.941|75.699|47.0365|66.5291|69.3348|66.666|83.9106|10.4739|37.2729|59.8148|99.0064|13.2112|70.4589|91.3525|67.7415|95.6836|61.5999|30.3781|81.3721|83.3731,0.246796|0.206669|0.222459|0.208433|0.230021|0.209804|0.237661|0.21275|0.231931|0.222935|0.194827|0.212271|0.204476|0.163561|0.176784|0.18359|0.201409|0.219003|0.246199|0.243038|0.161632|0.169856|0.220389|0.207992|0.184589|0.197114,0.338018|0.285239|0.326911|0.448351|0.131268|0.17375|0.985064|0.837867|0.796307|0.109088|0.93416|0.890059|0.65353|0.469027|0.943162|0.339058|0.439638|0.427028|0.415176|0.658826|0.301798|0.815246|0.549818|0.646488|0.272111|0.942894,0.869523,0.801463,0.117836,0.0993652,0.460468,0.534015,0.0732846,0.487967,0.198257,0.921169,51.6436,5.43263e-12,47756,0.887486,41.1981,1.06086e-12,38445,0.895553,0.876428,0.0878307,0.631141,0.996144,0.511517,0.22039,0.459803,0.228135,0.891603,87.9902,7.64954e-10,30733,0.967162,70.4477,9.04596e-11,52512
24,969,n1->n20->n21->n67->n38->n37->n81->n83->n57->n98->n99->n77->n72->n70->n18->n19->n68->n58->n59->n90->n100->n2->n7->n5->n65->n52->n51,5.37021e+09|4.0293e+11|1.56161e+12|4.7483e+09|1.16426e+13|2.79748e+13|2.58887e+10|3.76373e+13|4.14288e+09|1.8266e+13|1.57108e+10|5.68112e+11|6.83442e+09|6.87309e+13|7.59179e+12|2.47533e+11|1.31753e+09|8.16696e+09|3.04563e+11|1.33273e+11|4.01966e+09|5.94248e+10|3.81012e+11|2.91995e+11|1.12599e+09|1.02428e+10|7.46708e+11,8.19724e+08|1.89646e+11|3.02345e+11|7.5553e+08|1.19258e+12|4.96975e+12|8.36206e+09|2.34723e+13|2.05006e+09|5.99087e+12|4.21389e+09|3.56307e+11|1.48353e+09|9.78332e+12|4.11836e+12|2.33399e+11|3.10679e+08|6.89506e+09|3.06423e+10|6.41526e+10|2.27749e+09|3.74975e+10|6.70334e+10|4.67133e+10|3.2906e+08|2.07235e+09|5.06847e+11,0.000494453|5.21063e-05|0.00096308|3.91885e-05|1.04425e-05|1.06248e-05|0.000268232|1.86087e-05|0.000173612|0.000410965|0.00089026|8.49487e-05|0.000159499|5.13815e-05|2.98936e-05|0.000261527|0.000223952|0.000266735|2.43107e-05|0.000319756|0.000665246|1.10648e-05|0.000475679|7.03031e-05|1.96575e-05|0.00011644|0.000185382,0.000316017|0.000368678|0.00195589|0.000640186|0.00950649|0.000261291|0.000752991|0.000175452|0.00271581|0.000548485|0.000350126|0.000906866|0.00384342|0.00295865|0.000681499|0.000768065|0.00843573|0.00874893|0.000202742|0.000672662|0.00914892|0.00120557|0.00104538|0.000196916|0.000428116|0.00580301|0.00344885,0.0109342|0.0108696|0.00712365|0.029632|0.0263713|0.0457563|0.0481357|0.015405|0.0328142|0.0295222|0.0362414|0.04851|0.0479977|0.0286141|0.0192976|0.0201979|0.0370095|0.0248478|0.00304046|0.0285929|0.0100829|0.00369149|0.01754|0.00731162|0.00118659|0.0398377|0.0365406,0.000178506|0.0181411|0.0414669|0.0482082|0.00318517|0.0105712|0.00997263|0.038157|0.0437642|0.0297366|0.0472365|0.0115254|0.0299903|0.0216638|0.0120519|0.0291803|0.00589983|0.0481122|0.0474075|0.0372754|0.0460028|0.0127317|0.0283975|0.0421608|0.00176737|0.0151024|0.0130093,0.973537|0.923215|0.971602|0.924883|0.902547|0.964079|0.948836|0.947801|0.983348|0.959539|0.953794|0.949999|0.96924|0.966653|0.946711|0.941018|0.984554|0.911658|0.99171|0.984478|0.935175|0.968894|0.963898|0.951514|0.967717|0.965406|0.98883,4.63983|4.79469|3.14177|2.06342|5.09423|4.96174|1.5908|4.11052|1.93323|2.95405|3.07459|0.722366|3.90463|4.60778|4.38273|1.39448|5.26958|3.70937|5.60303|4.02061|3.89025|4.74216|3.51107|4.90362|4.1126|0.0104102|4.04415,90.7492|76.7594|42.5138|59.2872|46.986|88.8597|78.7627|50.003|98.2355|58.4557|96.5216|92.3918|97.4405|55.8812|34.0839|67.5745|56.905|56.397|62.2588|32.7492|37.015|88.6198|37.2729|35.0583|56.1703|83.3731,0.215706|0.218425|0.197352|0.200548|0.170599|0.211898|0.170031|0.1911|0.190047|0.227784|0.241387|0.167022|0.180102|0.234874|0.248409|0.2055|0.185169|0.21902|0.169222|0.191207|0.17211|0.228013|0.176784|0.209201|0.247907|0.197114,0.53635|0.515127|0.602799|0.127053|0.662799|0.430076|0.530775|0.161388|0.757428|0.686264|0.664018|0.776051|0.79408|0.16843|0.983209|0.968257|0.476138|0.533324|0.361153|0.878161|0.315214|0.84397|0.943162|0.297185|0.827328|0.942894,0.869523,0.801463,0.117836,0.0993652,0.460468,0.534015,0.0732846,0.487967,0.198257,0.921169,51.6436,5.43263e-12,47756,0.887486,41.1981,1.06086e-12,38445,0.895553,0.876428,0.0878307,0.631141,0.996144,0.511517,0.22039,0.459803,0.228135,0.891603,87.9902,7.64954e-10,30733,0.967162,70.4477,9.04596e-11,52512
24,970,n1->n13->n11->n29->n28->n27->n52->n53->n54->n73->n72->n45->n43->n41->n39->n10->n8->n7->n2->n100->n90->n88->n89->n95->n93->n94->n51,5.37021e+09|6.60497e+13|1.78735e+12|3.6336e+13|1.34247e+11|4.19351e+12|1.02428e+10|4.60474e+10|2.80961e+11|1.41706e+11|6.83442e+09|8.38488e+13|1.40931e+10|3.95737e+11|3.34792e+13|2.49624e+09|4.61239e+13|3.81012e+11|5.94248e+10|4.01966e+09|1.33273e+11|9.00567e+12|2.68119e+11|1.05601e+11|4.22601e+13|1.36531e+10|7.46708e+11,8.19724e+08|8.87204e+12|3.29521e+11|1.77292e+13|1.51805e+10|8.73344e+11|2.07235e+09|3.18273e+10|2.23178e+11|5.76853e+10|1.48353e+09|1.01787e+13|3.26577e+09|1.47899e+11|1.12013e+13|7.32581e+08|1.04208e+13|6.70334e+10|3.74975e+10|2.27749e+09|6.41526e+10|8.66002e+12|9.23423e+10|5.46554e+10|1.3774e+13|1.67171e+09|5.06847e+11,0.000494453|0.000787814|5.47786e-05|0.000125062|0.00056516|1.08528e-05|0.00011644|2.00633e-05|1.47667e-05|6.32916e-05|0.000159499|1.67225e-05|0.000955168|2.35935e-05|5.53896e-05|6.27016e-05|6.6054e-05|0.000475679|1.10648e-05|0.000665246|0.000319756|6.2721e-05|3.55201e-05|0.000260968|8.45967e-05|2.95455e-05|0.000185382,0.000316017|0.00788063|0.00652494|0.00231296|0.0093172|0.00262605|0.00580301|0.000509085|0.00549128|0.000807753|0.00384342|0.000742576|0.00344494|0.00412419|0.0025393|0.00113469|0.00522046|0.00104538|0.00120557|0.00914892|0.000672662|0.000480267|0.000111435|0.000186877|0.000162335|0.000125263|0.00344885,0.0109342|0.0476737|0.00125292|0.0255931|0.0317261|0.0303206|0.0398377|5.21659e-05|0.0334079|0.0455502|0.0479977|0.00846218|0.0168583|0.00451081|0.00111942|0.00597815|0.0318744|0.01754|0.00369149|0.0100829|0.0285929|0.00850464|0.0107812|0.00282907|0.0108045|0.00830448|0.0365406,0.000178506|0.00335145|0.0136412|0.00291922|0.03841|0.0230682|0.0151024|0.00115664|0.00844474|0.028193|0.0299903|0.0342415|0.0482719|0.00491436|0.0449458|0.0245713|0.0483133|0.0283975|0.0127317|0.0460028|0.0372754|0.0237676|0.0401575|0.0420997|0.0326183|0.0293842|0.0130093,0.973537|0.954869|0.988894|0.962742|0.948072|0.985376|0.965406|0.913872|0.927525|0.909539|0.96924|0.934264|0.943219|0.923722|0.924329|0.962416|0.975256|0.963898|0.968894|0.935175|0.984478|0.962132|0.926416|0.966581|0.912097|0.927471|0.98883,4.63983|5.26639|0.923897|0.0327787|1.48687|4.5695|0.0104102|0.640024|1.22009|3.29092|3.90463|5.31688|2.3897|4.11092|1.19952|1.97158|3.22282|3.51107|4.74216|3.89025|4.02061|1.9653|0.0868458|1.09944|5.92115|5.03384|4.04415,79.8117|13.9548|13.2112|18.7034|23.5709|46.2248|81.3721|75.3264|26.1465|29.1617|63.1262|48.5398|43.4967|38.9947|24.4191|99.595|55.4093|88.6198|37.015|32.7492|14.1987|92.4072|11.8194|24.941|63.1349|11.2844,0.246796|0.189728|0.219003|0.249902|0.207151|0.183493|0.184589|0.191357|0.196311|0.178937|0.243732|0.218428|0.160247|0.18226|0.239532|0.184434|0.230451|0.228013|0.17211|0.191207|0.244274|0.203687|0.168449|0.237661|0.209804|0.200895,0.338018|0.801183|0.427028|0.259002|0.340196|0.657987|0.272111|0.567841|0.754315|0.920295|0.65643|0.854577|0.922117|0.988985|0.991722|0.703378|0.745697|0.84397|0.315214|0.878161|0.997795|0.876618|0.776387|0.985064|0.17375|0.836539,0.869523,0.801463,0.117836,0.0993652,0.460468,0.534015,0.0732846,0.487967,0.198257,0.921169,51.6436,5.43263e-12,47756,0.887486,41.1981,1.06086e-12,38445,0.895553,0.876428,0.0878307,0.631141,0.996144,0.511517,0.22039,0.459803,0.228135,0.891603,87.9902,7.64954e-10,30733,0.967162,70.4477,9.04596e-11,52512
24,971,n1->n13->n15->n63->n82->n54->n55->n57->n98->n99->n97->n27->n28->n69->n70->n72->n45->n44->n78->n80->n81->n83->n23->n77->n93->n94->n51,5.37021e+09|6.60497e+13|8.77071e+11|6.55204e+12|1.07979e+13|2.80961e+11|8.84081e+12|4.14288e+09|1.8266e+13|1.57108e+10|2.90604e+09|4.19351e+12|1.34247e+11|8.81277e+09|6.87309e+13|6.83442e+09|8.38488e+13|5.26537e+13|3.25238e+10|2.45686e+13|2.58887e+10|3.76373e+13|4.63033e+10|5.68112e+11|4.22601e+13|1.36531e+10|7.46708e+11,8.19724e+08|8.87204e+12|1.06991e+11|2.63574e+12|1.66379e+12|2.23178e+11|4.69454e+12|2.05006e+09|5.99087e+12|4.21389e+09|5.04144e+08|8.73344e+11|1.51805e+10|7.57626e+09|9.78332e+12|1.48353e+09|1.01787e+13|2.86817e+13|2.30731e+10|2.75437e+12|8.36206e+09|2.34723e+13|3.30225e+10|3.56307e+11|1.3774e+13|1.67171e+09|5.06847e+11,0.000494453|0.000787814|0.000182949|0.000116235|0.000837919|1.47667e-05|4.06274e-05|0.000173612|0.000410965|0.00089026|8.81202e-05|1.08528e-05|0.00056516|0.000268039|5.13815e-05|0.000159499|1.67225e-05|0.000124649|0.000270955|1.13052e-05|0.000268232|1.86087e-05|0.000277161|8.49487e-05|8.45967e-05|2.95455e-05|0.000185382,0.000316017|0.00788063|0.00274771|0.00126856|0.00271152|0.00549128|0.000128431|0.00271581|0.000548485|0.000350126|0.00494291|0.00262605|0.0093172|0.00367819|0.00295865|0.00384342|0.000742576|0.00158999|0.00167497|0.000238286|0.000752991|0.000175452|0.00418014|0.000906866|0.000162335|0.000125263|0.00344885,0.0109342|0.0476737|0.0207315|0.0100727|0.0278433|0.0334079|0.00843704|0.0328142|0.0295222|0.0362414|0.0381696|0.0303206|0.0317261|0.022957|0.0286141|0.0479977|0.00846218|0.0486405|0.00569443|0.00592883|0.0481357|0.015405|0.00314906|0.04851|0.0108045|0.00830448|0.0365406,0.000178506|0.00335145|0.0378122|0.0107197|0.0266174|0.00844474|0.0314938|0.0437642|0.0297366|0.0472365|0.00800322|0.0230682|0.03841|0.0100342|0.0216638|0.0299903|0.0342415|0.00764508|0.0425349|0.0262948|0.00997263|0.038157|0.0470385|0.0115254|0.0326183|0.0293842|0.0130093,0.973537|0.954869|0.910795|0.903245|0.934435|0.927525|0.908585|0.983348|0.959539|0.953794|0.90679|0.985376|0.948072|0.975915|0.966653|0.96924|0.934264|0.932977|0.92832|0.919013|0.948836|0.947801|0.92176|0.949999|0.912097|0.927471|0.98883,4.63983|5.26639|1.89272|4.68449|0.132111|1.22009|3.37071|1.93323|2.95405|3.07459|1.41691|4.5695|1.48687|2.99986|4.60778|3.90463|5.31688|2.64532|3.3614|0.100836|1.5908|4.11052|2.08786|0.722366|5.92115|5.03384|4.04415,79.8117|66.6304|11.0615|48.6997|41.1455|27.8669|61.5999|98.2355|58.4557|94.4507|31.5608|23.5709|97.1045|74.5377|97.4405|63.1262|57.1366|88.5528|66.5291|15.5679|78.7627|23.518|39.0733|51.9256|63.1349|11.2844,0.246796|0.179788|0.214255|0.175742|0.242874|0.169326|0.220389|0.190047|0.227784|0.168303|0.219936|0.207151|0.207556|0.172691|0.180102|0.243732|0.235241|0.200088|0.222935|0.212149|0.170031|0.181099|0.178948|0.247077|0.209804|0.200895,0.338018|0.275394|0.692153|0.4301|0.378494|0.414082|0.549818|0.757428|0.686264|0.263233|0.557853|0.340196|0.438091|0.416585|0.79408|0.65643|0.218954|0.134865|0.109088|0.870283|0.530775|0.741177|0.23533|0.469529|0.17375|0.836539,0.869523,0.801463,0.117836,0.0993652,0.460468,0.534015,0.0732846,0.487967,0.198257,0.921169,51.6436,5.43263e-12,47756,0.887486,41.1981,1.06086e-12,38445,0.895553,0.876428,0.0878307,0.631141,0.996144,0.511517,0.22039,0.459803,0.228135,0.891603,87.9902,7.64954e-10,30733,0.967162,70.4477,9.04596e-11,52512
24,972,n1->n13->n12->n14->n75->n4->n2->n7->n8->n10->n9->n11->n29->n15->n34->n36->n38->n39->n41->n43->n45->n44->n78->n85->n65->n52->n51,5.37021e+09|6.60497e+13|9.70597e+10|3.70261e+10|8.71921e+10|7.07339e+12|5.94248e+10|3.81012e+11|4.61239e+13|2.49624e+09|1.49139e+12|1.78735e+12|3.6336e+13|8.77071e+11|4.7313e+12|7.73972e+11|1.16426e+13|3.34792e+13|3.95737e+11|1.40931e+10|8.38488e+13|5.26537e+13|3.25238e+10|2.02447e+09|1.12599e+09|1.02428e+10|7.46708e+11,8.19724e+08|8.87204e+12|2.76143e+10|1.44234e+10|5.29113e+10|2.43435e+12|3.74975e+10|6.70334e+10|1.04208e+13|7.32581e+08|3.79906e+11|3.29521e+11|1.77292e+13|1.06991e+11|1.15705e+12|7.77593e+10|1.19258e+12|1.12013e+13|1.47899e+11|3.26577e+09|1.01787e+13|2.86817e+13|2.30731e+10|2.41326e+08|3.2906e+08|2.07235e+09|5.06847e+11,0.000494453|0.000787814|0.000201974|3.25754e-05|0.000766915|0.000113681|1.10648e-05|0.000475679|6.6054e-05|6.27016e-05|1.80008e-05|5.47786e-05|0.000125062|0.000182949|0.000140889|0.000426407|1.04425e-05|5.53896e-05|2.35935e-05|0.000955168|1.67225e-05|0.000124649|0.000270955|2.04325e-05|1.96575e-05|0.00011644|0.000185382,0.000316017|0.00788063|0.0016732|0.000181646|0.000203965|0.00198341|0.00120557|0.00104538|0.00522046|0.00113469|0.00065196|0.00652494|0.00231296|0.00274771|0.000270551|0.00396778|0.00950649|0.0025393|0.00412419|0.00344494|0.000742576|0.00158999|0.00167497|0.000338175|0.000428116|0.00580301|0.00344885,0.0109342|0.0476737|0.0313381|0.0426128|0.0243876|0.0350273|0.00369149|0.01754|0.0318744|0.00597815|0.0140743|0.00125292|0.0255931|0.0207315|0.0276207|0.00497013|0.0263713|0.00111942|0.00451081|0.0168583|0.00846218|0.0486405|0.00569443|0.0354515|0.00118659|0.0398377|0.0365406,0.000178506|0.00335145|0.0470205|0.049061|0.0250863|0.0273051|0.0127317|0.0283975|0.0483133|0.0245713|0.033904|0.0136412|0.00291922|0.0378122|0.0210615|0.0341912|0.00318517|0.0449458|0.00491436|0.0482719|0.0342415|0.00764508|0.0425349|0.0266209|0.00176737|0.0151024|0.0130093,0.973537|0.954869|0.937315|0.906626|0.936129|0.917619|0.968894|0.963898|0.975256|0.962416|0.963574|0.988894|0.962742|0.910795|0.904866|0.94998|0.902547|0.924329|0.923722|0.943219|0.934264|0.932977|0.92832|0.940474|0.967717|0.965406|0.98883,4.63983|5.26639|3.07758|0.762282|3.39264|1.56082|4.74216|3.51107|3.22282|1.97158|5.88966|0.923897|0.0327787|1.89272|4.56594|3.70656|5.09423|1.19952|4.11092|2.3897|5.31688|2.64532|3.3614|4.91715|4.1126|0.0104102|4.04415,79.8117|56.34|51.9585|56.2706|81.7362|30.2686|88.6198|55.4093|99.595|65.9961|99.0064|13.2112|32.2763|27.3162|89.5651|61.2725|52.0957|38.9947|43.4967|48.5398|57.1366|88.5528|67.1704|82.5435|56.1703|83.3731,0.246796|0.206669|0.222459|0.226178|0.218556|0.239023|0.228013|0.230451|0.184434|0.193896|0.201409|0.219003|0.240047|0.231681|0.241996|0.204351|0.199024|0.18226|0.160247|0.218428|0.235241|0.200088|0.184721|0.20461|0.247907|0.197114,0.338018|0.285239|0.326911|0.725021|0.847503|0.514427|0.84397|0.745697|0.703378|0.982181|0.439638|0.427028|0.895675|0.750497|0.265381|0.413834|0.46236|0.988985|0.922117|0.854577|0.218954|0.134865|0.609732|0.519435|0.827328|0.942894,0.869523,0.801463,0.117836,0.0993652,0.460468,0.534015,0.0732846,0.487967,0.198257,0.921169,51.6436,5.43263e-12,47756,0.887486,41.1981,1.06086e-12,38445,0.895553,0.876428,0.0878307,0.631141,0.996144,0.511517,0.22039,0.459803,0.228135,0.891603,87.9902,7.64954e-10,30733,0.967162,70.4477,9.04596e-11,52512
24,973,n1->n20->n18->n16->n38->n67->n64->n49->n47->n46->n48->n89->n88->n87->n70->n69->n28->n29->n30->n76->n75->n73->n100->n90->n59->n50->n51,5.37021e+09|4.0293e+11|7.59179e+12|1.09193e+13|1.16426e+13|4.7483e+09|4.21034e+09|2.45005e+09|4.74236e+11|5.53417e+12|3.98001e+12|2.68119e+11|9.00567e+12|7.3435e+12|6.87309e+13|8.81277e+09|1.34247e+11|3.6336e+13|1.26395e+10|4.21804e+13|8.71921e+10|1.41706e+11|4.01966e+09|1.33273e+11|3.04563e+11|2.36425e+09|7.46708e+11,8.19724e+08|1.89646e+11|4.11836e+12|1.33827e+12|1.19258e+12|7.5553e+08|1.60867e+09|2.44458e+09|1.54765e+11|1.63629e+12|1.69514e+12|9.23423e+10|8.66002e+12|2.79916e+12|9.78332e+12|7.57626e+09|1.51805e+10|1.77292e+13|1.81012e+09|1.15782e+13|5.29113e+10|5.76853e+10|2.27749e+09|6.41526e+10|3.06423e+10|4.07889e+08|5.06847e+11,0.000494453|5.21063e-05|2.98936e-05|3.71682e-05|1.04425e-05|3.91885e-05|1.88732e-05|1.07426e-05|0.000202873|0.000489732|4.78153e-05|3.55201e-05|6.2721e-05|0.000634307|5.13815e-05|0.000268039|0.00056516|0.000125062|4.789e-05|1.88608e-05|0.000766915|6.32916e-05|0.000665246|0.000319756|2.43107e-05|1.54283e-05|0.000185382,0.000316017|0.000368678|0.000681499|0.00174713|0.00950649|0.000640186|0.000135861|0.000979027|0.000266598|0.000159088|0.00544009|0.000111435|0.000480267|0.00151267|0.00295865|0.00367819|0.0093172|0.00231296|0.00655588|0.00214239|0.000203965|0.000807753|0.00914892|0.000672662|0.000202742|0.00907722|0.00344885,0.0109342|0.0108696|0.0192976|0.0123696|0.0263713|0.029632|0.0266797|0.0183567|0.00898217|0.029055|0.0455031|0.0107812|0.00850464|0.0186268|0.0286141|0.022957|0.0317261|0.0255931|0.00398508|0.00156873|0.0243876|0.0455502|0.0100829|0.0285929|0.00304046|0.00638914|0.0365406,0.000178506|0.0181411|0.0120519|0.0240438|0.00318517|0.0482082|0.0436548|0.0388066|0.0488958|0.0302566|0.0360942|0.0401575|0.0237676|0.00979507|0.0216638|0.0100342|0.03841|0.00291922|0.0178703|0.0470058|0.0250863|0.028193|0.0460028|0.0372754|0.0474075|0.0483596|0.0130093,0.973537|0.923215|0.946711|0.979533|0.902547|0.924883|0.933821|0.969899|0.9108|0.923372|0.967439|0.926416|0.962132|0.977244|0.966653|0.975915|0.948072|0.962742|0.972158|0.989289|0.936129|0.909539|0.935175|0.984478|0.99171|0.910708|0.98883,4.63983|4.79469|4.38273|1.69436|5.09423|2.06342|5.77568|3.94615|6.27947|0.31178|3.09858|0.0868458|1.9653|2.33192|4.60778|2.99986|1.48687|0.0327787|5.42296|0.578949|3.39264|3.29092|3.89025|4.02061|5.60303|5.41755|4.04415,90.7492|89.2299|72.2829|28.0546|59.2872|95.5844|77.768|91.8261|71.5316|41.9872|94.0077|92.4072|57.0974|39.9413|74.5377|97.1045|18.7034|29.3504|21.8454|63.5216|85.6152|20.1165|32.7492|62.2588|47.7013|82.9474,0.215706|0.247215|0.180241|0.17367|0.200548|0.248978|0.165457|0.228404|0.196056|0.178665|0.234363|0.203687|0.227675|0.180359|0.172691|0.207556|0.249902|0.179657|0.220509|0.207806|0.185893|0.175955|0.191207|0.169222|0.170229|0.24308,0.53635|0.652252|0.553025|0.828443|0.127053|0.480161|0.348083|0.133861|0.758317|0.182289|0.948873|0.876618|0.396625|0.129355|0.416585|0.438091|0.259002|0.887943|0.936019|0.844544|0.624191|0.825877|0.878161|0.361153|0.776444|0.624607,0.869523,0.801463,0.117836,0.0993652,0.460468,0.534015,0.0732846,0.487967,0.198257,0.921169,51.6436,5.43263e-12,47756,0.887486,41.1981,1.06086e-12,38445,0.895553,0.876428,0.0878307,0.631141,0.996144,0.511517,0.22039,0.459803,0.228135,0.891603,87.9902,7.64954e-10,30733,0.967162,70.4477,9.04596e-11,52512
24,974,n1->n20->n19->n68->n58->n85->n78->n76->n30->n32->n34->n35->n33->n24->n23->n77->n99->n98->n57->n55->n53->n54->n56->n90->n59->n50->n51,5.37021e+09|4.0293e+11|2.47533e+11|1.31753e+09|8.16696e+09|2.02447e+09|3.25238e+10|4.21804e+13|1.26395e+10|1.78367e+12|4.7313e+12|5.77859e+11|3.64323e+13|1.59557e+13|4.63033e+10|5.68112e+11|1.57108e+10|1.8266e+13|4.14288e+09|8.84081e+12|4.60474e+10|2.80961e+11|1.1605e+12|1.33273e+11|3.04563e+11|2.36425e+09|7.46708e+11,8.19724e+08|1.89646e+11|2.33399e+11|3.10679e+08|6.89506e+09|2.41326e+08|2.30731e+10|1.15782e+13|1.81012e+09|1.05491e+12|1.15705e+12|4.88834e+11|6.32377e+12|4.06569e+12|3.30225e+10|3.56307e+11|4.21389e+09|5.99087e+12|2.05006e+09|4.69454e+12|3.18273e+10|2.23178e+11|5.65456e+11|6.41526e+10|3.06423e+10|4.07889e+08|5.06847e+11,0.000494453|5.21063e-05|0.000261527|0.000223952|0.000266735|2.04325e-05|0.000270955|1.88608e-05|4.789e-05|0.000179959|0.000140889|0.000412952|1.50316e-05|0.000193265|0.000277161|8.49487e-05|0.00089026|0.000410965|0.000173612|4.06274e-05|2.00633e-05|1.47667e-05|1.7812e-05|0.000319756|2.43107e-05|1.54283e-05|0.000185382,0.000316017|0.000368678|0.000768065|0.00843573|0.00874893|0.000338175|0.00167497|0.00214239|0.00655588|0.00292552|0.000270551|0.00138752|0.00213059|0.0012727|0.00418014|0.000906866|0.000350126|0.000548485|0.00271581|0.000128431|0.000509085|0.00549128|0.000830638|0.000672662|0.000202742|0.00907722|0.00344885,0.0109342|0.0108696|0.0201979|0.0370095|0.0248478|0.0354515|0.00569443|0.00156873|0.00398508|0.00778345|0.0276207|0.00215298|0.00968695|0.0433038|0.00314906|0.04851|0.0362414|0.0295222|0.0328142|0.00843704|5.21659e-05|0.0334079|0.0231698|0.0285929|0.00304046|0.00638914|0.0365406,0.000178506|0.0181411|0.0291803|0.00589983|0.0481122|0.0266209|0.0425349|0.0470058|0.0178703|0.0161829|0.0210615|0.0375959|0.0280967|0.00780618|0.0470385|0.0115254|0.0472365|0.0297366|0.0437642|0.0314938|0.00115664|0.00844474|0.0417641|0.0372754|0.0474075|0.0483596|0.0130093,0.973537|0.923215|0.941018|0.984554|0.911658|0.940474|0.92832|0.989289|0.972158|0.953313|0.904866|0.952159|0.923653|0.90929|0.92176|0.949999|0.953794|0.959539|0.983348|0.908585|0.913872|0.927525|0.944528|0.984478|0.99171|0.910708|0.98883,4.63983|4.79469|1.39448|5.26958|3.70937|4.91715|3.3614|0.578949|5.42296|0.10397|4.56594|5.24666|1.04264|3.9732|2.08786|0.722366|3.07459|2.95405|1.93323|3.37071|0.640024|1.22009|2.55597|4.02061|5.60303|5.41755|4.04415,90.7492|86.2435|67.5745|56.905|90.6886|67.1704|69.3348|21.8454|69.5993|23.0914|26.2497|93.5115|98.0873|44.8869|39.0733|96.5216|58.4557|98.2355|61.5999|30.3781|75.3264|42.6814|40.6061|62.2588|47.7013|82.9474,0.215706|0.182991|0.2055|0.185169|0.194345|0.184721|0.194827|0.220509|0.204659|0.18593|0.244194|0.242679|0.239791|0.161116|0.178948|0.241387|0.227784|0.190047|0.220389|0.207992|0.191357|0.167734|0.166746|0.169222|0.170229|0.24308,0.53635|0.182796|0.968257|0.476138|0.45102|0.609732|0.93416|0.936019|0.237533|0.12287|0.307851|0.487093|0.939209|0.528582|0.23533|0.664018|0.686264|0.757428|0.549818|0.646488|0.567841|0.927159|0.163177|0.361153|0.776444|0.624607,0.869523,0.801463,0.117836,0.0993652,0.460468,0.534015,0.0732846,0.487967,0.198257,0.921169,51.6436,5.43263e-12,47756,0.887486,41.1981,1.06086e-12,38445,0.895553,0.876428,0.0878307,0.631141,0.996144,0.511517,0.22039,0.459803,0.228135,0.891603,87.9902,7.64954e-10,30733,0.967162,70.4477,9.04596e-11,52512
24,975,n1->n20->n18->n16->n38->n36->n34->n15->n13->n11->n29->n27->n25->n26->n24->n33->n6->n12->n8->n7->n9->n10->n39->n37->n65->n52->n51,5.37021e+09|4.0293e+11|7.59179e+12|1.09193e+13|1.16426e+13|7.73972e+11|4.7313e+12|8.77071e+11|6.60497e+13|1.78735e+12|3.6336e+13|4.19351e+12|1.67189e+13|7.09351e+09|1.59557e+13|3.64323e+13|1.14208e+09|9.70597e+10|4.61239e+13|3.81012e+11|1.49139e+12|2.49624e+09|3.34792e+13|2.79748e+13|1.12599e+09|1.02428e+10|7.46708e+11,8.19724e+08|1.89646e+11|4.11836e+12|1.33827e+12|1.19258e+12|7.77593e+10|1.15705e+12|1.06991e+11|8.87204e+12|3.29521e+11|1.77292e+13|8.73344e+11|1.40059e+13|1.31666e+09|4.06569e+12|6.32377e+12|2.20459e+08|2.76143e+10|1.04208e+13|6.70334e+10|3.79906e+11|7.32581e+08|1.12013e+13|4.96975e+12|3.2906e+08|2.07235e+09|5.06847e+11,0.000494453|5.21063e-05|2.98936e-05|3.71682e-05|1.04425e-05|0.000426407|0.000140889|0.000182949|0.000787814|5.47786e-05|0.000125062|1.08528e-05|6.30741e-05|3.77967e-05|0.000193265|1.50316e-05|1.08483e-05|0.000201974|6.6054e-05|0.000475679|1.80008e-05|6.27016e-05|5.53896e-05|1.06248e-05|1.96575e-05|0.00011644|0.000185382,0.000316017|0.000368678|0.000681499|0.00174713|0.00950649|0.00396778|0.000270551|0.00274771|0.00788063|0.00652494|0.00231296|0.00262605|0.00294926|0.00522178|0.0012727|0.00213059|0.00010157|0.0016732|0.00522046|0.00104538|0.00065196|0.00113469|0.0025393|0.000261291|0.000428116|0.00580301|0.00344885,0.0109342|0.0108696|0.0192976|0.0123696|0.0263713|0.00497013|0.0276207|0.0207315|0.0476737|0.00125292|0.0255931|0.0303206|0.0195393|0.0101688|0.0433038|0.00968695|0.00160082|0.0313381|0.0318744|0.01754|0.0140743|0.00597815|0.00111942|0.0457563|0.00118659|0.0398377|0.0365406,0.000178506|0.0181411|0.0120519|0.0240438|0.00318517|0.0341912|0.0210615|0.0378122|0.00335145|0.0136412|0.00291922|0.0230682|0.0159438|0.0409649|0.00780618|0.0280967|0.0260762|0.0470205|0.0483133|0.0283975|0.033904|0.0245713|0.0449458|0.0105712|0.00176737|0.0151024|0.0130093,0.973537|0.923215|0.946711|0.979533|0.902547|0.94998|0.904866|0.910795|0.954869|0.988894|0.962742|0.985376|0.9023|0.981638|0.90929|0.923653|0.908628|0.937315|0.975256|0.963898|0.963574|0.962416|0.924329|0.964079|0.967717|0.965406|0.98883,4.63983|4.79469|4.38273|1.69436|5.09423|3.70656|4.56594|1.89272|5.26639|0.923897|0.0327787|4.5695|1.57149|2.91399|3.9732|1.04264|5.01633|3.07758|3.22282|3.51107|5.88966|1.97158|1.19952|4.96174|4.1126|0.0104102|4.04415,90.7492|89.2299|72.2829|28.0546|61.2725|89.5651|27.3162|66.6304|13.9548|13.2112|49.6282|64.4551|63.0993|83.4704|98.0873|50.0569|32.9383|81.3396|55.4093|59.8148|65.9961|24.4191|31.554|13.4252|56.1703|83.3731,0.215706|0.247215|0.180241|0.17367|0.204351|0.241996|0.231681|0.179788|0.189728|0.219003|0.180772|0.242248|0.228799|0.216464|0.239791|0.19306|0.230728|0.186476|0.230451|0.18359|0.193896|0.239532|0.195005|0.230756|0.247907|0.197114,0.53635|0.652252|0.553025|0.828443|0.413834|0.265381|0.750497|0.275394|0.801183|0.427028|0.511755|0.837222|0.359402|0.583168|0.939209|0.116472|0.628307|0.379326|0.745697|0.339058|0.982181|0.991722|0.711047|0.986996|0.827328|0.942894,0.869523,0.801463,0.117836,0.0993652,0.460468,0.534015,0.0732846,0.487967,0.198257,0.921169,51.6436,5.43263e-12,47756,0.887486,41.1981,1.06086e-12,38445,0.895553,0.876428,0.0878307,0.631141,0.996144,0.511517,0.22039,0.459803,0.228135,0.891603,87.9902,7.64954e-10,30733,0.967162,70.4477,9.04596e-11,52512
24,976,n1->n99->n77->n93->n64->n62->n46->n47->n45->n72->n70->n18->n20->n19->n17->n68->n22->n21->n23->n24->n71->n75->n76->n30->n29->n50->n51,5.37021e+09|1.57108e+10|5.68112e+11|4.22601e+13|4.21034e+09|2.37342e+11|5.53417e+12|4.74236e+11|8.38488e+13|6.83442e+09|6.87309e+13|7.59179e+12|4.0293e+11|2.47533e+11|1.51096e+11|1.31753e+09|1.47e+10|1.56161e+12|4.63033e+10|1.59557e+13|7.70008e+11|8.71921e+10|4.21804e+13|1.26395e+10|3.6336e+13|2.36425e+09|7.46708e+11,8.19724e+08|4.21389e+09|3.56307e+11|1.3774e+13|1.60867e+09|1.13053e+11|1.63629e+12|1.54765e+11|1.01787e+13|1.48353e+09|9.78332e+12|4.11836e+12|1.89646e+11|2.33399e+11|1.57582e+10|3.10679e+08|9.51029e+09|3.02345e+11|3.30225e+10|4.06569e+12|1.60546e+11|5.29113e+10|1.15782e+13|1.81012e+09|1.77292e+13|4.07889e+08|5.06847e+11,0.000494453|0.00089026|8.49487e-05|8.45967e-05|1.88732e-05|8.24006e-05|0.000489732|0.000202873|1.67225e-05|0.000159499|5.13815e-05|2.98936e-05|5.21063e-05|0.000261527|0.000261059|0.000223952|1.77434e-05|0.00096308|0.000277161|0.000193265|0.00017279|0.000766915|1.88608e-05|4.789e-05|0.000125062|1.54283e-05|0.000185382,0.000316017|0.000350126|0.000906866|0.000162335|0.000135861|0.00794111|0.000159088|0.000266598|0.000742576|0.00384342|0.00295865|0.000681499|0.000368678|0.000768065|0.000513001|0.00843573|0.0006856|0.00195589|0.00418014|0.0012727|0.00123164|0.000203965|0.00214239|0.00655588|0.00231296|0.00907722|0.00344885,0.0109342|0.0362414|0.04851|0.0108045|0.0266797|0.0242596|0.029055|0.00898217|0.00846218|0.0479977|0.0286141|0.0192976|0.0108696|0.0201979|0.0430027|0.0370095|0.0408661|0.00712365|0.00314906|0.0433038|0.0398828|0.0243876|0.00156873|0.00398508|0.0255931|0.00638914|0.0365406,0.000178506|0.0472365|0.0115254|0.0326183|0.0436548|0.0480911|0.0302566|0.0488958|0.0342415|0.0299903|0.0216638|0.0120519|0.0181411|0.0291803|0.00442808|0.00589983|0.040072|0.0414669|0.0470385|0.00780618|0.0326729|0.0250863|0.0470058|0.0178703|0.00291922|0.0483596|0.0130093,0.973537|0.953794|0.949999|0.912097|0.933821|0.98053|0.923372|0.9108|0.934264|0.96924|0.966653|0.946711|0.923215|0.941018|0.974312|0.984554|0.95984|0.971602|0.92176|0.90929|0.947193|0.936129|0.989289|0.972158|0.962742|0.910708|0.98883,4.63983|3.07459|0.722366|5.92115|5.77568|5.59786|0.31178|6.27947|5.31688|3.90463|4.60778|4.38273|4.79469|1.39448|5.11322|5.26958|0.048646|3.14177|2.08786|3.9732|0.117525|3.39264|0.578949|5.42296|0.0327787|5.41755|4.04415,66.2586|96.5216|51.9256|32.5899|93.0484|56.7189|71.5316|40.979|63.1262|97.4405|55.8812|89.2299|86.2435|10.3361|23.9015|15.3326|55.6995|88.4205|44.8869|44.1502|14.5634|63.5216|21.8454|29.3504|37.0378|82.9474,0.180129|0.241387|0.247077|0.178102|0.176232|0.167864|0.196056|0.216949|0.243732|0.180102|0.234874|0.247215|0.182991|0.172286|0.236806|0.236297|0.206062|0.232237|0.161116|0.204574|0.169453|0.207806|0.220509|0.179657|0.191256|0.24308,0.323551|0.664018|0.469529|0.548301|0.182879|0.624525|0.758317|0.317946|0.65643|0.79408|0.16843|0.652252|0.182796|0.559133|0.2818|0.655447|0.677391|0.516177|0.528582|0.45026|0.275247|0.844544|0.936019|0.887943|0.182586|0.624607,0.869523,0.801463,0.117836,0.0993652,0.460468,0.534015,0.0732846,0.487967,0.198257,0.921169,51.6436,5.43263e-12,47756,0.887486,41.1981,1.06086e-12,38445,0.895553,0.876428,0.0878307,0.631141,0.996144,0.511517,0.22039,0.459803,0.228135,0.891603,87.9902,7.64954e-10,30733,0.967162,70.4477,9.04596e-11,52512
24,977,n1->n20->n21->n22->n74->n35->n33->n6->n12->n14->n75->n73->n71->n72->n45->n47->n46->n48->n89->n88->n87->n86->n76->n30->n29->n50->n51,5.37021e+09|4.0293e+11|1.56161e+12|1.47e+10|5.8385e+13|5.77859e+11|3.64323e+13|1.14208e+09|9.70597e+10|3.70261e+10|8.71921e+10|1.41706e+11|7.70008e+11|6.83442e+09|8.38488e+13|4.74236e+11|5.53417e+12|3.98001e+12|2.68119e+11|9.00567e+12|7.3435e+12|3.85304e+10|4.21804e+13|1.26395e+10|3.6336e+13|2.36425e+09|7.46708e+11,8.19724e+08|1.89646e+11|3.02345e+11|9.51029e+09|7.35096e+12|4.88834e+11|6.32377e+12|2.20459e+08|2.76143e+10|1.44234e+10|5.29113e+10|5.76853e+10|1.60546e+11|1.48353e+09|1.01787e+13|1.54765e+11|1.63629e+12|1.69514e+12|9.23423e+10|8.66002e+12|2.79916e+12|4.69095e+09|1.15782e+13|1.81012e+09|1.77292e+13|4.07889e+08|5.06847e+11,0.000494453|5.21063e-05|0.00096308|1.77434e-05|0.000875739|0.000412952|1.50316e-05|1.08483e-05|0.000201974|3.25754e-05|0.000766915|6.32916e-05|0.00017279|0.000159499|1.67225e-05|0.000202873|0.000489732|4.78153e-05|3.55201e-05|6.2721e-05|0.000634307|6.21631e-05|1.88608e-05|4.789e-05|0.000125062|1.54283e-05|0.000185382,0.000316017|0.000368678|0.00195589|0.0006856|0.00944671|0.00138752|0.00213059|0.00010157|0.0016732|0.000181646|0.000203965|0.000807753|0.00123164|0.00384342|0.000742576|0.000266598|0.000159088|0.00544009|0.000111435|0.000480267|0.00151267|0.00341054|0.00214239|0.00655588|0.00231296|0.00907722|0.00344885,0.0109342|0.0108696|0.00712365|0.0408661|0.0280357|0.00215298|0.00968695|0.00160082|0.0313381|0.0426128|0.0243876|0.0455502|0.0398828|0.0479977|0.00846218|0.00898217|0.029055|0.0455031|0.0107812|0.00850464|0.0186268|0.0237043|0.00156873|0.00398508|0.0255931|0.00638914|0.0365406,0.000178506|0.0181411|0.0414669|0.040072|0.0166219|0.0375959|0.0280967|0.0260762|0.0470205|0.049061|0.0250863|0.028193|0.0326729|0.0299903|0.0342415|0.0488958|0.0302566|0.0360942|0.0401575|0.0237676|0.00979507|0.0488574|0.0470058|0.0178703|0.00291922|0.0483596|0.0130093,0.973537|0.923215|0.971602|0.95984|0.90082|0.952159|0.923653|0.908628|0.937315|0.906626|0.936129|0.909539|0.947193|0.96924|0.934264|0.9108|0.923372|0.967439|0.926416|0.962132|0.977244|0.981332|0.989289|0.972158|0.962742|0.910708|0.98883,4.63983|4.79469|3.14177|0.048646|0.0974208|5.24666|1.04264|5.01633|3.07758|0.762282|3.39264|3.29092|0.117525|3.90463|5.31688|6.27947|0.31178|3.09858|0.0868458|1.9653|2.33192|4.96971|0.578949|5.42296|0.0327787|5.41755|4.04415,90.7492|76.7594|55.6995|63.8366|67.7415|93.5115|50.0569|32.9383|51.9585|56.2706|85.6152|28.2621|45.8448|63.1262|40.979|71.5316|41.9872|94.0077|92.4072|57.0974|88.9922|37.5994|21.8454|29.3504|37.0378|82.9474,0.215706|0.218425|0.206062|0.241428|0.161632|0.242679|0.19306|0.230728|0.222459|0.226178|0.185893|0.242769|0.218487|0.243732|0.216949|0.196056|0.178665|0.234363|0.203687|0.227675|0.246364|0.17745|0.220509|0.179657|0.191256|0.24308,0.53635|0.515127|0.677391|0.480684|0.301798|0.487093|0.116472|0.628307|0.326911|0.725021|0.624191|0.940077|0.29317|0.65643|0.317946|0.758317|0.182289|0.948873|0.876618|0.396625|0.83582|0.871942|0.936019|0.887943|0.182586|0.624607,0.869523,0.801463,0.117836,0.0993652,0.460468,0.534015,0.0732846,0.487967,0.198257,0.921169,51.6436,5.43263e-12,47756,0.887486,41.1981,1.06086e-12,38445,0.895553,0.876428,0.0878307,0.631141,0.996144,0.511517,0.22039,0.459803,0.228135,0.891603,87.9902,7.64954e-10,30733,0.967162,70.4477,9.04596e-11,52512
24,978,n1->n99->n98->n57->n83->n23->n21->n20->n19->n17->n85->n58->n68->n22->n74->n75->n76->n30->n31->n29->n11->n13->n12->n14->n96->n94->n51,5.37021e+09|1.57108e+10|1.8266e+13|4.14288e+09|3.76373e+13|4.63033e+10|1.56161e+12|4.0293e+11|2.47533e+11|1.51096e+11|2.02447e+09|8.16696e+09|1.31753e+09|1.47e+10|5.8385e+13|8.71921e+10|4.21804e+13|1.26395e+10|4.79342e+12|3.6336e+13|1.78735e+12|6.60497e+13|9.70597e+10|3.70261e+10|2.51165e+12|1.36531e+10|7.46708e+11,8.19724e+08|4.21389e+09|5.99087e+12|2.05006e+09|2.34723e+13|3.30225e+10|3.02345e+11|1.89646e+11|2.33399e+11|1.57582e+10|2.41326e+08|6.89506e+09|3.10679e+08|9.51029e+09|7.35096e+12|5.29113e+10|1.15782e+13|1.81012e+09|4.42443e+12|1.77292e+13|3.29521e+11|8.87204e+12|2.76143e+10|1.44234e+10|5.36324e+11|1.67171e+09|5.06847e+11,0.000494453|0.00089026|0.000410965|0.000173612|1.86087e-05|0.000277161|0.00096308|5.21063e-05|0.000261527|0.000261059|2.04325e-05|0.000266735|0.000223952|1.77434e-05|0.000875739|0.000766915|1.88608e-05|4.789e-05|0.00024651|0.000125062|5.47786e-05|0.000787814|0.000201974|3.25754e-05|1.2987e-05|2.95455e-05|0.000185382,0.000316017|0.000350126|0.000548485|0.00271581|0.000175452|0.00418014|0.00195589|0.000368678|0.000768065|0.000513001|0.000338175|0.00874893|0.00843573|0.0006856|0.00944671|0.000203965|0.00214239|0.00655588|0.00308746|0.00231296|0.00652494|0.00788063|0.0016732|0.000181646|0.000286765|0.000125263|0.00344885,0.0109342|0.0362414|0.0295222|0.0328142|0.015405|0.00314906|0.00712365|0.0108696|0.0201979|0.0430027|0.0354515|0.0248478|0.0370095|0.0408661|0.0280357|0.0243876|0.00156873|0.00398508|0.0211034|0.0255931|0.00125292|0.0476737|0.0313381|0.0426128|0.0377902|0.00830448|0.0365406,0.000178506|0.0472365|0.0297366|0.0437642|0.038157|0.0470385|0.0414669|0.0181411|0.0291803|0.00442808|0.0266209|0.0481122|0.00589983|0.040072|0.0166219|0.0250863|0.0470058|0.0178703|0.0151027|0.00291922|0.0136412|0.00335145|0.0470205|0.049061|0.0195364|0.0293842|0.0130093,0.973537|0.953794|0.959539|0.983348|0.947801|0.92176|0.971602|0.923215|0.941018|0.974312|0.940474|0.911658|0.984554|0.95984|0.90082|0.936129|0.989289|0.972158|0.943878|0.962742|0.988894|0.954869|0.937315|0.906626|0.951762|0.927471|0.98883,4.63983|3.07459|2.95405|1.93323|4.11052|2.08786|3.14177|4.79469|1.39448|5.11322|4.91715|3.70937|5.26958|0.048646|0.0974208|3.39264|0.578949|5.42296|4.82496|0.0327787|0.923897|5.26639|3.07758|0.762282|0.85792|5.03384|4.04415,66.2586|58.4557|98.2355|50.003|23.518|88.4205|76.7594|86.2435|10.3361|84.7043|90.6886|56.905|15.3326|63.8366|64.3401|63.5216|21.8454|88.6669|70.4589|13.2112|13.9548|56.34|51.9585|54.7186|71.0086|11.2844,0.180129|0.227784|0.190047|0.1911|0.181099|0.232237|0.218425|0.182991|0.172286|0.225161|0.194345|0.185169|0.236297|0.241428|0.220369|0.207806|0.220509|0.215598|0.246199|0.219003|0.189728|0.206669|0.222459|0.208433|0.230021|0.200895,0.323551|0.686264|0.757428|0.161388|0.741177|0.516177|0.515127|0.182796|0.559133|0.880608|0.45102|0.476138|0.655447|0.480684|0.119032|0.844544|0.936019|0.123891|0.415176|0.427028|0.801183|0.285239|0.326911|0.448351|0.131268|0.836539,0.869523,0.801463,0.117836,0.0993652,0.460468,0.534015,0.0732846,0.487967,0.198257,0.921169,51.6436,5.43263e-12,47756,0.887486,41.1981,1.06086e-12,38445,0.895553,0.876428,0.0878307,0.631141,0.996144,0.511517,0.22039,0.459803,0.228135,0.891603,87.9902,7.64954e-10,30733,0.967162,70.4477,9.04596e-11,52512
24,979,n1->n99->n98->n57->n74->n35->n33->n84->n56->n90->n89->n88->n87->n70->n18->n19->n68->n66->n32->n34->n15->n13->n12->n14->n96->n94->n51,5.37021e+09|1.57108e+10|1.8266e+13|4.14288e+09|5.8385e+13|5.77859e+11|3.64323e+13|1.07392e+09|1.1605e+12|1.33273e+11|2.68119e+11|9.00567e+12|7.3435e+12|6.87309e+13|7.59179e+12|2.47533e+11|1.31753e+09|1.10072e+10|1.78367e+12|4.7313e+12|8.77071e+11|6.60497e+13|9.70597e+10|3.70261e+10|2.51165e+12|1.36531e+10|7.46708e+11,8.19724e+08|4.21389e+09|5.99087e+12|2.05006e+09|7.35096e+12|4.88834e+11|6.32377e+12|9.00899e+08|5.65456e+11|6.41526e+10|9.23423e+10|8.66002e+12|2.79916e+12|9.78332e+12|4.11836e+12|2.33399e+11|3.10679e+08|8.7665e+09|1.05491e+12|1.15705e+12|1.06991e+11|8.87204e+12|2.76143e+10|1.44234e+10|5.36324e+11|1.67171e+09|5.06847e+11,0.000494453|0.00089026|0.000410965|0.000173612|0.000875739|0.000412952|1.50316e-05|2.14473e-05|1.7812e-05|0.000319756|3.55201e-05|6.2721e-05|0.000634307|5.13815e-05|2.98936e-05|0.000261527|0.000223952|0.000237659|0.000179959|0.000140889|0.000182949|0.000787814|0.000201974|3.25754e-05|1.2987e-05|2.95455e-05|0.000185382,0.000316017|0.000350126|0.000548485|0.00271581|0.00944671|0.00138752|0.00213059|0.000434313|0.000830638|0.000672662|0.000111435|0.000480267|0.00151267|0.00295865|0.000681499|0.000768065|0.00843573|0.000470269|0.00292552|0.000270551|0.00274771|0.00788063|0.0016732|0.000181646|0.000286765|0.000125263|0.00344885,0.0109342|0.0362414|0.0295222|0.0328142|0.0280357|0.00215298|0.00968695|0.0473575|0.0231698|0.0285929|0.0107812|0.00850464|0.0186268|0.0286141|0.0192976|0.0201979|0.0370095|0.0203827|0.00778345|0.0276207|0.0207315|0.0476737|0.0313381|0.0426128|0.0377902|0.00830448|0.0365406,0.000178506|0.0472365|0.0297366|0.0437642|0.0166219|0.0375959|0.0280967|0.0366447|0.0417641|0.0372754|0.0401575|0.0237676|0.00979507|0.0216638|0.0120519|0.0291803|0.00589983|0.0146278|0.0161829|0.0210615|0.0378122|0.00335145|0.0470205|0.049061|0.0195364|0.0293842|0.0130093,0.973537|0.953794|0.959539|0.983348|0.90082|0.952159|0.923653|0.948551|0.944528|0.984478|0.926416|0.962132|0.977244|0.966653|0.946711|0.941018|0.984554|0.978907|0.953313|0.904866|0.910795|0.954869|0.937315|0.906626|0.951762|0.927471|0.98883,4.63983|3.07459|2.95405|1.93323|0.0974208|5.24666|1.04264|5.42186|2.55597|4.02061|0.0868458|1.9653|2.33192|4.60778|4.38273|1.39448|5.26958|3.10364|0.10397|4.56594|1.89272|5.26639|3.07758|0.762282|0.85792|5.03384|4.04415,66.2586|58.4557|98.2355|95.6836|67.7415|93.5115|59.7094|34.4372|40.6061|12.726|92.4072|57.0974|39.9413|55.8812|34.0839|67.5745|70.8824|27.3217|23.0914|27.3162|66.6304|56.34|51.9585|54.7186|71.0086|11.2844,0.180129|0.227784|0.190047|0.169856|0.161632|0.242679|0.183728|0.222961|0.166746|0.226099|0.203687|0.227675|0.180359|0.234874|0.248409|0.2055|0.16183|0.199785|0.18593|0.231681|0.179788|0.206669|0.222459|0.208433|0.230021|0.200895,0.323551|0.686264|0.757428|0.815246|0.301798|0.487093|0.218166|0.762891|0.163177|0.757755|0.876618|0.396625|0.129355|0.16843|0.983209|0.968257|0.215539|0.769012|0.12287|0.750497|0.275394|0.285239|0.326911|0.448351|0.131268|0.836539,0.869523,0.801463,0.117836,0.0993652,0.460468,0.534015,0.0732846,0.487967,0.198257,0.921169,51.6436,5.43263e-12,47756,0.887486,41.1981,1.06086e-12,38445,0.895553,0.876428,0.0878307,0.631141,0.996144,0.511517,0.22039,0.459803,0.228135,0.891603,87.9902,7.64954e-10,30733,0.967162,70.4477,9.04596e-11,52512
24,980,n1->n20->n96->n97->n27->n29->n30->n76->n78->n44->n42->n63->n82->n80->n81->n83->n85->n58->n68->n22->n21->n23->n77->n93->n92->n94->n51,5.37021e+09|4.0293e+11|2.51165e+12|2.90604e+09|4.19351e+12|3.6336e+13|1.26395e+10|4.21804e+13|3.25238e+10|5.26537e+13|2.42905e+09|6.55204e+12|1.07979e+13|2.45686e+13|2.58887e+10|3.76373e+13|2.02447e+09|8.16696e+09|1.31753e+09|1.47e+10|1.56161e+12|4.63033e+10|5.68112e+11|4.22601e+13|1.97334e+09|1.36531e+10|7.46708e+11,8.19724e+08|1.89646e+11|5.36324e+11|5.04144e+08|8.73344e+11|1.77292e+13|1.81012e+09|1.15782e+13|2.30731e+10|2.86817e+13|2.47264e+08|2.63574e+12|1.66379e+12|2.75437e+12|8.36206e+09|2.34723e+13|2.41326e+08|6.89506e+09|3.10679e+08|9.51029e+09|3.02345e+11|3.30225e+10|3.56307e+11|1.3774e+13|1.46451e+09|1.67171e+09|5.06847e+11,0.000494453|5.21063e-05|1.2987e-05|8.81202e-05|1.08528e-05|0.000125062|4.789e-05|1.88608e-05|0.000270955|0.000124649|8.79758e-05|0.000116235|0.000837919|1.13052e-05|0.000268232|1.86087e-05|2.04325e-05|0.000266735|0.000223952|1.77434e-05|0.00096308|0.000277161|8.49487e-05|8.45967e-05|2.75832e-05|2.95455e-05|0.000185382,0.000316017|0.000368678|0.000286765|0.00494291|0.00262605|0.00231296|0.00655588|0.00214239|0.00167497|0.00158999|0.000493531|0.00126856|0.00271152|0.000238286|0.000752991|0.000175452|0.000338175|0.00874893|0.00843573|0.0006856|0.00195589|0.00418014|0.000906866|0.000162335|0.0052688|0.000125263|0.00344885,0.0109342|0.0108696|0.0377902|0.0381696|0.0303206|0.0255931|0.00398508|0.00156873|0.00569443|0.0486405|0.00783732|0.0100727|0.0278433|0.00592883|0.0481357|0.015405|0.0354515|0.0248478|0.0370095|0.0408661|0.00712365|0.00314906|0.04851|0.0108045|0.0444618|0.00830448|0.0365406,0.000178506|0.0181411|0.0195364|0.00800322|0.0230682|0.00291922|0.0178703|0.0470058|0.0425349|0.00764508|0.0327962|0.0107197|0.0266174|0.0262948|0.00997263|0.038157|0.0266209|0.0481122|0.00589983|0.040072|0.0414669|0.0470385|0.0115254|0.0326183|0.0387741|0.0293842|0.0130093,0.973537|0.923215|0.951762|0.90679|0.985376|0.962742|0.972158|0.989289|0.92832|0.932977|0.960936|0.903245|0.934435|0.919013|0.948836|0.947801|0.940474|0.911658|0.984554|0.95984|0.971602|0.92176|0.949999|0.912097|0.987763|0.927471|0.98883,4.63983|4.79469|0.85792|1.41691|4.5695|0.0327787|5.42296|0.578949|3.3614|2.64532|0.765875|4.68449|0.132111|0.100836|1.5908|4.11052|4.91715|3.70937|5.26958|0.048646|3.14177|2.08786|0.722366|5.92115|6.03913|5.03384|4.04415,90.7492|58.7029|37.9513|31.5608|49.6282|29.3504|21.8454|69.3348|88.5528|21.0603|97.0433|48.6997|47.0365|15.5679|78.7627|92.2019|90.6886|56.905|15.3326|55.6995|88.4205|39.0733|51.9256|61.035|13.5087|11.2844,0.215706|0.201188|0.246589|0.219936|0.180772|0.179657|0.220509|0.194827|0.200088|0.23095|0.211509|0.175742|0.231931|0.212149|0.170031|0.231254|0.194345|0.185169|0.236297|0.206062|0.232237|0.178948|0.247077|0.21409|0.230182|0.200895,0.53635|0.666395|0.157157|0.557853|0.511755|0.887943|0.936019|0.93416|0.134865|0.399278|0.758395|0.4301|0.796307|0.870283|0.530775|0.604504|0.45102|0.476138|0.655447|0.677391|0.516177|0.23533|0.469529|0.722832|0.731663|0.836539,0.869523,0.801463,0.117836,0.0993652,0.460468,0.534015,0.0732846,0.487967,0.198257,0.921169,51.6436,5.43263e-12,47756,0.887486,41.1981,1.06086e-12,38445,0.895553,0.876428,0.0878307,0.631141,0.996144,0.511517,0.22039,0.459803,0.228135,0.891603,87.9902,7.64954e-10,30733,0.967162,70.4477,9.04596e-11,52512
24,981,n1->n20->n18->n19->n68->n66->n32->n30->n29->n27->n4->n2->n100->n73->n10->n8->n7->n5->n65->n85->n83->n84->n56->n55->n53->n52->n51,5.37021e+09|4.0293e+11|7.59179e+12|2.47533e+11|1.31753e+09|1.10072e+10|1.78367e+12|1.26395e+10|3.6336e+13|4.19351e+12|7.07339e+12|5.94248e+10|4.01966e+09|1.41706e+11|2.49624e+09|4.61239e+13|3.81012e+11|2.91995e+11|1.12599e+09|2.02447e+09|3.76373e+13|1.07392e+09|1.1605e+12|8.84081e+12|4.60474e+10|1.02428e+10|7.46708e+11,8.19724e+08|1.89646e+11|4.11836e+12|2.33399e+11|3.10679e+08|8.7665e+09|1.05491e+12|1.81012e+09|1.77292e+13|8.73344e+11|2.43435e+12|3.74975e+10|2.27749e+09|5.76853e+10|7.32581e+08|1.04208e+13|6.70334e+10|4.67133e+10|3.2906e+08|2.41326e+08|2.34723e+13|9.00899e+08|5.65456e+11|4.69454e+12|3.18273e+10|2.07235e+09|5.06847e+11,0.000494453|5.21063e-05|2.98936e-05|0.000261527|0.000223952|0.000237659|0.000179959|4.789e-05|0.000125062|1.08528e-05|0.000113681|1.10648e-05|0.000665246|6.32916e-05|6.27016e-05|6.6054e-05|0.000475679|7.03031e-05|1.96575e-05|2.04325e-05|1.86087e-05|2.14473e-05|1.7812e-05|4.06274e-05|2.00633e-05|0.00011644|0.000185382,0.000316017|0.000368678|0.000681499|0.000768065|0.00843573|0.000470269|0.00292552|0.00655588|0.00231296|0.00262605|0.00198341|0.00120557|0.00914892|0.000807753|0.00113469|0.00522046|0.00104538|0.000196916|0.000428116|0.000338175|0.000175452|0.000434313|0.000830638|0.000128431|0.000509085|0.00580301|0.00344885,0.0109342|0.0108696|0.0192976|0.0201979|0.0370095|0.0203827|0.00778345|0.00398508|0.0255931|0.0303206|0.0350273|0.00369149|0.0100829|0.0455502|0.00597815|0.0318744|0.01754|0.00731162|0.00118659|0.0354515|0.015405|0.0473575|0.0231698|0.00843704|5.21659e-05|0.0398377|0.0365406,0.000178506|0.0181411|0.0120519|0.0291803|0.00589983|0.0146278|0.0161829|0.0178703|0.00291922|0.0230682|0.0273051|0.0127317|0.0460028|0.028193|0.0245713|0.0483133|0.0283975|0.0421608|0.00176737|0.0266209|0.038157|0.0366447|0.0417641|0.0314938|0.00115664|0.0151024|0.0130093,0.973537|0.923215|0.946711|0.941018|0.984554|0.978907|0.953313|0.972158|0.962742|0.985376|0.917619|0.968894|0.935175|0.909539|0.962416|0.975256|0.963898|0.951514|0.967717|0.940474|0.947801|0.948551|0.944528|0.908585|0.913872|0.965406|0.98883,4.63983|4.79469|4.38273|1.39448|5.26958|3.10364|0.10397|5.42296|0.0327787|4.5695|1.56082|4.74216|3.89025|3.29092|1.97158|3.22282|3.51107|4.90362|4.1126|4.91715|4.11052|5.42186|2.55597|3.37071|0.640024|0.0104102|4.04415,90.7492|89.2299|34.0839|67.5745|70.8824|27.3217|69.5993|29.3504|49.6282|52.1141|30.2686|37.015|20.1165|29.3778|99.595|55.4093|37.2729|35.0583|82.5435|92.2019|20.1884|34.4372|95.3312|30.3781|81.3721|83.3731,0.215706|0.247215|0.248409|0.2055|0.16183|0.199785|0.204659|0.179657|0.180772|0.184605|0.239023|0.17211|0.175955|0.202302|0.184434|0.230451|0.176784|0.209201|0.20461|0.231254|0.246081|0.222961|0.167906|0.207992|0.184589|0.197114,0.53635|0.652252|0.983209|0.968257|0.215539|0.769012|0.237533|0.887943|0.511755|0.200735|0.514427|0.315214|0.825877|0.747283|0.703378|0.745697|0.943162|0.297185|0.519435|0.604504|0.599197|0.762891|0.402595|0.646488|0.272111|0.942894,0.869523,0.801463,0.117836,0.0993652,0.460468,0.534015,0.0732846,0.487967,0.198257,0.921169,51.6436,5.43263e-12,47756,0.887486,41.1981,1.06086e-12,38445,0.895553,0.876428,0.0878307,0.631141,0.996144,0.511517,0.22039,0.459803,0.228135,0.891603,87.9902,7.64954e-10,30733,0.967162,70.4477,9.04596e-11,52512
24,982,n1->n20->n21->n22->n74->n35->n33->n32->n66->n68->n17->n19->n18->n16->n38->n37->n65->n52->n53->n54->n40->n42->n63->n15->n29->n50->n51,5.37021e+09|4.0293e+11|1.56161e+12|1.47e+10|5.8385e+13|5.77859e+11|3.64323e+13|1.78367e+12|1.10072e+10|1.31753e+09|1.51096e+11|2.47533e+11|7.59179e+12|1.09193e+13|1.16426e+13|2.79748e+13|1.12599e+09|1.02428e+10|4.60474e+10|2.80961e+11|3.58065e+10|2.42905e+09|6.55204e+12|8.77071e+11|3.6336e+13|2.36425e+09|7.46708e+11,8.19724e+08|1.89646e+11|3.02345e+11|9.51029e+09|7.35096e+12|4.88834e+11|6.32377e+12|1.05491e+12|8.7665e+09|3.10679e+08|1.57582e+10|2.33399e+11|4.11836e+12|1.33827e+12|1.19258e+12|4.96975e+12|3.2906e+08|2.07235e+09|3.18273e+10|2.23178e+11|4.14657e+09|2.47264e+08|2.63574e+12|1.06991e+11|1.77292e+13|4.07889e+08|5.06847e+11,0.000494453|5.21063e-05|0.00096308|1.77434e-05|0.000875739|0.000412952|1.50316e-05|0.000179959|0.000237659|0.000223952|0.000261059|0.000261527|2.98936e-05|3.71682e-05|1.04425e-05|1.06248e-05|1.96575e-05|0.00011644|2.00633e-05|1.47667e-05|6.01341e-05|8.79758e-05|0.000116235|0.000182949|0.000125062|1.54283e-05|0.000185382,0.000316017|0.000368678|0.00195589|0.0006856|0.00944671|0.00138752|0.00213059|0.00292552|0.000470269|0.00843573|0.000513001|0.000768065|0.000681499|0.00174713|0.00950649|0.000261291|0.000428116|0.00580301|0.000509085|0.00549128|0.00268841|0.000493531|0.00126856|0.00274771|0.00231296|0.00907722|0.00344885,0.0109342|0.0108696|0.00712365|0.0408661|0.0280357|0.00215298|0.00968695|0.00778345|0.0203827|0.0370095|0.0430027|0.0201979|0.0192976|0.0123696|0.0263713|0.0457563|0.00118659|0.0398377|5.21659e-05|0.0334079|0.0249103|0.00783732|0.0100727|0.0207315|0.0255931|0.00638914|0.0365406,0.000178506|0.0181411|0.0414669|0.040072|0.0166219|0.0375959|0.0280967|0.0161829|0.0146278|0.00589983|0.00442808|0.0291803|0.0120519|0.0240438|0.00318517|0.0105712|0.00176737|0.0151024|0.00115664|0.00844474|0.033399|0.0327962|0.0107197|0.0378122|0.00291922|0.0483596|0.0130093,0.973537|0.923215|0.971602|0.95984|0.90082|0.952159|0.923653|0.953313|0.978907|0.984554|0.974312|0.941018|0.946711|0.979533|0.902547|0.964079|0.967717|0.965406|0.913872|0.927525|0.920308|0.960936|0.903245|0.910795|0.962742|0.910708|0.98883,4.63983|4.79469|3.14177|0.048646|0.0974208|5.24666|1.04264|0.10397|3.10364|5.26958|5.11322|1.39448|4.38273|1.69436|5.09423|4.96174|4.1126|0.0104102|0.640024|1.22009|2.50002|0.765875|4.68449|1.89272|0.0327787|5.41755|4.04415,90.7492|76.7594|55.6995|63.8366|67.7415|93.5115|61.2747|27.3217|70.8824|23.9015|10.3361|34.0839|72.2829|28.0546|46.986|13.4252|56.1703|81.3721|75.3264|12.2677|77.6192|97.0433|11.0615|32.2763|37.0378|82.9474,0.215706|0.218425|0.206062|0.241428|0.161632|0.242679|0.208144|0.199785|0.16183|0.236806|0.172286|0.248409|0.180241|0.17367|0.170599|0.230756|0.247907|0.184589|0.191357|0.248162|0.243521|0.211509|0.214255|0.240047|0.191256|0.24308,0.53635|0.515127|0.677391|0.480684|0.301798|0.487093|0.704271|0.769012|0.215539|0.2818|0.559133|0.983209|0.553025|0.828443|0.662799|0.986996|0.827328|0.272111|0.567841|0.812759|0.14346|0.758395|0.692153|0.895675|0.182586|0.624607,0.869523,0.801463,0.117836,0.0993652,0.460468,0.534015,0.0732846,0.487967,0.198257,0.921169,51.6436,5.43263e-12,47756,0.887486,41.1981,1.06086e-12,38445,0.895553,0.876428,0.0878307,0.631141,0.996144,0.511517,0.22039,0.459803,0.228135,0.891603,87.9902,7.64954e-10,30733,0.967162,70.4477,9.04596e-11,52512
24,983,n1->n20->n19->n18->n17->n68->n22->n21->n67->n38->n39->n37->n81->n83->n23->n77->n72->n71->n75->n76->n86->n87->n88->n89->n48->n50->n51,5.37021e+09|4.0293e+11|2.47533e+11|7.59179e+12|1.51096e+11|1.31753e+09|1.47e+10|1.56161e+12|4.7483e+09|1.16426e+13|3.34792e+13|2.79748e+13|2.58887e+10|3.76373e+13|4.63033e+10|5.68112e+11|6.83442e+09|7.70008e+11|8.71921e+10|4.21804e+13|3.85304e+10|7.3435e+12|9.00567e+12|2.68119e+11|3.98001e+12|2.36425e+09|7.46708e+11,8.19724e+08|1.89646e+11|2.33399e+11|4.11836e+12|1.57582e+10|3.10679e+08|9.51029e+09|3.02345e+11|7.5553e+08|1.19258e+12|1.12013e+13|4.96975e+12|8.36206e+09|2.34723e+13|3.30225e+10|3.56307e+11|1.48353e+09|1.60546e+11|5.29113e+10|1.15782e+13|4.69095e+09|2.79916e+12|8.66002e+12|9.23423e+10|1.69514e+12|4.07889e+08|5.06847e+11,0.000494453|5.21063e-05|0.000261527|2.98936e-05|0.000261059|0.000223952|1.77434e-05|0.00096308|3.91885e-05|1.04425e-05|5.53896e-05|1.06248e-05|0.000268232|1.86087e-05|0.000277161|8.49487e-05|0.000159499|0.00017279|0.000766915|1.88608e-05|6.21631e-05|0.000634307|6.2721e-05|3.55201e-05|4.78153e-05|1.54283e-05|0.000185382,0.000316017|0.000368678|0.000768065|0.000681499|0.000513001|0.00843573|0.0006856|0.00195589|0.000640186|0.00950649|0.0025393|0.000261291|0.000752991|0.000175452|0.00418014|0.000906866|0.00384342|0.00123164|0.000203965|0.00214239|0.00341054|0.00151267|0.000480267|0.000111435|0.00544009|0.00907722|0.00344885,0.0109342|0.0108696|0.0201979|0.0192976|0.0430027|0.0370095|0.0408661|0.00712365|0.029632|0.0263713|0.00111942|0.0457563|0.0481357|0.015405|0.00314906|0.04851|0.0479977|0.0398828|0.0243876|0.00156873|0.0237043|0.0186268|0.00850464|0.0107812|0.0455031|0.00638914|0.0365406,0.000178506|0.0181411|0.0291803|0.0120519|0.00442808|0.00589983|0.040072|0.0414669|0.0482082|0.00318517|0.0449458|0.0105712|0.00997263|0.038157|0.0470385|0.0115254|0.0299903|0.0326729|0.0250863|0.0470058|0.0488574|0.00979507|0.0237676|0.0401575|0.0360942|0.0483596|0.0130093,0.973537|0.923215|0.941018|0.946711|0.974312|0.984554|0.95984|0.971602|0.924883|0.902547|0.924329|0.964079|0.948836|0.947801|0.92176|0.949999|0.96924|0.947193|0.936129|0.989289|0.981332|0.977244|0.962132|0.926416|0.967439|0.910708|0.98883,4.63983|4.79469|1.39448|4.38273|5.11322|5.26958|0.048646|3.14177|2.06342|5.09423|1.19952|4.96174|1.5908|4.11052|2.08786|0.722366|3.90463|0.117525|3.39264|0.578949|4.96971|2.33192|1.9653|0.0868458|3.09858|5.41755|4.04415,90.7492|86.2435|34.0839|43.2583|23.9015|15.3326|55.6995|42.5138|59.2872|52.0957|31.554|88.8597|78.7627|23.518|39.0733|92.3918|45.8448|14.5634|63.5216|37.5994|88.9922|57.0974|92.4072|94.0077|23.5956|82.9474,0.215706|0.182991|0.248409|0.218822|0.236806|0.236297|0.206062|0.197352|0.200548|0.199024|0.195005|0.211898|0.170031|0.181099|0.178948|0.167022|0.218487|0.169453|0.207806|0.17745|0.246364|0.227675|0.203687|0.234363|0.191801|0.24308,0.53635|0.182796|0.983209|0.981182|0.2818|0.655447|0.677391|0.602799|0.127053|0.46236|0.711047|0.430076|0.530775|0.741177|0.23533|0.776051|0.29317|0.275247|0.844544|0.871942|0.83582|0.396625|0.876618|0.948873|0.688345|0.624607,0.869523,0.801463,0.117836,0.0993652,0.460468,0.534015,0.0732846,0.487967,0.198257,0.921169,51.6436,5.43263e-12,47756,0.887486,41.1981,1.06086e-12,38445,0.895553,0.876428,0.0878307,0.631141,0.996144,0.511517,0.22039,0.459803,0.228135,0.891603,87.9902,7.64954e-10,30733,0.967162,70.4477,9.04596e-11,52512
24,984,n1->n99->n98->n57->n74->n22->n68->n19->n20->n89->n48->n46->n47->n45->n72->n70->n18->n17->n85->n83->n81->n37->n38->n67->n64->n49->n51,5.37021e+09|1.57108e+10|1.8266e+13|4.14288e+09|5.8385e+13|1.47e+10|1.31753e+09|2.47533e+11|4.0293e+11|2.68119e+11|3.98001e+12|5.53417e+12|4.74236e+11|8.38488e+13|6.83442e+09|6.87309e+13|7.59179e+12|1.51096e+11|2.02447e+09|3.76373e+13|2.58887e+10|2.79748e+13|1.16426e+13|4.7483e+09|4.21034e+09|2.45005e+09|7.46708e+11,8.19724e+08|4.21389e+09|5.99087e+12|2.05006e+09|7.35096e+12|9.51029e+09|3.10679e+08|2.33399e+11|1.89646e+11|9.23423e+10|1.69514e+12|1.63629e+12|1.54765e+11|1.01787e+13|1.48353e+09|9.78332e+12|4.11836e+12|1.57582e+10|2.41326e+08|2.34723e+13|8.36206e+09|4.96975e+12|1.19258e+12|7.5553e+08|1.60867e+09|2.44458e+09|5.06847e+11,0.000494453|0.00089026|0.000410965|0.000173612|0.000875739|1.77434e-05|0.000223952|0.000261527|5.21063e-05|3.55201e-05|4.78153e-05|0.000489732|0.000202873|1.67225e-05|0.000159499|5.13815e-05|2.98936e-05|0.000261059|2.04325e-05|1.86087e-05|0.000268232|1.06248e-05|1.04425e-05|3.91885e-05|1.88732e-05|1.07426e-05|0.000185382,0.000316017|0.000350126|0.000548485|0.00271581|0.00944671|0.0006856|0.00843573|0.000768065|0.000368678|0.000111435|0.00544009|0.000159088|0.000266598|0.000742576|0.00384342|0.00295865|0.000681499|0.000513001|0.000338175|0.000175452|0.000752991|0.000261291|0.00950649|0.000640186|0.000135861|0.000979027|0.00344885,0.0109342|0.0362414|0.0295222|0.0328142|0.0280357|0.0408661|0.0370095|0.0201979|0.0108696|0.0107812|0.0455031|0.029055|0.00898217|0.00846218|0.0479977|0.0286141|0.0192976|0.0430027|0.0354515|0.015405|0.0481357|0.0457563|0.0263713|0.029632|0.0266797|0.0183567|0.0365406,0.000178506|0.0472365|0.0297366|0.0437642|0.0166219|0.040072|0.00589983|0.0291803|0.0181411|0.0401575|0.0360942|0.0302566|0.0488958|0.0342415|0.0299903|0.0216638|0.0120519|0.00442808|0.0266209|0.038157|0.00997263|0.0105712|0.00318517|0.0482082|0.0436548|0.0388066|0.0130093,0.973537|0.953794|0.959539|0.983348|0.90082|0.95984|0.984554|0.941018|0.923215|0.926416|0.967439|0.923372|0.9108|0.934264|0.96924|0.966653|0.946711|0.974312|0.940474|0.947801|0.948836|0.964079|0.902547|0.924883|0.933821|0.969899|0.98883,4.63983|3.07459|2.95405|1.93323|0.0974208|0.048646|5.26958|1.39448|4.79469|0.0868458|3.09858|0.31178|6.27947|5.31688|3.90463|4.60778|4.38273|5.11322|4.91715|4.11052|1.5908|4.96174|5.09423|2.06342|5.77568|3.94615|4.04415,66.2586|58.4557|98.2355|95.6836|63.8366|15.3326|67.5745|86.2435|18.2346|94.0077|41.9872|71.5316|40.979|63.1262|97.4405|55.8812|43.2583|84.7043|92.2019|78.7627|88.8597|46.986|59.2872|95.5844|77.768|10.4661,0.180129|0.227784|0.190047|0.169856|0.241428|0.236297|0.2055|0.182991|0.231355|0.234363|0.178665|0.196056|0.216949|0.243732|0.180102|0.234874|0.218822|0.225161|0.231254|0.170031|0.211898|0.170599|0.200548|0.248978|0.165457|0.216931,0.323551|0.686264|0.757428|0.815246|0.480684|0.655447|0.968257|0.182796|0.595303|0.948873|0.182289|0.758317|0.317946|0.65643|0.79408|0.16843|0.981182|0.880608|0.604504|0.530775|0.430076|0.662799|0.127053|0.480161|0.348083|0.516407,0.869523,0.801463,0.117836,0.0993652,0.460468,0.534015,0.0732846,0.487967,0.198257,0.921169,51.6436,5.43263e-12,47756,0.887486,41.1981,1.06086e-12,38445,0.895553,0.876428,0.0878307,0.631141,0.996144,0.511517,0.22039,0.459803,0.228135,0.891603,87.9902,7.64954e-10,30733,0.967162,70.4477,9.04596e-11,52512
24,985,n1->n99->n97->n95->n82->n80->n78->n85->n65->n64->n93->n91->n92->n94->n96->n14->n12->n8->n7->n2->n4->n27->n26->n47->n48->n50->n51,5.37021e+09|1.57108e+10|2.90604e+09|1.05601e+11|1.07979e+13|2.45686e+13|3.25238e+10|2.02447e+09|1.12599e+09|4.21034e+09|4.22601e+13|2.84652e+12|1.97334e+09|1.36531e+10|2.51165e+12|3.70261e+10|9.70597e+10|4.61239e+13|3.81012e+11|5.94248e+10|7.07339e+12|4.19351e+12|7.09351e+09|4.74236e+11|3.98001e+12|2.36425e+09|7.46708e+11,8.19724e+08|4.21389e+09|5.04144e+08|5.46554e+10|1.66379e+12|2.75437e+12|2.30731e+10|2.41326e+08|3.2906e+08|1.60867e+09|1.3774e+13|3.57264e+11|1.46451e+09|1.67171e+09|5.36324e+11|1.44234e+10|2.76143e+10|1.04208e+13|6.70334e+10|3.74975e+10|2.43435e+12|8.73344e+11|1.31666e+09|1.54765e+11|1.69514e+12|4.07889e+08|5.06847e+11,0.000494453|0.00089026|8.81202e-05|0.000260968|0.000837919|1.13052e-05|0.000270955|2.04325e-05|1.96575e-05|1.88732e-05|8.45967e-05|6.93267e-05|2.75832e-05|2.95455e-05|1.2987e-05|3.25754e-05|0.000201974|6.6054e-05|0.000475679|1.10648e-05|0.000113681|1.08528e-05|3.77967e-05|0.000202873|4.78153e-05|1.54283e-05|0.000185382,0.000316017|0.000350126|0.00494291|0.000186877|0.00271152|0.000238286|0.00167497|0.000338175|0.000428116|0.000135861|0.000162335|0.00599677|0.0052688|0.000125263|0.000286765|0.000181646|0.0016732|0.00522046|0.00104538|0.00120557|0.00198341|0.00262605|0.00522178|0.000266598|0.00544009|0.00907722|0.00344885,0.0109342|0.0362414|0.0381696|0.00282907|0.0278433|0.00592883|0.00569443|0.0354515|0.00118659|0.0266797|0.0108045|0.008036|0.0444618|0.00830448|0.0377902|0.0426128|0.0313381|0.0318744|0.01754|0.00369149|0.0350273|0.0303206|0.0101688|0.00898217|0.0455031|0.00638914|0.0365406,0.000178506|0.0472365|0.00800322|0.0420997|0.0266174|0.0262948|0.0425349|0.0266209|0.00176737|0.0436548|0.0326183|0.015498|0.0387741|0.0293842|0.0195364|0.049061|0.0470205|0.0483133|0.0283975|0.0127317|0.0273051|0.0230682|0.0409649|0.0488958|0.0360942|0.0483596|0.0130093,0.973537|0.953794|0.90679|0.966581|0.934435|0.919013|0.92832|0.940474|0.967717|0.933821|0.912097|0.964407|0.987763|0.927471|0.951762|0.906626|0.937315|0.975256|0.963898|0.968894|0.917619|0.985376|0.981638|0.9108|0.967439|0.910708|0.98883,4.63983|3.07459|1.41691|1.09944|0.132111|0.100836|3.3614|4.91715|4.1126|5.77568|5.92115|5.6679|6.03913|5.03384|0.85792|0.762282|3.07758|3.22282|3.51107|4.74216|1.56082|4.5695|2.91399|6.27947|3.09858|5.41755|4.04415,66.2586|94.4507|11.8968|75.699|47.0365|66.5291|67.1704|82.5435|56.7563|32.5899|26.8753|32.3713|13.5087|71.0086|54.7186|51.9585|81.3396|55.4093|88.6198|30.2686|52.1141|67.4197|70.8805|78.8723|23.5956|82.9474,0.180129|0.168303|0.228013|0.21275|0.231931|0.222935|0.184721|0.20461|0.186349|0.178102|0.203549|0.161013|0.230182|0.230021|0.208433|0.222459|0.186476|0.230451|0.228013|0.239023|0.184605|0.171162|0.189485|0.239998|0.191801|0.24308,0.323551|0.263233|0.342677|0.837867|0.796307|0.109088|0.609732|0.519435|0.927837|0.548301|0.21516|0.940947|0.731663|0.131268|0.448351|0.326911|0.379326|0.745697|0.84397|0.514427|0.200735|0.40751|0.757042|0.300482|0.688345|0.624607,0.869523,0.801463,0.117836,0.0993652,0.460468,0.534015,0.0732846,0.487967,0.198257,0.921169,51.6436,5.43263e-12,47756,0.887486,41.1981,1.06086e-12,38445,0.895553,0.876428,0.0878307,0.631141,0.996144,0.511517,0.22039,0.459803,0.228135,0.891603,87.9902,7.64954e-10,30733,0.967162,70.4477,9.04596e-11,52512
24,986,n1->n99->n97->n95->n82->n84->n33->n6->n12->n13->n14->n75->n71->n72->n45->n44->n42->n40->n54->n53->n55->n56->n90->n59->n60->n50->n51,5.37021e+09|1.57108e+10|2.90604e+09|1.05601e+11|1.07979e+13|1.07392e+09|3.64323e+13|1.14208e+09|9.70597e+10|6.60497e+13|3.70261e+10|8.71921e+10|7.70008e+11|6.83442e+09|8.38488e+13|5.26537e+13|2.42905e+09|3.58065e+10|2.80961e+11|4.60474e+10|8.84081e+12|1.1605e+12|1.33273e+11|3.04563e+11|8.79841e+13|2.36425e+09|7.46708e+11,8.19724e+08|4.21389e+09|5.04144e+08|5.46554e+10|1.66379e+12|9.00899e+08|6.32377e+12|2.20459e+08|2.76143e+10|8.87204e+12|1.44234e+10|5.29113e+10|1.60546e+11|1.48353e+09|1.01787e+13|2.86817e+13|2.47264e+08|4.14657e+09|2.23178e+11|3.18273e+10|4.69454e+12|5.65456e+11|6.41526e+10|3.06423e+10|5.95756e+13|4.07889e+08|5.06847e+11,0.000494453|0.00089026|8.81202e-05|0.000260968|0.000837919|2.14473e-05|1.50316e-05|1.08483e-05|0.000201974|0.000787814|3.25754e-05|0.000766915|0.00017279|0.000159499|1.67225e-05|0.000124649|8.79758e-05|6.01341e-05|1.47667e-05|2.00633e-05|4.06274e-05|1.7812e-05|0.000319756|2.43107e-05|0.000731749|1.54283e-05|0.000185382,0.000316017|0.000350126|0.00494291|0.000186877|0.00271152|0.000434313|0.00213059|0.00010157|0.0016732|0.00788063|0.000181646|0.000203965|0.00123164|0.00384342|0.000742576|0.00158999|0.000493531|0.00268841|0.00549128|0.000509085|0.000128431|0.000830638|0.000672662|0.000202742|0.000248463|0.00907722|0.00344885,0.0109342|0.0362414|0.0381696|0.00282907|0.0278433|0.0473575|0.00968695|0.00160082|0.0313381|0.0476737|0.0426128|0.0243876|0.0398828|0.0479977|0.00846218|0.0486405|0.00783732|0.0249103|0.0334079|5.21659e-05|0.00843704|0.0231698|0.0285929|0.00304046|0.0128442|0.00638914|0.0365406,0.000178506|0.0472365|0.00800322|0.0420997|0.0266174|0.0366447|0.0280967|0.0260762|0.0470205|0.00335145|0.049061|0.0250863|0.0326729|0.0299903|0.0342415|0.00764508|0.0327962|0.033399|0.00844474|0.00115664|0.0314938|0.0417641|0.0372754|0.0474075|0.0431033|0.0483596|0.0130093,0.973537|0.953794|0.90679|0.966581|0.934435|0.948551|0.923653|0.908628|0.937315|0.954869|0.906626|0.936129|0.947193|0.96924|0.934264|0.932977|0.960936|0.920308|0.927525|0.913872|0.908585|0.944528|0.984478|0.99171|0.945549|0.910708|0.98883,4.63983|3.07459|1.41691|1.09944|0.132111|5.42186|1.04264|5.01633|3.07758|5.26639|0.762282|3.39264|0.117525|3.90463|5.31688|2.64532|0.765875|2.50002|1.22009|0.640024|3.37071|2.55597|4.02061|5.60303|4.50487|5.41755|4.04415,66.2586|94.4507|11.8968|75.699|83.37|59.7094|50.0569|32.9383|56.34|92.5451|56.2706|14.5634|45.8448|63.1262|57.1366|21.0603|77.6192|12.2677|75.3264|30.3781|95.3312|40.6061|62.2588|76.8491|22.3088|82.9474,0.180129|0.168303|0.228013|0.21275|0.203763|0.183728|0.19306|0.230728|0.206669|0.191459|0.226178|0.169453|0.218487|0.243732|0.235241|0.23095|0.243521|0.248162|0.191357|0.207992|0.167906|0.166746|0.169222|0.204072|0.190841|0.24308,0.323551|0.263233|0.342677|0.837867|0.808712|0.218166|0.116472|0.628307|0.285239|0.161307|0.725021|0.275247|0.29317|0.65643|0.218954|0.399278|0.14346|0.812759|0.567841|0.646488|0.402595|0.163177|0.361153|0.509755|0.323935|0.624607,0.869523,0.801463,0.117836,0.0993652,0.460468,0.534015,0.0732846,0.487967,0.198257,0.921169,51.6436,5.43263e-12,47756,0.887486,41.1981,1.06086e-12,38445,0.895553,0.876428,0.0878307,0.631141,0.996144,0.511517,0.22039,0.459803,0.228135,0.891603,87.9902,7.64954e-10,30733,0.967162,70.4477,9.04596e-11,52512
24,987,n1->n13->n11->n29->n50->n48->n47->n26->n27->n28->n69->n70->n18->n20->n96->n14->n75->n71->n72->n45->n44->n41->n39->n37->n65->n52->n51,5.37021e+09|6.60497e+13|1.78735e+12|3.6336e+13|2.36425e+09|3.98001e+12|4.74236e+11|7.09351e+09|4.19351e+12|1.34247e+11|8.81277e+09|6.87309e+13|7.59179e+12|4.0293e+11|2.51165e+12|3.70261e+10|8.71921e+10|7.70008e+11|6.83442e+09|8.38488e+13|5.26537e+13|3.95737e+11|3.34792e+13|2.79748e+13|1.12599e+09|1.02428e+10|7.46708e+11,8.19724e+08|8.87204e+12|3.29521e+11|1.77292e+13|4.07889e+08|1.69514e+12|1.54765e+11|1.31666e+09|8.73344e+11|1.51805e+10|7.57626e+09|9.78332e+12|4.11836e+12|1.89646e+11|5.36324e+11|1.44234e+10|5.29113e+10|1.60546e+11|1.48353e+09|1.01787e+13|2.86817e+13|1.47899e+11|1.12013e+13|4.96975e+12|3.2906e+08|2.07235e+09|5.06847e+11,0.000494453|0.000787814|5.47786e-05|0.000125062|1.54283e-05|4.78153e-05|0.000202873|3.77967e-05|1.08528e-05|0.00056516|0.000268039|5.13815e-05|2.98936e-05|5.21063e-05|1.2987e-05|3.25754e-05|0.000766915|0.00017279|0.000159499|1.67225e-05|0.000124649|2.35935e-05|5.53896e-05|1.06248e-05|1.96575e-05|0.00011644|0.000185382,0.000316017|0.00788063|0.00652494|0.00231296|0.00907722|0.00544009|0.000266598|0.00522178|0.00262605|0.0093172|0.00367819|0.00295865|0.000681499|0.000368678|0.000286765|0.000181646|0.000203965|0.00123164|0.00384342|0.000742576|0.00158999|0.00412419|0.0025393|0.000261291|0.000428116|0.00580301|0.00344885,0.0109342|0.0476737|0.00125292|0.0255931|0.00638914|0.0455031|0.00898217|0.0101688|0.0303206|0.0317261|0.022957|0.0286141|0.0192976|0.0108696|0.0377902|0.0426128|0.0243876|0.0398828|0.0479977|0.00846218|0.0486405|0.00451081|0.00111942|0.0457563|0.00118659|0.0398377|0.0365406,0.000178506|0.00335145|0.0136412|0.00291922|0.0483596|0.0360942|0.0488958|0.0409649|0.0230682|0.03841|0.0100342|0.0216638|0.0120519|0.0181411|0.0195364|0.049061|0.0250863|0.0326729|0.0299903|0.0342415|0.00764508|0.00491436|0.0449458|0.0105712|0.00176737|0.0151024|0.0130093,0.973537|0.954869|0.988894|0.962742|0.910708|0.967439|0.9108|0.981638|0.985376|0.948072|0.975915|0.966653|0.946711|0.923215|0.951762|0.906626|0.936129|0.947193|0.96924|0.934264|0.932977|0.923722|0.924329|0.964079|0.967717|0.965406|0.98883,4.63983|5.26639|0.923897|0.0327787|5.41755|3.09858|6.27947|2.91399|4.5695|1.48687|2.99986|4.60778|4.38273|4.79469|0.85792|0.762282|3.39264|0.117525|3.90463|5.31688|2.64532|4.11092|1.19952|4.96174|4.1126|0.0104102|4.04415,79.8117|13.9548|13.2112|37.0378|23.5956|78.8723|70.8805|67.4197|23.5709|97.1045|74.5377|55.8812|89.2299|58.7029|54.7186|56.2706|14.5634|45.8448|63.1262|57.1366|12.7315|38.9947|31.554|13.4252|56.1703|83.3731,0.246796|0.189728|0.219003|0.191256|0.191801|0.239998|0.189485|0.171162|0.207151|0.207556|0.172691|0.234874|0.247215|0.201188|0.208433|0.226178|0.169453|0.218487|0.243732|0.235241|0.246433|0.18226|0.195005|0.230756|0.247907|0.197114,0.338018|0.801183|0.427028|0.182586|0.688345|0.300482|0.757042|0.40751|0.340196|0.438091|0.416585|0.16843|0.652252|0.666395|0.448351|0.725021|0.275247|0.29317|0.65643|0.218954|0.665882|0.988985|0.711047|0.986996|0.827328|0.942894,0.869523,0.801463,0.117836,0.0993652,0.460468,0.534015,0.0732846,0.487967,0.198257,0.921169,51.6436,5.43263e-12,47756,0.887486,41.1981,1.06086e-12,38445,0.895553,0.876428,0.0878307,0.631141,0.996144,0.511517,0.22039,0.459803,0.228135,0.891603,87.9902,7.64954e-10,30733,0.967162,70.4477,9.04596e-11,52512
24,988,n1->n13->n12->n6->n33->n32->n34->n35->n31->n30->n29->n28->n27->n25->n26->n24->n23->n21->n67->n64->n65->n37->n81->n79->n63->n61->n51,5.37021e+09|6.60497e+13|9.70597e+10|1.14208e+09|3.64323e+13|1.78367e+12|4.7313e+12|5.77859e+11|4.79342e+12|1.26395e+10|3.6336e+13|1.34247e+11|4.19351e+12|1.67189e+13|7.09351e+09|1.59557e+13|4.63033e+10|1.56161e+12|4.7483e+09|4.21034e+09|1.12599e+09|2.79748e+13|2.58887e+10|1.47019e+10|6.55204e+12|6.44979e+11|7.46708e+11,8.19724e+08|8.87204e+12|2.76143e+10|2.20459e+08|6.32377e+12|1.05491e+12|1.15705e+12|4.88834e+11|4.42443e+12|1.81012e+09|1.77292e+13|1.51805e+10|8.73344e+11|1.40059e+13|1.31666e+09|4.06569e+12|3.30225e+10|3.02345e+11|7.5553e+08|1.60867e+09|3.2906e+08|4.96975e+12|8.36206e+09|4.87652e+09|2.63574e+12|1.30372e+11|5.06847e+11,0.000494453|0.000787814|0.000201974|1.08483e-05|1.50316e-05|0.000179959|0.000140889|0.000412952|0.00024651|4.789e-05|0.000125062|0.00056516|1.08528e-05|6.30741e-05|3.77967e-05|0.000193265|0.000277161|0.00096308|3.91885e-05|1.88732e-05|1.96575e-05|1.06248e-05|0.000268232|0.000133131|0.000116235|3.71253e-05|0.000185382,0.000316017|0.00788063|0.0016732|0.00010157|0.00213059|0.00292552|0.000270551|0.00138752|0.00308746|0.00655588|0.00231296|0.0093172|0.00262605|0.00294926|0.00522178|0.0012727|0.00418014|0.00195589|0.000640186|0.000135861|0.000428116|0.000261291|0.000752991|0.000479664|0.00126856|0.00313588|0.00344885,0.0109342|0.0476737|0.0313381|0.00160082|0.00968695|0.00778345|0.0276207|0.00215298|0.0211034|0.00398508|0.0255931|0.0317261|0.0303206|0.0195393|0.0101688|0.0433038|0.00314906|0.00712365|0.029632|0.0266797|0.00118659|0.0457563|0.0481357|0.0252961|0.0100727|0.0266048|0.0365406,0.000178506|0.00335145|0.0470205|0.0260762|0.0280967|0.0161829|0.0210615|0.0375959|0.0151027|0.0178703|0.00291922|0.03841|0.0230682|0.0159438|0.0409649|0.00780618|0.0470385|0.0414669|0.0482082|0.0436548|0.00176737|0.0105712|0.00997263|0.0203026|0.0107197|0.0179693|0.0130093,0.973537|0.954869|0.937315|0.908628|0.923653|0.953313|0.904866|0.952159|0.943878|0.972158|0.962742|0.948072|0.985376|0.9023|0.981638|0.90929|0.92176|0.971602|0.924883|0.933821|0.967717|0.964079|0.948836|0.966262|0.903245|0.958619|0.98883,4.63983|5.26639|3.07758|5.01633|1.04264|0.10397|4.56594|5.24666|4.82496|5.42296|0.0327787|1.48687|4.5695|1.57149|2.91399|3.9732|2.08786|3.14177|2.06342|5.77568|4.1126|4.96174|1.5908|3.41737|4.68449|2.63855|4.04415,79.8117|56.34|32.9383|50.0569|61.2747|23.0914|26.2497|91.3525|88.6669|29.3504|18.7034|23.5709|64.4551|63.0993|83.4704|44.8869|88.4205|42.5138|95.5844|56.7563|13.4252|88.8597|26.55|16.1844|47.0482|66.5616,0.246796|0.206669|0.230728|0.19306|0.208144|0.18593|0.244194|0.243038|0.215598|0.179657|0.249902|0.207151|0.242248|0.228799|0.216464|0.161116|0.232237|0.197352|0.248978|0.186349|0.230756|0.211898|0.238834|0.22961|0.167884|0.171721,0.338018|0.285239|0.628307|0.116472|0.704271|0.12287|0.307851|0.658826|0.123891|0.887943|0.259002|0.340196|0.837222|0.359402|0.583168|0.528582|0.516177|0.602799|0.480161|0.927837|0.986996|0.430076|0.957633|0.217843|0.410418|0.235817,0.869523,0.801463,0.117836,0.0993652,0.460468,0.534015,0.0732846,0.487967,0.198257,0.921169,51.6436,5.43263e-12,47756,0.887486,41.1981,1.06086e-12,38445,0.895553,0.876428,0.0878307,0.631141,0.996144,0.511517,0.22039,0.459803,0.228135,0.891603,87.9902,7.64954e-10,30733,0.967162,70.4477,9.04596e-11,52512
24,989,n1->n20->n89->n90->n59->n58->n85->n65->n64->n62->n61->n63->n10->n73->n54->n55->n56->n84->n82->n95->n93->n77->n99->n97->n27->n52->n51,5.37021e+09|4.0293e+11|2.68119e+11|1.33273e+11|3.04563e+11|8.16696e+09|2.02447e+09|1.12599e+09|4.21034e+09|2.37342e+11|6.44979e+11|6.55204e+12|2.49624e+09|1.41706e+11|2.80961e+11|8.84081e+12|1.1605e+12|1.07392e+09|1.07979e+13|1.05601e+11|4.22601e+13|5.68112e+11|1.57108e+10|2.90604e+09|4.19351e+12|1.02428e+10|7.46708e+11,8.19724e+08|1.89646e+11|9.23423e+10|6.41526e+10|3.06423e+10|6.89506e+09|2.41326e+08|3.2906e+08|1.60867e+09|1.13053e+11|1.30372e+11|2.63574e+12|7.32581e+08|5.76853e+10|2.23178e+11|4.69454e+12|5.65456e+11|9.00899e+08|1.66379e+12|5.46554e+10|1.3774e+13|3.56307e+11|4.21389e+09|5.04144e+08|8.73344e+11|2.07235e+09|5.06847e+11,0.000494453|5.21063e-05|3.55201e-05|0.000319756|2.43107e-05|0.000266735|2.04325e-05|1.96575e-05|1.88732e-05|8.24006e-05|3.71253e-05|0.000116235|6.27016e-05|6.32916e-05|1.47667e-05|4.06274e-05|1.7812e-05|2.14473e-05|0.000837919|0.000260968|8.45967e-05|8.49487e-05|0.00089026|8.81202e-05|1.08528e-05|0.00011644|0.000185382,0.000316017|0.000368678|0.000111435|0.000672662|0.000202742|0.00874893|0.000338175|0.000428116|0.000135861|0.00794111|0.00313588|0.00126856|0.00113469|0.000807753|0.00549128|0.000128431|0.000830638|0.000434313|0.00271152|0.000186877|0.000162335|0.000906866|0.000350126|0.00494291|0.00262605|0.00580301|0.00344885,0.0109342|0.0108696|0.0107812|0.0285929|0.00304046|0.0248478|0.0354515|0.00118659|0.0266797|0.0242596|0.0266048|0.0100727|0.00597815|0.0455502|0.0334079|0.00843704|0.0231698|0.0473575|0.0278433|0.00282907|0.0108045|0.04851|0.0362414|0.0381696|0.0303206|0.0398377|0.0365406,0.000178506|0.0181411|0.0401575|0.0372754|0.0474075|0.0481122|0.0266209|0.00176737|0.0436548|0.0480911|0.0179693|0.0107197|0.0245713|0.028193|0.00844474|0.0314938|0.0417641|0.0366447|0.0266174|0.0420997|0.0326183|0.0115254|0.0472365|0.00800322|0.0230682|0.0151024|0.0130093,0.973537|0.923215|0.926416|0.984478|0.99171|0.911658|0.940474|0.967717|0.933821|0.98053|0.958619|0.903245|0.962416|0.909539|0.927525|0.908585|0.944528|0.948551|0.934435|0.966581|0.912097|0.949999|0.953794|0.90679|0.985376|0.965406|0.98883,4.63983|4.79469|0.0868458|4.02061|5.60303|3.70937|4.91715|4.1126|5.77568|5.59786|2.63855|4.68449|1.97158|3.29092|1.22009|3.37071|2.55597|5.42186|0.132111|1.09944|5.92115|0.722366|3.07459|1.41691|4.5695|0.0104102|4.04415,90.7492|18.2346|12.726|62.2588|56.397|90.6886|82.5435|56.7563|93.0484|89.0369|47.0482|65.1286|29.3778|26.1465|27.8669|95.3312|34.4372|83.37|75.699|24.941|51.9256|96.5216|94.4507|31.5608|46.2248|83.3731,0.215706|0.231355|0.226099|0.169222|0.21902|0.194345|0.20461|0.186349|0.176232|0.198053|0.167884|0.203746|0.202302|0.196311|0.169326|0.167906|0.222961|0.203763|0.21275|0.237661|0.247077|0.241387|0.168303|0.219936|0.183493|0.197114,0.53635|0.595303|0.757755|0.361153|0.533324|0.45102|0.519435|0.927837|0.182879|0.704733|0.410418|0.514129|0.747283|0.754315|0.414082|0.402595|0.762891|0.808712|0.837867|0.985064|0.469529|0.664018|0.263233|0.557853|0.657987|0.942894,0.869523,0.801463,0.117836,0.0993652,0.460468,0.534015,0.0732846,0.487967,0.198257,0.921169,51.6436,5.43263e-12,47756,0.887486,41.1981,1.06086e-12,38445,0.895553,0.876428,0.0878307,0.631141,0.996144,0.511517,0.22039,0.459803,0.228135,0.891603,87.9902,7.64954e-10,30733,0.967162,70.4477,9.04596e-11,52512
24,990,n1->n99->n77->n93->n94->n96->n14->n13->n11->n9->n10->n39->n37->n38->n16->n18->n17->n68->n19->n20->n21->n23->n24->n26->n27->n52->n51,5.37021e+09|1.57108e+10|5.68112e+11|4.22601e+13|1.36531e+10|2.51165e+12|3.70261e+10|6.60497e+13|1.78735e+12|1.49139e+12|2.49624e+09|3.34792e+13|2.79748e+13|1.16426e+13|1.09193e+13|7.59179e+12|1.51096e+11|1.31753e+09|2.47533e+11|4.0293e+11|1.56161e+12|4.63033e+10|1.59557e+13|7.09351e+09|4.19351e+12|1.02428e+10|7.46708e+11,8.19724e+08|4.21389e+09|3.56307e+11|1.3774e+13|1.67171e+09|5.36324e+11|1.44234e+10|8.87204e+12|3.29521e+11|3.79906e+11|7.32581e+08|1.12013e+13|4.96975e+12|1.19258e+12|1.33827e+12|4.11836e+12|1.57582e+10|3.10679e+08|2.33399e+11|1.89646e+11|3.02345e+11|3.30225e+10|4.06569e+12|1.31666e+09|8.73344e+11|2.07235e+09|5.06847e+11,0.000494453|0.00089026|8.49487e-05|8.45967e-05|2.95455e-05|1.2987e-05|3.25754e-05|0.000787814|5.47786e-05|1.80008e-05|6.27016e-05|5.53896e-05|1.06248e-05|1.04425e-05|3.71682e-05|2.98936e-05|0.000261059|0.000223952|0.000261527|5.21063e-05|0.00096308|0.000277161|0.000193265|3.77967e-05|1.08528e-05|0.00011644|0.000185382,0.000316017|0.000350126|0.000906866|0.000162335|0.000125263|0.000286765|0.000181646|0.00788063|0.00652494|0.00065196|0.00113469|0.0025393|0.000261291|0.00950649|0.00174713|0.000681499|0.000513001|0.00843573|0.000768065|0.000368678|0.00195589|0.00418014|0.0012727|0.00522178|0.00262605|0.00580301|0.00344885,0.0109342|0.0362414|0.04851|0.0108045|0.00830448|0.0377902|0.0426128|0.0476737|0.00125292|0.0140743|0.00597815|0.00111942|0.0457563|0.0263713|0.0123696|0.0192976|0.0430027|0.0370095|0.0201979|0.0108696|0.00712365|0.00314906|0.0433038|0.0101688|0.0303206|0.0398377|0.0365406,0.000178506|0.0472365|0.0115254|0.0326183|0.0293842|0.0195364|0.049061|0.00335145|0.0136412|0.033904|0.0245713|0.0449458|0.0105712|0.00318517|0.0240438|0.0120519|0.00442808|0.00589983|0.0291803|0.0181411|0.0414669|0.0470385|0.00780618|0.0409649|0.0230682|0.0151024|0.0130093,0.973537|0.953794|0.949999|0.912097|0.927471|0.951762|0.906626|0.954869|0.988894|0.963574|0.962416|0.924329|0.964079|0.902547|0.979533|0.946711|0.974312|0.984554|0.941018|0.923215|0.971602|0.92176|0.90929|0.981638|0.985376|0.965406|0.98883,4.63983|3.07459|0.722366|5.92115|5.03384|0.85792|0.762282|5.26639|0.923897|5.88966|1.97158|1.19952|4.96174|5.09423|1.69436|4.38273|5.11322|5.26958|1.39448|4.79469|3.14177|2.08786|3.9732|2.91399|4.5695|0.0104102|4.04415,66.2586|96.5216|51.9256|63.1349|71.0086|54.7186|92.5451|13.9548|99.0064|65.9961|24.4191|31.554|46.986|28.0546|72.2829|43.2583|23.9015|67.5745|86.2435|76.7594|88.4205|44.8869|83.4704|67.4197|46.2248|83.3731,0.180129|0.241387|0.247077|0.209804|0.230021|0.208433|0.191459|0.189728|0.201409|0.193896|0.239532|0.195005|0.170599|0.17367|0.180241|0.218822|0.236806|0.2055|0.182991|0.218425|0.232237|0.161116|0.216464|0.171162|0.183493|0.197114,0.323551|0.664018|0.469529|0.17375|0.131268|0.448351|0.161307|0.801183|0.439638|0.982181|0.991722|0.711047|0.662799|0.828443|0.553025|0.981182|0.2818|0.968257|0.182796|0.515127|0.516177|0.528582|0.583168|0.40751|0.657987|0.942894,0.869523,0.801463,0.117836,0.0993652,0.460468,0.534015,0.0732846,0.487967,0.198257,0.921169,51.6436,5.43263e-12,47756,0.887486,41.1981,1.06086e-12,38445,0.895553,0.876428,0.0878307,0.631141,0.996144,0.511517,0.22039,0.459803,0.228135,0.891603,87.9902,7.64954e-10,30733,0.967162,70.4477,9.04596e-11,52512
24,991,n1->n13->n11->n9->n10->n73->n71->n75->n76->n30->n29->n50->n60->n62->n64->n67->n38->n36->n34->n15->n63->n79->n81->n37->n65->n52->n51,5.37021e+09|6.60497e+13|1.78735e+12|1.49139e+12|2.49624e+09|1.41706e+11|7.70008e+11|8.71921e+10|4.21804e+13|1.26395e+10|3.6336e+13|2.36425e+09|8.79841e+13|2.37342e+11|4.21034e+09|4.7483e+09|1.16426e+13|7.73972e+11|4.7313e+12|8.77071e+11|6.55204e+12|1.47019e+10|2.58887e+10|2.79748e+13|1.12599e+09|1.02428e+10|7.46708e+11,8.19724e+08|8.87204e+12|3.29521e+11|3.79906e+11|7.32581e+08|5.76853e+10|1.60546e+11|5.29113e+10|1.15782e+13|1.81012e+09|1.77292e+13|4.07889e+08|5.95756e+13|1.13053e+11|1.60867e+09|7.5553e+08|1.19258e+12|7.77593e+10|1.15705e+12|1.06991e+11|2.63574e+12|4.87652e+09|8.36206e+09|4.96975e+12|3.2906e+08|2.07235e+09|5.06847e+11,0.000494453|0.000787814|5.47786e-05|1.80008e-05|6.27016e-05|6.32916e-05|0.00017279|0.000766915|1.88608e-05|4.789e-05|0.000125062|1.54283e-05|0.000731749|8.24006e-05|1.88732e-05|3.91885e-05|1.04425e-05|0.000426407|0.000140889|0.000182949|0.000116235|0.000133131|0.000268232|1.06248e-05|1.96575e-05|0.00011644|0.000185382,0.000316017|0.00788063|0.00652494|0.00065196|0.00113469|0.000807753|0.00123164|0.000203965|0.00214239|0.00655588|0.00231296|0.00907722|0.000248463|0.00794111|0.000135861|0.000640186|0.00950649|0.00396778|0.000270551|0.00274771|0.00126856|0.000479664|0.000752991|0.000261291|0.000428116|0.00580301|0.00344885,0.0109342|0.0476737|0.00125292|0.0140743|0.00597815|0.0455502|0.0398828|0.0243876|0.00156873|0.00398508|0.0255931|0.00638914|0.0128442|0.0242596|0.0266797|0.029632|0.0263713|0.00497013|0.0276207|0.0207315|0.0100727|0.0252961|0.0481357|0.0457563|0.00118659|0.0398377|0.0365406,0.000178506|0.00335145|0.0136412|0.033904|0.0245713|0.028193|0.0326729|0.0250863|0.0470058|0.0178703|0.00291922|0.0483596|0.0431033|0.0480911|0.0436548|0.0482082|0.00318517|0.0341912|0.0210615|0.0378122|0.0107197|0.0203026|0.00997263|0.0105712|0.00176737|0.0151024|0.0130093,0.973537|0.954869|0.988894|0.963574|0.962416|0.909539|0.947193|0.936129|0.989289|0.972158|0.962742|0.910708|0.945549|0.98053|0.933821|0.924883|0.902547|0.94998|0.904866|0.910795|0.903245|0.966262|0.948836|0.964079|0.967717|0.965406|0.98883,4.63983|5.26639|0.923897|5.88966|1.97158|3.29092|0.117525|3.39264|0.578949|5.42296|0.0327787|5.41755|4.50487|5.59786|5.77568|2.06342|5.09423|3.70656|4.56594|1.89272|4.68449|3.41737|1.5908|4.96174|4.1126|0.0104102|4.04415,79.8117|13.9548|99.0064|65.9961|29.3778|28.2621|14.5634|63.5216|21.8454|29.3504|37.0378|22.3088|48.3985|93.0484|95.5844|59.2872|61.2725|89.5651|27.3162|11.0615|16.1844|26.55|88.8597|13.4252|56.1703|83.3731,0.246796|0.189728|0.201409|0.193896|0.202302|0.242769|0.169453|0.207806|0.220509|0.179657|0.191256|0.190841|0.17162|0.176232|0.248978|0.200548|0.204351|0.241996|0.231681|0.214255|0.22961|0.238834|0.211898|0.230756|0.247907|0.197114,0.338018|0.801183|0.439638|0.982181|0.747283|0.940077|0.275247|0.844544|0.936019|0.887943|0.182586|0.323935|0.641887|0.182879|0.480161|0.127053|0.413834|0.265381|0.750497|0.692153|0.217843|0.957633|0.430076|0.986996|0.827328|0.942894,0.869523,0.801463,0.117836,0.0993652,0.460468,0.534015,0.0732846,0.487967,0.198257,0.921169,51.6436,5.43263e-12,47756,0.887486,41.1981,1.06086e-12,38445,0.895553,0.876428,0.0878307,0.631141,0.996144,0.511517,0.22039,0.459803,0.228135,0.891603,87.9902,7.64954e-10,30733,0.967162,70.4477,9.04596e-11,52512
24,992,n1->n13->n14->n75->n74->n22->n21->n23->n24->n26->n25->n27->n97->n99->n77->n72->n70->n87->n86->n76->n78->n44->n43->n45->n47->n49->n51,5.37021e+09|6.60497e+13|3.70261e+10|8.71921e+10|5.8385e+13|1.47e+10|1.56161e+12|4.63033e+10|1.59557e+13|7.09351e+09|1.67189e+13|4.19351e+12|2.90604e+09|1.57108e+10|5.68112e+11|6.83442e+09|6.87309e+13|7.3435e+12|3.85304e+10|4.21804e+13|3.25238e+10|5.26537e+13|1.40931e+10|8.38488e+13|4.74236e+11|2.45005e+09|7.46708e+11,8.19724e+08|8.87204e+12|1.44234e+10|5.29113e+10|7.35096e+12|9.51029e+09|3.02345e+11|3.30225e+10|4.06569e+12|1.31666e+09|1.40059e+13|8.73344e+11|5.04144e+08|4.21389e+09|3.56307e+11|1.48353e+09|9.78332e+12|2.79916e+12|4.69095e+09|1.15782e+13|2.30731e+10|2.86817e+13|3.26577e+09|1.01787e+13|1.54765e+11|2.44458e+09|5.06847e+11,0.000494453|0.000787814|3.25754e-05|0.000766915|0.000875739|1.77434e-05|0.00096308|0.000277161|0.000193265|3.77967e-05|6.30741e-05|1.08528e-05|8.81202e-05|0.00089026|8.49487e-05|0.000159499|5.13815e-05|0.000634307|6.21631e-05|1.88608e-05|0.000270955|0.000124649|0.000955168|1.67225e-05|0.000202873|1.07426e-05|0.000185382,0.000316017|0.00788063|0.000181646|0.000203965|0.00944671|0.0006856|0.00195589|0.00418014|0.0012727|0.00522178|0.00294926|0.00262605|0.00494291|0.000350126|0.000906866|0.00384342|0.00295865|0.00151267|0.00341054|0.00214239|0.00167497|0.00158999|0.00344494|0.000742576|0.000266598|0.000979027|0.00344885,0.0109342|0.0476737|0.0426128|0.0243876|0.0280357|0.0408661|0.00712365|0.00314906|0.0433038|0.0101688|0.0195393|0.0303206|0.0381696|0.0362414|0.04851|0.0479977|0.0286141|0.0186268|0.0237043|0.00156873|0.00569443|0.0486405|0.0168583|0.00846218|0.00898217|0.0183567|0.0365406,0.000178506|0.00335145|0.049061|0.0250863|0.0166219|0.040072|0.0414669|0.0470385|0.00780618|0.0409649|0.0159438|0.0230682|0.00800322|0.0472365|0.0115254|0.0299903|0.0216638|0.00979507|0.0488574|0.0470058|0.0425349|0.00764508|0.0482719|0.0342415|0.0488958|0.0388066|0.0130093,0.973537|0.954869|0.906626|0.936129|0.90082|0.95984|0.971602|0.92176|0.90929|0.981638|0.9023|0.985376|0.90679|0.953794|0.949999|0.96924|0.966653|0.977244|0.981332|0.989289|0.92832|0.932977|0.943219|0.934264|0.9108|0.969899|0.98883,4.63983|5.26639|0.762282|3.39264|0.0974208|0.048646|3.14177|2.08786|3.9732|2.91399|1.57149|4.5695|1.41691|3.07459|0.722366|3.90463|4.60778|2.33192|4.96971|0.578949|3.3614|2.64532|2.3897|5.31688|6.27947|3.94615|4.04415,79.8117|92.5451|56.2706|64.3401|63.8366|55.6995|88.4205|44.8869|83.4704|63.0993|64.4551|31.5608|94.4507|96.5216|92.3918|97.4405|39.9413|88.9922|37.5994|69.3348|88.5528|69.1985|48.5398|40.979|91.8261|10.4661,0.246796|0.191459|0.226178|0.220369|0.241428|0.206062|0.232237|0.161116|0.216464|0.228799|0.242248|0.219936|0.168303|0.241387|0.167022|0.180102|0.180359|0.246364|0.17745|0.194827|0.200088|0.210513|0.218428|0.216949|0.228404|0.216931,0.338018|0.161307|0.725021|0.119032|0.480684|0.677391|0.516177|0.528582|0.583168|0.359402|0.837222|0.557853|0.263233|0.664018|0.776051|0.79408|0.129355|0.83582|0.871942|0.93416|0.134865|0.374145|0.854577|0.317946|0.133861|0.516407,0.869523,0.801463,0.117836,0.0993652,0.460468,0.534015,0.0732846,0.487967,0.198257,0.921169,51.6436,5.43263e-12,47756,0.887486,41.1981,1.06086e-12,38445,0.895553,0.876428,0.0878307,0.631141,0.996144,0.511517,0.22039,0.459803,0.228135,0.891603,87.9902,7.64954e-10,30733,0.967162,70.4477,9.04596e-11,52512
24,993,n1->n99->n97->n95->n82->n54->n73->n75->n74->n57->n55->n56->n84->n85->n17->n68->n58->n59->n50->n29->n30->n76->n69->n28->n27->n52->n51,5.37021e+09|1.57108e+10|2.90604e+09|1.05601e+11|1.07979e+13|2.80961e+11|1.41706e+11|8.71921e+10|5.8385e+13|4.14288e+09|8.84081e+12|1.1605e+12|1.07392e+09|2.02447e+09|1.51096e+11|1.31753e+09|8.16696e+09|3.04563e+11|2.36425e+09|3.6336e+13|1.26395e+10|4.21804e+13|8.81277e+09|1.34247e+11|4.19351e+12|1.02428e+10|7.46708e+11,8.19724e+08|4.21389e+09|5.04144e+08|5.46554e+10|1.66379e+12|2.23178e+11|5.76853e+10|5.29113e+10|7.35096e+12|2.05006e+09|4.69454e+12|5.65456e+11|9.00899e+08|2.41326e+08|1.57582e+10|3.10679e+08|6.89506e+09|3.06423e+10|4.07889e+08|1.77292e+13|1.81012e+09|1.15782e+13|7.57626e+09|1.51805e+10|8.73344e+11|2.07235e+09|5.06847e+11,0.000494453|0.00089026|8.81202e-05|0.000260968|0.000837919|1.47667e-05|6.32916e-05|0.000766915|0.000875739|0.000173612|4.06274e-05|1.7812e-05|2.14473e-05|2.04325e-05|0.000261059|0.000223952|0.000266735|2.43107e-05|1.54283e-05|0.000125062|4.789e-05|1.88608e-05|0.000268039|0.00056516|1.08528e-05|0.00011644|0.000185382,0.000316017|0.000350126|0.00494291|0.000186877|0.00271152|0.00549128|0.000807753|0.000203965|0.00944671|0.00271581|0.000128431|0.000830638|0.000434313|0.000338175|0.000513001|0.00843573|0.00874893|0.000202742|0.00907722|0.00231296|0.00655588|0.00214239|0.00367819|0.0093172|0.00262605|0.00580301|0.00344885,0.0109342|0.0362414|0.0381696|0.00282907|0.0278433|0.0334079|0.0455502|0.0243876|0.0280357|0.0328142|0.00843704|0.0231698|0.0473575|0.0354515|0.0430027|0.0370095|0.0248478|0.00304046|0.00638914|0.0255931|0.00398508|0.00156873|0.022957|0.0317261|0.0303206|0.0398377|0.0365406,0.000178506|0.0472365|0.00800322|0.0420997|0.0266174|0.00844474|0.028193|0.0250863|0.0166219|0.0437642|0.0314938|0.0417641|0.0366447|0.0266209|0.00442808|0.00589983|0.0481122|0.0474075|0.0483596|0.00291922|0.0178703|0.0470058|0.0100342|0.03841|0.0230682|0.0151024|0.0130093,0.973537|0.953794|0.90679|0.966581|0.934435|0.927525|0.909539|0.936129|0.90082|0.983348|0.908585|0.944528|0.948551|0.940474|0.974312|0.984554|0.911658|0.99171|0.910708|0.962742|0.972158|0.989289|0.975915|0.948072|0.985376|0.965406|0.98883,4.63983|3.07459|1.41691|1.09944|0.132111|1.22009|3.29092|3.39264|0.0974208|1.93323|3.37071|2.55597|5.42186|4.91715|5.11322|5.26958|3.70937|5.60303|5.41755|0.0327787|5.42296|0.578949|2.99986|1.48687|4.5695|0.0104102|4.04415,66.2586|94.4507|11.8968|75.699|41.1455|26.1465|85.6152|64.3401|95.6836|61.5999|95.3312|34.4372|82.1833|84.7043|23.9015|56.905|56.397|47.7013|37.0378|29.3504|21.8454|66.666|97.1045|23.5709|46.2248|83.3731,0.180129|0.168303|0.228013|0.21275|0.242874|0.196311|0.185893|0.220369|0.169856|0.220389|0.167906|0.222961|0.216313|0.225161|0.236806|0.185169|0.21902|0.170229|0.191256|0.179657|0.220509|0.212271|0.207556|0.207151|0.183493|0.197114,0.323551|0.263233|0.342677|0.837867|0.378494|0.754315|0.624191|0.119032|0.815246|0.549818|0.402595|0.762891|0.528406|0.880608|0.2818|0.476138|0.533324|0.776444|0.182586|0.887943|0.936019|0.890059|0.438091|0.340196|0.657987|0.942894,0.869523,0.801463,0.117836,0.0993652,0.460468,0.534015,0.0732846,0.487967,0.198257,0.921169,51.6436,5.43263e-12,47756,0.887486,41.1981,1.06086e-12,38445,0.895553,0.876428,0.0878307,0.631141,0.996144,0.511517,0.22039,0.459803,0.228135,0.891603,87.9902,7.64954e-10,30733,0.967162,70.4477,9.04596e-11,52512
24,994,n1->n13->n15->n63->n10->n8->n12->n14->n96->n94->n93->n64->n67->n38->n36->n34->n32->n66->n68->n58->n59->n60->n50->n48->n47->n49->n51,5.37021e+09|6.60497e+13|8.77071e+11|6.55204e+12|2.49624e+09|4.61239e+13|9.70597e+10|3.70261e+10|2.51165e+12|1.36531e+10|4.22601e+13|4.21034e+09|4.7483e+09|1.16426e+13|7.73972e+11|4.7313e+12|1.78367e+12|1.10072e+10|1.31753e+09|8.16696e+09|3.04563e+11|8.79841e+13|2.36425e+09|3.98001e+12|4.74236e+11|2.45005e+09|7.46708e+11,8.19724e+08|8.87204e+12|1.06991e+11|2.63574e+12|7.32581e+08|1.04208e+13|2.76143e+10|1.44234e+10|5.36324e+11|1.67171e+09|1.3774e+13|1.60867e+09|7.5553e+08|1.19258e+12|7.77593e+10|1.15705e+12|1.05491e+12|8.7665e+09|3.10679e+08|6.89506e+09|3.06423e+10|5.95756e+13|4.07889e+08|1.69514e+12|1.54765e+11|2.44458e+09|5.06847e+11,0.000494453|0.000787814|0.000182949|0.000116235|6.27016e-05|6.6054e-05|0.000201974|3.25754e-05|1.2987e-05|2.95455e-05|8.45967e-05|1.88732e-05|3.91885e-05|1.04425e-05|0.000426407|0.000140889|0.000179959|0.000237659|0.000223952|0.000266735|2.43107e-05|0.000731749|1.54283e-05|4.78153e-05|0.000202873|1.07426e-05|0.000185382,0.000316017|0.00788063|0.00274771|0.00126856|0.00113469|0.00522046|0.0016732|0.000181646|0.000286765|0.000125263|0.000162335|0.000135861|0.000640186|0.00950649|0.00396778|0.000270551|0.00292552|0.000470269|0.00843573|0.00874893|0.000202742|0.000248463|0.00907722|0.00544009|0.000266598|0.000979027|0.00344885,0.0109342|0.0476737|0.0207315|0.0100727|0.00597815|0.0318744|0.0313381|0.0426128|0.0377902|0.00830448|0.0108045|0.0266797|0.029632|0.0263713|0.00497013|0.0276207|0.00778345|0.0203827|0.0370095|0.0248478|0.00304046|0.0128442|0.00638914|0.0455031|0.00898217|0.0183567|0.0365406,0.000178506|0.00335145|0.0378122|0.0107197|0.0245713|0.0483133|0.0470205|0.049061|0.0195364|0.0293842|0.0326183|0.0436548|0.0482082|0.00318517|0.0341912|0.0210615|0.0161829|0.0146278|0.00589983|0.0481122|0.0474075|0.0431033|0.0483596|0.0360942|0.0488958|0.0388066|0.0130093,0.973537|0.954869|0.910795|0.903245|0.962416|0.975256|0.937315|0.906626|0.951762|0.927471|0.912097|0.933821|0.924883|0.902547|0.94998|0.904866|0.953313|0.978907|0.984554|0.911658|0.99171|0.945549|0.910708|0.967439|0.9108|0.969899|0.98883,4.63983|5.26639|1.89272|4.68449|1.97158|3.22282|3.07758|0.762282|0.85792|5.03384|5.92115|5.77568|2.06342|5.09423|3.70656|4.56594|0.10397|3.10364|5.26958|3.70937|5.60303|4.50487|5.41755|3.09858|6.27947|3.94615|4.04415,79.8117|66.6304|11.0615|65.1286|99.595|81.3396|51.9585|54.7186|71.0086|63.1349|32.5899|95.5844|59.2872|61.2725|89.5651|23.0914|27.3217|70.8824|56.905|56.397|76.8491|22.3088|23.5956|78.8723|91.8261|10.4661,0.246796|0.179788|0.214255|0.203746|0.184434|0.186476|0.222459|0.208433|0.230021|0.209804|0.178102|0.248978|0.200548|0.204351|0.241996|0.18593|0.199785|0.16183|0.185169|0.21902|0.204072|0.190841|0.191801|0.239998|0.228404|0.216931,0.338018|0.275394|0.692153|0.514129|0.703378|0.379326|0.326911|0.448351|0.131268|0.17375|0.548301|0.480161|0.127053|0.413834|0.265381|0.12287|0.769012|0.215539|0.476138|0.533324|0.509755|0.323935|0.688345|0.300482|0.133861|0.516407,0.869523,0.801463,0.117836,0.0993652,0.460468,0.534015,0.0732846,0.487967,0.198257,0.921169,51.6436,5.43263e-12,47756,0.887486,41.1981,1.06086e-12,38445,0.895553,0.876428,0.0878307,0.631141,0.996144,0.511517,0.22039,0.459803,0.228135,0.891603,87.9902,7.64954e-10,30733,0.967162,70.4477,9.04596e-11,52512
24,995,n1->n99->n98->n57->n55->n53->n52->n65->n64->n93->n94->n96->n97->n27->n28->n29->n31->n35->n74->n22->n21->n23->n24->n26->n47->n49->n51,5.37021e+09|1.57108e+10|1.8266e+13|4.14288e+09|8.84081e+12|4.60474e+10|1.02428e+10|1.12599e+09|4.21034e+09|4.22601e+13|1.36531e+10|2.51165e+12|2.90604e+09|4.19351e+12|1.34247e+11|3.6336e+13|4.79342e+12|5.77859e+11|5.8385e+13|1.47e+10|1.56161e+12|4.63033e+10|1.59557e+13|7.09351e+09|4.74236e+11|2.45005e+09|7.46708e+11,8.19724e+08|4.21389e+09|5.99087e+12|2.05006e+09|4.69454e+12|3.18273e+10|2.07235e+09|3.2906e+08|1.60867e+09|1.3774e+13|1.67171e+09|5.36324e+11|5.04144e+08|8.73344e+11|1.51805e+10|1.77292e+13|4.42443e+12|4.88834e+11|7.35096e+12|9.51029e+09|3.02345e+11|3.30225e+10|4.06569e+12|1.31666e+09|1.54765e+11|2.44458e+09|5.06847e+11,0.000494453|0.00089026|0.000410965|0.000173612|4.06274e-05|2.00633e-05|0.00011644|1.96575e-05|1.88732e-05|8.45967e-05|2.95455e-05|1.2987e-05|8.81202e-05|1.08528e-05|0.00056516|0.000125062|0.00024651|0.000412952|0.000875739|1.77434e-05|0.00096308|0.000277161|0.000193265|3.77967e-05|0.000202873|1.07426e-05|0.000185382,0.000316017|0.000350126|0.000548485|0.00271581|0.000128431|0.000509085|0.00580301|0.000428116|0.000135861|0.000162335|0.000125263|0.000286765|0.00494291|0.00262605|0.0093172|0.00231296|0.00308746|0.00138752|0.00944671|0.0006856|0.00195589|0.00418014|0.0012727|0.00522178|0.000266598|0.000979027|0.00344885,0.0109342|0.0362414|0.0295222|0.0328142|0.00843704|5.21659e-05|0.0398377|0.00118659|0.0266797|0.0108045|0.00830448|0.0377902|0.0381696|0.0303206|0.0317261|0.0255931|0.0211034|0.00215298|0.0280357|0.0408661|0.00712365|0.00314906|0.0433038|0.0101688|0.00898217|0.0183567|0.0365406,0.000178506|0.0472365|0.0297366|0.0437642|0.0314938|0.00115664|0.0151024|0.00176737|0.0436548|0.0326183|0.0293842|0.0195364|0.00800322|0.0230682|0.03841|0.00291922|0.0151027|0.0375959|0.0166219|0.040072|0.0414669|0.0470385|0.00780618|0.0409649|0.0488958|0.0388066|0.0130093,0.973537|0.953794|0.959539|0.983348|0.908585|0.913872|0.965406|0.967717|0.933821|0.912097|0.927471|0.951762|0.90679|0.985376|0.948072|0.962742|0.943878|0.952159|0.90082|0.95984|0.971602|0.92176|0.90929|0.981638|0.9108|0.969899|0.98883,4.63983|3.07459|2.95405|1.93323|3.37071|0.640024|0.0104102|4.1126|5.77568|5.92115|5.03384|0.85792|1.41691|4.5695|1.48687|0.0327787|4.82496|5.24666|0.0974208|0.048646|3.14177|2.08786|3.9732|2.91399|6.27947|3.94615|4.04415,66.2586|58.4557|98.2355|61.5999|30.3781|81.3721|56.1703|56.7563|32.5899|63.1349|71.0086|37.9513|31.5608|23.5709|18.7034|70.4589|91.3525|67.7415|63.8366|55.6995|88.4205|44.8869|83.4704|70.8805|91.8261|10.4661,0.180129|0.227784|0.190047|0.220389|0.207992|0.184589|0.247907|0.186349|0.178102|0.209804|0.230021|0.246589|0.219936|0.207151|0.249902|0.246199|0.243038|0.161632|0.241428|0.206062|0.232237|0.161116|0.216464|0.189485|0.228404|0.216931,0.323551|0.686264|0.757428|0.549818|0.646488|0.272111|0.827328|0.927837|0.548301|0.17375|0.131268|0.157157|0.557853|0.340196|0.259002|0.415176|0.658826|0.301798|0.480684|0.677391|0.516177|0.528582|0.583168|0.757042|0.133861|0.516407,0.869523,0.801463,0.117836,0.0993652,0.460468,0.534015,0.0732846,0.487967,0.198257,0.921169,51.6436,5.43263e-12,47756,0.887486,41.1981,1.06086e-12,38445,0.895553,0.876428,0.0878307,0.631141,0.996144,0.511517,0.22039,0.459803,0.228135,0.891603,87.9902,7.64954e-10,30733,0.967162,70.4477,9.04596e-11,52512
24,996,n1->n13->n15->n63->n10->n9->n11->n29->n28->n69->n70->n87->n86->n76->n78->n85->n65->n52->n53->n54->n73->n71->n24->n26->n47->n49->n51,5.37021e+09|6.60497e+13|8.77071e+11|6.55204e+12|2.49624e+09|1.49139e+12|1.78735e+12|3.6336e+13|1.34247e+11|8.81277e+09|6.87309e+13|7.3435e+12|3.85304e+10|4.21804e+13|3.25238e+10|2.02447e+09|1.12599e+09|1.02428e+10|4.60474e+10|2.80961e+11|1.41706e+11|7.70008e+11|1.59557e+13|7.09351e+09|4.74236e+11|2.45005e+09|7.46708e+11,8.19724e+08|8.87204e+12|1.06991e+11|2.63574e+12|7.32581e+08|3.79906e+11|3.29521e+11|1.77292e+13|1.51805e+10|7.57626e+09|9.78332e+12|2.79916e+12|4.69095e+09|1.15782e+13|2.30731e+10|2.41326e+08|3.2906e+08|2.07235e+09|3.18273e+10|2.23178e+11|5.76853e+10|1.60546e+11|4.06569e+12|1.31666e+09|1.54765e+11|2.44458e+09|5.06847e+11,0.000494453|0.000787814|0.000182949|0.000116235|6.27016e-05|1.80008e-05|5.47786e-05|0.000125062|0.00056516|0.000268039|5.13815e-05|0.000634307|6.21631e-05|1.88608e-05|0.000270955|2.04325e-05|1.96575e-05|0.00011644|2.00633e-05|1.47667e-05|6.32916e-05|0.00017279|0.000193265|3.77967e-05|0.000202873|1.07426e-05|0.000185382,0.000316017|0.00788063|0.00274771|0.00126856|0.00113469|0.00065196|0.00652494|0.00231296|0.0093172|0.00367819|0.00295865|0.00151267|0.00341054|0.00214239|0.00167497|0.000338175|0.000428116|0.00580301|0.000509085|0.00549128|0.000807753|0.00123164|0.0012727|0.00522178|0.000266598|0.000979027|0.00344885,0.0109342|0.0476737|0.0207315|0.0100727|0.00597815|0.0140743|0.00125292|0.0255931|0.0317261|0.022957|0.0286141|0.0186268|0.0237043|0.00156873|0.00569443|0.0354515|0.00118659|0.0398377|5.21659e-05|0.0334079|0.0455502|0.0398828|0.0433038|0.0101688|0.00898217|0.0183567|0.0365406,0.000178506|0.00335145|0.0378122|0.0107197|0.0245713|0.033904|0.0136412|0.00291922|0.03841|0.0100342|0.0216638|0.00979507|0.0488574|0.0470058|0.0425349|0.0266209|0.00176737|0.0151024|0.00115664|0.00844474|0.028193|0.0326729|0.00780618|0.0409649|0.0488958|0.0388066|0.0130093,0.973537|0.954869|0.910795|0.903245|0.962416|0.963574|0.988894|0.962742|0.948072|0.975915|0.966653|0.977244|0.981332|0.989289|0.92832|0.940474|0.967717|0.965406|0.913872|0.927525|0.909539|0.947193|0.90929|0.981638|0.9108|0.969899|0.98883,4.63983|5.26639|1.89272|4.68449|1.97158|5.88966|0.923897|0.0327787|1.48687|2.99986|4.60778|2.33192|4.96971|0.578949|3.3614|4.91715|4.1126|0.0104102|0.640024|1.22009|3.29092|0.117525|3.9732|2.91399|6.27947|3.94615|4.04415,79.8117|66.6304|11.0615|65.1286|65.9961|99.0064|13.2112|18.7034|97.1045|74.5377|39.9413|88.9922|37.5994|69.3348|67.1704|82.5435|56.1703|81.3721|75.3264|26.1465|28.2621|44.1502|83.4704|70.8805|91.8261|10.4661,0.246796|0.179788|0.214255|0.203746|0.193896|0.201409|0.219003|0.249902|0.207556|0.172691|0.180359|0.246364|0.17745|0.194827|0.184721|0.20461|0.247907|0.184589|0.191357|0.196311|0.242769|0.204574|0.216464|0.189485|0.228404|0.216931,0.338018|0.275394|0.692153|0.514129|0.982181|0.439638|0.427028|0.259002|0.438091|0.416585|0.129355|0.83582|0.871942|0.93416|0.609732|0.519435|0.827328|0.272111|0.567841|0.754315|0.940077|0.45026|0.583168|0.757042|0.133861|0.516407,0.869523,0.801463,0.117836,0.0993652,0.460468,0.534015,0.0732846,0.487967,0.198257,0.921169,51.6436,5.43263e-12,47756,0.887486,41.1981,1.06086e-12,38445,0.895553,0.876428,0.0878307,0.631141,0.996144,0.511517,0.22039,0.459803,0.228135,0.891603,87.9902,7.64954e-10,30733,0.967162,70.4477,9.04596e-11,52512
24,997,n1->n99->n77->n23->n24->n71->n75->n74->n57->n83->n84->n56->n90->n88->n89->n95->n82->n63->n61->n62->n60->n59->n58->n85->n65->n52->n51,5.37021e+09|1.57108e+10|5.68112e+11|4.63033e+10|1.59557e+13|7.70008e+11|8.71921e+10|5.8385e+13|4.14288e+09|3.76373e+13|1.07392e+09|1.1605e+12|1.33273e+11|9.00567e+12|2.68119e+11|1.05601e+11|1.07979e+13|6.55204e+12|6.44979e+11|2.37342e+11|8.79841e+13|3.04563e+11|8.16696e+09|2.02447e+09|1.12599e+09|1.02428e+10|7.46708e+11,8.19724e+08|4.21389e+09|3.56307e+11|3.30225e+10|4.06569e+12|1.60546e+11|5.29113e+10|7.35096e+12|2.05006e+09|2.34723e+13|9.00899e+08|5.65456e+11|6.41526e+10|8.66002e+12|9.23423e+10|5.46554e+10|1.66379e+12|2.63574e+12|1.30372e+11|1.13053e+11|5.95756e+13|3.06423e+10|6.89506e+09|2.41326e+08|3.2906e+08|2.07235e+09|5.06847e+11,0.000494453|0.00089026|8.49487e-05|0.000277161|0.000193265|0.00017279|0.000766915|0.000875739|0.000173612|1.86087e-05|2.14473e-05|1.7812e-05|0.000319756|6.2721e-05|3.55201e-05|0.000260968|0.000837919|0.000116235|3.71253e-05|8.24006e-05|0.000731749|2.43107e-05|0.000266735|2.04325e-05|1.96575e-05|0.00011644|0.000185382,0.000316017|0.000350126|0.000906866|0.00418014|0.0012727|0.00123164|0.000203965|0.00944671|0.00271581|0.000175452|0.000434313|0.000830638|0.000672662|0.000480267|0.000111435|0.000186877|0.00271152|0.00126856|0.00313588|0.00794111|0.000248463|0.000202742|0.00874893|0.000338175|0.000428116|0.00580301|0.00344885,0.0109342|0.0362414|0.04851|0.00314906|0.0433038|0.0398828|0.0243876|0.0280357|0.0328142|0.015405|0.0473575|0.0231698|0.0285929|0.00850464|0.0107812|0.00282907|0.0278433|0.0100727|0.0266048|0.0242596|0.0128442|0.00304046|0.0248478|0.0354515|0.00118659|0.0398377|0.0365406,0.000178506|0.0472365|0.0115254|0.0470385|0.00780618|0.0326729|0.0250863|0.0166219|0.0437642|0.038157|0.0366447|0.0417641|0.0372754|0.0237676|0.0401575|0.0420997|0.0266174|0.0107197|0.0179693|0.0480911|0.0431033|0.0474075|0.0481122|0.0266209|0.00176737|0.0151024|0.0130093,0.973537|0.953794|0.949999|0.92176|0.90929|0.947193|0.936129|0.90082|0.983348|0.947801|0.948551|0.944528|0.984478|0.962132|0.926416|0.966581|0.934435|0.903245|0.958619|0.98053|0.945549|0.99171|0.911658|0.940474|0.967717|0.965406|0.98883,4.63983|3.07459|0.722366|2.08786|3.9732|0.117525|3.39264|0.0974208|1.93323|4.11052|5.42186|2.55597|4.02061|1.9653|0.0868458|1.09944|0.132111|4.68449|2.63855|5.59786|4.50487|5.60303|3.70937|4.91715|4.1126|0.0104102|4.04415,66.2586|96.5216|39.0733|44.8869|44.1502|14.5634|64.3401|95.6836|50.003|20.1884|34.4372|40.6061|14.1987|92.4072|11.8194|75.699|48.6997|47.0482|89.0369|48.3985|76.8491|56.397|90.6886|82.5435|56.1703|83.3731,0.180129|0.241387|0.178948|0.161116|0.204574|0.169453|0.220369|0.169856|0.1911|0.246081|0.222961|0.166746|0.244274|0.203687|0.168449|0.21275|0.175742|0.167884|0.198053|0.17162|0.204072|0.21902|0.194345|0.20461|0.247907|0.197114,0.323551|0.664018|0.23533|0.528582|0.45026|0.275247|0.119032|0.815246|0.161388|0.599197|0.762891|0.163177|0.997795|0.876618|0.776387|0.837867|0.4301|0.410418|0.704733|0.641887|0.509755|0.533324|0.45102|0.519435|0.827328|0.942894,0.869523,0.801463,0.117836,0.0993652,0.460468,0.534015,0.0732846,0.487967,0.198257,0.921169,51.6436,5.43263e-12,47756,0.887486,41.1981,1.06086e-12,38445,0.895553,0.876428,0.0878307,0.631141,0.996144,0.511517,0.22039,0.459803,0.228135,0.891603,87.9902,7.64954e-10,30733,0.967162,70.4477,9.04596e-11,52512
24,998,n1->n99->n77->n93->n91->n92->n94->n96->n97->n27->n29->n30->n31->n33->n6->n12->n14->n13->n15->n34->n32->n66->n68->n58->n59->n50->n51,5.37021e+09|1.57108e+10|5.68112e+11|4.22601e+13|2.84652e+12|1.97334e+09|1.36531e+10|2.51165e+12|2.90604e+09|4.19351e+12|3.6336e+13|1.26395e+10|4.79342e+12|3.64323e+13|1.14208e+09|9.70597e+10|3.70261e+10|6.60497e+13|8.77071e+11|4.7313e+12|1.78367e+12|1.10072e+10|1.31753e+09|8.16696e+09|3.04563e+11|2.36425e+09|7.46708e+11,8.19724e+08|4.21389e+09|3.56307e+11|1.3774e+13|3.57264e+11|1.46451e+09|1.67171e+09|5.36324e+11|5.04144e+08|8.73344e+11|1.77292e+13|1.81012e+09|4.42443e+12|6.32377e+12|2.20459e+08|2.76143e+10|1.44234e+10|8.87204e+12|1.06991e+11|1.15705e+12|1.05491e+12|8.7665e+09|3.10679e+08|6.89506e+09|3.06423e+10|4.07889e+08|5.06847e+11,0.000494453|0.00089026|8.49487e-05|8.45967e-05|6.93267e-05|2.75832e-05|2.95455e-05|1.2987e-05|8.81202e-05|1.08528e-05|0.000125062|4.789e-05|0.00024651|1.50316e-05|1.08483e-05|0.000201974|3.25754e-05|0.000787814|0.000182949|0.000140889|0.000179959|0.000237659|0.000223952|0.000266735|2.43107e-05|1.54283e-05|0.000185382,0.000316017|0.000350126|0.000906866|0.000162335|0.00599677|0.0052688|0.000125263|0.000286765|0.00494291|0.00262605|0.00231296|0.00655588|0.00308746|0.00213059|0.00010157|0.0016732|0.000181646|0.00788063|0.00274771|0.000270551|0.00292552|0.000470269|0.00843573|0.00874893|0.000202742|0.00907722|0.00344885,0.0109342|0.0362414|0.04851|0.0108045|0.008036|0.0444618|0.00830448|0.0377902|0.0381696|0.0303206|0.0255931|0.00398508|0.0211034|0.00968695|0.00160082|0.0313381|0.0426128|0.0476737|0.0207315|0.0276207|0.00778345|0.0203827|0.0370095|0.0248478|0.00304046|0.00638914|0.0365406,0.000178506|0.0472365|0.0115254|0.0326183|0.015498|0.0387741|0.0293842|0.0195364|0.00800322|0.0230682|0.00291922|0.0178703|0.0151027|0.0280967|0.0260762|0.0470205|0.049061|0.00335145|0.0378122|0.0210615|0.0161829|0.0146278|0.00589983|0.0481122|0.0474075|0.0483596|0.0130093,0.973537|0.953794|0.949999|0.912097|0.964407|0.987763|0.927471|0.951762|0.90679|0.985376|0.962742|0.972158|0.943878|0.923653|0.908628|0.937315|0.906626|0.954869|0.910795|0.904866|0.953313|0.978907|0.984554|0.911658|0.99171|0.910708|0.98883,4.63983|3.07459|0.722366|5.92115|5.6679|6.03913|5.03384|0.85792|1.41691|4.5695|0.0327787|5.42296|4.82496|1.04264|5.01633|3.07758|0.762282|5.26639|1.89272|4.56594|0.10397|3.10364|5.26958|3.70937|5.60303|5.41755|4.04415,66.2586|96.5216|51.9256|26.8753|32.3713|13.5087|71.0086|37.9513|31.5608|49.6282|29.3504|88.6669|95.0453|50.0569|32.9383|51.9585|92.5451|66.6304|27.3162|23.0914|27.3217|70.8824|56.905|56.397|47.7013|82.9474,0.180129|0.241387|0.247077|0.203549|0.161013|0.230182|0.230021|0.246589|0.219936|0.180772|0.179657|0.215598|0.234751|0.19306|0.230728|0.222459|0.191459|0.179788|0.231681|0.18593|0.199785|0.16183|0.185169|0.21902|0.170229|0.24308,0.323551|0.664018|0.469529|0.21516|0.940947|0.731663|0.131268|0.157157|0.557853|0.511755|0.887943|0.123891|0.258586|0.116472|0.628307|0.326911|0.161307|0.275394|0.750497|0.12287|0.769012|0.215539|0.476138|0.533324|0.776444|0.624607,0.869523,0.801463,0.117836,0.0993652,0.460468,0.534015,0.0732846,0.487967,0.198257,0.921169,51.6436,5.43263e-12,47756,0.887486,41.1981,1.06086e-12,38445,0.895553,0.876428,0.0878307,0.631141,0.996144,0.511517,0.22039,0.459803,0.228135,0.891603,87.9902,7.64954e-10,30733,0.967162,70.4477,9.04596e-11,52512
24,999,n1->n20->n89->n90->n59->n58->n68->n19->n17->n85->n83->n57->n98->n99->n77->n72->n70->n18->n16->n38->n39->n41->n44->n42->n63->n61->n51,5.37021e+09|4.0293e+11|2.68119e+11|1.33273e+11|3.04563e+11|8.16696e+09|1.31753e+09|2.47533e+11|1.51096e+11|2.02447e+09|3.76373e+13|4.14288e+09|1.8266e+13|1.57108e+10|5.68112e+11|6.83442e+09|6.87309e+13|7.59179e+12|1.09193e+13|1.16426e+13|3.34792e+13|3.95737e+11|5.26537e+13|2.42905e+09|6.55204e+12|6.44979e+11|7.46708e+11,8.19724e+08|1.89646e+11|9.23423e+10|6.41526e+10|3.06423e+10|6.89506e+09|3.10679e+08|2.33399e+11|1.57582e+10|2.41326e+08|2.34723e+13|2.05006e+09|5.99087e+12|4.21389e+09|3.56307e+11|1.48353e+09|9.78332e+12|4.11836e+12|1.33827e+12|1.19258e+12|1.12013e+13|1.47899e+11|2.86817e+13|2.47264e+08|2.63574e+12|1.30372e+11|5.06847e+11,0.000494453|5.21063e-05|3.55201e-05|0.000319756|2.43107e-05|0.000266735|0.000223952|0.000261527|0.000261059|2.04325e-05|1.86087e-05|0.000173612|0.000410965|0.00089026|8.49487e-05|0.000159499|5.13815e-05|2.98936e-05|3.71682e-05|1.04425e-05|5.53896e-05|2.35935e-05|0.000124649|8.79758e-05|0.000116235|3.71253e-05|0.000185382,0.000316017|0.000368678|0.000111435|0.000672662|0.000202742|0.00874893|0.00843573|0.000768065|0.000513001|0.000338175|0.000175452|0.00271581|0.000548485|0.000350126|0.000906866|0.00384342|0.00295865|0.000681499|0.00174713|0.00950649|0.0025393|0.00412419|0.00158999|0.000493531|0.00126856|0.00313588|0.00344885,0.0109342|0.0108696|0.0107812|0.0285929|0.00304046|0.0248478|0.0370095|0.0201979|0.0430027|0.0354515|0.015405|0.0328142|0.0295222|0.0362414|0.04851|0.0479977|0.0286141|0.0192976|0.0123696|0.0263713|0.00111942|0.00451081|0.0486405|0.00783732|0.0100727|0.0266048|0.0365406,0.000178506|0.0181411|0.0401575|0.0372754|0.0474075|0.0481122|0.00589983|0.0291803|0.00442808|0.0266209|0.038157|0.0437642|0.0297366|0.0472365|0.0115254|0.0299903|0.0216638|0.0120519|0.0240438|0.00318517|0.0449458|0.00491436|0.00764508|0.0327962|0.0107197|0.0179693|0.0130093,0.973537|0.923215|0.926416|0.984478|0.99171|0.911658|0.984554|0.941018|0.974312|0.940474|0.947801|0.983348|0.959539|0.953794|0.949999|0.96924|0.966653|0.946711|0.979533|0.902547|0.924329|0.923722|0.932977|0.960936|0.903245|0.958619|0.98883,4.63983|4.79469|0.0868458|4.02061|5.60303|3.70937|5.26958|1.39448|5.11322|4.91715|4.11052|1.93323|2.95405|3.07459|0.722366|3.90463|4.60778|4.38273|1.69436|5.09423|1.19952|4.11092|2.64532|0.765875|4.68449|2.63855|4.04415,90.7492|18.2346|12.726|62.2588|56.397|56.905|67.5745|10.3361|84.7043|92.2019|50.003|98.2355|58.4557|96.5216|92.3918|97.4405|55.8812|72.2829|28.0546|52.0957|38.9947|12.7315|21.0603|97.0433|47.0482|66.5616,0.215706|0.231355|0.226099|0.169222|0.21902|0.185169|0.2055|0.172286|0.225161|0.231254|0.1911|0.190047|0.227784|0.241387|0.167022|0.180102|0.234874|0.180241|0.17367|0.199024|0.18226|0.246433|0.23095|0.211509|0.167884|0.171721,0.53635|0.595303|0.757755|0.361153|0.533324|0.476138|0.968257|0.559133|0.880608|0.604504|0.161388|0.757428|0.686264|0.664018|0.776051|0.79408|0.16843|0.553025|0.828443|0.46236|0.988985|0.665882|0.399278|0.758395|0.410418|0.235817,0.869523,0.801463,0.117836,0.0993652,0.460468,0.534015,0.0732846,0.487967,0.198257,0.921169,51.6436,5.43263e-12,47756,0.887486,41.1981,1.06086e-12,38445,0.895553,0.876428,0.0878307,0.631141,0.996144,0.511517,0.22039,0.459803,0.228135,0.891603,87.9902,7.64954e-10,30733,0.967162,70.4477,9.04596e-11,52512
24,1000,n1->n99->n98->n57->n83->n85->n78->n80->n82->n63->n15->n34->n35->n33->n32->n66->n68->n58->n59->n90->n100->n2->n7->n5->n65->n52->n51,5.37021e+09|1.57108e+10|1.8266e+13|4.14288e+09|3.76373e+13|2.02447e+09|3.25238e+10|2.45686e+13|1.07979e+13|6.55204e+12|8.77071e+11|4.7313e+12|5.77859e+11|3.64323e+13|1.78367e+12|1.10072e+10|1.31753e+09|8.16696e+09|3.04563e+11|1.33273e+11|4.01966e+09|5.94248e+10|3.81012e+11|2.91995e+11|1.12599e+09|1.02428e+10|7.46708e+11,8.19724e+08|4.21389e+09|5.99087e+12|2.05006e+09|2.34723e+13|2.41326e+08|2.30731e+10|2.75437e+12|1.66379e+12|2.63574e+12|1.06991e+11|1.15705e+12|4.88834e+11|6.32377e+12|1.05491e+12|8.7665e+09|3.10679e+08|6.89506e+09|3.06423e+10|6.41526e+10|2.27749e+09|3.74975e+10|6.70334e+10|4.67133e+10|3.2906e+08|2.07235e+09|5.06847e+11,0.000494453|0.00089026|0.000410965|0.000173612|1.86087e-05|2.04325e-05|0.000270955|1.13052e-05|0.000837919|0.000116235|0.000182949|0.000140889|0.000412952|1.50316e-05|0.000179959|0.000237659|0.000223952|0.000266735|2.43107e-05|0.000319756|0.000665246|1.10648e-05|0.000475679|7.03031e-05|1.96575e-05|0.00011644|0.000185382,0.000316017|0.000350126|0.000548485|0.00271581|0.000175452|0.000338175|0.00167497|0.000238286|0.00271152|0.00126856|0.00274771|0.000270551|0.00138752|0.00213059|0.00292552|0.000470269|0.00843573|0.00874893|0.000202742|0.000672662|0.00914892|0.00120557|0.00104538|0.000196916|0.000428116|0.00580301|0.00344885,0.0109342|0.0362414|0.0295222|0.0328142|0.015405|0.0354515|0.00569443|0.00592883|0.0278433|0.0100727|0.0207315|0.0276207|0.00215298|0.00968695|0.00778345|0.0203827|0.0370095|0.0248478|0.00304046|0.0285929|0.0100829|0.00369149|0.01754|0.00731162|0.00118659|0.0398377|0.0365406,0.000178506|0.0472365|0.0297366|0.0437642|0.038157|0.0266209|0.0425349|0.0262948|0.0266174|0.0107197|0.0378122|0.0210615|0.0375959|0.0280967|0.0161829|0.0146278|0.00589983|0.0481122|0.0474075|0.0372754|0.0460028|0.0127317|0.0283975|0.0421608|0.00176737|0.0151024|0.0130093,0.973537|0.953794|0.959539|0.983348|0.947801|0.940474|0.92832|0.919013|0.934435|0.903245|0.910795|0.904866|0.952159|0.923653|0.953313|0.978907|0.984554|0.911658|0.99171|0.984478|0.935175|0.968894|0.963898|0.951514|0.967717|0.965406|0.98883,4.63983|3.07459|2.95405|1.93323|4.11052|4.91715|3.3614|0.100836|0.132111|4.68449|1.89272|4.56594|5.24666|1.04264|0.10397|3.10364|5.26958|3.70937|5.60303|4.02061|3.89025|4.74216|3.51107|4.90362|4.1126|0.0104102|4.04415,66.2586|58.4557|98.2355|50.003|92.2019|67.1704|66.5291|47.0365|48.6997|11.0615|27.3162|26.2497|93.5115|61.2747|27.3217|70.8824|56.905|56.397|62.2588|32.7492|37.015|88.6198|37.2729|35.0583|56.1703|83.3731,0.180129|0.227784|0.190047|0.1911|0.231254|0.184721|0.222935|0.231931|0.175742|0.214255|0.231681|0.244194|0.242679|0.208144|0.199785|0.16183|0.185169|0.21902|0.169222|0.191207|0.17211|0.228013|0.176784|0.209201|0.247907|0.197114,0.323551|0.686264|0.757428|0.161388|0.604504|0.609732|0.109088|0.796307|0.4301|0.692153|0.750497|0.307851|0.487093|0.704271|0.769012|0.215539|0.476138|0.533324|0.361153|0.878161|0.315214|0.84397|0.943162|0.297185|0.827328|0.942894,0.869523,0.801463,0.117836,0.0993652,0.460468,0.534015,0.0732846,0.487967,0.198257,0.921169,51.6436,5.43263e-12,47756,0.887486,41.1981,1.06086e-12,38445,0.895553,0.876428,0.0878307,0.631141,0.996144,0.511517,0.22039,0.459803,0.228135,0.891603,87.9902,7.64954e-10,30733,0.967162,70.4477,9.04596e-11,52512
24,1001,n1->n99->n98->n57->n55->n54->n82->n63->n61->n62->n60->n59->n50->n48->n46->n47->n26->n24->n33->n6->n12->n14->n75->n4->n27->n52->n51,5.37021e+09|1.57108e+10|1.8266e+13|4.14288e+09|8.84081e+12|2.80961e+11|1.07979e+13|6.55204e+12|6.44979e+11|2.37342e+11|8.79841e+13|3.04563e+11|2.36425e+09|3.98001e+12|5.53417e+12|4.74236e+11|7.09351e+09|1.59557e+13|3.64323e+13|1.14208e+09|9.70597e+10|3.70261e+10|8.71921e+10|7.07339e+12|4.19351e+12|1.02428e+10|7.46708e+11,8.19724e+08|4.21389e+09|5.99087e+12|2.05006e+09|4.69454e+12|2.23178e+11|1.66379e+12|2.63574e+12|1.30372e+11|1.13053e+11|5.95756e+13|3.06423e+10|4.07889e+08|1.69514e+12|1.63629e+12|1.54765e+11|1.31666e+09|4.06569e+12|6.32377e+12|2.20459e+08|2.76143e+10|1.44234e+10|5.29113e+10|2.43435e+12|8.73344e+11|2.07235e+09|5.06847e+11,0.000494453|0.00089026|0.000410965|0.000173612|4.06274e-05|1.47667e-05|0.000837919|0.000116235|3.71253e-05|8.24006e-05|0.000731749|2.43107e-05|1.54283e-05|4.78153e-05|0.000489732|0.000202873|3.77967e-05|0.000193265|1.50316e-05|1.08483e-05|0.000201974|3.25754e-05|0.000766915|0.000113681|1.08528e-05|0.00011644|0.000185382,0.000316017|0.000350126|0.000548485|0.00271581|0.000128431|0.00549128|0.00271152|0.00126856|0.00313588|0.00794111|0.000248463|0.000202742|0.00907722|0.00544009|0.000159088|0.000266598|0.00522178|0.0012727|0.00213059|0.00010157|0.0016732|0.000181646|0.000203965|0.00198341|0.00262605|0.00580301|0.00344885,0.0109342|0.0362414|0.0295222|0.0328142|0.00843704|0.0334079|0.0278433|0.0100727|0.0266048|0.0242596|0.0128442|0.00304046|0.00638914|0.0455031|0.029055|0.00898217|0.0101688|0.0433038|0.00968695|0.00160082|0.0313381|0.0426128|0.0243876|0.0350273|0.0303206|0.0398377|0.0365406,0.000178506|0.0472365|0.0297366|0.0437642|0.0314938|0.00844474|0.0266174|0.0107197|0.0179693|0.0480911|0.0431033|0.0474075|0.0483596|0.0360942|0.0302566|0.0488958|0.0409649|0.00780618|0.0280967|0.0260762|0.0470205|0.049061|0.0250863|0.0273051|0.0230682|0.0151024|0.0130093,0.973537|0.953794|0.959539|0.983348|0.908585|0.927525|0.934435|0.903245|0.958619|0.98053|0.945549|0.99171|0.910708|0.967439|0.923372|0.9108|0.981638|0.90929|0.923653|0.908628|0.937315|0.906626|0.936129|0.917619|0.985376|0.965406|0.98883,4.63983|3.07459|2.95405|1.93323|3.37071|1.22009|0.132111|4.68449|2.63855|5.59786|4.50487|5.60303|5.41755|3.09858|0.31178|6.27947|2.91399|3.9732|1.04264|5.01633|3.07758|0.762282|3.39264|1.56082|4.5695|0.0104102|4.04415,66.2586|58.4557|98.2355|61.5999|27.8669|41.1455|48.6997|47.0482|89.0369|48.3985|76.8491|47.7013|23.5956|41.9872|71.5316|70.8805|83.4704|98.0873|50.0569|32.9383|51.9585|56.2706|81.7362|52.1141|46.2248|83.3731,0.180129|0.227784|0.190047|0.220389|0.169326|0.242874|0.175742|0.167884|0.198053|0.17162|0.204072|0.170229|0.191801|0.178665|0.196056|0.189485|0.216464|0.239791|0.19306|0.230728|0.222459|0.226178|0.218556|0.184605|0.183493|0.197114,0.323551|0.686264|0.757428|0.549818|0.414082|0.378494|0.4301|0.410418|0.704733|0.641887|0.509755|0.776444|0.688345|0.182289|0.758317|0.757042|0.583168|0.939209|0.116472|0.628307|0.326911|0.725021|0.847503|0.200735|0.657987|0.942894,0.869523,0.801463,0.117836,0.0993652,0.460468,0.534015,0.0732846,0.487967,0.198257,0.921169,51.6436,5.43263e-12,47756,0.887486,41.1981,1.06086e-12,38445,0.895553,0.876428,0.0878307,0.631141,0.996144,0.511517,0.22039,0.459803,0.228135,0.891603,87.9902,7.64954e-10,30733,0.967162,70.4477,9.04596e-11,52512
24,1002,n1->n13->n11->n29->n30->n32->n33->n24->n23->n83->n85->n58->n59->n60->n50->n48->n89->n88->n87->n86->n76->n74->n57->n55->n53->n52->n51,5.37021e+09|6.60497e+13|1.78735e+12|3.6336e+13|1.26395e+10|1.78367e+12|3.64323e+13|1.59557e+13|4.63033e+10|3.76373e+13|2.02447e+09|8.16696e+09|3.04563e+11|8.79841e+13|2.36425e+09|3.98001e+12|2.68119e+11|9.00567e+12|7.3435e+12|3.85304e+10|4.21804e+13|5.8385e+13|4.14288e+09|8.84081e+12|4.60474e+10|1.02428e+10|7.46708e+11,8.19724e+08|8.87204e+12|3.29521e+11|1.77292e+13|1.81012e+09|1.05491e+12|6.32377e+12|4.06569e+12|3.30225e+10|2.34723e+13|2.41326e+08|6.89506e+09|3.06423e+10|5.95756e+13|4.07889e+08|1.69514e+12|9.23423e+10|8.66002e+12|2.79916e+12|4.69095e+09|1.15782e+13|7.35096e+12|2.05006e+09|4.69454e+12|3.18273e+10|2.07235e+09|5.06847e+11,0.000494453|0.000787814|5.47786e-05|0.000125062|4.789e-05|0.000179959|1.50316e-05|0.000193265|0.000277161|1.86087e-05|2.04325e-05|0.000266735|2.43107e-05|0.000731749|1.54283e-05|4.78153e-05|3.55201e-05|6.2721e-05|0.000634307|6.21631e-05|1.88608e-05|0.000875739|0.000173612|4.06274e-05|2.00633e-05|0.00011644|0.000185382,0.000316017|0.00788063|0.00652494|0.00231296|0.00655588|0.00292552|0.00213059|0.0012727|0.00418014|0.000175452|0.000338175|0.00874893|0.000202742|0.000248463|0.00907722|0.00544009|0.000111435|0.000480267|0.00151267|0.00341054|0.00214239|0.00944671|0.00271581|0.000128431|0.000509085|0.00580301|0.00344885,0.0109342|0.0476737|0.00125292|0.0255931|0.00398508|0.00778345|0.00968695|0.0433038|0.00314906|0.015405|0.0354515|0.0248478|0.00304046|0.0128442|0.00638914|0.0455031|0.0107812|0.00850464|0.0186268|0.0237043|0.00156873|0.0280357|0.0328142|0.00843704|5.21659e-05|0.0398377|0.0365406,0.000178506|0.00335145|0.0136412|0.00291922|0.0178703|0.0161829|0.0280967|0.00780618|0.0470385|0.038157|0.0266209|0.0481122|0.0474075|0.0431033|0.0483596|0.0360942|0.0401575|0.0237676|0.00979507|0.0488574|0.0470058|0.0166219|0.0437642|0.0314938|0.00115664|0.0151024|0.0130093,0.973537|0.954869|0.988894|0.962742|0.972158|0.953313|0.923653|0.90929|0.92176|0.947801|0.940474|0.911658|0.99171|0.945549|0.910708|0.967439|0.926416|0.962132|0.977244|0.981332|0.989289|0.90082|0.983348|0.908585|0.913872|0.965406|0.98883,4.63983|5.26639|0.923897|0.0327787|5.42296|0.10397|1.04264|3.9732|2.08786|4.11052|4.91715|3.70937|5.60303|4.50487|5.41755|3.09858|0.0868458|1.9653|2.33192|4.96971|0.578949|0.0974208|1.93323|3.37071|0.640024|0.0104102|4.04415,79.8117|13.9548|13.2112|29.3504|69.5993|61.2747|98.0873|44.8869|23.518|92.2019|90.6886|56.397|76.8491|22.3088|23.5956|94.0077|92.4072|57.0974|88.9922|37.5994|53.1277|95.6836|61.5999|30.3781|81.3721|83.3731,0.246796|0.189728|0.219003|0.179657|0.204659|0.208144|0.239791|0.161116|0.181099|0.231254|0.194345|0.21902|0.204072|0.190841|0.191801|0.234363|0.203687|0.227675|0.246364|0.17745|0.181342|0.169856|0.220389|0.207992|0.184589|0.197114,0.338018|0.801183|0.427028|0.887943|0.237533|0.704271|0.939209|0.528582|0.741177|0.604504|0.45102|0.533324|0.509755|0.323935|0.688345|0.948873|0.876618|0.396625|0.83582|0.871942|0.519715|0.815246|0.549818|0.646488|0.272111|0.942894,0.869523,0.801463,0.117836,0.0993652,0.460468,0.534015,0.0732846,0.487967,0.198257,0.921169,51.6436,5.43263e-12,47756,0.887486,41.1981,1.06086e-12,38445,0.895553,0.876428,0.0878307,0.631141,0.996144,0.511517,0.22039,0.459803,0.228135,0.891603,87.9902,7.64954e-10,30733,0.967162,70.4477,9.04596e-11,52512
24,1003,n1->n13->n15->n34->n32->n30->n31->n35->n33->n24->n71->n75->n74->n76->n86->n87->n88->n90->n56->n55->n57->n98->n99->n77->n93->n94->n51,5.37021e+09|6.60497e+13|8.77071e+11|4.7313e+12|1.78367e+12|1.26395e+10|4.79342e+12|5.77859e+11|3.64323e+13|1.59557e+13|7.70008e+11|8.71921e+10|5.8385e+13|4.21804e+13|3.85304e+10|7.3435e+12|9.00567e+12|1.33273e+11|1.1605e+12|8.84081e+12|4.14288e+09|1.8266e+13|1.57108e+10|5.68112e+11|4.22601e+13|1.36531e+10|7.46708e+11,8.19724e+08|8.87204e+12|1.06991e+11|1.15705e+12|1.05491e+12|1.81012e+09|4.42443e+12|4.88834e+11|6.32377e+12|4.06569e+12|1.60546e+11|5.29113e+10|7.35096e+12|1.15782e+13|4.69095e+09|2.79916e+12|8.66002e+12|6.41526e+10|5.65456e+11|4.69454e+12|2.05006e+09|5.99087e+12|4.21389e+09|3.56307e+11|1.3774e+13|1.67171e+09|5.06847e+11,0.000494453|0.000787814|0.000182949|0.000140889|0.000179959|4.789e-05|0.00024651|0.000412952|1.50316e-05|0.000193265|0.00017279|0.000766915|0.000875739|1.88608e-05|6.21631e-05|0.000634307|6.2721e-05|0.000319756|1.7812e-05|4.06274e-05|0.000173612|0.000410965|0.00089026|8.49487e-05|8.45967e-05|2.95455e-05|0.000185382,0.000316017|0.00788063|0.00274771|0.000270551|0.00292552|0.00655588|0.00308746|0.00138752|0.00213059|0.0012727|0.00123164|0.000203965|0.00944671|0.00214239|0.00341054|0.00151267|0.000480267|0.000672662|0.000830638|0.000128431|0.00271581|0.000548485|0.000350126|0.000906866|0.000162335|0.000125263|0.00344885,0.0109342|0.0476737|0.0207315|0.0276207|0.00778345|0.00398508|0.0211034|0.00215298|0.00968695|0.0433038|0.0398828|0.0243876|0.0280357|0.00156873|0.0237043|0.0186268|0.00850464|0.0285929|0.0231698|0.00843704|0.0328142|0.0295222|0.0362414|0.04851|0.0108045|0.00830448|0.0365406,0.000178506|0.00335145|0.0378122|0.0210615|0.0161829|0.0178703|0.0151027|0.0375959|0.0280967|0.00780618|0.0326729|0.0250863|0.0166219|0.0470058|0.0488574|0.00979507|0.0237676|0.0372754|0.0417641|0.0314938|0.0437642|0.0297366|0.0472365|0.0115254|0.0326183|0.0293842|0.0130093,0.973537|0.954869|0.910795|0.904866|0.953313|0.972158|0.943878|0.952159|0.923653|0.90929|0.947193|0.936129|0.90082|0.989289|0.981332|0.977244|0.962132|0.984478|0.944528|0.908585|0.983348|0.959539|0.953794|0.949999|0.912097|0.927471|0.98883,4.63983|5.26639|1.89272|4.56594|0.10397|5.42296|4.82496|5.24666|1.04264|3.9732|0.117525|3.39264|0.0974208|0.578949|4.96971|2.33192|1.9653|4.02061|2.55597|3.37071|1.93323|2.95405|3.07459|0.722366|5.92115|5.03384|4.04415,79.8117|66.6304|27.3162|23.0914|69.5993|88.6669|91.3525|93.5115|98.0873|44.1502|14.5634|64.3401|53.1277|37.5994|88.9922|57.0974|14.1987|40.6061|95.3312|61.5999|98.2355|58.4557|96.5216|51.9256|63.1349|11.2844,0.246796|0.179788|0.231681|0.18593|0.204659|0.215598|0.243038|0.242679|0.239791|0.204574|0.169453|0.220369|0.181342|0.17745|0.246364|0.227675|0.244274|0.166746|0.167906|0.220389|0.190047|0.227784|0.241387|0.247077|0.209804|0.200895,0.338018|0.275394|0.750497|0.12287|0.237533|0.123891|0.658826|0.487093|0.939209|0.45026|0.275247|0.119032|0.519715|0.871942|0.83582|0.396625|0.997795|0.163177|0.402595|0.549818|0.757428|0.686264|0.664018|0.469529|0.17375|0.836539,0.869523,0.801463,0.117836,0.0993652,0.460468,0.534015,0.0732846,0.487967,0.198257,0.921169,51.6436,5.43263e-12,47756,0.887486,41.1981,1.06086e-12,38445,0.895553,0.876428,0.0878307,0.631141,0.996144,0.511517,0.22039,0.459803,0.228135,0.891603,87.9902,7.64954e-10,30733,0.967162,70.4477,9.04596e-11,52512
24,1004,n1->n99->n77->n72->n70->n69->n76->n75->n14->n13->n11->n29->n31->n35->n34->n32->n33->n6->n12->n8->n7->n5->n65->n64->n93->n94->n51,5.37021e+09|1.57108e+10|5.68112e+11|6.83442e+09|6.87309e+13|8.81277e+09|4.21804e+13|8.71921e+10|3.70261e+10|6.60497e+13|1.78735e+12|3.6336e+13|4.79342e+12|5.77859e+11|4.7313e+12|1.78367e+12|3.64323e+13|1.14208e+09|9.70597e+10|4.61239e+13|3.81012e+11|2.91995e+11|1.12599e+09|4.21034e+09|4.22601e+13|1.36531e+10|7.46708e+11,8.19724e+08|4.21389e+09|3.56307e+11|1.48353e+09|9.78332e+12|7.57626e+09|1.15782e+13|5.29113e+10|1.44234e+10|8.87204e+12|3.29521e+11|1.77292e+13|4.42443e+12|4.88834e+11|1.15705e+12|1.05491e+12|6.32377e+12|2.20459e+08|2.76143e+10|1.04208e+13|6.70334e+10|4.67133e+10|3.2906e+08|1.60867e+09|1.3774e+13|1.67171e+09|5.06847e+11,0.000494453|0.00089026|8.49487e-05|0.000159499|5.13815e-05|0.000268039|1.88608e-05|0.000766915|3.25754e-05|0.000787814|5.47786e-05|0.000125062|0.00024651|0.000412952|0.000140889|0.000179959|1.50316e-05|1.08483e-05|0.000201974|6.6054e-05|0.000475679|7.03031e-05|1.96575e-05|1.88732e-05|8.45967e-05|2.95455e-05|0.000185382,0.000316017|0.000350126|0.000906866|0.00384342|0.00295865|0.00367819|0.00214239|0.000203965|0.000181646|0.00788063|0.00652494|0.00231296|0.00308746|0.00138752|0.000270551|0.00292552|0.00213059|0.00010157|0.0016732|0.00522046|0.00104538|0.000196916|0.000428116|0.000135861|0.000162335|0.000125263|0.00344885,0.0109342|0.0362414|0.04851|0.0479977|0.0286141|0.022957|0.00156873|0.0243876|0.0426128|0.0476737|0.00125292|0.0255931|0.0211034|0.00215298|0.0276207|0.00778345|0.00968695|0.00160082|0.0313381|0.0318744|0.01754|0.00731162|0.00118659|0.0266797|0.0108045|0.00830448|0.0365406,0.000178506|0.0472365|0.0115254|0.0299903|0.0216638|0.0100342|0.0470058|0.0250863|0.049061|0.00335145|0.0136412|0.00291922|0.0151027|0.0375959|0.0210615|0.0161829|0.0280967|0.0260762|0.0470205|0.0483133|0.0283975|0.0421608|0.00176737|0.0436548|0.0326183|0.0293842|0.0130093,0.973537|0.953794|0.949999|0.96924|0.966653|0.975915|0.989289|0.936129|0.906626|0.954869|0.988894|0.962742|0.943878|0.952159|0.904866|0.953313|0.923653|0.908628|0.937315|0.975256|0.963898|0.951514|0.967717|0.933821|0.912097|0.927471|0.98883,4.63983|3.07459|0.722366|3.90463|4.60778|2.99986|0.578949|3.39264|0.762282|5.26639|0.923897|0.0327787|4.82496|5.24666|4.56594|0.10397|1.04264|5.01633|3.07758|3.22282|3.51107|4.90362|4.1126|5.77568|5.92115|5.03384|4.04415,66.2586|96.5216|92.3918|97.4405|74.5377|66.666|63.5216|56.2706|92.5451|13.9548|13.2112|70.4589|91.3525|26.2497|23.0914|61.2747|50.0569|32.9383|81.3396|55.4093|37.2729|35.0583|56.7563|32.5899|63.1349|11.2844,0.180129|0.241387|0.167022|0.180102|0.172691|0.212271|0.207806|0.226178|0.191459|0.189728|0.219003|0.246199|0.243038|0.244194|0.18593|0.208144|0.19306|0.230728|0.186476|0.230451|0.176784|0.209201|0.186349|0.178102|0.209804|0.200895,0.323551|0.664018|0.776051|0.79408|0.416585|0.890059|0.844544|0.725021|0.161307|0.801183|0.427028|0.415176|0.658826|0.307851|0.12287|0.704271|0.116472|0.628307|0.379326|0.745697|0.943162|0.297185|0.927837|0.548301|0.17375|0.836539,0.869523,0.801463,0.117836,0.0993652,0.460468,0.534015,0.0732846,0.487967,0.198257,0.921169,51.6436,5.43263e-12,47756,0.887486,41.1981,1.06086e-12,38445,0.895553,0.876428,0.0878307,0.631141,0.996144,0.511517,0.22039,0.459803,0.228135,0.891603,87.9902,7.64954e-10,30733,0.967162,70.4477,9.04596e-11,52512
24,1005,n1->n20->n19->n68->n66->n32->n33->n6->n12->n14->n75->n76->n69->n3->n5->n7->n2->n100->n73->n71->n72->n45->n44->n42->n63->n61->n51,5.37021e+09|4.0293e+11|2.47533e+11|1.31753e+09|1.10072e+10|1.78367e+12|3.64323e+13|1.14208e+09|9.70597e+10|3.70261e+10|8.71921e+10|4.21804e+13|8.81277e+09|2.78751e+13|2.91995e+11|3.81012e+11|5.94248e+10|4.01966e+09|1.41706e+11|7.70008e+11|6.83442e+09|8.38488e+13|5.26537e+13|2.42905e+09|6.55204e+12|6.44979e+11|7.46708e+11,8.19724e+08|1.89646e+11|2.33399e+11|3.10679e+08|8.7665e+09|1.05491e+12|6.32377e+12|2.20459e+08|2.76143e+10|1.44234e+10|5.29113e+10|1.15782e+13|7.57626e+09|1.44762e+13|4.67133e+10|6.70334e+10|3.74975e+10|2.27749e+09|5.76853e+10|1.60546e+11|1.48353e+09|1.01787e+13|2.86817e+13|2.47264e+08|2.63574e+12|1.30372e+11|5.06847e+11,0.000494453|5.21063e-05|0.000261527|0.000223952|0.000237659|0.000179959|1.50316e-05|1.08483e-05|0.000201974|3.25754e-05|0.000766915|1.88608e-05|0.000268039|0.00022361|7.03031e-05|0.000475679|1.10648e-05|0.000665246|6.32916e-05|0.00017279|0.000159499|1.67225e-05|0.000124649|8.79758e-05|0.000116235|3.71253e-05|0.000185382,0.000316017|0.000368678|0.000768065|0.00843573|0.000470269|0.00292552|0.00213059|0.00010157|0.0016732|0.000181646|0.000203965|0.00214239|0.00367819|0.00776667|0.000196916|0.00104538|0.00120557|0.00914892|0.000807753|0.00123164|0.00384342|0.000742576|0.00158999|0.000493531|0.00126856|0.00313588|0.00344885,0.0109342|0.0108696|0.0201979|0.0370095|0.0203827|0.00778345|0.00968695|0.00160082|0.0313381|0.0426128|0.0243876|0.00156873|0.022957|0.0268705|0.00731162|0.01754|0.00369149|0.0100829|0.0455502|0.0398828|0.0479977|0.00846218|0.0486405|0.00783732|0.0100727|0.0266048|0.0365406,0.000178506|0.0181411|0.0291803|0.00589983|0.0146278|0.0161829|0.0280967|0.0260762|0.0470205|0.049061|0.0250863|0.0470058|0.0100342|0.0326941|0.0421608|0.0283975|0.0127317|0.0460028|0.028193|0.0326729|0.0299903|0.0342415|0.00764508|0.0327962|0.0107197|0.0179693|0.0130093,0.973537|0.923215|0.941018|0.984554|0.978907|0.953313|0.923653|0.908628|0.937315|0.906626|0.936129|0.989289|0.975915|0.982466|0.951514|0.963898|0.968894|0.935175|0.909539|0.947193|0.96924|0.934264|0.932977|0.960936|0.903245|0.958619|0.98883,4.63983|4.79469|1.39448|5.26958|3.10364|0.10397|1.04264|5.01633|3.07758|0.762282|3.39264|0.578949|2.99986|4.79844|4.90362|3.51107|4.74216|3.89025|3.29092|0.117525|3.90463|5.31688|2.64532|0.765875|4.68449|2.63855|4.04415,90.7492|86.2435|67.5745|70.8824|27.3217|61.2747|50.0569|32.9383|51.9585|56.2706|63.5216|66.666|83.9106|10.4739|37.2729|88.6198|37.015|20.1165|28.2621|45.8448|63.1262|57.1366|21.0603|97.0433|47.0482|66.5616,0.215706|0.182991|0.2055|0.16183|0.199785|0.208144|0.19306|0.230728|0.222459|0.226178|0.207806|0.212271|0.204476|0.163561|0.176784|0.228013|0.17211|0.175955|0.242769|0.218487|0.243732|0.235241|0.23095|0.211509|0.167884|0.171721,0.53635|0.182796|0.968257|0.215539|0.769012|0.704271|0.116472|0.628307|0.326911|0.725021|0.844544|0.890059|0.65353|0.469027|0.943162|0.84397|0.315214|0.825877|0.940077|0.29317|0.65643|0.218954|0.399278|0.758395|0.410418|0.235817,0.869523,0.801463,0.117836,0.0993652,0.460468,0.534015,0.0732846,0.487967,0.198257,0.921169,51.6436,5.43263e-12,47756,0.887486,41.1981,1.06086e-12,38445,0.895553,0.876428,0.0878307,0.631141,0.996144,0.511517,0.22039,0.459803,0.228135,0.891603,87.9902,7.64954e-10,30733,0.967162,70.4477,9.04596e-11,52512
24,1006,n1->n99->n98->n57->n83->n23->n24->n26->n27->n29->n31->n35->n34->n15->n13->n11->n9->n7->n5->n3->n69->n76->n78->n85->n65->n52->n51,5.37021e+09|1.57108e+10|1.8266e+13|4.14288e+09|3.76373e+13|4.63033e+10|1.59557e+13|7.09351e+09|4.19351e+12|3.6336e+13|4.79342e+12|5.77859e+11|4.7313e+12|8.77071e+11|6.60497e+13|1.78735e+12|1.49139e+12|3.81012e+11|2.91995e+11|2.78751e+13|8.81277e+09|4.21804e+13|3.25238e+10|2.02447e+09|1.12599e+09|1.02428e+10|7.46708e+11,8.19724e+08|4.21389e+09|5.99087e+12|2.05006e+09|2.34723e+13|3.30225e+10|4.06569e+12|1.31666e+09|8.73344e+11|1.77292e+13|4.42443e+12|4.88834e+11|1.15705e+12|1.06991e+11|8.87204e+12|3.29521e+11|3.79906e+11|6.70334e+10|4.67133e+10|1.44762e+13|7.57626e+09|1.15782e+13|2.30731e+10|2.41326e+08|3.2906e+08|2.07235e+09|5.06847e+11,0.000494453|0.00089026|0.000410965|0.000173612|1.86087e-05|0.000277161|0.000193265|3.77967e-05|1.08528e-05|0.000125062|0.00024651|0.000412952|0.000140889|0.000182949|0.000787814|5.47786e-05|1.80008e-05|0.000475679|7.03031e-05|0.00022361|0.000268039|1.88608e-05|0.000270955|2.04325e-05|1.96575e-05|0.00011644|0.000185382,0.000316017|0.000350126|0.000548485|0.00271581|0.000175452|0.00418014|0.0012727|0.00522178|0.00262605|0.00231296|0.00308746|0.00138752|0.000270551|0.00274771|0.00788063|0.00652494|0.00065196|0.00104538|0.000196916|0.00776667|0.00367819|0.00214239|0.00167497|0.000338175|0.000428116|0.00580301|0.00344885,0.0109342|0.0362414|0.0295222|0.0328142|0.015405|0.00314906|0.0433038|0.0101688|0.0303206|0.0255931|0.0211034|0.00215298|0.0276207|0.0207315|0.0476737|0.00125292|0.0140743|0.01754|0.00731162|0.0268705|0.022957|0.00156873|0.00569443|0.0354515|0.00118659|0.0398377|0.0365406,0.000178506|0.0472365|0.0297366|0.0437642|0.038157|0.0470385|0.00780618|0.0409649|0.0230682|0.00291922|0.0151027|0.0375959|0.0210615|0.0378122|0.00335145|0.0136412|0.033904|0.0283975|0.0421608|0.0326941|0.0100342|0.0470058|0.0425349|0.0266209|0.00176737|0.0151024|0.0130093,0.973537|0.953794|0.959539|0.983348|0.947801|0.92176|0.90929|0.981638|0.985376|0.962742|0.943878|0.952159|0.904866|0.910795|0.954869|0.988894|0.963574|0.963898|0.951514|0.982466|0.975915|0.989289|0.92832|0.940474|0.967717|0.965406|0.98883,4.63983|3.07459|2.95405|1.93323|4.11052|2.08786|3.9732|2.91399|4.5695|0.0327787|4.82496|5.24666|4.56594|1.89272|5.26639|0.923897|5.88966|3.51107|4.90362|4.79844|2.99986|0.578949|3.3614|4.91715|4.1126|0.0104102|4.04415,66.2586|58.4557|98.2355|50.003|23.518|44.8869|83.4704|67.4197|49.6282|70.4589|91.3525|26.2497|27.3162|66.6304|13.9548|99.0064|59.8148|37.2729|10.4739|83.9106|66.666|69.3348|67.1704|82.5435|56.1703|83.3731,0.180129|0.227784|0.190047|0.1911|0.181099|0.161116|0.216464|0.171162|0.180772|0.246199|0.243038|0.244194|0.231681|0.179788|0.189728|0.201409|0.18359|0.176784|0.163561|0.204476|0.212271|0.194827|0.184721|0.20461|0.247907|0.197114,0.323551|0.686264|0.757428|0.161388|0.741177|0.528582|0.583168|0.40751|0.511755|0.415176|0.658826|0.307851|0.750497|0.275394|0.801183|0.439638|0.339058|0.943162|0.469027|0.65353|0.890059|0.93416|0.609732|0.519435|0.827328|0.942894,0.869523,0.801463,0.117836,0.0993652,0.460468,0.534015,0.0732846,0.487967,0.198257,0.921169,51.6436,5.43263e-12,47756,0.887486,41.1981,1.06086e-12,38445,0.895553,0.876428,0.0878307,0.631141,0.996144,0.511517,0.22039,0.459803,0.228135,0.891603,87.9902,7.64954e-10,30733,0.967162,70.4477,9.04596e-11,52512
24,1007,n1->n20->n18->n19->n17->n68->n58->n59->n90->n88->n87->n70->n72->n45->n43->n41->n39->n37->n38->n67->n64->n49->n47->n46->n48->n50->n51,5.37021e+09|4.0293e+11|7.59179e+12|2.47533e+11|1.51096e+11|1.31753e+09|8.16696e+09|3.04563e+11|1.33273e+11|9.00567e+12|7.3435e+12|6.87309e+13|6.83442e+09|8.38488e+13|1.40931e+10|3.95737e+11|3.34792e+13|2.79748e+13|1.16426e+13|4.7483e+09|4.21034e+09|2.45005e+09|4.74236e+11|5.53417e+12|3.98001e+12|2.36425e+09|7.46708e+11,8.19724e+08|1.89646e+11|4.11836e+12|2.33399e+11|1.57582e+10|3.10679e+08|6.89506e+09|3.06423e+10|6.41526e+10|8.66002e+12|2.79916e+12|9.78332e+12|1.48353e+09|1.01787e+13|3.26577e+09|1.47899e+11|1.12013e+13|4.96975e+12|1.19258e+12|7.5553e+08|1.60867e+09|2.44458e+09|1.54765e+11|1.63629e+12|1.69514e+12|4.07889e+08|5.06847e+11,0.000494453|5.21063e-05|2.98936e-05|0.000261527|0.000261059|0.000223952|0.000266735|2.43107e-05|0.000319756|6.2721e-05|0.000634307|5.13815e-05|0.000159499|1.67225e-05|0.000955168|2.35935e-05|5.53896e-05|1.06248e-05|1.04425e-05|3.91885e-05|1.88732e-05|1.07426e-05|0.000202873|0.000489732|4.78153e-05|1.54283e-05|0.000185382,0.000316017|0.000368678|0.000681499|0.000768065|0.000513001|0.00843573|0.00874893|0.000202742|0.000672662|0.000480267|0.00151267|0.00295865|0.00384342|0.000742576|0.00344494|0.00412419|0.0025393|0.000261291|0.00950649|0.000640186|0.000135861|0.000979027|0.000266598|0.000159088|0.00544009|0.00907722|0.00344885,0.0109342|0.0108696|0.0192976|0.0201979|0.0430027|0.0370095|0.0248478|0.00304046|0.0285929|0.00850464|0.0186268|0.0286141|0.0479977|0.00846218|0.0168583|0.00451081|0.00111942|0.0457563|0.0263713|0.029632|0.0266797|0.0183567|0.00898217|0.029055|0.0455031|0.00638914|0.0365406,0.000178506|0.0181411|0.0120519|0.0291803|0.00442808|0.00589983|0.0481122|0.0474075|0.0372754|0.0237676|0.00979507|0.0216638|0.0299903|0.0342415|0.0482719|0.00491436|0.0449458|0.0105712|0.00318517|0.0482082|0.0436548|0.0388066|0.0488958|0.0302566|0.0360942|0.0483596|0.0130093,0.973537|0.923215|0.946711|0.941018|0.974312|0.984554|0.911658|0.99171|0.984478|0.962132|0.977244|0.966653|0.96924|0.934264|0.943219|0.923722|0.924329|0.964079|0.902547|0.924883|0.933821|0.969899|0.9108|0.923372|0.967439|0.910708|0.98883,4.63983|4.79469|4.38273|1.39448|5.11322|5.26958|3.70937|5.60303|4.02061|1.9653|2.33192|4.60778|3.90463|5.31688|2.3897|4.11092|1.19952|4.96174|5.09423|2.06342|5.77568|3.94615|6.27947|0.31178|3.09858|5.41755|4.04415,90.7492|89.2299|34.0839|10.3361|23.9015|56.905|56.397|62.2588|14.1987|57.0974|39.9413|97.4405|63.1262|48.5398|43.4967|38.9947|31.554|46.986|59.2872|95.5844|77.768|91.8261|71.5316|41.9872|23.5956|82.9474,0.215706|0.247215|0.248409|0.172286|0.236806|0.185169|0.21902|0.169222|0.244274|0.227675|0.180359|0.180102|0.243732|0.218428|0.160247|0.18226|0.195005|0.170599|0.200548|0.248978|0.165457|0.228404|0.196056|0.178665|0.191801|0.24308,0.53635|0.652252|0.983209|0.559133|0.2818|0.476138|0.533324|0.361153|0.997795|0.396625|0.129355|0.79408|0.65643|0.854577|0.922117|0.988985|0.711047|0.662799|0.127053|0.480161|0.348083|0.133861|0.758317|0.182289|0.688345|0.624607,0.869523,0.801463,0.117836,0.0993652,0.460468,0.534015,0.0732846,0.487967,0.198257,0.921169,51.6436,5.43263e-12,47756,0.887486,41.1981,1.06086e-12,38445,0.895553,0.876428,0.0878307,0.631141,0.996144,0.511517,0.22039,0.459803,0.228135,0.891603,87.9902,7.64954e-10,30733,0.967162,70.4477,9.04596e-11,52512
24,1008,n1->n13->n11->n9->n10->n63->n42->n40->n54->n73->n75->n71->n24->n33->n31->n30->n29->n28->n27->n97->n99->n98->n57->n55->n53->n52->n51,5.37021e+09|6.60497e+13|1.78735e+12|1.49139e+12|2.49624e+09|6.55204e+12|2.42905e+09|3.58065e+10|2.80961e+11|1.41706e+11|8.71921e+10|7.70008e+11|1.59557e+13|3.64323e+13|4.79342e+12|1.26395e+10|3.6336e+13|1.34247e+11|4.19351e+12|2.90604e+09|1.57108e+10|1.8266e+13|4.14288e+09|8.84081e+12|4.60474e+10|1.02428e+10|7.46708e+11,8.19724e+08|8.87204e+12|3.29521e+11|3.79906e+11|7.32581e+08|2.63574e+12|2.47264e+08|4.14657e+09|2.23178e+11|5.76853e+10|5.29113e+10|1.60546e+11|4.06569e+12|6.32377e+12|4.42443e+12|1.81012e+09|1.77292e+13|1.51805e+10|8.73344e+11|5.04144e+08|4.21389e+09|5.99087e+12|2.05006e+09|4.69454e+12|3.18273e+10|2.07235e+09|5.06847e+11,0.000494453|0.000787814|5.47786e-05|1.80008e-05|6.27016e-05|0.000116235|8.79758e-05|6.01341e-05|1.47667e-05|6.32916e-05|0.000766915|0.00017279|0.000193265|1.50316e-05|0.00024651|4.789e-05|0.000125062|0.00056516|1.08528e-05|8.81202e-05|0.00089026|0.000410965|0.000173612|4.06274e-05|2.00633e-05|0.00011644|0.000185382,0.000316017|0.00788063|0.00652494|0.00065196|0.00113469|0.00126856|0.000493531|0.00268841|0.00549128|0.000807753|0.000203965|0.00123164|0.0012727|0.00213059|0.00308746|0.00655588|0.00231296|0.0093172|0.00262605|0.00494291|0.000350126|0.000548485|0.00271581|0.000128431|0.000509085|0.00580301|0.00344885,0.0109342|0.0476737|0.00125292|0.0140743|0.00597815|0.0100727|0.00783732|0.0249103|0.0334079|0.0455502|0.0243876|0.0398828|0.0433038|0.00968695|0.0211034|0.00398508|0.0255931|0.0317261|0.0303206|0.0381696|0.0362414|0.0295222|0.0328142|0.00843704|5.21659e-05|0.0398377|0.0365406,0.000178506|0.00335145|0.0136412|0.033904|0.0245713|0.0107197|0.0327962|0.033399|0.00844474|0.028193|0.0250863|0.0326729|0.00780618|0.0280967|0.0151027|0.0178703|0.00291922|0.03841|0.0230682|0.00800322|0.0472365|0.0297366|0.0437642|0.0314938|0.00115664|0.0151024|0.0130093,0.973537|0.954869|0.988894|0.963574|0.962416|0.903245|0.960936|0.920308|0.927525|0.909539|0.936129|0.947193|0.90929|0.923653|0.943878|0.972158|0.962742|0.948072|0.985376|0.90679|0.953794|0.959539|0.983348|0.908585|0.913872|0.965406|0.98883,4.63983|5.26639|0.923897|5.88966|1.97158|4.68449|0.765875|2.50002|1.22009|3.29092|3.39264|0.117525|3.9732|1.04264|4.82496|5.42296|0.0327787|1.48687|4.5695|1.41691|3.07459|2.95405|1.93323|3.37071|0.640024|0.0104102|4.04415,79.8117|13.9548|99.0064|65.9961|65.1286|97.0433|77.6192|12.2677|26.1465|85.6152|14.5634|44.1502|98.0873|95.0453|88.6669|29.3504|18.7034|23.5709|31.5608|94.4507|58.4557|98.2355|61.5999|30.3781|81.3721|83.3731,0.246796|0.189728|0.201409|0.193896|0.203746|0.211509|0.243521|0.248162|0.196311|0.185893|0.169453|0.204574|0.239791|0.234751|0.215598|0.179657|0.249902|0.207151|0.219936|0.168303|0.227784|0.190047|0.220389|0.207992|0.184589|0.197114,0.338018|0.801183|0.439638|0.982181|0.514129|0.758395|0.14346|0.812759|0.754315|0.624191|0.275247|0.45026|0.939209|0.258586|0.123891|0.887943|0.259002|0.340196|0.557853|0.263233|0.686264|0.757428|0.549818|0.646488|0.272111|0.942894,0.869523,0.801463,0.117836,0.0993652,0.460468,0.534015,0.0732846,0.487967,0.198257,0.921169,51.6436,5.43263e-12,47756,0.887486,41.1981,1.06086e-12,38445,0.895553,0.876428,0.0878307,0.631141,0.996144,0.511517,0.22039,0.459803,0.228135,0.891603,87.9902,7.64954e-10,30733,0.967162,70.4477,9.04596e-11,52512
24,1009,n1->n13->n12->n14->n75->n74->n22->n68->n19->n18->n70->n87->n88->n90->n56->n84->n82->n95->n93->n64->n67->n38->n39->n37->n65->n52->n51,5.37021e+09|6.60497e+13|9.70597e+10|3.70261e+10|8.71921e+10|5.8385e+13|1.47e+10|1.31753e+09|2.47533e+11|7.59179e+12|6.87309e+13|7.3435e+12|9.00567e+12|1.33273e+11|1.1605e+12|1.07392e+09|1.07979e+13|1.05601e+11|4.22601e+13|4.21034e+09|4.7483e+09|1.16426e+13|3.34792e+13|2.79748e+13|1.12599e+09|1.02428e+10|7.46708e+11,8.19724e+08|8.87204e+12|2.76143e+10|1.44234e+10|5.29113e+10|7.35096e+12|9.51029e+09|3.10679e+08|2.33399e+11|4.11836e+12|9.78332e+12|2.79916e+12|8.66002e+12|6.41526e+10|5.65456e+11|9.00899e+08|1.66379e+12|5.46554e+10|1.3774e+13|1.60867e+09|7.5553e+08|1.19258e+12|1.12013e+13|4.96975e+12|3.2906e+08|2.07235e+09|5.06847e+11,0.000494453|0.000787814|0.000201974|3.25754e-05|0.000766915|0.000875739|1.77434e-05|0.000223952|0.000261527|2.98936e-05|5.13815e-05|0.000634307|6.2721e-05|0.000319756|1.7812e-05|2.14473e-05|0.000837919|0.000260968|8.45967e-05|1.88732e-05|3.91885e-05|1.04425e-05|5.53896e-05|1.06248e-05|1.96575e-05|0.00011644|0.000185382,0.000316017|0.00788063|0.0016732|0.000181646|0.000203965|0.00944671|0.0006856|0.00843573|0.000768065|0.000681499|0.00295865|0.00151267|0.000480267|0.000672662|0.000830638|0.000434313|0.00271152|0.000186877|0.000162335|0.000135861|0.000640186|0.00950649|0.0025393|0.000261291|0.000428116|0.00580301|0.00344885,0.0109342|0.0476737|0.0313381|0.0426128|0.0243876|0.0280357|0.0408661|0.0370095|0.0201979|0.0192976|0.0286141|0.0186268|0.00850464|0.0285929|0.0231698|0.0473575|0.0278433|0.00282907|0.0108045|0.0266797|0.029632|0.0263713|0.00111942|0.0457563|0.00118659|0.0398377|0.0365406,0.000178506|0.00335145|0.0470205|0.049061|0.0250863|0.0166219|0.040072|0.00589983|0.0291803|0.0120519|0.0216638|0.00979507|0.0237676|0.0372754|0.0417641|0.0366447|0.0266174|0.0420997|0.0326183|0.0436548|0.0482082|0.00318517|0.0449458|0.0105712|0.00176737|0.0151024|0.0130093,0.973537|0.954869|0.937315|0.906626|0.936129|0.90082|0.95984|0.984554|0.941018|0.946711|0.966653|0.977244|0.962132|0.984478|0.944528|0.948551|0.934435|0.966581|0.912097|0.933821|0.924883|0.902547|0.924329|0.964079|0.967717|0.965406|0.98883,4.63983|5.26639|3.07758|0.762282|3.39264|0.0974208|0.048646|5.26958|1.39448|4.38273|4.60778|2.33192|1.9653|4.02061|2.55597|5.42186|0.132111|1.09944|5.92115|5.77568|2.06342|5.09423|1.19952|4.96174|4.1126|0.0104102|4.04415,79.8117|56.34|51.9585|56.2706|64.3401|63.8366|15.3326|67.5745|34.0839|55.8812|39.9413|57.0974|14.1987|40.6061|34.4372|83.37|75.699|24.941|32.5899|95.5844|59.2872|52.0957|31.554|13.4252|56.1703|83.3731,0.246796|0.206669|0.222459|0.226178|0.220369|0.241428|0.236297|0.2055|0.248409|0.234874|0.180359|0.227675|0.244274|0.166746|0.222961|0.203763|0.21275|0.237661|0.178102|0.248978|0.200548|0.199024|0.195005|0.230756|0.247907|0.197114,0.338018|0.285239|0.326911|0.725021|0.119032|0.480684|0.655447|0.968257|0.983209|0.16843|0.129355|0.396625|0.997795|0.163177|0.762891|0.808712|0.837867|0.985064|0.548301|0.480161|0.127053|0.46236|0.711047|0.986996|0.827328|0.942894,0.869523,0.801463,0.117836,0.0993652,0.460468,0.534015,0.0732846,0.487967,0.198257,0.921169,51.6436,5.43263e-12,47756,0.887486,41.1981,1.06086e-12,38445,0.895553,0.876428,0.0878307,0.631141,0.996144,0.511517,0.22039,0.459803,0.228135,0.891603,87.9902,7.64954e-10,30733,0.967162,70.4477,9.04596e-11,52512
24,1010,n1->n99->n98->n57->n74->n35->n33->n84->n83->n85->n17->n18->n16->n38->n36->n64->n67->n21->n20->n19->n68->n66->n32->n30->n29->n50->n51,5.37021e+09|1.57108e+10|1.8266e+13|4.14288e+09|5.8385e+13|5.77859e+11|3.64323e+13|1.07392e+09|3.76373e+13|2.02447e+09|1.51096e+11|7.59179e+12|1.09193e+13|1.16426e+13|7.73972e+11|4.21034e+09|4.7483e+09|1.56161e+12|4.0293e+11|2.47533e+11|1.31753e+09|1.10072e+10|1.78367e+12|1.26395e+10|3.6336e+13|2.36425e+09|7.46708e+11,8.19724e+08|4.21389e+09|5.99087e+12|2.05006e+09|7.35096e+12|4.88834e+11|6.32377e+12|9.00899e+08|2.34723e+13|2.41326e+08|1.57582e+10|4.11836e+12|1.33827e+12|1.19258e+12|7.77593e+10|1.60867e+09|7.5553e+08|3.02345e+11|1.89646e+11|2.33399e+11|3.10679e+08|8.7665e+09|1.05491e+12|1.81012e+09|1.77292e+13|4.07889e+08|5.06847e+11,0.000494453|0.00089026|0.000410965|0.000173612|0.000875739|0.000412952|1.50316e-05|2.14473e-05|1.86087e-05|2.04325e-05|0.000261059|2.98936e-05|3.71682e-05|1.04425e-05|0.000426407|1.88732e-05|3.91885e-05|0.00096308|5.21063e-05|0.000261527|0.000223952|0.000237659|0.000179959|4.789e-05|0.000125062|1.54283e-05|0.000185382,0.000316017|0.000350126|0.000548485|0.00271581|0.00944671|0.00138752|0.00213059|0.000434313|0.000175452|0.000338175|0.000513001|0.000681499|0.00174713|0.00950649|0.00396778|0.000135861|0.000640186|0.00195589|0.000368678|0.000768065|0.00843573|0.000470269|0.00292552|0.00655588|0.00231296|0.00907722|0.00344885,0.0109342|0.0362414|0.0295222|0.0328142|0.0280357|0.00215298|0.00968695|0.0473575|0.015405|0.0354515|0.0430027|0.0192976|0.0123696|0.0263713|0.00497013|0.0266797|0.029632|0.00712365|0.0108696|0.0201979|0.0370095|0.0203827|0.00778345|0.00398508|0.0255931|0.00638914|0.0365406,0.000178506|0.0472365|0.0297366|0.0437642|0.0166219|0.0375959|0.0280967|0.0366447|0.038157|0.0266209|0.00442808|0.0120519|0.0240438|0.00318517|0.0341912|0.0436548|0.0482082|0.0414669|0.0181411|0.0291803|0.00589983|0.0146278|0.0161829|0.0178703|0.00291922|0.0483596|0.0130093,0.973537|0.953794|0.959539|0.983348|0.90082|0.952159|0.923653|0.948551|0.947801|0.940474|0.974312|0.946711|0.979533|0.902547|0.94998|0.933821|0.924883|0.971602|0.923215|0.941018|0.984554|0.978907|0.953313|0.972158|0.962742|0.910708|0.98883,4.63983|3.07459|2.95405|1.93323|0.0974208|5.24666|1.04264|5.42186|4.11052|4.91715|5.11322|4.38273|1.69436|5.09423|3.70656|5.77568|2.06342|3.14177|4.79469|1.39448|5.26958|3.10364|0.10397|5.42296|0.0327787|5.41755|4.04415,66.2586|58.4557|98.2355|95.6836|67.7415|93.5115|59.7094|20.1884|92.2019|84.7043|43.2583|72.2829|28.0546|61.2725|43.8659|95.5844|42.5138|76.7594|86.2435|67.5745|70.8824|27.3217|69.5993|29.3504|37.0378|82.9474,0.180129|0.227784|0.190047|0.169856|0.161632|0.242679|0.183728|0.246081|0.231254|0.225161|0.218822|0.180241|0.17367|0.204351|0.241695|0.248978|0.197352|0.218425|0.182991|0.2055|0.16183|0.199785|0.204659|0.179657|0.191256|0.24308,0.323551|0.686264|0.757428|0.815246|0.301798|0.487093|0.218166|0.599197|0.604504|0.880608|0.981182|0.553025|0.828443|0.413834|0.590576|0.480161|0.602799|0.515127|0.182796|0.968257|0.215539|0.769012|0.237533|0.887943|0.182586|0.624607,0.869523,0.801463,0.117836,0.0993652,0.460468,0.534015,0.0732846,0.487967,0.198257,0.921169,51.6436,5.43263e-12,47756,0.887486,41.1981,1.06086e-12,38445,0.895553,0.876428,0.0878307,0.631141,0.996144,0.511517,0.22039,0.459803,0.228135,0.891603,87.9902,7.64954e-10,30733,0.967162,70.4477,9.04596e-11,52512
24,1011,n1->n13->n12->n14->n96->n97->n99->n98->n57->n55->n53->n52->n27->n4->n2->n100->n73->n54->n82->n80->n81->n37->n38->n67->n64->n49->n51,5.37021e+09|6.60497e+13|9.70597e+10|3.70261e+10|2.51165e+12|2.90604e+09|1.57108e+10|1.8266e+13|4.14288e+09|8.84081e+12|4.60474e+10|1.02428e+10|4.19351e+12|7.07339e+12|5.94248e+10|4.01966e+09|1.41706e+11|2.80961e+11|1.07979e+13|2.45686e+13|2.58887e+10|2.79748e+13|1.16426e+13|4.7483e+09|4.21034e+09|2.45005e+09|7.46708e+11,8.19724e+08|8.87204e+12|2.76143e+10|1.44234e+10|5.36324e+11|5.04144e+08|4.21389e+09|5.99087e+12|2.05006e+09|4.69454e+12|3.18273e+10|2.07235e+09|8.73344e+11|2.43435e+12|3.74975e+10|2.27749e+09|5.76853e+10|2.23178e+11|1.66379e+12|2.75437e+12|8.36206e+09|4.96975e+12|1.19258e+12|7.5553e+08|1.60867e+09|2.44458e+09|5.06847e+11,0.000494453|0.000787814|0.000201974|3.25754e-05|1.2987e-05|8.81202e-05|0.00089026|0.000410965|0.000173612|4.06274e-05|2.00633e-05|0.00011644|1.08528e-05|0.000113681|1.10648e-05|0.000665246|6.32916e-05|1.47667e-05|0.000837919|1.13052e-05|0.000268232|1.06248e-05|1.04425e-05|3.91885e-05|1.88732e-05|1.07426e-05|0.000185382,0.000316017|0.00788063|0.0016732|0.000181646|0.000286765|0.00494291|0.000350126|0.000548485|0.00271581|0.000128431|0.000509085|0.00580301|0.00262605|0.00198341|0.00120557|0.00914892|0.000807753|0.00549128|0.00271152|0.000238286|0.000752991|0.000261291|0.00950649|0.000640186|0.000135861|0.000979027|0.00344885,0.0109342|0.0476737|0.0313381|0.0426128|0.0377902|0.0381696|0.0362414|0.0295222|0.0328142|0.00843704|5.21659e-05|0.0398377|0.0303206|0.0350273|0.00369149|0.0100829|0.0455502|0.0334079|0.0278433|0.00592883|0.0481357|0.0457563|0.0263713|0.029632|0.0266797|0.0183567|0.0365406,0.000178506|0.00335145|0.0470205|0.049061|0.0195364|0.00800322|0.0472365|0.0297366|0.0437642|0.0314938|0.00115664|0.0151024|0.0230682|0.0273051|0.0127317|0.0460028|0.028193|0.00844474|0.0266174|0.0262948|0.00997263|0.0105712|0.00318517|0.0482082|0.0436548|0.0388066|0.0130093,0.973537|0.954869|0.937315|0.906626|0.951762|0.90679|0.953794|0.959539|0.983348|0.908585|0.913872|0.965406|0.985376|0.917619|0.968894|0.935175|0.909539|0.927525|0.934435|0.919013|0.948836|0.964079|0.902547|0.924883|0.933821|0.969899|0.98883,4.63983|5.26639|3.07758|0.762282|0.85792|1.41691|3.07459|2.95405|1.93323|3.37071|0.640024|0.0104102|4.5695|1.56082|4.74216|3.89025|3.29092|1.22009|0.132111|0.100836|1.5908|4.96174|5.09423|2.06342|5.77568|3.94615|4.04415,79.8117|56.34|51.9585|54.7186|37.9513|94.4507|58.4557|98.2355|61.5999|30.3781|81.3721|46.2248|52.1141|30.2686|37.015|20.1165|26.1465|41.1455|47.0365|15.5679|88.8597|46.986|59.2872|95.5844|77.768|10.4661,0.246796|0.206669|0.222459|0.208433|0.246589|0.168303|0.227784|0.190047|0.220389|0.207992|0.184589|0.183493|0.184605|0.239023|0.17211|0.175955|0.196311|0.242874|0.231931|0.212149|0.211898|0.170599|0.200548|0.248978|0.165457|0.216931,0.338018|0.285239|0.326911|0.448351|0.157157|0.263233|0.686264|0.757428|0.549818|0.646488|0.272111|0.657987|0.200735|0.514427|0.315214|0.825877|0.754315|0.378494|0.796307|0.870283|0.430076|0.662799|0.127053|0.480161|0.348083|0.516407,0.869523,0.801463,0.117836,0.0993652,0.460468,0.534015,0.0732846,0.487967,0.198257,0.921169,51.6436,5.43263e-12,47756,0.887486,41.1981,1.06086e-12,38445,0.895553,0.876428,0.0878307,0.631141,0.996144,0.511517,0.22039,0.459803,0.228135,0.891603,87.9902,7.64954e-10,30733,0.967162,70.4477,9.04596e-11,52512
24,1012,n1->n99->n77->n72->n73->n71->n75->n4->n27->n26->n47->n49->n64->n65->n85->n58->n59->n50->n60->n62->n46->n48->n89->n20->n96->n94->n51,5.37021e+09|1.57108e+10|5.68112e+11|6.83442e+09|1.41706e+11|7.70008e+11|8.71921e+10|7.07339e+12|4.19351e+12|7.09351e+09|4.74236e+11|2.45005e+09|4.21034e+09|1.12599e+09|2.02447e+09|8.16696e+09|3.04563e+11|2.36425e+09|8.79841e+13|2.37342e+11|5.53417e+12|3.98001e+12|2.68119e+11|4.0293e+11|2.51165e+12|1.36531e+10|7.46708e+11,8.19724e+08|4.21389e+09|3.56307e+11|1.48353e+09|5.76853e+10|1.60546e+11|5.29113e+10|2.43435e+12|8.73344e+11|1.31666e+09|1.54765e+11|2.44458e+09|1.60867e+09|3.2906e+08|2.41326e+08|6.89506e+09|3.06423e+10|4.07889e+08|5.95756e+13|1.13053e+11|1.63629e+12|1.69514e+12|9.23423e+10|1.89646e+11|5.36324e+11|1.67171e+09|5.06847e+11,0.000494453|0.00089026|8.49487e-05|0.000159499|6.32916e-05|0.00017279|0.000766915|0.000113681|1.08528e-05|3.77967e-05|0.000202873|1.07426e-05|1.88732e-05|1.96575e-05|2.04325e-05|0.000266735|2.43107e-05|1.54283e-05|0.000731749|8.24006e-05|0.000489732|4.78153e-05|3.55201e-05|5.21063e-05|1.2987e-05|2.95455e-05|0.000185382,0.000316017|0.000350126|0.000906866|0.00384342|0.000807753|0.00123164|0.000203965|0.00198341|0.00262605|0.00522178|0.000266598|0.000979027|0.000135861|0.000428116|0.000338175|0.00874893|0.000202742|0.00907722|0.000248463|0.00794111|0.000159088|0.00544009|0.000111435|0.000368678|0.000286765|0.000125263|0.00344885,0.0109342|0.0362414|0.04851|0.0479977|0.0455502|0.0398828|0.0243876|0.0350273|0.0303206|0.0101688|0.00898217|0.0183567|0.0266797|0.00118659|0.0354515|0.0248478|0.00304046|0.00638914|0.0128442|0.0242596|0.029055|0.0455031|0.0107812|0.0108696|0.0377902|0.00830448|0.0365406,0.000178506|0.0472365|0.0115254|0.0299903|0.028193|0.0326729|0.0250863|0.0273051|0.0230682|0.0409649|0.0488958|0.0388066|0.0436548|0.00176737|0.0266209|0.0481122|0.0474075|0.0483596|0.0431033|0.0480911|0.0302566|0.0360942|0.0401575|0.0181411|0.0195364|0.0293842|0.0130093,0.973537|0.953794|0.949999|0.96924|0.909539|0.947193|0.936129|0.917619|0.985376|0.981638|0.9108|0.969899|0.933821|0.967717|0.940474|0.911658|0.99171|0.910708|0.945549|0.98053|0.923372|0.967439|0.926416|0.923215|0.951762|0.927471|0.98883,4.63983|3.07459|0.722366|3.90463|3.29092|0.117525|3.39264|1.56082|4.5695|2.91399|6.27947|3.94615|5.77568|4.1126|4.91715|3.70937|5.60303|5.41755|4.50487|5.59786|0.31178|3.09858|0.0868458|4.79469|0.85792|5.03384|4.04415,66.2586|96.5216|92.3918|29.1617|28.2621|14.5634|81.7362|52.1141|67.4197|70.8805|91.8261|77.768|56.7563|82.5435|90.6886|56.397|47.7013|22.3088|48.3985|56.7189|41.9872|94.0077|18.2346|58.7029|71.0086|11.2844,0.180129|0.241387|0.167022|0.178937|0.242769|0.169453|0.218556|0.184605|0.171162|0.189485|0.228404|0.165457|0.186349|0.20461|0.194345|0.21902|0.170229|0.190841|0.17162|0.167864|0.178665|0.234363|0.231355|0.201188|0.230021|0.200895,0.323551|0.664018|0.776051|0.920295|0.940077|0.275247|0.847503|0.200735|0.40751|0.757042|0.133861|0.348083|0.927837|0.519435|0.45102|0.533324|0.776444|0.323935|0.641887|0.624525|0.182289|0.948873|0.595303|0.666395|0.131268|0.836539,0.869523,0.801463,0.117836,0.0993652,0.460468,0.534015,0.0732846,0.487967,0.198257,0.921169,51.6436,5.43263e-12,47756,0.887486,41.1981,1.06086e-12,38445,0.895553,0.876428,0.0878307,0.631141,0.996144,0.511517,0.22039,0.459803,0.228135,0.891603,87.9902,7.64954e-10,30733,0.967162,70.4477,9.04596e-11,52512
24,1013,n1->n99->n98->n57->n83->n81->n37->n65->n85->n84->n33->n6->n12->n14->n75->n76->n78->n44->n42->n63->n82->n54->n56->n90->n59->n50->n51,5.37021e+09|1.57108e+10|1.8266e+13|4.14288e+09|3.76373e+13|2.58887e+10|2.79748e+13|1.12599e+09|2.02447e+09|1.07392e+09|3.64323e+13|1.14208e+09|9.70597e+10|3.70261e+10|8.71921e+10|4.21804e+13|3.25238e+10|5.26537e+13|2.42905e+09|6.55204e+12|1.07979e+13|2.80961e+11|1.1605e+12|1.33273e+11|3.04563e+11|2.36425e+09|7.46708e+11,8.19724e+08|4.21389e+09|5.99087e+12|2.05006e+09|2.34723e+13|8.36206e+09|4.96975e+12|3.2906e+08|2.41326e+08|9.00899e+08|6.32377e+12|2.20459e+08|2.76143e+10|1.44234e+10|5.29113e+10|1.15782e+13|2.30731e+10|2.86817e+13|2.47264e+08|2.63574e+12|1.66379e+12|2.23178e+11|5.65456e+11|6.41526e+10|3.06423e+10|4.07889e+08|5.06847e+11,0.000494453|0.00089026|0.000410965|0.000173612|1.86087e-05|0.000268232|1.06248e-05|1.96575e-05|2.04325e-05|2.14473e-05|1.50316e-05|1.08483e-05|0.000201974|3.25754e-05|0.000766915|1.88608e-05|0.000270955|0.000124649|8.79758e-05|0.000116235|0.000837919|1.47667e-05|1.7812e-05|0.000319756|2.43107e-05|1.54283e-05|0.000185382,0.000316017|0.000350126|0.000548485|0.00271581|0.000175452|0.000752991|0.000261291|0.000428116|0.000338175|0.000434313|0.00213059|0.00010157|0.0016732|0.000181646|0.000203965|0.00214239|0.00167497|0.00158999|0.000493531|0.00126856|0.00271152|0.00549128|0.000830638|0.000672662|0.000202742|0.00907722|0.00344885,0.0109342|0.0362414|0.0295222|0.0328142|0.015405|0.0481357|0.0457563|0.00118659|0.0354515|0.0473575|0.00968695|0.00160082|0.0313381|0.0426128|0.0243876|0.00156873|0.00569443|0.0486405|0.00783732|0.0100727|0.0278433|0.0334079|0.0231698|0.0285929|0.00304046|0.00638914|0.0365406,0.000178506|0.0472365|0.0297366|0.0437642|0.038157|0.00997263|0.0105712|0.00176737|0.0266209|0.0366447|0.0280967|0.0260762|0.0470205|0.049061|0.0250863|0.0470058|0.0425349|0.00764508|0.0327962|0.0107197|0.0266174|0.00844474|0.0417641|0.0372754|0.0474075|0.0483596|0.0130093,0.973537|0.953794|0.959539|0.983348|0.947801|0.948836|0.964079|0.967717|0.940474|0.948551|0.923653|0.908628|0.937315|0.906626|0.936129|0.989289|0.92832|0.932977|0.960936|0.903245|0.934435|0.927525|0.944528|0.984478|0.99171|0.910708|0.98883,4.63983|3.07459|2.95405|1.93323|4.11052|1.5908|4.96174|4.1126|4.91715|5.42186|1.04264|5.01633|3.07758|0.762282|3.39264|0.578949|3.3614|2.64532|0.765875|4.68449|0.132111|1.22009|2.55597|4.02061|5.60303|5.41755|4.04415,66.2586|58.4557|98.2355|50.003|78.7627|88.8597|13.4252|82.5435|82.1833|59.7094|50.0569|32.9383|51.9585|56.2706|63.5216|69.3348|88.5528|21.0603|97.0433|48.6997|41.1455|42.6814|40.6061|62.2588|47.7013|82.9474,0.180129|0.227784|0.190047|0.1911|0.170031|0.211898|0.230756|0.20461|0.216313|0.183728|0.19306|0.230728|0.222459|0.226178|0.207806|0.194827|0.200088|0.23095|0.211509|0.175742|0.242874|0.167734|0.166746|0.169222|0.170229|0.24308,0.323551|0.686264|0.757428|0.161388|0.530775|0.430076|0.986996|0.519435|0.528406|0.218166|0.116472|0.628307|0.326911|0.725021|0.844544|0.93416|0.134865|0.399278|0.758395|0.4301|0.378494|0.927159|0.163177|0.361153|0.776444|0.624607,0.869523,0.801463,0.117836,0.0993652,0.460468,0.534015,0.0732846,0.487967,0.198257,0.921169,51.6436,5.43263e-12,47756,0.887486,41.1981,1.06086e-12,38445,0.895553,0.876428,0.0878307,0.631141,0.996144,0.511517,0.22039,0.459803,0.228135,0.891603,87.9902,7.64954e-10,30733,0.967162,70.4477,9.04596e-11,52512
24,1014,n1->n13->n15->n29->n28->n27->n25->n26->n24->n33->n35->n31->n30->n32->n34->n36->n64->n65->n37->n38->n67->n21->n23->n77->n93->n94->n51,5.37021e+09|6.60497e+13|8.77071e+11|3.6336e+13|1.34247e+11|4.19351e+12|1.67189e+13|7.09351e+09|1.59557e+13|3.64323e+13|5.77859e+11|4.79342e+12|1.26395e+10|1.78367e+12|4.7313e+12|7.73972e+11|4.21034e+09|1.12599e+09|2.79748e+13|1.16426e+13|4.7483e+09|1.56161e+12|4.63033e+10|5.68112e+11|4.22601e+13|1.36531e+10|7.46708e+11,8.19724e+08|8.87204e+12|1.06991e+11|1.77292e+13|1.51805e+10|8.73344e+11|1.40059e+13|1.31666e+09|4.06569e+12|6.32377e+12|4.88834e+11|4.42443e+12|1.81012e+09|1.05491e+12|1.15705e+12|7.77593e+10|1.60867e+09|3.2906e+08|4.96975e+12|1.19258e+12|7.5553e+08|3.02345e+11|3.30225e+10|3.56307e+11|1.3774e+13|1.67171e+09|5.06847e+11,0.000494453|0.000787814|0.000182949|0.000125062|0.00056516|1.08528e-05|6.30741e-05|3.77967e-05|0.000193265|1.50316e-05|0.000412952|0.00024651|4.789e-05|0.000179959|0.000140889|0.000426407|1.88732e-05|1.96575e-05|1.06248e-05|1.04425e-05|3.91885e-05|0.00096308|0.000277161|8.49487e-05|8.45967e-05|2.95455e-05|0.000185382,0.000316017|0.00788063|0.00274771|0.00231296|0.0093172|0.00262605|0.00294926|0.00522178|0.0012727|0.00213059|0.00138752|0.00308746|0.00655588|0.00292552|0.000270551|0.00396778|0.000135861|0.000428116|0.000261291|0.00950649|0.000640186|0.00195589|0.00418014|0.000906866|0.000162335|0.000125263|0.00344885,0.0109342|0.0476737|0.0207315|0.0255931|0.0317261|0.0303206|0.0195393|0.0101688|0.0433038|0.00968695|0.00215298|0.0211034|0.00398508|0.00778345|0.0276207|0.00497013|0.0266797|0.00118659|0.0457563|0.0263713|0.029632|0.00712365|0.00314906|0.04851|0.0108045|0.00830448|0.0365406,0.000178506|0.00335145|0.0378122|0.00291922|0.03841|0.0230682|0.0159438|0.0409649|0.00780618|0.0280967|0.0375959|0.0151027|0.0178703|0.0161829|0.0210615|0.0341912|0.0436548|0.00176737|0.0105712|0.00318517|0.0482082|0.0414669|0.0470385|0.0115254|0.0326183|0.0293842|0.0130093,0.973537|0.954869|0.910795|0.962742|0.948072|0.985376|0.9023|0.981638|0.90929|0.923653|0.952159|0.943878|0.972158|0.953313|0.904866|0.94998|0.933821|0.967717|0.964079|0.902547|0.924883|0.971602|0.92176|0.949999|0.912097|0.927471|0.98883,4.63983|5.26639|1.89272|0.0327787|1.48687|4.5695|1.57149|2.91399|3.9732|1.04264|5.24666|4.82496|5.42296|0.10397|4.56594|3.70656|5.77568|4.1126|4.96174|5.09423|2.06342|3.14177|2.08786|0.722366|5.92115|5.03384|4.04415,79.8117|66.6304|32.2763|18.7034|23.5709|64.4551|63.0993|83.4704|98.0873|93.5115|91.3525|88.6669|69.5993|23.0914|89.5651|43.8659|56.7563|13.4252|46.986|59.2872|42.5138|88.4205|39.0733|51.9256|63.1349|11.2844,0.246796|0.179788|0.240047|0.249902|0.207151|0.242248|0.228799|0.216464|0.239791|0.242679|0.243038|0.215598|0.204659|0.18593|0.241996|0.241695|0.186349|0.230756|0.170599|0.200548|0.197352|0.232237|0.178948|0.247077|0.209804|0.200895,0.338018|0.275394|0.895675|0.259002|0.340196|0.837222|0.359402|0.583168|0.939209|0.487093|0.658826|0.123891|0.237533|0.12287|0.265381|0.590576|0.927837|0.986996|0.662799|0.127053|0.602799|0.516177|0.23533|0.469529|0.17375|0.836539,0.869523,0.801463,0.117836,0.0993652,0.460468,0.534015,0.0732846,0.487967,0.198257,0.921169,51.6436,5.43263e-12,47756,0.887486,41.1981,1.06086e-12,38445,0.895553,0.876428,0.0878307,0.631141,0.996144,0.511517,0.22039,0.459803,0.228135,0.891603,87.9902,7.64954e-10,30733,0.967162,70.4477,9.04596e-11,52512
24,1015,n1->n99->n98->n57->n83->n23->n77->n72->n71->n73->n75->n14->n12->n6->n33->n32->n66->n68->n17->n18->n70->n69->n3->n5->n65->n64->n49->n51,5.37021e+09|1.57108e+10|1.8266e+13|4.14288e+09|3.76373e+13|4.63033e+10|5.68112e+11|6.83442e+09|7.70008e+11|1.41706e+11|8.71921e+10|3.70261e+10|9.70597e+10|1.14208e+09|3.64323e+13|1.78367e+12|1.10072e+10|1.31753e+09|1.51096e+11|7.59179e+12|6.87309e+13|8.81277e+09|2.78751e+13|2.91995e+11|1.12599e+09|4.21034e+09|2.45005e+09|7.46708e+11,8.19724e+08|4.21389e+09|5.99087e+12|2.05006e+09|2.34723e+13|3.30225e+10|3.56307e+11|1.48353e+09|1.60546e+11|5.76853e+10|5.29113e+10|1.44234e+10|2.76143e+10|2.20459e+08|6.32377e+12|1.05491e+12|8.7665e+09|3.10679e+08|1.57582e+10|4.11836e+12|9.78332e+12|7.57626e+09|1.44762e+13|4.67133e+10|3.2906e+08|1.60867e+09|2.44458e+09|5.06847e+11,0.000494453|0.00089026|0.000410965|0.000173612|1.86087e-05|0.000277161|8.49487e-05|0.000159499|0.00017279|6.32916e-05|0.000766915|3.25754e-05|0.000201974|1.08483e-05|1.50316e-05|0.000179959|0.000237659|0.000223952|0.000261059|2.98936e-05|5.13815e-05|0.000268039|0.00022361|7.03031e-05|1.96575e-05|1.88732e-05|1.07426e-05|0.000185382,0.000316017|0.000350126|0.000548485|0.00271581|0.000175452|0.00418014|0.000906866|0.00384342|0.00123164|0.000807753|0.000203965|0.000181646|0.0016732|0.00010157|0.00213059|0.00292552|0.000470269|0.00843573|0.000513001|0.000681499|0.00295865|0.00367819|0.00776667|0.000196916|0.000428116|0.000135861|0.000979027|0.00344885,0.0109342|0.0362414|0.0295222|0.0328142|0.015405|0.00314906|0.04851|0.0479977|0.0398828|0.0455502|0.0243876|0.0426128|0.0313381|0.00160082|0.00968695|0.00778345|0.0203827|0.0370095|0.0430027|0.0192976|0.0286141|0.022957|0.0268705|0.00731162|0.00118659|0.0266797|0.0183567|0.0365406,0.000178506|0.0472365|0.0297366|0.0437642|0.038157|0.0470385|0.0115254|0.0299903|0.0326729|0.028193|0.0250863|0.049061|0.0470205|0.0260762|0.0280967|0.0161829|0.0146278|0.00589983|0.00442808|0.0120519|0.0216638|0.0100342|0.0326941|0.0421608|0.00176737|0.0436548|0.0388066|0.0130093,0.973537|0.953794|0.959539|0.983348|0.947801|0.92176|0.949999|0.96924|0.947193|0.909539|0.936129|0.906626|0.937315|0.908628|0.923653|0.953313|0.978907|0.984554|0.974312|0.946711|0.966653|0.975915|0.982466|0.951514|0.967717|0.933821|0.969899|0.98883,4.63983|3.07459|2.95405|1.93323|4.11052|2.08786|0.722366|3.90463|0.117525|3.29092|3.39264|0.762282|3.07758|5.01633|1.04264|0.10397|3.10364|5.26958|5.11322|4.38273|4.60778|2.99986|4.79844|4.90362|4.1126|5.77568|3.94615|4.04415,66.2586|58.4557|98.2355|50.003|23.518|39.0733|92.3918|45.8448|28.2621|85.6152|56.2706|51.9585|32.9383|50.0569|61.2747|27.3217|70.8824|23.9015|43.2583|55.8812|74.5377|83.9106|10.4739|35.0583|56.7563|77.768|10.4661,0.180129|0.227784|0.190047|0.1911|0.181099|0.178948|0.167022|0.218487|0.242769|0.185893|0.226178|0.222459|0.230728|0.19306|0.208144|0.199785|0.16183|0.236806|0.218822|0.234874|0.172691|0.204476|0.163561|0.209201|0.186349|0.165457|0.216931,0.323551|0.686264|0.757428|0.161388|0.741177|0.23533|0.776051|0.29317|0.940077|0.624191|0.725021|0.326911|0.628307|0.116472|0.704271|0.769012|0.215539|0.2818|0.981182|0.16843|0.416585|0.65353|0.469027|0.297185|0.927837|0.348083|0.516407,0.869523,0.801463,0.117836,0.0993652,0.460468,0.534015,0.0732846,0.487967,0.198257,0.921169,51.6436,5.43263e-12,47756,0.887486,41.1981,1.06086e-12,38445,0.895553,0.876428,0.0878307,0.631141,0.996144,0.511517,0.22039,0.459803,0.228135,0.891603,87.9902,7.64954e-10,30733,0.967162,70.4477,9.04596e-11,52512
24,1016,n1->n13->n14->n75->n76->n78->n44->n42->n63->n10->n73->n100->n2->n7->n9->n11->n29->n31->n33->n24->n23->n83->n84->n82->n95->n93->n94->n51,5.37021e+09|6.60497e+13|3.70261e+10|8.71921e+10|4.21804e+13|3.25238e+10|5.26537e+13|2.42905e+09|6.55204e+12|2.49624e+09|1.41706e+11|4.01966e+09|5.94248e+10|3.81012e+11|1.49139e+12|1.78735e+12|3.6336e+13|4.79342e+12|3.64323e+13|1.59557e+13|4.63033e+10|3.76373e+13|1.07392e+09|1.07979e+13|1.05601e+11|4.22601e+13|1.36531e+10|7.46708e+11,8.19724e+08|8.87204e+12|1.44234e+10|5.29113e+10|1.15782e+13|2.30731e+10|2.86817e+13|2.47264e+08|2.63574e+12|7.32581e+08|5.76853e+10|2.27749e+09|3.74975e+10|6.70334e+10|3.79906e+11|3.29521e+11|1.77292e+13|4.42443e+12|6.32377e+12|4.06569e+12|3.30225e+10|2.34723e+13|9.00899e+08|1.66379e+12|5.46554e+10|1.3774e+13|1.67171e+09|5.06847e+11,0.000494453|0.000787814|3.25754e-05|0.000766915|1.88608e-05|0.000270955|0.000124649|8.79758e-05|0.000116235|6.27016e-05|6.32916e-05|0.000665246|1.10648e-05|0.000475679|1.80008e-05|5.47786e-05|0.000125062|0.00024651|1.50316e-05|0.000193265|0.000277161|1.86087e-05|2.14473e-05|0.000837919|0.000260968|8.45967e-05|2.95455e-05|0.000185382,0.000316017|0.00788063|0.000181646|0.000203965|0.00214239|0.00167497|0.00158999|0.000493531|0.00126856|0.00113469|0.000807753|0.00914892|0.00120557|0.00104538|0.00065196|0.00652494|0.00231296|0.00308746|0.00213059|0.0012727|0.00418014|0.000175452|0.000434313|0.00271152|0.000186877|0.000162335|0.000125263|0.00344885,0.0109342|0.0476737|0.0426128|0.0243876|0.00156873|0.00569443|0.0486405|0.00783732|0.0100727|0.00597815|0.0455502|0.0100829|0.00369149|0.01754|0.0140743|0.00125292|0.0255931|0.0211034|0.00968695|0.0433038|0.00314906|0.015405|0.0473575|0.0278433|0.00282907|0.0108045|0.00830448|0.0365406,0.000178506|0.00335145|0.049061|0.0250863|0.0470058|0.0425349|0.00764508|0.0327962|0.0107197|0.0245713|0.028193|0.0460028|0.0127317|0.0283975|0.033904|0.0136412|0.00291922|0.0151027|0.0280967|0.00780618|0.0470385|0.038157|0.0366447|0.0266174|0.0420997|0.0326183|0.0293842|0.0130093,0.973537|0.954869|0.906626|0.936129|0.989289|0.92832|0.932977|0.960936|0.903245|0.962416|0.909539|0.935175|0.968894|0.963898|0.963574|0.988894|0.962742|0.943878|0.923653|0.90929|0.92176|0.947801|0.948551|0.934435|0.966581|0.912097|0.927471|0.98883,4.63983|5.26639|0.762282|3.39264|0.578949|3.3614|2.64532|0.765875|4.68449|1.97158|3.29092|3.89025|4.74216|3.51107|5.88966|0.923897|0.0327787|4.82496|1.04264|3.9732|2.08786|4.11052|5.42186|0.132111|1.09944|5.92115|5.03384|4.04415,79.8117|92.5451|56.2706|63.5216|69.3348|88.5528|21.0603|97.0433|65.1286|29.3778|20.1165|37.015|88.6198|59.8148|99.0064|13.2112|70.4589|95.0453|98.0873|44.8869|23.518|20.1884|83.37|75.699|24.941|63.1349|11.2844,0.246796|0.191459|0.226178|0.207806|0.194827|0.200088|0.23095|0.211509|0.203746|0.202302|0.175955|0.17211|0.228013|0.18359|0.201409|0.219003|0.246199|0.234751|0.239791|0.161116|0.181099|0.246081|0.203763|0.21275|0.237661|0.209804|0.200895,0.338018|0.161307|0.725021|0.844544|0.93416|0.134865|0.399278|0.758395|0.514129|0.747283|0.825877|0.315214|0.84397|0.339058|0.439638|0.427028|0.415176|0.258586|0.939209|0.528582|0.741177|0.599197|0.808712|0.837867|0.985064|0.17375|0.836539,0.869523,0.801463,0.117836,0.0993652,0.460468,0.534015,0.0732846,0.487967,0.198257,0.921169,51.6436,5.43263e-12,47756,0.887486,41.1981,1.06086e-12,38445,0.895553,0.876428,0.0878307,0.631141,0.996144,0.511517,0.22039,0.459803,0.228135,0.891603,87.9902,7.64954e-10,30733,0.967162,70.4477,9.04596e-11,52512
24,1017,n1->n13->n14->n96->n20->n89->n48->n47->n46->n62->n61->n63->n79->n81->n80->n82->n54->n55->n53->n52->n65->n85->n78->n76->n30->n29->n50->n51,5.37021e+09|6.60497e+13|3.70261e+10|2.51165e+12|4.0293e+11|2.68119e+11|3.98001e+12|4.74236e+11|5.53417e+12|2.37342e+11|6.44979e+11|6.55204e+12|1.47019e+10|2.58887e+10|2.45686e+13|1.07979e+13|2.80961e+11|8.84081e+12|4.60474e+10|1.02428e+10|1.12599e+09|2.02447e+09|3.25238e+10|4.21804e+13|1.26395e+10|3.6336e+13|2.36425e+09|7.46708e+11,8.19724e+08|8.87204e+12|1.44234e+10|5.36324e+11|1.89646e+11|9.23423e+10|1.69514e+12|1.54765e+11|1.63629e+12|1.13053e+11|1.30372e+11|2.63574e+12|4.87652e+09|8.36206e+09|2.75437e+12|1.66379e+12|2.23178e+11|4.69454e+12|3.18273e+10|2.07235e+09|3.2906e+08|2.41326e+08|2.30731e+10|1.15782e+13|1.81012e+09|1.77292e+13|4.07889e+08|5.06847e+11,0.000494453|0.000787814|3.25754e-05|1.2987e-05|5.21063e-05|3.55201e-05|4.78153e-05|0.000202873|0.000489732|8.24006e-05|3.71253e-05|0.000116235|0.000133131|0.000268232|1.13052e-05|0.000837919|1.47667e-05|4.06274e-05|2.00633e-05|0.00011644|1.96575e-05|2.04325e-05|0.000270955|1.88608e-05|4.789e-05|0.000125062|1.54283e-05|0.000185382,0.000316017|0.00788063|0.000181646|0.000286765|0.000368678|0.000111435|0.00544009|0.000266598|0.000159088|0.00794111|0.00313588|0.00126856|0.000479664|0.000752991|0.000238286|0.00271152|0.00549128|0.000128431|0.000509085|0.00580301|0.000428116|0.000338175|0.00167497|0.00214239|0.00655588|0.00231296|0.00907722|0.00344885,0.0109342|0.0476737|0.0426128|0.0377902|0.0108696|0.0107812|0.0455031|0.00898217|0.029055|0.0242596|0.0266048|0.0100727|0.0252961|0.0481357|0.00592883|0.0278433|0.0334079|0.00843704|5.21659e-05|0.0398377|0.00118659|0.0354515|0.00569443|0.00156873|0.00398508|0.0255931|0.00638914|0.0365406,0.000178506|0.00335145|0.049061|0.0195364|0.0181411|0.0401575|0.0360942|0.0488958|0.0302566|0.0480911|0.0179693|0.0107197|0.0203026|0.00997263|0.0262948|0.0266174|0.00844474|0.0314938|0.00115664|0.0151024|0.00176737|0.0266209|0.0425349|0.0470058|0.0178703|0.00291922|0.0483596|0.0130093,0.973537|0.954869|0.906626|0.951762|0.923215|0.926416|0.967439|0.9108|0.923372|0.98053|0.958619|0.903245|0.966262|0.948836|0.919013|0.934435|0.927525|0.908585|0.913872|0.965406|0.967717|0.940474|0.92832|0.989289|0.972158|0.962742|0.910708|0.98883,4.63983|5.26639|0.762282|0.85792|4.79469|0.0868458|3.09858|6.27947|0.31178|5.59786|2.63855|4.68449|3.41737|1.5908|0.100836|0.132111|1.22009|3.37071|0.640024|0.0104102|4.1126|4.91715|3.3614|0.578949|5.42296|0.0327787|5.41755|4.04415,79.8117|92.5451|54.7186|58.7029|18.2346|94.0077|78.8723|71.5316|56.7189|89.0369|47.0482|16.1844|26.55|15.5679|47.0365|41.1455|27.8669|30.3781|81.3721|56.1703|82.5435|67.1704|69.3348|21.8454|29.3504|37.0378|82.9474,0.246796|0.191459|0.208433|0.201188|0.231355|0.234363|0.239998|0.196056|0.167864|0.198053|0.167884|0.22961|0.238834|0.212149|0.231931|0.242874|0.169326|0.207992|0.184589|0.247907|0.20461|0.184721|0.194827|0.220509|0.179657|0.191256|0.24308,0.338018|0.161307|0.448351|0.666395|0.595303|0.948873|0.300482|0.758317|0.624525|0.704733|0.410418|0.217843|0.957633|0.870283|0.796307|0.378494|0.414082|0.646488|0.272111|0.827328|0.519435|0.609732|0.93416|0.936019|0.887943|0.182586|0.624607,0.869523,0.801463,0.117836,0.0993652,0.460468,0.534015,0.0732846,0.487967,0.198257,0.921169,51.6436,5.43263e-12,47756,0.887486,41.1981,1.06086e-12,38445,0.895553,0.876428,0.0878307,0.631141,0.996144,0.511517,0.22039,0.459803,0.228135,0.891603,87.9902,7.64954e-10,30733,0.967162,70.4477,9.04596e-11,52512
24,1018,n1->n13->n14->n75->n73->n10->n8->n7->n5->n3->n69->n70->n18->n19->n17->n68->n66->n32->n33->n24->n23->n21->n67->n38->n37->n65->n52->n51,5.37021e+09|6.60497e+13|3.70261e+10|8.71921e+10|1.41706e+11|2.49624e+09|4.61239e+13|3.81012e+11|2.91995e+11|2.78751e+13|8.81277e+09|6.87309e+13|7.59179e+12|2.47533e+11|1.51096e+11|1.31753e+09|1.10072e+10|1.78367e+12|3.64323e+13|1.59557e+13|4.63033e+10|1.56161e+12|4.7483e+09|1.16426e+13|2.79748e+13|1.12599e+09|1.02428e+10|7.46708e+11,8.19724e+08|8.87204e+12|1.44234e+10|5.29113e+10|5.76853e+10|7.32581e+08|1.04208e+13|6.70334e+10|4.67133e+10|1.44762e+13|7.57626e+09|9.78332e+12|4.11836e+12|2.33399e+11|1.57582e+10|3.10679e+08|8.7665e+09|1.05491e+12|6.32377e+12|4.06569e+12|3.30225e+10|3.02345e+11|7.5553e+08|1.19258e+12|4.96975e+12|3.2906e+08|2.07235e+09|5.06847e+11,0.000494453|0.000787814|3.25754e-05|0.000766915|6.32916e-05|6.27016e-05|6.6054e-05|0.000475679|7.03031e-05|0.00022361|0.000268039|5.13815e-05|2.98936e-05|0.000261527|0.000261059|0.000223952|0.000237659|0.000179959|1.50316e-05|0.000193265|0.000277161|0.00096308|3.91885e-05|1.04425e-05|1.06248e-05|1.96575e-05|0.00011644|0.000185382,0.000316017|0.00788063|0.000181646|0.000203965|0.000807753|0.00113469|0.00522046|0.00104538|0.000196916|0.00776667|0.00367819|0.00295865|0.000681499|0.000768065|0.000513001|0.00843573|0.000470269|0.00292552|0.00213059|0.0012727|0.00418014|0.00195589|0.000640186|0.00950649|0.000261291|0.000428116|0.00580301|0.00344885,0.0109342|0.0476737|0.0426128|0.0243876|0.0455502|0.00597815|0.0318744|0.01754|0.00731162|0.0268705|0.022957|0.0286141|0.0192976|0.0201979|0.0430027|0.0370095|0.0203827|0.00778345|0.00968695|0.0433038|0.00314906|0.00712365|0.029632|0.0263713|0.0457563|0.00118659|0.0398377|0.0365406,0.000178506|0.00335145|0.049061|0.0250863|0.028193|0.0245713|0.0483133|0.0283975|0.0421608|0.0326941|0.0100342|0.0216638|0.0120519|0.0291803|0.00442808|0.00589983|0.0146278|0.0161829|0.0280967|0.00780618|0.0470385|0.0414669|0.0482082|0.00318517|0.0105712|0.00176737|0.0151024|0.0130093,0.973537|0.954869|0.906626|0.936129|0.909539|0.962416|0.975256|0.963898|0.951514|0.982466|0.975915|0.966653|0.946711|0.941018|0.974312|0.984554|0.978907|0.953313|0.923653|0.90929|0.92176|0.971602|0.924883|0.902547|0.964079|0.967717|0.965406|0.98883,4.63983|5.26639|0.762282|3.39264|3.29092|1.97158|3.22282|3.51107|4.90362|4.79844|2.99986|4.60778|4.38273|1.39448|5.11322|5.26958|3.10364|0.10397|1.04264|3.9732|2.08786|3.14177|2.06342|5.09423|4.96174|4.1126|0.0104102|4.04415,79.8117|92.5451|56.2706|85.6152|29.3778|99.595|55.4093|37.2729|10.4739|83.9106|74.5377|55.8812|34.0839|10.3361|23.9015|70.8824|27.3217|61.2747|98.0873|44.8869|88.4205|42.5138|59.2872|46.986|13.4252|56.1703|83.3731,0.246796|0.191459|0.226178|0.185893|0.202302|0.184434|0.230451|0.176784|0.163561|0.204476|0.172691|0.234874|0.248409|0.172286|0.236806|0.16183|0.199785|0.208144|0.239791|0.161116|0.232237|0.197352|0.200548|0.170599|0.230756|0.247907|0.197114,0.338018|0.161307|0.725021|0.624191|0.747283|0.703378|0.745697|0.943162|0.469027|0.65353|0.416585|0.16843|0.983209|0.559133|0.2818|0.215539|0.769012|0.704271|0.939209|0.528582|0.516177|0.602799|0.127053|0.662799|0.986996|0.827328|0.942894,0.869523,0.801463,0.117836,0.0993652,0.460468,0.534015,0.0732846,0.487967,0.198257,0.921169,51.6436,5.43263e-12,47756,0.887486,41.1981,1.06086e-12,38445,0.895553,0.876428,0.0878307,0.631141,0.996144,0.511517,0.22039,0.459803,0.228135,0.891603,87.9902,7.64954e-10,30733,0.967162,70.4477,9.04596e-11,52512
24,1019,n1->n99->n97->n27->n4->n2->n7->n5->n3->n69->n28->n29->n11->n13->n15->n34->n35->n74->n57->n55->n54->n73->n72->n77->n93->n92->n94->n51,5.37021e+09|1.57108e+10|2.90604e+09|4.19351e+12|7.07339e+12|5.94248e+10|3.81012e+11|2.91995e+11|2.78751e+13|8.81277e+09|1.34247e+11|3.6336e+13|1.78735e+12|6.60497e+13|8.77071e+11|4.7313e+12|5.77859e+11|5.8385e+13|4.14288e+09|8.84081e+12|2.80961e+11|1.41706e+11|6.83442e+09|5.68112e+11|4.22601e+13|1.97334e+09|1.36531e+10|7.46708e+11,8.19724e+08|4.21389e+09|5.04144e+08|8.73344e+11|2.43435e+12|3.74975e+10|6.70334e+10|4.67133e+10|1.44762e+13|7.57626e+09|1.51805e+10|1.77292e+13|3.29521e+11|8.87204e+12|1.06991e+11|1.15705e+12|4.88834e+11|7.35096e+12|2.05006e+09|4.69454e+12|2.23178e+11|5.76853e+10|1.48353e+09|3.56307e+11|1.3774e+13|1.46451e+09|1.67171e+09|5.06847e+11,0.000494453|0.00089026|8.81202e-05|1.08528e-05|0.000113681|1.10648e-05|0.000475679|7.03031e-05|0.00022361|0.000268039|0.00056516|0.000125062|5.47786e-05|0.000787814|0.000182949|0.000140889|0.000412952|0.000875739|0.000173612|4.06274e-05|1.47667e-05|6.32916e-05|0.000159499|8.49487e-05|8.45967e-05|2.75832e-05|2.95455e-05|0.000185382,0.000316017|0.000350126|0.00494291|0.00262605|0.00198341|0.00120557|0.00104538|0.000196916|0.00776667|0.00367819|0.0093172|0.00231296|0.00652494|0.00788063|0.00274771|0.000270551|0.00138752|0.00944671|0.00271581|0.000128431|0.00549128|0.000807753|0.00384342|0.000906866|0.000162335|0.0052688|0.000125263|0.00344885,0.0109342|0.0362414|0.0381696|0.0303206|0.0350273|0.00369149|0.01754|0.00731162|0.0268705|0.022957|0.0317261|0.0255931|0.00125292|0.0476737|0.0207315|0.0276207|0.00215298|0.0280357|0.0328142|0.00843704|0.0334079|0.0455502|0.0479977|0.04851|0.0108045|0.0444618|0.00830448|0.0365406,0.000178506|0.0472365|0.00800322|0.0230682|0.0273051|0.0127317|0.0283975|0.0421608|0.0326941|0.0100342|0.03841|0.00291922|0.0136412|0.00335145|0.0378122|0.0210615|0.0375959|0.0166219|0.0437642|0.0314938|0.00844474|0.028193|0.0299903|0.0115254|0.0326183|0.0387741|0.0293842|0.0130093,0.973537|0.953794|0.90679|0.985376|0.917619|0.968894|0.963898|0.951514|0.982466|0.975915|0.948072|0.962742|0.988894|0.954869|0.910795|0.904866|0.952159|0.90082|0.983348|0.908585|0.927525|0.909539|0.96924|0.949999|0.912097|0.987763|0.927471|0.98883,4.63983|3.07459|1.41691|4.5695|1.56082|4.74216|3.51107|4.90362|4.79844|2.99986|1.48687|0.0327787|0.923897|5.26639|1.89272|4.56594|5.24666|0.0974208|1.93323|3.37071|1.22009|3.29092|3.90463|0.722366|5.92115|6.03913|5.03384|4.04415,66.2586|94.4507|31.5608|52.1141|30.2686|88.6198|37.2729|10.4739|83.9106|97.1045|18.7034|13.2112|13.9548|66.6304|27.3162|26.2497|67.7415|95.6836|61.5999|27.8669|26.1465|29.1617|92.3918|51.9256|61.035|13.5087|11.2844,0.180129|0.168303|0.219936|0.184605|0.239023|0.228013|0.176784|0.163561|0.204476|0.207556|0.249902|0.219003|0.189728|0.179788|0.231681|0.244194|0.161632|0.169856|0.220389|0.169326|0.196311|0.178937|0.167022|0.247077|0.21409|0.230182|0.200895,0.323551|0.263233|0.557853|0.200735|0.514427|0.84397|0.943162|0.469027|0.65353|0.438091|0.259002|0.427028|0.801183|0.275394|0.750497|0.307851|0.301798|0.815246|0.549818|0.414082|0.754315|0.920295|0.776051|0.469529|0.722832|0.731663|0.836539,0.869523,0.801463,0.117836,0.0993652,0.460468,0.534015,0.0732846,0.487967,0.198257,0.921169,51.6436,5.43263e-12,47756,0.887486,41.1981,1.06086e-12,38445,0.895553,0.876428,0.0878307,0.631141,0.996144,0.511517,0.22039,0.459803,0.228135,0.891603,87.9902,7.64954e-10,30733,0.967162,70.4477,9.04596e-11,52512
24,1020,n1->n13->n15->n63->n82->n84->n85->n83->n81->n80->n78->n44->n43->n41->n39->n38->n36->n34->n32->n33->n24->n26->n27->n52->n65->n64->n49->n51,5.37021e+09|6.60497e+13|8.77071e+11|6.55204e+12|1.07979e+13|1.07392e+09|2.02447e+09|3.76373e+13|2.58887e+10|2.45686e+13|3.25238e+10|5.26537e+13|1.40931e+10|3.95737e+11|3.34792e+13|1.16426e+13|7.73972e+11|4.7313e+12|1.78367e+12|3.64323e+13|1.59557e+13|7.09351e+09|4.19351e+12|1.02428e+10|1.12599e+09|4.21034e+09|2.45005e+09|7.46708e+11,8.19724e+08|8.87204e+12|1.06991e+11|2.63574e+12|1.66379e+12|9.00899e+08|2.41326e+08|2.34723e+13|8.36206e+09|2.75437e+12|2.30731e+10|2.86817e+13|3.26577e+09|1.47899e+11|1.12013e+13|1.19258e+12|7.77593e+10|1.15705e+12|1.05491e+12|6.32377e+12|4.06569e+12|1.31666e+09|8.73344e+11|2.07235e+09|3.2906e+08|1.60867e+09|2.44458e+09|5.06847e+11,0.000494453|0.000787814|0.000182949|0.000116235|0.000837919|2.14473e-05|2.04325e-05|1.86087e-05|0.000268232|1.13052e-05|0.000270955|0.000124649|0.000955168|2.35935e-05|5.53896e-05|1.04425e-05|0.000426407|0.000140889|0.000179959|1.50316e-05|0.000193265|3.77967e-05|1.08528e-05|0.00011644|1.96575e-05|1.88732e-05|1.07426e-05|0.000185382,0.000316017|0.00788063|0.00274771|0.00126856|0.00271152|0.000434313|0.000338175|0.000175452|0.000752991|0.000238286|0.00167497|0.00158999|0.00344494|0.00412419|0.0025393|0.00950649|0.00396778|0.000270551|0.00292552|0.00213059|0.0012727|0.00522178|0.00262605|0.00580301|0.000428116|0.000135861|0.000979027|0.00344885,0.0109342|0.0476737|0.0207315|0.0100727|0.0278433|0.0473575|0.0354515|0.015405|0.0481357|0.00592883|0.00569443|0.0486405|0.0168583|0.00451081|0.00111942|0.0263713|0.00497013|0.0276207|0.00778345|0.00968695|0.0433038|0.0101688|0.0303206|0.0398377|0.00118659|0.0266797|0.0183567|0.0365406,0.000178506|0.00335145|0.0378122|0.0107197|0.0266174|0.0366447|0.0266209|0.038157|0.00997263|0.0262948|0.0425349|0.00764508|0.0482719|0.00491436|0.0449458|0.00318517|0.0341912|0.0210615|0.0161829|0.0280967|0.00780618|0.0409649|0.0230682|0.0151024|0.00176737|0.0436548|0.0388066|0.0130093,0.973537|0.954869|0.910795|0.903245|0.934435|0.948551|0.940474|0.947801|0.948836|0.919013|0.92832|0.932977|0.943219|0.923722|0.924329|0.902547|0.94998|0.904866|0.953313|0.923653|0.90929|0.981638|0.985376|0.965406|0.967717|0.933821|0.969899|0.98883,4.63983|5.26639|1.89272|4.68449|0.132111|5.42186|4.91715|4.11052|1.5908|0.100836|3.3614|2.64532|2.3897|4.11092|1.19952|5.09423|3.70656|4.56594|0.10397|1.04264|3.9732|2.91399|4.5695|0.0104102|4.1126|5.77568|3.94615|4.04415,79.8117|66.6304|11.0615|48.6997|83.37|82.1833|92.2019|78.7627|15.5679|66.5291|88.5528|69.1985|43.4967|38.9947|52.0957|61.2725|89.5651|23.0914|61.2747|98.0873|83.4704|67.4197|46.2248|56.1703|56.7563|77.768|10.4661,0.246796|0.179788|0.214255|0.175742|0.203763|0.216313|0.231254|0.170031|0.212149|0.222935|0.200088|0.210513|0.160247|0.18226|0.199024|0.204351|0.241996|0.18593|0.208144|0.239791|0.216464|0.171162|0.183493|0.247907|0.186349|0.165457|0.216931,0.338018|0.275394|0.692153|0.4301|0.808712|0.528406|0.604504|0.530775|0.870283|0.109088|0.134865|0.374145|0.922117|0.988985|0.46236|0.413834|0.265381|0.12287|0.704271|0.939209|0.583168|0.40751|0.657987|0.827328|0.927837|0.348083|0.516407,0.869523,0.801463,0.117836,0.0993652,0.460468,0.534015,0.0732846,0.487967,0.198257,0.921169,51.6436,5.43263e-12,47756,0.887486,41.1981,1.06086e-12,38445,0.895553,0.876428,0.0878307,0.631141,0.996144,0.511517,0.22039,0.459803,0.228135,0.891603,87.9902,7.64954e-10,30733,0.967162,70.4477,9.04596e-11,52512
24,1021,n1->n20->n89->n90->n59->n58->n85->n84->n56->n55->n53->n54->n82->n95->n97->n96->n14->n75->n74->n57->n98->n99->n77->n93->n64->n62->n61->n51,5.37021e+09|4.0293e+11|2.68119e+11|1.33273e+11|3.04563e+11|8.16696e+09|2.02447e+09|1.07392e+09|1.1605e+12|8.84081e+12|4.60474e+10|2.80961e+11|1.07979e+13|1.05601e+11|2.90604e+09|2.51165e+12|3.70261e+10|8.71921e+10|5.8385e+13|4.14288e+09|1.8266e+13|1.57108e+10|5.68112e+11|4.22601e+13|4.21034e+09|2.37342e+11|6.44979e+11|7.46708e+11,8.19724e+08|1.89646e+11|9.23423e+10|6.41526e+10|3.06423e+10|6.89506e+09|2.41326e+08|9.00899e+08|5.65456e+11|4.69454e+12|3.18273e+10|2.23178e+11|1.66379e+12|5.46554e+10|5.04144e+08|5.36324e+11|1.44234e+10|5.29113e+10|7.35096e+12|2.05006e+09|5.99087e+12|4.21389e+09|3.56307e+11|1.3774e+13|1.60867e+09|1.13053e+11|1.30372e+11|5.06847e+11,0.000494453|5.21063e-05|3.55201e-05|0.000319756|2.43107e-05|0.000266735|2.04325e-05|2.14473e-05|1.7812e-05|4.06274e-05|2.00633e-05|1.47667e-05|0.000837919|0.000260968|8.81202e-05|1.2987e-05|3.25754e-05|0.000766915|0.000875739|0.000173612|0.000410965|0.00089026|8.49487e-05|8.45967e-05|1.88732e-05|8.24006e-05|3.71253e-05|0.000185382,0.000316017|0.000368678|0.000111435|0.000672662|0.000202742|0.00874893|0.000338175|0.000434313|0.000830638|0.000128431|0.000509085|0.00549128|0.00271152|0.000186877|0.00494291|0.000286765|0.000181646|0.000203965|0.00944671|0.00271581|0.000548485|0.000350126|0.000906866|0.000162335|0.000135861|0.00794111|0.00313588|0.00344885,0.0109342|0.0108696|0.0107812|0.0285929|0.00304046|0.0248478|0.0354515|0.0473575|0.0231698|0.00843704|5.21659e-05|0.0334079|0.0278433|0.00282907|0.0381696|0.0377902|0.0426128|0.0243876|0.0280357|0.0328142|0.0295222|0.0362414|0.04851|0.0108045|0.0266797|0.0242596|0.0266048|0.0365406,0.000178506|0.0181411|0.0401575|0.0372754|0.0474075|0.0481122|0.0266209|0.0366447|0.0417641|0.0314938|0.00115664|0.00844474|0.0266174|0.0420997|0.00800322|0.0195364|0.049061|0.0250863|0.0166219|0.0437642|0.0297366|0.0472365|0.0115254|0.0326183|0.0436548|0.0480911|0.0179693|0.0130093,0.973537|0.923215|0.926416|0.984478|0.99171|0.911658|0.940474|0.948551|0.944528|0.908585|0.913872|0.927525|0.934435|0.966581|0.90679|0.951762|0.906626|0.936129|0.90082|0.983348|0.959539|0.953794|0.949999|0.912097|0.933821|0.98053|0.958619|0.98883,4.63983|4.79469|0.0868458|4.02061|5.60303|3.70937|4.91715|5.42186|2.55597|3.37071|0.640024|1.22009|0.132111|1.09944|1.41691|0.85792|0.762282|3.39264|0.0974208|1.93323|2.95405|3.07459|0.722366|5.92115|5.77568|5.59786|2.63855|4.04415,90.7492|18.2346|12.726|62.2588|56.397|90.6886|82.1833|34.4372|95.3312|30.3781|75.3264|41.1455|75.699|11.8968|37.9513|54.7186|56.2706|64.3401|95.6836|98.2355|58.4557|96.5216|51.9256|32.5899|93.0484|89.0369|66.5616,0.215706|0.231355|0.226099|0.169222|0.21902|0.194345|0.216313|0.222961|0.167906|0.207992|0.191357|0.242874|0.21275|0.228013|0.246589|0.208433|0.226178|0.220369|0.169856|0.190047|0.227784|0.241387|0.247077|0.178102|0.176232|0.198053|0.171721,0.53635|0.595303|0.757755|0.361153|0.533324|0.45102|0.528406|0.762891|0.402595|0.646488|0.567841|0.378494|0.837867|0.342677|0.157157|0.448351|0.725021|0.119032|0.815246|0.757428|0.686264|0.664018|0.469529|0.548301|0.182879|0.704733|0.235817,0.869523,0.801463,0.117836,0.0993652,0.460468,0.534015,0.0732846,0.487967,0.198257,0.921169,51.6436,5.43263e-12,47756,0.887486,41.1981,1.06086e-12,38445,0.895553,0.876428,0.0878307,0.631141,0.996144,0.511517,0.22039,0.459803,0.228135,0.891603,87.9902,7.64954e-10,30733,0.967162,70.4477,9.04596e-11,52512
24,1022,n1->n20->n96->n14->n75->n4->n27->n28->n29->n50->n59->n58->n85->n17->n19->n18->n70->n87->n86->n76->n69->n3->n5->n65->n64->n93->n94->n51,5.37021e+09|4.0293e+11|2.51165e+12|3.70261e+10|8.71921e+10|7.07339e+12|4.19351e+12|1.34247e+11|3.6336e+13|2.36425e+09|3.04563e+11|8.16696e+09|2.02447e+09|1.51096e+11|2.47533e+11|7.59179e+12|6.87309e+13|7.3435e+12|3.85304e+10|4.21804e+13|8.81277e+09|2.78751e+13|2.91995e+11|1.12599e+09|4.21034e+09|4.22601e+13|1.36531e+10|7.46708e+11,8.19724e+08|1.89646e+11|5.36324e+11|1.44234e+10|5.29113e+10|2.43435e+12|8.73344e+11|1.51805e+10|1.77292e+13|4.07889e+08|3.06423e+10|6.89506e+09|2.41326e+08|1.57582e+10|2.33399e+11|4.11836e+12|9.78332e+12|2.79916e+12|4.69095e+09|1.15782e+13|7.57626e+09|1.44762e+13|4.67133e+10|3.2906e+08|1.60867e+09|1.3774e+13|1.67171e+09|5.06847e+11,0.000494453|5.21063e-05|1.2987e-05|3.25754e-05|0.000766915|0.000113681|1.08528e-05|0.00056516|0.000125062|1.54283e-05|2.43107e-05|0.000266735|2.04325e-05|0.000261059|0.000261527|2.98936e-05|5.13815e-05|0.000634307|6.21631e-05|1.88608e-05|0.000268039|0.00022361|7.03031e-05|1.96575e-05|1.88732e-05|8.45967e-05|2.95455e-05|0.000185382,0.000316017|0.000368678|0.000286765|0.000181646|0.000203965|0.00198341|0.00262605|0.0093172|0.00231296|0.00907722|0.000202742|0.00874893|0.000338175|0.000513001|0.000768065|0.000681499|0.00295865|0.00151267|0.00341054|0.00214239|0.00367819|0.00776667|0.000196916|0.000428116|0.000135861|0.000162335|0.000125263|0.00344885,0.0109342|0.0108696|0.0377902|0.0426128|0.0243876|0.0350273|0.0303206|0.0317261|0.0255931|0.00638914|0.00304046|0.0248478|0.0354515|0.0430027|0.0201979|0.0192976|0.0286141|0.0186268|0.0237043|0.00156873|0.022957|0.0268705|0.00731162|0.00118659|0.0266797|0.0108045|0.00830448|0.0365406,0.000178506|0.0181411|0.0195364|0.049061|0.0250863|0.0273051|0.0230682|0.03841|0.00291922|0.0483596|0.0474075|0.0481122|0.0266209|0.00442808|0.0291803|0.0120519|0.0216638|0.00979507|0.0488574|0.0470058|0.0100342|0.0326941|0.0421608|0.00176737|0.0436548|0.0326183|0.0293842|0.0130093,0.973537|0.923215|0.951762|0.906626|0.936129|0.917619|0.985376|0.948072|0.962742|0.910708|0.99171|0.911658|0.940474|0.974312|0.941018|0.946711|0.966653|0.977244|0.981332|0.989289|0.975915|0.982466|0.951514|0.967717|0.933821|0.912097|0.927471|0.98883,4.63983|4.79469|0.85792|0.762282|3.39264|1.56082|4.5695|1.48687|0.0327787|5.41755|5.60303|3.70937|4.91715|5.11322|1.39448|4.38273|4.60778|2.33192|4.96971|0.578949|2.99986|4.79844|4.90362|4.1126|5.77568|5.92115|5.03384|4.04415,90.7492|58.7029|54.7186|56.2706|81.7362|52.1141|23.5709|18.7034|37.0378|47.7013|56.397|90.6886|84.7043|10.3361|34.0839|55.8812|39.9413|88.9922|37.5994|66.666|83.9106|10.4739|35.0583|56.7563|32.5899|63.1349|11.2844,0.215706|0.201188|0.208433|0.226178|0.218556|0.184605|0.207151|0.249902|0.191256|0.170229|0.21902|0.194345|0.225161|0.172286|0.248409|0.234874|0.180359|0.246364|0.17745|0.212271|0.204476|0.163561|0.209201|0.186349|0.178102|0.209804|0.200895,0.53635|0.666395|0.448351|0.725021|0.847503|0.200735|0.340196|0.259002|0.182586|0.776444|0.533324|0.45102|0.880608|0.559133|0.983209|0.16843|0.129355|0.83582|0.871942|0.890059|0.65353|0.469027|0.297185|0.927837|0.548301|0.17375|0.836539,0.869523,0.801463,0.117836,0.0993652,0.460468,0.534015,0.0732846,0.487967,0.198257,0.921169,51.6436,5.43263e-12,47756,0.887486,41.1981,1.06086e-12,38445,0.895553,0.876428,0.0878307,0.631141,0.996144,0.511517,0.22039,0.459803,0.228135,0.891603,87.9902,7.64954e-10,30733,0.967162,70.4477,9.04596e-11,52512
24,1023,n1->n99->n77->n23->n24->n33->n6->n12->n13->n15->n34->n32->n31->n30->n76->n75->n74->n57->n83->n84->n85->n17->n18->n19->n20->n96->n94->n51,5.37021e+09|1.57108e+10|5.68112e+11|4.63033e+10|1.59557e+13|3.64323e+13|1.14208e+09|9.70597e+10|6.60497e+13|8.77071e+11|4.7313e+12|1.78367e+12|4.79342e+12|1.26395e+10|4.21804e+13|8.71921e+10|5.8385e+13|4.14288e+09|3.76373e+13|1.07392e+09|2.02447e+09|1.51096e+11|7.59179e+12|2.47533e+11|4.0293e+11|2.51165e+12|1.36531e+10|7.46708e+11,8.19724e+08|4.21389e+09|3.56307e+11|3.30225e+10|4.06569e+12|6.32377e+12|2.20459e+08|2.76143e+10|8.87204e+12|1.06991e+11|1.15705e+12|1.05491e+12|4.42443e+12|1.81012e+09|1.15782e+13|5.29113e+10|7.35096e+12|2.05006e+09|2.34723e+13|9.00899e+08|2.41326e+08|1.57582e+10|4.11836e+12|2.33399e+11|1.89646e+11|5.36324e+11|1.67171e+09|5.06847e+11,0.000494453|0.00089026|8.49487e-05|0.000277161|0.000193265|1.50316e-05|1.08483e-05|0.000201974|0.000787814|0.000182949|0.000140889|0.000179959|0.00024651|4.789e-05|1.88608e-05|0.000766915|0.000875739|0.000173612|1.86087e-05|2.14473e-05|2.04325e-05|0.000261059|2.98936e-05|0.000261527|5.21063e-05|1.2987e-05|2.95455e-05|0.000185382,0.000316017|0.000350126|0.000906866|0.00418014|0.0012727|0.00213059|0.00010157|0.0016732|0.00788063|0.00274771|0.000270551|0.00292552|0.00308746|0.00655588|0.00214239|0.000203965|0.00944671|0.00271581|0.000175452|0.000434313|0.000338175|0.000513001|0.000681499|0.000768065|0.000368678|0.000286765|0.000125263|0.00344885,0.0109342|0.0362414|0.04851|0.00314906|0.0433038|0.00968695|0.00160082|0.0313381|0.0476737|0.0207315|0.0276207|0.00778345|0.0211034|0.00398508|0.00156873|0.0243876|0.0280357|0.0328142|0.015405|0.0473575|0.0354515|0.0430027|0.0192976|0.0201979|0.0108696|0.0377902|0.00830448|0.0365406,0.000178506|0.0472365|0.0115254|0.0470385|0.00780618|0.0280967|0.0260762|0.0470205|0.00335145|0.0378122|0.0210615|0.0161829|0.0151027|0.0178703|0.0470058|0.0250863|0.0166219|0.0437642|0.038157|0.0366447|0.0266209|0.00442808|0.0120519|0.0291803|0.0181411|0.0195364|0.0293842|0.0130093,0.973537|0.953794|0.949999|0.92176|0.90929|0.923653|0.908628|0.937315|0.954869|0.910795|0.904866|0.953313|0.943878|0.972158|0.989289|0.936129|0.90082|0.983348|0.947801|0.948551|0.940474|0.974312|0.946711|0.941018|0.923215|0.951762|0.927471|0.98883,4.63983|3.07459|0.722366|2.08786|3.9732|1.04264|5.01633|3.07758|5.26639|1.89272|4.56594|0.10397|4.82496|5.42296|0.578949|3.39264|0.0974208|1.93323|4.11052|5.42186|4.91715|5.11322|4.38273|1.39448|4.79469|0.85792|5.03384|4.04415,66.2586|96.5216|39.0733|44.8869|98.0873|50.0569|32.9383|56.34|66.6304|27.3162|23.0914|86.0567|88.6669|21.8454|63.5216|64.3401|95.6836|50.003|20.1884|82.1833|84.7043|43.2583|34.0839|86.2435|58.7029|71.0086|11.2844,0.180129|0.241387|0.178948|0.161116|0.239791|0.19306|0.230728|0.206669|0.179788|0.231681|0.18593|0.16799|0.215598|0.220509|0.207806|0.220369|0.169856|0.1911|0.246081|0.216313|0.225161|0.218822|0.248409|0.182991|0.201188|0.230021|0.200895,0.323551|0.664018|0.23533|0.528582|0.939209|0.116472|0.628307|0.285239|0.275394|0.750497|0.12287|0.799966|0.123891|0.936019|0.844544|0.119032|0.815246|0.161388|0.599197|0.528406|0.880608|0.981182|0.983209|0.182796|0.666395|0.131268|0.836539,0.869523,0.801463,0.117836,0.0993652,0.460468,0.534015,0.0732846,0.487967,0.198257,0.921169,51.6436,5.43263e-12,47756,0.887486,41.1981,1.06086e-12,38445,0.895553,0.876428,0.0878307,0.631141,0.996144,0.511517,0.22039,0.459803,0.228135,0.891603,87.9902,7.64954e-10,30733,0.967162,70.4477,9.04596e-11,52512
24,1024,n1->n99->n98->n57->n83->n85->n78->n44->n41->n39->n38->n36->n64->n65->n37->n81->n79->n63->n15->n34->n32->n66->n68->n19->n20->n96->n94->n51,5.37021e+09|1.57108e+10|1.8266e+13|4.14288e+09|3.76373e+13|2.02447e+09|3.25238e+10|5.26537e+13|3.95737e+11|3.34792e+13|1.16426e+13|7.73972e+11|4.21034e+09|1.12599e+09|2.79748e+13|2.58887e+10|1.47019e+10|6.55204e+12|8.77071e+11|4.7313e+12|1.78367e+12|1.10072e+10|1.31753e+09|2.47533e+11|4.0293e+11|2.51165e+12|1.36531e+10|7.46708e+11,8.19724e+08|4.21389e+09|5.99087e+12|2.05006e+09|2.34723e+13|2.41326e+08|2.30731e+10|2.86817e+13|1.47899e+11|1.12013e+13|1.19258e+12|7.77593e+10|1.60867e+09|3.2906e+08|4.96975e+12|8.36206e+09|4.87652e+09|2.63574e+12|1.06991e+11|1.15705e+12|1.05491e+12|8.7665e+09|3.10679e+08|2.33399e+11|1.89646e+11|5.36324e+11|1.67171e+09|5.06847e+11,0.000494453|0.00089026|0.000410965|0.000173612|1.86087e-05|2.04325e-05|0.000270955|0.000124649|2.35935e-05|5.53896e-05|1.04425e-05|0.000426407|1.88732e-05|1.96575e-05|1.06248e-05|0.000268232|0.000133131|0.000116235|0.000182949|0.000140889|0.000179959|0.000237659|0.000223952|0.000261527|5.21063e-05|1.2987e-05|2.95455e-05|0.000185382,0.000316017|0.000350126|0.000548485|0.00271581|0.000175452|0.000338175|0.00167497|0.00158999|0.00412419|0.0025393|0.00950649|0.00396778|0.000135861|0.000428116|0.000261291|0.000752991|0.000479664|0.00126856|0.00274771|0.000270551|0.00292552|0.000470269|0.00843573|0.000768065|0.000368678|0.000286765|0.000125263|0.00344885,0.0109342|0.0362414|0.0295222|0.0328142|0.015405|0.0354515|0.00569443|0.0486405|0.00451081|0.00111942|0.0263713|0.00497013|0.0266797|0.00118659|0.0457563|0.0481357|0.0252961|0.0100727|0.0207315|0.0276207|0.00778345|0.0203827|0.0370095|0.0201979|0.0108696|0.0377902|0.00830448|0.0365406,0.000178506|0.0472365|0.0297366|0.0437642|0.038157|0.0266209|0.0425349|0.00764508|0.00491436|0.0449458|0.00318517|0.0341912|0.0436548|0.00176737|0.0105712|0.00997263|0.0203026|0.0107197|0.0378122|0.0210615|0.0161829|0.0146278|0.00589983|0.0291803|0.0181411|0.0195364|0.0293842|0.0130093,0.973537|0.953794|0.959539|0.983348|0.947801|0.940474|0.92832|0.932977|0.923722|0.924329|0.902547|0.94998|0.933821|0.967717|0.964079|0.948836|0.966262|0.903245|0.910795|0.904866|0.953313|0.978907|0.984554|0.941018|0.923215|0.951762|0.927471|0.98883,4.63983|3.07459|2.95405|1.93323|4.11052|4.91715|3.3614|2.64532|4.11092|1.19952|5.09423|3.70656|5.77568|4.1126|4.96174|1.5908|3.41737|4.68449|1.89272|4.56594|0.10397|3.10364|5.26958|1.39448|4.79469|0.85792|5.03384|4.04415,66.2586|58.4557|98.2355|50.003|92.2019|67.1704|88.5528|12.7315|38.9947|52.0957|61.2725|43.8659|56.7563|13.4252|88.8597|26.55|16.1844|11.0615|27.3162|23.0914|27.3217|70.8824|67.5745|86.2435|58.7029|71.0086|11.2844,0.180129|0.227784|0.190047|0.1911|0.231254|0.184721|0.200088|0.246433|0.18226|0.199024|0.204351|0.241695|0.186349|0.230756|0.211898|0.238834|0.22961|0.214255|0.231681|0.18593|0.199785|0.16183|0.2055|0.182991|0.201188|0.230021|0.200895,0.323551|0.686264|0.757428|0.161388|0.604504|0.609732|0.134865|0.665882|0.988985|0.46236|0.413834|0.590576|0.927837|0.986996|0.430076|0.957633|0.217843|0.692153|0.750497|0.12287|0.769012|0.215539|0.968257|0.182796|0.666395|0.131268|0.836539,0.869523,0.801463,0.117836,0.0993652,0.460468,0.534015,0.0732846,0.487967,0.198257,0.921169,51.6436,5.43263e-12,47756,0.887486,41.1981,1.06086e-12,38445,0.895553,0.876428,0.0878307,0.631141,0.996144,0.511517,0.22039,0.459803,0.228135,0.891603,87.9902,7.64954e-10,30733,0.967162,70.4477,9.04596e-11,52512
24,1025,n1->n99->n97->n96->n14->n13->n11->n9->n10->n63->n15->n34->n32->n30->n31->n33->n35->n74->n75->n76->n86->n87->n88->n89->n48->n47->n49->n51,5.37021e+09|1.57108e+10|2.90604e+09|2.51165e+12|3.70261e+10|6.60497e+13|1.78735e+12|1.49139e+12|2.49624e+09|6.55204e+12|8.77071e+11|4.7313e+12|1.78367e+12|1.26395e+10|4.79342e+12|3.64323e+13|5.77859e+11|5.8385e+13|8.71921e+10|4.21804e+13|3.85304e+10|7.3435e+12|9.00567e+12|2.68119e+11|3.98001e+12|4.74236e+11|2.45005e+09|7.46708e+11,8.19724e+08|4.21389e+09|5.04144e+08|5.36324e+11|1.44234e+10|8.87204e+12|3.29521e+11|3.79906e+11|7.32581e+08|2.63574e+12|1.06991e+11|1.15705e+12|1.05491e+12|1.81012e+09|4.42443e+12|6.32377e+12|4.88834e+11|7.35096e+12|5.29113e+10|1.15782e+13|4.69095e+09|2.79916e+12|8.66002e+12|9.23423e+10|1.69514e+12|1.54765e+11|2.44458e+09|5.06847e+11,0.000494453|0.00089026|8.81202e-05|1.2987e-05|3.25754e-05|0.000787814|5.47786e-05|1.80008e-05|6.27016e-05|0.000116235|0.000182949|0.000140889|0.000179959|4.789e-05|0.00024651|1.50316e-05|0.000412952|0.000875739|0.000766915|1.88608e-05|6.21631e-05|0.000634307|6.2721e-05|3.55201e-05|4.78153e-05|0.000202873|1.07426e-05|0.000185382,0.000316017|0.000350126|0.00494291|0.000286765|0.000181646|0.00788063|0.00652494|0.00065196|0.00113469|0.00126856|0.00274771|0.000270551|0.00292552|0.00655588|0.00308746|0.00213059|0.00138752|0.00944671|0.000203965|0.00214239|0.00341054|0.00151267|0.000480267|0.000111435|0.00544009|0.000266598|0.000979027|0.00344885,0.0109342|0.0362414|0.0381696|0.0377902|0.0426128|0.0476737|0.00125292|0.0140743|0.00597815|0.0100727|0.0207315|0.0276207|0.00778345|0.00398508|0.0211034|0.00968695|0.00215298|0.0280357|0.0243876|0.00156873|0.0237043|0.0186268|0.00850464|0.0107812|0.0455031|0.00898217|0.0183567|0.0365406,0.000178506|0.0472365|0.00800322|0.0195364|0.049061|0.00335145|0.0136412|0.033904|0.0245713|0.0107197|0.0378122|0.0210615|0.0161829|0.0178703|0.0151027|0.0280967|0.0375959|0.0166219|0.0250863|0.0470058|0.0488574|0.00979507|0.0237676|0.0401575|0.0360942|0.0488958|0.0388066|0.0130093,0.973537|0.953794|0.90679|0.951762|0.906626|0.954869|0.988894|0.963574|0.962416|0.903245|0.910795|0.904866|0.953313|0.972158|0.943878|0.923653|0.952159|0.90082|0.936129|0.989289|0.981332|0.977244|0.962132|0.926416|0.967439|0.9108|0.969899|0.98883,4.63983|3.07459|1.41691|0.85792|0.762282|5.26639|0.923897|5.88966|1.97158|4.68449|1.89272|4.56594|0.10397|5.42296|4.82496|1.04264|5.24666|0.0974208|3.39264|0.578949|4.96971|2.33192|1.9653|0.0868458|3.09858|6.27947|3.94615|4.04415,66.2586|94.4507|37.9513|54.7186|92.5451|13.9548|99.0064|65.9961|65.1286|11.0615|27.3162|23.0914|69.5993|88.6669|95.0453|93.5115|67.7415|64.3401|63.5216|37.5994|88.9922|57.0974|92.4072|94.0077|78.8723|91.8261|10.4661,0.180129|0.168303|0.246589|0.208433|0.191459|0.189728|0.201409|0.193896|0.203746|0.214255|0.231681|0.18593|0.204659|0.215598|0.234751|0.242679|0.161632|0.220369|0.207806|0.17745|0.246364|0.227675|0.203687|0.234363|0.239998|0.228404|0.216931,0.323551|0.263233|0.157157|0.448351|0.161307|0.801183|0.439638|0.982181|0.514129|0.692153|0.750497|0.12287|0.237533|0.123891|0.258586|0.487093|0.301798|0.119032|0.844544|0.871942|0.83582|0.396625|0.876618|0.948873|0.300482|0.133861|0.516407,0.869523,0.801463,0.117836,0.0993652,0.460468,0.534015,0.0732846,0.487967,0.198257,0.921169,51.6436,5.43263e-12,47756,0.887486,41.1981,1.06086e-12,38445,0.895553,0.876428,0.0878307,0.631141,0.996144,0.511517,0.22039,0.459803,0.228135,0.891603,87.9902,7.64954e-10,30733,0.967162,70.4477,9.04596e-11,52512
24,1026,n1->n20->n19->n17->n85->n65->n37->n39->n41->n44->n78->n76->n74->n22->n68->n66->n32->n33->n31->n35->n34->n36->n64->n49->n47->n48->n50->n51,5.37021e+09|4.0293e+11|2.47533e+11|1.51096e+11|2.02447e+09|1.12599e+09|2.79748e+13|3.34792e+13|3.95737e+11|5.26537e+13|3.25238e+10|4.21804e+13|5.8385e+13|1.47e+10|1.31753e+09|1.10072e+10|1.78367e+12|3.64323e+13|4.79342e+12|5.77859e+11|4.7313e+12|7.73972e+11|4.21034e+09|2.45005e+09|4.74236e+11|3.98001e+12|2.36425e+09|7.46708e+11,8.19724e+08|1.89646e+11|2.33399e+11|1.57582e+10|2.41326e+08|3.2906e+08|4.96975e+12|1.12013e+13|1.47899e+11|2.86817e+13|2.30731e+10|1.15782e+13|7.35096e+12|9.51029e+09|3.10679e+08|8.7665e+09|1.05491e+12|6.32377e+12|4.42443e+12|4.88834e+11|1.15705e+12|7.77593e+10|1.60867e+09|2.44458e+09|1.54765e+11|1.69514e+12|4.07889e+08|5.06847e+11,0.000494453|5.21063e-05|0.000261527|0.000261059|2.04325e-05|1.96575e-05|1.06248e-05|5.53896e-05|2.35935e-05|0.000124649|0.000270955|1.88608e-05|0.000875739|1.77434e-05|0.000223952|0.000237659|0.000179959|1.50316e-05|0.00024651|0.000412952|0.000140889|0.000426407|1.88732e-05|1.07426e-05|0.000202873|4.78153e-05|1.54283e-05|0.000185382,0.000316017|0.000368678|0.000768065|0.000513001|0.000338175|0.000428116|0.000261291|0.0025393|0.00412419|0.00158999|0.00167497|0.00214239|0.00944671|0.0006856|0.00843573|0.000470269|0.00292552|0.00213059|0.00308746|0.00138752|0.000270551|0.00396778|0.000135861|0.000979027|0.000266598|0.00544009|0.00907722|0.00344885,0.0109342|0.0108696|0.0201979|0.0430027|0.0354515|0.00118659|0.0457563|0.00111942|0.00451081|0.0486405|0.00569443|0.00156873|0.0280357|0.0408661|0.0370095|0.0203827|0.00778345|0.00968695|0.0211034|0.00215298|0.0276207|0.00497013|0.0266797|0.0183567|0.00898217|0.0455031|0.00638914|0.0365406,0.000178506|0.0181411|0.0291803|0.00442808|0.0266209|0.00176737|0.0105712|0.0449458|0.00491436|0.00764508|0.0425349|0.0470058|0.0166219|0.040072|0.00589983|0.0146278|0.0161829|0.0280967|0.0151027|0.0375959|0.0210615|0.0341912|0.0436548|0.0388066|0.0488958|0.0360942|0.0483596|0.0130093,0.973537|0.923215|0.941018|0.974312|0.940474|0.967717|0.964079|0.924329|0.923722|0.932977|0.92832|0.989289|0.90082|0.95984|0.984554|0.978907|0.953313|0.923653|0.943878|0.952159|0.904866|0.94998|0.933821|0.969899|0.9108|0.967439|0.910708|0.98883,4.63983|4.79469|1.39448|5.11322|4.91715|4.1126|4.96174|1.19952|4.11092|2.64532|3.3614|0.578949|0.0974208|0.048646|5.26958|3.10364|0.10397|1.04264|4.82496|5.24666|4.56594|3.70656|5.77568|3.94615|6.27947|3.09858|5.41755|4.04415,90.7492|86.2435|10.3361|84.7043|82.5435|13.4252|31.554|38.9947|12.7315|88.5528|69.3348|53.1277|63.8366|15.3326|70.8824|27.3217|61.2747|95.0453|91.3525|26.2497|89.5651|43.8659|77.768|91.8261|78.8723|23.5956|82.9474,0.215706|0.182991|0.172286|0.225161|0.20461|0.230756|0.195005|0.18226|0.246433|0.200088|0.194827|0.181342|0.241428|0.236297|0.16183|0.199785|0.208144|0.234751|0.243038|0.244194|0.241996|0.241695|0.165457|0.228404|0.239998|0.191801|0.24308,0.53635|0.182796|0.559133|0.880608|0.519435|0.986996|0.711047|0.988985|0.665882|0.134865|0.93416|0.519715|0.480684|0.655447|0.215539|0.769012|0.704271|0.258586|0.658826|0.307851|0.265381|0.590576|0.348083|0.133861|0.300482|0.688345|0.624607,0.869523,0.801463,0.117836,0.0993652,0.460468,0.534015,0.0732846,0.487967,0.198257,0.921169,51.6436,5.43263e-12,47756,0.887486,41.1981,1.06086e-12,38445,0.895553,0.876428,0.0878307,0.631141,0.996144,0.511517,0.22039,0.459803,0.228135,0.891603,87.9902,7.64954e-10,30733,0.967162,70.4477,9.04596e-11,52512
24,1027,n1->n99->n77->n23->n83->n57->n55->n54->n82->n95->n97->n96->n94->n92->n91->n93->n64->n49->n47->n26->n24->n33->n32->n31->n29->n27->n52->n51,5.37021e+09|1.57108e+10|5.68112e+11|4.63033e+10|3.76373e+13|4.14288e+09|8.84081e+12|2.80961e+11|1.07979e+13|1.05601e+11|2.90604e+09|2.51165e+12|1.36531e+10|1.97334e+09|2.84652e+12|4.22601e+13|4.21034e+09|2.45005e+09|4.74236e+11|7.09351e+09|1.59557e+13|3.64323e+13|1.78367e+12|4.79342e+12|3.6336e+13|4.19351e+12|1.02428e+10|7.46708e+11,8.19724e+08|4.21389e+09|3.56307e+11|3.30225e+10|2.34723e+13|2.05006e+09|4.69454e+12|2.23178e+11|1.66379e+12|5.46554e+10|5.04144e+08|5.36324e+11|1.67171e+09|1.46451e+09|3.57264e+11|1.3774e+13|1.60867e+09|2.44458e+09|1.54765e+11|1.31666e+09|4.06569e+12|6.32377e+12|1.05491e+12|4.42443e+12|1.77292e+13|8.73344e+11|2.07235e+09|5.06847e+11,0.000494453|0.00089026|8.49487e-05|0.000277161|1.86087e-05|0.000173612|4.06274e-05|1.47667e-05|0.000837919|0.000260968|8.81202e-05|1.2987e-05|2.95455e-05|2.75832e-05|6.93267e-05|8.45967e-05|1.88732e-05|1.07426e-05|0.000202873|3.77967e-05|0.000193265|1.50316e-05|0.000179959|0.00024651|0.000125062|1.08528e-05|0.00011644|0.000185382,0.000316017|0.000350126|0.000906866|0.00418014|0.000175452|0.00271581|0.000128431|0.00549128|0.00271152|0.000186877|0.00494291|0.000286765|0.000125263|0.0052688|0.00599677|0.000162335|0.000135861|0.000979027|0.000266598|0.00522178|0.0012727|0.00213059|0.00292552|0.00308746|0.00231296|0.00262605|0.00580301|0.00344885,0.0109342|0.0362414|0.04851|0.00314906|0.015405|0.0328142|0.00843704|0.0334079|0.0278433|0.00282907|0.0381696|0.0377902|0.00830448|0.0444618|0.008036|0.0108045|0.0266797|0.0183567|0.00898217|0.0101688|0.0433038|0.00968695|0.00778345|0.0211034|0.0255931|0.0303206|0.0398377|0.0365406,0.000178506|0.0472365|0.0115254|0.0470385|0.038157|0.0437642|0.0314938|0.00844474|0.0266174|0.0420997|0.00800322|0.0195364|0.0293842|0.0387741|0.015498|0.0326183|0.0436548|0.0388066|0.0488958|0.0409649|0.00780618|0.0280967|0.0161829|0.0151027|0.00291922|0.0230682|0.0151024|0.0130093,0.973537|0.953794|0.949999|0.92176|0.947801|0.983348|0.908585|0.927525|0.934435|0.966581|0.90679|0.951762|0.927471|0.987763|0.964407|0.912097|0.933821|0.969899|0.9108|0.981638|0.90929|0.923653|0.953313|0.943878|0.962742|0.985376|0.965406|0.98883,4.63983|3.07459|0.722366|2.08786|4.11052|1.93323|3.37071|1.22009|0.132111|1.09944|1.41691|0.85792|5.03384|6.03913|5.6679|5.92115|5.77568|3.94615|6.27947|2.91399|3.9732|1.04264|0.10397|4.82496|0.0327787|4.5695|0.0104102|4.04415,66.2586|96.5216|39.0733|23.518|50.003|61.5999|27.8669|41.1455|75.699|11.8968|37.9513|71.0086|13.5087|32.3713|26.8753|32.5899|77.768|91.8261|70.8805|83.4704|98.0873|61.2747|86.0567|70.4589|49.6282|46.2248|83.3731,0.180129|0.241387|0.178948|0.181099|0.1911|0.220389|0.169326|0.242874|0.21275|0.228013|0.246589|0.230021|0.230182|0.161013|0.203549|0.178102|0.165457|0.228404|0.189485|0.216464|0.239791|0.208144|0.16799|0.246199|0.180772|0.183493|0.197114,0.323551|0.664018|0.23533|0.741177|0.161388|0.549818|0.414082|0.378494|0.837867|0.342677|0.157157|0.131268|0.731663|0.940947|0.21516|0.548301|0.348083|0.133861|0.757042|0.583168|0.939209|0.704271|0.799966|0.415176|0.511755|0.657987|0.942894,0.869523,0.801463,0.117836,0.0993652,0.460468,0.534015,0.0732846,0.487967,0.198257,0.921169,51.6436,5.43263e-12,47756,0.887486,41.1981,1.06086e-12,38445,0.895553,0.876428,0.0878307,0.631141,0.996144,0.511517,0.22039,0.459803,0.228135,0.891603,87.9902,7.64954e-10,30733,0.967162,70.4477,9.04596e-11,52512
24,1028,n1->n99->n77->n93->n91->n92->n94->n96->n14->n12->n6->n33->n31->n35->n74->n22->n68->n17->n85->n84->n82->n63->n15->n13->n11->n29->n50->n51,5.37021e+09|1.57108e+10|5.68112e+11|4.22601e+13|2.84652e+12|1.97334e+09|1.36531e+10|2.51165e+12|3.70261e+10|9.70597e+10|1.14208e+09|3.64323e+13|4.79342e+12|5.77859e+11|5.8385e+13|1.47e+10|1.31753e+09|1.51096e+11|2.02447e+09|1.07392e+09|1.07979e+13|6.55204e+12|8.77071e+11|6.60497e+13|1.78735e+12|3.6336e+13|2.36425e+09|7.46708e+11,8.19724e+08|4.21389e+09|3.56307e+11|1.3774e+13|3.57264e+11|1.46451e+09|1.67171e+09|5.36324e+11|1.44234e+10|2.76143e+10|2.20459e+08|6.32377e+12|4.42443e+12|4.88834e+11|7.35096e+12|9.51029e+09|3.10679e+08|1.57582e+10|2.41326e+08|9.00899e+08|1.66379e+12|2.63574e+12|1.06991e+11|8.87204e+12|3.29521e+11|1.77292e+13|4.07889e+08|5.06847e+11,0.000494453|0.00089026|8.49487e-05|8.45967e-05|6.93267e-05|2.75832e-05|2.95455e-05|1.2987e-05|3.25754e-05|0.000201974|1.08483e-05|1.50316e-05|0.00024651|0.000412952|0.000875739|1.77434e-05|0.000223952|0.000261059|2.04325e-05|2.14473e-05|0.000837919|0.000116235|0.000182949|0.000787814|5.47786e-05|0.000125062|1.54283e-05|0.000185382,0.000316017|0.000350126|0.000906866|0.000162335|0.00599677|0.0052688|0.000125263|0.000286765|0.000181646|0.0016732|0.00010157|0.00213059|0.00308746|0.00138752|0.00944671|0.0006856|0.00843573|0.000513001|0.000338175|0.000434313|0.00271152|0.00126856|0.00274771|0.00788063|0.00652494|0.00231296|0.00907722|0.00344885,0.0109342|0.0362414|0.04851|0.0108045|0.008036|0.0444618|0.00830448|0.0377902|0.0426128|0.0313381|0.00160082|0.00968695|0.0211034|0.00215298|0.0280357|0.0408661|0.0370095|0.0430027|0.0354515|0.0473575|0.0278433|0.0100727|0.0207315|0.0476737|0.00125292|0.0255931|0.00638914|0.0365406,0.000178506|0.0472365|0.0115254|0.0326183|0.015498|0.0387741|0.0293842|0.0195364|0.049061|0.0470205|0.0260762|0.0280967|0.0151027|0.0375959|0.0166219|0.040072|0.00589983|0.00442808|0.0266209|0.0366447|0.0266174|0.0107197|0.0378122|0.00335145|0.0136412|0.00291922|0.0483596|0.0130093,0.973537|0.953794|0.949999|0.912097|0.964407|0.987763|0.927471|0.951762|0.906626|0.937315|0.908628|0.923653|0.943878|0.952159|0.90082|0.95984|0.984554|0.974312|0.940474|0.948551|0.934435|0.903245|0.910795|0.954869|0.988894|0.962742|0.910708|0.98883,4.63983|3.07459|0.722366|5.92115|5.6679|6.03913|5.03384|0.85792|0.762282|3.07758|5.01633|1.04264|4.82496|5.24666|0.0974208|0.048646|5.26958|5.11322|4.91715|5.42186|0.132111|4.68449|1.89272|5.26639|0.923897|0.0327787|5.41755|4.04415,66.2586|96.5216|51.9256|26.8753|32.3713|13.5087|71.0086|54.7186|51.9585|32.9383|50.0569|95.0453|91.3525|67.7415|63.8366|15.3326|23.9015|84.7043|82.1833|83.37|48.6997|11.0615|66.6304|13.9548|13.2112|37.0378|82.9474,0.180129|0.241387|0.247077|0.203549|0.161013|0.230182|0.230021|0.208433|0.222459|0.230728|0.19306|0.234751|0.243038|0.161632|0.241428|0.236297|0.236806|0.225161|0.216313|0.203763|0.175742|0.214255|0.179788|0.189728|0.219003|0.191256|0.24308,0.323551|0.664018|0.469529|0.21516|0.940947|0.731663|0.131268|0.448351|0.326911|0.628307|0.116472|0.258586|0.658826|0.301798|0.480684|0.655447|0.2818|0.880608|0.528406|0.808712|0.4301|0.692153|0.275394|0.801183|0.427028|0.182586|0.624607,0.869523,0.801463,0.117836,0.0993652,0.460468,0.534015,0.0732846,0.487967,0.198257,0.921169,51.6436,5.43263e-12,47756,0.887486,41.1981,1.06086e-12,38445,0.895553,0.876428,0.0878307,0.631141,0.996144,0.511517,0.22039,0.459803,0.228135,0.891603,87.9902,7.64954e-10,30733,0.967162,70.4477,9.04596e-11,52512
24,1029,n1->n13->n12->n8->n7->n9->n11->n29->n28->n27->n26->n24->n71->n72->n45->n47->n49->n64->n65->n37->n39->n10->n73->n100->n90->n59->n50->n51,5.37021e+09|6.60497e+13|9.70597e+10|4.61239e+13|3.81012e+11|1.49139e+12|1.78735e+12|3.6336e+13|1.34247e+11|4.19351e+12|7.09351e+09|1.59557e+13|7.70008e+11|6.83442e+09|8.38488e+13|4.74236e+11|2.45005e+09|4.21034e+09|1.12599e+09|2.79748e+13|3.34792e+13|2.49624e+09|1.41706e+11|4.01966e+09|1.33273e+11|3.04563e+11|2.36425e+09|7.46708e+11,8.19724e+08|8.87204e+12|2.76143e+10|1.04208e+13|6.70334e+10|3.79906e+11|3.29521e+11|1.77292e+13|1.51805e+10|8.73344e+11|1.31666e+09|4.06569e+12|1.60546e+11|1.48353e+09|1.01787e+13|1.54765e+11|2.44458e+09|1.60867e+09|3.2906e+08|4.96975e+12|1.12013e+13|7.32581e+08|5.76853e+10|2.27749e+09|6.41526e+10|3.06423e+10|4.07889e+08|5.06847e+11,0.000494453|0.000787814|0.000201974|6.6054e-05|0.000475679|1.80008e-05|5.47786e-05|0.000125062|0.00056516|1.08528e-05|3.77967e-05|0.000193265|0.00017279|0.000159499|1.67225e-05|0.000202873|1.07426e-05|1.88732e-05|1.96575e-05|1.06248e-05|5.53896e-05|6.27016e-05|6.32916e-05|0.000665246|0.000319756|2.43107e-05|1.54283e-05|0.000185382,0.000316017|0.00788063|0.0016732|0.00522046|0.00104538|0.00065196|0.00652494|0.00231296|0.0093172|0.00262605|0.00522178|0.0012727|0.00123164|0.00384342|0.000742576|0.000266598|0.000979027|0.000135861|0.000428116|0.000261291|0.0025393|0.00113469|0.000807753|0.00914892|0.000672662|0.000202742|0.00907722|0.00344885,0.0109342|0.0476737|0.0313381|0.0318744|0.01754|0.0140743|0.00125292|0.0255931|0.0317261|0.0303206|0.0101688|0.0433038|0.0398828|0.0479977|0.00846218|0.00898217|0.0183567|0.0266797|0.00118659|0.0457563|0.00111942|0.00597815|0.0455502|0.0100829|0.0285929|0.00304046|0.00638914|0.0365406,0.000178506|0.00335145|0.0470205|0.0483133|0.0283975|0.033904|0.0136412|0.00291922|0.03841|0.0230682|0.0409649|0.00780618|0.0326729|0.0299903|0.0342415|0.0488958|0.0388066|0.0436548|0.00176737|0.0105712|0.0449458|0.0245713|0.028193|0.0460028|0.0372754|0.0474075|0.0483596|0.0130093,0.973537|0.954869|0.937315|0.975256|0.963898|0.963574|0.988894|0.962742|0.948072|0.985376|0.981638|0.90929|0.947193|0.96924|0.934264|0.9108|0.969899|0.933821|0.967717|0.964079|0.924329|0.962416|0.909539|0.935175|0.984478|0.99171|0.910708|0.98883,4.63983|5.26639|3.07758|3.22282|3.51107|5.88966|0.923897|0.0327787|1.48687|4.5695|2.91399|3.9732|0.117525|3.90463|5.31688|6.27947|3.94615|5.77568|4.1126|4.96174|1.19952|1.97158|3.29092|3.89025|4.02061|5.60303|5.41755|4.04415,79.8117|56.34|81.3396|55.4093|59.8148|99.0064|13.2112|18.7034|23.5709|67.4197|83.4704|44.1502|45.8448|63.1262|40.979|91.8261|77.768|56.7563|13.4252|31.554|24.4191|29.3778|20.1165|32.7492|62.2588|47.7013|82.9474,0.246796|0.206669|0.186476|0.230451|0.18359|0.201409|0.219003|0.249902|0.207151|0.171162|0.216464|0.204574|0.218487|0.243732|0.216949|0.228404|0.165457|0.186349|0.230756|0.195005|0.239532|0.202302|0.175955|0.191207|0.169222|0.170229|0.24308,0.338018|0.285239|0.379326|0.745697|0.339058|0.439638|0.427028|0.259002|0.340196|0.40751|0.583168|0.45026|0.29317|0.65643|0.317946|0.133861|0.348083|0.927837|0.986996|0.711047|0.991722|0.747283|0.825877|0.878161|0.361153|0.776444|0.624607,0.869523,0.801463,0.117836,0.0993652,0.460468,0.534015,0.0732846,0.487967,0.198257,0.921169,51.6436,5.43263e-12,47756,0.887486,41.1981,1.06086e-12,38445,0.895553,0.876428,0.0878307,0.631141,0.996144,0.511517,0.22039,0.459803,0.228135,0.891603,87.9902,7.64954e-10,30733,0.967162,70.4477,9.04596e-11,52512
24,1030,n1->n20->n19->n68->n58->n59->n50->n60->n62->n61->n63->n10->n8->n7->n9->n11->n29->n31->n32->n33->n24->n23->n21->n67->n64->n93->n94->n51,5.37021e+09|4.0293e+11|2.47533e+11|1.31753e+09|8.16696e+09|3.04563e+11|2.36425e+09|8.79841e+13|2.37342e+11|6.44979e+11|6.55204e+12|2.49624e+09|4.61239e+13|3.81012e+11|1.49139e+12|1.78735e+12|3.6336e+13|4.79342e+12|1.78367e+12|3.64323e+13|1.59557e+13|4.63033e+10|1.56161e+12|4.7483e+09|4.21034e+09|4.22601e+13|1.36531e+10|7.46708e+11,8.19724e+08|1.89646e+11|2.33399e+11|3.10679e+08|6.89506e+09|3.06423e+10|4.07889e+08|5.95756e+13|1.13053e+11|1.30372e+11|2.63574e+12|7.32581e+08|1.04208e+13|6.70334e+10|3.79906e+11|3.29521e+11|1.77292e+13|4.42443e+12|1.05491e+12|6.32377e+12|4.06569e+12|3.30225e+10|3.02345e+11|7.5553e+08|1.60867e+09|1.3774e+13|1.67171e+09|5.06847e+11,0.000494453|5.21063e-05|0.000261527|0.000223952|0.000266735|2.43107e-05|1.54283e-05|0.000731749|8.24006e-05|3.71253e-05|0.000116235|6.27016e-05|6.6054e-05|0.000475679|1.80008e-05|5.47786e-05|0.000125062|0.00024651|0.000179959|1.50316e-05|0.000193265|0.000277161|0.00096308|3.91885e-05|1.88732e-05|8.45967e-05|2.95455e-05|0.000185382,0.000316017|0.000368678|0.000768065|0.00843573|0.00874893|0.000202742|0.00907722|0.000248463|0.00794111|0.00313588|0.00126856|0.00113469|0.00522046|0.00104538|0.00065196|0.00652494|0.00231296|0.00308746|0.00292552|0.00213059|0.0012727|0.00418014|0.00195589|0.000640186|0.000135861|0.000162335|0.000125263|0.00344885,0.0109342|0.0108696|0.0201979|0.0370095|0.0248478|0.00304046|0.00638914|0.0128442|0.0242596|0.0266048|0.0100727|0.00597815|0.0318744|0.01754|0.0140743|0.00125292|0.0255931|0.0211034|0.00778345|0.00968695|0.0433038|0.00314906|0.00712365|0.029632|0.0266797|0.0108045|0.00830448|0.0365406,0.000178506|0.0181411|0.0291803|0.00589983|0.0481122|0.0474075|0.0483596|0.0431033|0.0480911|0.0179693|0.0107197|0.0245713|0.0483133|0.0283975|0.033904|0.0136412|0.00291922|0.0151027|0.0161829|0.0280967|0.00780618|0.0470385|0.0414669|0.0482082|0.0436548|0.0326183|0.0293842|0.0130093,0.973537|0.923215|0.941018|0.984554|0.911658|0.99171|0.910708|0.945549|0.98053|0.958619|0.903245|0.962416|0.975256|0.963898|0.963574|0.988894|0.962742|0.943878|0.953313|0.923653|0.90929|0.92176|0.971602|0.924883|0.933821|0.912097|0.927471|0.98883,4.63983|4.79469|1.39448|5.26958|3.70937|5.60303|5.41755|4.50487|5.59786|2.63855|4.68449|1.97158|3.22282|3.51107|5.88966|0.923897|0.0327787|4.82496|0.10397|1.04264|3.9732|2.08786|3.14177|2.06342|5.77568|5.92115|5.03384|4.04415,90.7492|86.2435|67.5745|56.905|56.397|47.7013|22.3088|48.3985|89.0369|47.0482|65.1286|99.595|55.4093|59.8148|99.0064|13.2112|70.4589|86.0567|61.2747|98.0873|44.8869|88.4205|42.5138|95.5844|32.5899|63.1349|11.2844,0.215706|0.182991|0.2055|0.185169|0.21902|0.170229|0.190841|0.17162|0.198053|0.167884|0.203746|0.184434|0.230451|0.18359|0.201409|0.219003|0.246199|0.16799|0.208144|0.239791|0.161116|0.232237|0.197352|0.248978|0.178102|0.209804|0.200895,0.53635|0.182796|0.968257|0.476138|0.533324|0.776444|0.323935|0.641887|0.704733|0.410418|0.514129|0.703378|0.745697|0.339058|0.439638|0.427028|0.415176|0.799966|0.704271|0.939209|0.528582|0.516177|0.602799|0.480161|0.548301|0.17375|0.836539,0.869523,0.801463,0.117836,0.0993652,0.460468,0.534015,0.0732846,0.487967,0.198257,0.921169,51.6436,5.43263e-12,47756,0.887486,41.1981,1.06086e-12,38445,0.895553,0.876428,0.0878307,0.631141,0.996144,0.511517,0.22039,0.459803,0.228135,0.891603,87.9902,7.64954e-10,30733,0.967162,70.4477,9.04596e-11,52512
24,1031,n1->n99->n97->n96->n20->n89->n48->n50->n29->n27->n4->n2->n7->n9->n10->n39->n38->n37->n65->n52->n53->n55->n54->n40->n42->n63->n61->n51,5.37021e+09|1.57108e+10|2.90604e+09|2.51165e+12|4.0293e+11|2.68119e+11|3.98001e+12|2.36425e+09|3.6336e+13|4.19351e+12|7.07339e+12|5.94248e+10|3.81012e+11|1.49139e+12|2.49624e+09|3.34792e+13|1.16426e+13|2.79748e+13|1.12599e+09|1.02428e+10|4.60474e+10|8.84081e+12|2.80961e+11|3.58065e+10|2.42905e+09|6.55204e+12|6.44979e+11|7.46708e+11,8.19724e+08|4.21389e+09|5.04144e+08|5.36324e+11|1.89646e+11|9.23423e+10|1.69514e+12|4.07889e+08|1.77292e+13|8.73344e+11|2.43435e+12|3.74975e+10|6.70334e+10|3.79906e+11|7.32581e+08|1.12013e+13|1.19258e+12|4.96975e+12|3.2906e+08|2.07235e+09|3.18273e+10|4.69454e+12|2.23178e+11|4.14657e+09|2.47264e+08|2.63574e+12|1.30372e+11|5.06847e+11,0.000494453|0.00089026|8.81202e-05|1.2987e-05|5.21063e-05|3.55201e-05|4.78153e-05|1.54283e-05|0.000125062|1.08528e-05|0.000113681|1.10648e-05|0.000475679|1.80008e-05|6.27016e-05|5.53896e-05|1.04425e-05|1.06248e-05|1.96575e-05|0.00011644|2.00633e-05|4.06274e-05|1.47667e-05|6.01341e-05|8.79758e-05|0.000116235|3.71253e-05|0.000185382,0.000316017|0.000350126|0.00494291|0.000286765|0.000368678|0.000111435|0.00544009|0.00907722|0.00231296|0.00262605|0.00198341|0.00120557|0.00104538|0.00065196|0.00113469|0.0025393|0.00950649|0.000261291|0.000428116|0.00580301|0.000509085|0.000128431|0.00549128|0.00268841|0.000493531|0.00126856|0.00313588|0.00344885,0.0109342|0.0362414|0.0381696|0.0377902|0.0108696|0.0107812|0.0455031|0.00638914|0.0255931|0.0303206|0.0350273|0.00369149|0.01754|0.0140743|0.00597815|0.00111942|0.0263713|0.0457563|0.00118659|0.0398377|5.21659e-05|0.00843704|0.0334079|0.0249103|0.00783732|0.0100727|0.0266048|0.0365406,0.000178506|0.0472365|0.00800322|0.0195364|0.0181411|0.0401575|0.0360942|0.0483596|0.00291922|0.0230682|0.0273051|0.0127317|0.0283975|0.033904|0.0245713|0.0449458|0.00318517|0.0105712|0.00176737|0.0151024|0.00115664|0.0314938|0.00844474|0.033399|0.0327962|0.0107197|0.0179693|0.0130093,0.973537|0.953794|0.90679|0.951762|0.923215|0.926416|0.967439|0.910708|0.962742|0.985376|0.917619|0.968894|0.963898|0.963574|0.962416|0.924329|0.902547|0.964079|0.967717|0.965406|0.913872|0.908585|0.927525|0.920308|0.960936|0.903245|0.958619|0.98883,4.63983|3.07459|1.41691|0.85792|4.79469|0.0868458|3.09858|5.41755|0.0327787|4.5695|1.56082|4.74216|3.51107|5.88966|1.97158|1.19952|5.09423|4.96174|4.1126|0.0104102|0.640024|3.37071|1.22009|2.50002|0.765875|4.68449|2.63855|4.04415,66.2586|94.4507|37.9513|58.7029|18.2346|94.0077|23.5956|37.0378|49.6282|52.1141|30.2686|88.6198|59.8148|65.9961|24.4191|52.0957|46.986|13.4252|56.1703|81.3721|30.3781|27.8669|12.2677|77.6192|97.0433|47.0482|66.5616,0.180129|0.168303|0.246589|0.201188|0.231355|0.234363|0.191801|0.191256|0.180772|0.184605|0.239023|0.228013|0.18359|0.193896|0.239532|0.199024|0.170599|0.230756|0.247907|0.184589|0.207992|0.169326|0.248162|0.243521|0.211509|0.167884|0.171721,0.323551|0.263233|0.157157|0.666395|0.595303|0.948873|0.688345|0.182586|0.511755|0.200735|0.514427|0.84397|0.339058|0.982181|0.991722|0.46236|0.662799|0.986996|0.827328|0.272111|0.646488|0.414082|0.812759|0.14346|0.758395|0.410418|0.235817,0.869523,0.801463,0.117836,0.0993652,0.460468,0.534015,0.0732846,0.487967,0.198257,0.921169,51.6436,5.43263e-12,47756,0.887486,41.1981,1.06086e-12,38445,0.895553,0.876428,0.0878307,0.631141,0.996144,0.511517,0.22039,0.459803,0.228135,0.891603,87.9902,7.64954e-10,30733,0.967162,70.4477,9.04596e-11,52512
24,1032,n1->n99->n98->n57->n74->n76->n86->n87->n70->n18->n19->n17->n68->n22->n21->n23->n77->n93->n95->n89->n20->n96->n14->n13->n11->n29->n50->n51,5.37021e+09|1.57108e+10|1.8266e+13|4.14288e+09|5.8385e+13|4.21804e+13|3.85304e+10|7.3435e+12|6.87309e+13|7.59179e+12|2.47533e+11|1.51096e+11|1.31753e+09|1.47e+10|1.56161e+12|4.63033e+10|5.68112e+11|4.22601e+13|1.05601e+11|2.68119e+11|4.0293e+11|2.51165e+12|3.70261e+10|6.60497e+13|1.78735e+12|3.6336e+13|2.36425e+09|7.46708e+11,8.19724e+08|4.21389e+09|5.99087e+12|2.05006e+09|7.35096e+12|1.15782e+13|4.69095e+09|2.79916e+12|9.78332e+12|4.11836e+12|2.33399e+11|1.57582e+10|3.10679e+08|9.51029e+09|3.02345e+11|3.30225e+10|3.56307e+11|1.3774e+13|5.46554e+10|9.23423e+10|1.89646e+11|5.36324e+11|1.44234e+10|8.87204e+12|3.29521e+11|1.77292e+13|4.07889e+08|5.06847e+11,0.000494453|0.00089026|0.000410965|0.000173612|0.000875739|1.88608e-05|6.21631e-05|0.000634307|5.13815e-05|2.98936e-05|0.000261527|0.000261059|0.000223952|1.77434e-05|0.00096308|0.000277161|8.49487e-05|8.45967e-05|0.000260968|3.55201e-05|5.21063e-05|1.2987e-05|3.25754e-05|0.000787814|5.47786e-05|0.000125062|1.54283e-05|0.000185382,0.000316017|0.000350126|0.000548485|0.00271581|0.00944671|0.00214239|0.00341054|0.00151267|0.00295865|0.000681499|0.000768065|0.000513001|0.00843573|0.0006856|0.00195589|0.00418014|0.000906866|0.000162335|0.000186877|0.000111435|0.000368678|0.000286765|0.000181646|0.00788063|0.00652494|0.00231296|0.00907722|0.00344885,0.0109342|0.0362414|0.0295222|0.0328142|0.0280357|0.00156873|0.0237043|0.0186268|0.0286141|0.0192976|0.0201979|0.0430027|0.0370095|0.0408661|0.00712365|0.00314906|0.04851|0.0108045|0.00282907|0.0107812|0.0108696|0.0377902|0.0426128|0.0476737|0.00125292|0.0255931|0.00638914|0.0365406,0.000178506|0.0472365|0.0297366|0.0437642|0.0166219|0.0470058|0.0488574|0.00979507|0.0216638|0.0120519|0.0291803|0.00442808|0.00589983|0.040072|0.0414669|0.0470385|0.0115254|0.0326183|0.0420997|0.0401575|0.0181411|0.0195364|0.049061|0.00335145|0.0136412|0.00291922|0.0483596|0.0130093,0.973537|0.953794|0.959539|0.983348|0.90082|0.989289|0.981332|0.977244|0.966653|0.946711|0.941018|0.974312|0.984554|0.95984|0.971602|0.92176|0.949999|0.912097|0.966581|0.926416|0.923215|0.951762|0.906626|0.954869|0.988894|0.962742|0.910708|0.98883,4.63983|3.07459|2.95405|1.93323|0.0974208|0.578949|4.96971|2.33192|4.60778|4.38273|1.39448|5.11322|5.26958|0.048646|3.14177|2.08786|0.722366|5.92115|1.09944|0.0868458|4.79469|0.85792|0.762282|5.26639|0.923897|0.0327787|5.41755|4.04415,66.2586|58.4557|98.2355|95.6836|53.1277|37.5994|88.9922|39.9413|55.8812|34.0839|10.3361|23.9015|15.3326|55.6995|88.4205|39.0733|51.9256|24.941|11.8194|18.2346|58.7029|54.7186|92.5451|13.9548|13.2112|37.0378|82.9474,0.180129|0.227784|0.190047|0.169856|0.181342|0.17745|0.246364|0.180359|0.234874|0.248409|0.172286|0.236806|0.236297|0.206062|0.232237|0.178948|0.247077|0.237661|0.168449|0.231355|0.201188|0.208433|0.191459|0.189728|0.219003|0.191256|0.24308,0.323551|0.686264|0.757428|0.815246|0.519715|0.871942|0.83582|0.129355|0.16843|0.983209|0.559133|0.2818|0.655447|0.677391|0.516177|0.23533|0.469529|0.985064|0.776387|0.595303|0.666395|0.448351|0.161307|0.801183|0.427028|0.182586|0.624607,0.869523,0.801463,0.117836,0.0993652,0.460468,0.534015,0.0732846,0.487967,0.198257,0.921169,51.6436,5.43263e-12,47756,0.887486,41.1981,1.06086e-12,38445,0.895553,0.876428,0.0878307,0.631141,0.996144,0.511517,0.22039,0.459803,0.228135,0.891603,87.9902,7.64954e-10,30733,0.967162,70.4477,9.04596e-11,52512
24,1033,n1->n13->n14->n96->n97->n27->n28->n69->n76->n86->n87->n88->n90->n89->n20->n21->n67->n64->n36->n34->n32->n33->n35->n31->n30->n29->n50->n51,5.37021e+09|6.60497e+13|3.70261e+10|2.51165e+12|2.90604e+09|4.19351e+12|1.34247e+11|8.81277e+09|4.21804e+13|3.85304e+10|7.3435e+12|9.00567e+12|1.33273e+11|2.68119e+11|4.0293e+11|1.56161e+12|4.7483e+09|4.21034e+09|7.73972e+11|4.7313e+12|1.78367e+12|3.64323e+13|5.77859e+11|4.79342e+12|1.26395e+10|3.6336e+13|2.36425e+09|7.46708e+11,8.19724e+08|8.87204e+12|1.44234e+10|5.36324e+11|5.04144e+08|8.73344e+11|1.51805e+10|7.57626e+09|1.15782e+13|4.69095e+09|2.79916e+12|8.66002e+12|6.41526e+10|9.23423e+10|1.89646e+11|3.02345e+11|7.5553e+08|1.60867e+09|7.77593e+10|1.15705e+12|1.05491e+12|6.32377e+12|4.88834e+11|4.42443e+12|1.81012e+09|1.77292e+13|4.07889e+08|5.06847e+11,0.000494453|0.000787814|3.25754e-05|1.2987e-05|8.81202e-05|1.08528e-05|0.00056516|0.000268039|1.88608e-05|6.21631e-05|0.000634307|6.2721e-05|0.000319756|3.55201e-05|5.21063e-05|0.00096308|3.91885e-05|1.88732e-05|0.000426407|0.000140889|0.000179959|1.50316e-05|0.000412952|0.00024651|4.789e-05|0.000125062|1.54283e-05|0.000185382,0.000316017|0.00788063|0.000181646|0.000286765|0.00494291|0.00262605|0.0093172|0.00367819|0.00214239|0.00341054|0.00151267|0.000480267|0.000672662|0.000111435|0.000368678|0.00195589|0.000640186|0.000135861|0.00396778|0.000270551|0.00292552|0.00213059|0.00138752|0.00308746|0.00655588|0.00231296|0.00907722|0.00344885,0.0109342|0.0476737|0.0426128|0.0377902|0.0381696|0.0303206|0.0317261|0.022957|0.00156873|0.0237043|0.0186268|0.00850464|0.0285929|0.0107812|0.0108696|0.00712365|0.029632|0.0266797|0.00497013|0.0276207|0.00778345|0.00968695|0.00215298|0.0211034|0.00398508|0.0255931|0.00638914|0.0365406,0.000178506|0.00335145|0.049061|0.0195364|0.00800322|0.0230682|0.03841|0.0100342|0.0470058|0.0488574|0.00979507|0.0237676|0.0372754|0.0401575|0.0181411|0.0414669|0.0482082|0.0436548|0.0341912|0.0210615|0.0161829|0.0280967|0.0375959|0.0151027|0.0178703|0.00291922|0.0483596|0.0130093,0.973537|0.954869|0.906626|0.951762|0.90679|0.985376|0.948072|0.975915|0.989289|0.981332|0.977244|0.962132|0.984478|0.926416|0.923215|0.971602|0.924883|0.933821|0.94998|0.904866|0.953313|0.923653|0.952159|0.943878|0.972158|0.962742|0.910708|0.98883,4.63983|5.26639|0.762282|0.85792|1.41691|4.5695|1.48687|2.99986|0.578949|4.96971|2.33192|1.9653|4.02061|0.0868458|4.79469|3.14177|2.06342|5.77568|3.70656|4.56594|0.10397|1.04264|5.24666|4.82496|5.42296|0.0327787|5.41755|4.04415,79.8117|92.5451|54.7186|37.9513|31.5608|23.5709|97.1045|66.666|37.5994|88.9922|57.0974|14.1987|12.726|18.2346|76.7594|42.5138|95.5844|43.8659|89.5651|23.0914|61.2747|93.5115|91.3525|88.6669|29.3504|37.0378|82.9474,0.246796|0.191459|0.208433|0.246589|0.219936|0.207151|0.207556|0.212271|0.17745|0.246364|0.227675|0.244274|0.226099|0.231355|0.218425|0.197352|0.248978|0.241695|0.241996|0.18593|0.208144|0.242679|0.243038|0.215598|0.179657|0.191256|0.24308,0.338018|0.161307|0.448351|0.157157|0.557853|0.340196|0.438091|0.890059|0.871942|0.83582|0.396625|0.997795|0.757755|0.595303|0.515127|0.602799|0.480161|0.590576|0.265381|0.12287|0.704271|0.487093|0.658826|0.123891|0.887943|0.182586|0.624607,0.869523,0.801463,0.117836,0.0993652,0.460468,0.534015,0.0732846,0.487967,0.198257,0.921169,51.6436,5.43263e-12,47756,0.887486,41.1981,1.06086e-12,38445,0.895553,0.876428,0.0878307,0.631141,0.996144,0.511517,0.22039,0.459803,0.228135,0.891603,87.9902,7.64954e-10,30733,0.967162,70.4477,9.04596e-11,52512
24,1034,n1->n20->n96->n94->n93->n95->n97->n27->n52->n53->n54->n56->n55->n57->n83->n81->n80->n78->n76->n30->n29->n31->n32->n34->n36->n64->n49->n51,5.37021e+09|4.0293e+11|2.51165e+12|1.36531e+10|4.22601e+13|1.05601e+11|2.90604e+09|4.19351e+12|1.02428e+10|4.60474e+10|2.80961e+11|1.1605e+12|8.84081e+12|4.14288e+09|3.76373e+13|2.58887e+10|2.45686e+13|3.25238e+10|4.21804e+13|1.26395e+10|3.6336e+13|4.79342e+12|1.78367e+12|4.7313e+12|7.73972e+11|4.21034e+09|2.45005e+09|7.46708e+11,8.19724e+08|1.89646e+11|5.36324e+11|1.67171e+09|1.3774e+13|5.46554e+10|5.04144e+08|8.73344e+11|2.07235e+09|3.18273e+10|2.23178e+11|5.65456e+11|4.69454e+12|2.05006e+09|2.34723e+13|8.36206e+09|2.75437e+12|2.30731e+10|1.15782e+13|1.81012e+09|1.77292e+13|4.42443e+12|1.05491e+12|1.15705e+12|7.77593e+10|1.60867e+09|2.44458e+09|5.06847e+11,0.000494453|5.21063e-05|1.2987e-05|2.95455e-05|8.45967e-05|0.000260968|8.81202e-05|1.08528e-05|0.00011644|2.00633e-05|1.47667e-05|1.7812e-05|4.06274e-05|0.000173612|1.86087e-05|0.000268232|1.13052e-05|0.000270955|1.88608e-05|4.789e-05|0.000125062|0.00024651|0.000179959|0.000140889|0.000426407|1.88732e-05|1.07426e-05|0.000185382,0.000316017|0.000368678|0.000286765|0.000125263|0.000162335|0.000186877|0.00494291|0.00262605|0.00580301|0.000509085|0.00549128|0.000830638|0.000128431|0.00271581|0.000175452|0.000752991|0.000238286|0.00167497|0.00214239|0.00655588|0.00231296|0.00308746|0.00292552|0.000270551|0.00396778|0.000135861|0.000979027|0.00344885,0.0109342|0.0108696|0.0377902|0.00830448|0.0108045|0.00282907|0.0381696|0.0303206|0.0398377|5.21659e-05|0.0334079|0.0231698|0.00843704|0.0328142|0.015405|0.0481357|0.00592883|0.00569443|0.00156873|0.00398508|0.0255931|0.0211034|0.00778345|0.0276207|0.00497013|0.0266797|0.0183567|0.0365406,0.000178506|0.0181411|0.0195364|0.0293842|0.0326183|0.0420997|0.00800322|0.0230682|0.0151024|0.00115664|0.00844474|0.0417641|0.0314938|0.0437642|0.038157|0.00997263|0.0262948|0.0425349|0.0470058|0.0178703|0.00291922|0.0151027|0.0161829|0.0210615|0.0341912|0.0436548|0.0388066|0.0130093,0.973537|0.923215|0.951762|0.927471|0.912097|0.966581|0.90679|0.985376|0.965406|0.913872|0.927525|0.944528|0.908585|0.983348|0.947801|0.948836|0.919013|0.92832|0.989289|0.972158|0.962742|0.943878|0.953313|0.904866|0.94998|0.933821|0.969899|0.98883,4.63983|4.79469|0.85792|5.03384|5.92115|1.09944|1.41691|4.5695|0.0104102|0.640024|1.22009|2.55597|3.37071|1.93323|4.11052|1.5908|0.100836|3.3614|0.578949|5.42296|0.0327787|4.82496|0.10397|4.56594|3.70656|5.77568|3.94615|4.04415,90.7492|58.7029|71.0086|63.1349|24.941|11.8968|31.5608|46.2248|81.3721|75.3264|42.6814|95.3312|61.5999|50.003|78.7627|15.5679|66.5291|69.3348|21.8454|29.3504|70.4589|86.0567|23.0914|89.5651|43.8659|77.768|10.4661,0.215706|0.201188|0.230021|0.209804|0.237661|0.228013|0.219936|0.183493|0.184589|0.191357|0.167734|0.167906|0.220389|0.1911|0.170031|0.212149|0.222935|0.194827|0.220509|0.179657|0.246199|0.16799|0.18593|0.241996|0.241695|0.165457|0.216931,0.53635|0.666395|0.131268|0.17375|0.985064|0.342677|0.557853|0.657987|0.272111|0.567841|0.927159|0.402595|0.549818|0.161388|0.530775|0.870283|0.109088|0.93416|0.936019|0.887943|0.415176|0.799966|0.12287|0.265381|0.590576|0.348083|0.516407,0.869523,0.801463,0.117836,0.0993652,0.460468,0.534015,0.0732846,0.487967,0.198257,0.921169,51.6436,5.43263e-12,47756,0.887486,41.1981,1.06086e-12,38445,0.895553,0.876428,0.0878307,0.631141,0.996144,0.511517,0.22039,0.459803,0.228135,0.891603,87.9902,7.64954e-10,30733,0.967162,70.4477,9.04596e-11,52512
24,1035,n1->n20->n19->n17->n68->n66->n32->n31->n35->n74->n57->n83->n85->n84->n33->n6->n12->n8->n7->n2->n100->n90->n56->n54->n55->n53->n52->n51,5.37021e+09|4.0293e+11|2.47533e+11|1.51096e+11|1.31753e+09|1.10072e+10|1.78367e+12|4.79342e+12|5.77859e+11|5.8385e+13|4.14288e+09|3.76373e+13|2.02447e+09|1.07392e+09|3.64323e+13|1.14208e+09|9.70597e+10|4.61239e+13|3.81012e+11|5.94248e+10|4.01966e+09|1.33273e+11|1.1605e+12|2.80961e+11|8.84081e+12|4.60474e+10|1.02428e+10|7.46708e+11,8.19724e+08|1.89646e+11|2.33399e+11|1.57582e+10|3.10679e+08|8.7665e+09|1.05491e+12|4.42443e+12|4.88834e+11|7.35096e+12|2.05006e+09|2.34723e+13|2.41326e+08|9.00899e+08|6.32377e+12|2.20459e+08|2.76143e+10|1.04208e+13|6.70334e+10|3.74975e+10|2.27749e+09|6.41526e+10|5.65456e+11|2.23178e+11|4.69454e+12|3.18273e+10|2.07235e+09|5.06847e+11,0.000494453|5.21063e-05|0.000261527|0.000261059|0.000223952|0.000237659|0.000179959|0.00024651|0.000412952|0.000875739|0.000173612|1.86087e-05|2.04325e-05|2.14473e-05|1.50316e-05|1.08483e-05|0.000201974|6.6054e-05|0.000475679|1.10648e-05|0.000665246|0.000319756|1.7812e-05|1.47667e-05|4.06274e-05|2.00633e-05|0.00011644|0.000185382,0.000316017|0.000368678|0.000768065|0.000513001|0.00843573|0.000470269|0.00292552|0.00308746|0.00138752|0.00944671|0.00271581|0.000175452|0.000338175|0.000434313|0.00213059|0.00010157|0.0016732|0.00522046|0.00104538|0.00120557|0.00914892|0.000672662|0.000830638|0.00549128|0.000128431|0.000509085|0.00580301|0.00344885,0.0109342|0.0108696|0.0201979|0.0430027|0.0370095|0.0203827|0.00778345|0.0211034|0.00215298|0.0280357|0.0328142|0.015405|0.0354515|0.0473575|0.00968695|0.00160082|0.0313381|0.0318744|0.01754|0.00369149|0.0100829|0.0285929|0.0231698|0.0334079|0.00843704|5.21659e-05|0.0398377|0.0365406,0.000178506|0.0181411|0.0291803|0.00442808|0.00589983|0.0146278|0.0161829|0.0151027|0.0375959|0.0166219|0.0437642|0.038157|0.0266209|0.0366447|0.0280967|0.0260762|0.0470205|0.0483133|0.0283975|0.0127317|0.0460028|0.0372754|0.0417641|0.00844474|0.0314938|0.00115664|0.0151024|0.0130093,0.973537|0.923215|0.941018|0.974312|0.984554|0.978907|0.953313|0.943878|0.952159|0.90082|0.983348|0.947801|0.940474|0.948551|0.923653|0.908628|0.937315|0.975256|0.963898|0.968894|0.935175|0.984478|0.944528|0.927525|0.908585|0.913872|0.965406|0.98883,4.63983|4.79469|1.39448|5.11322|5.26958|3.10364|0.10397|4.82496|5.24666|0.0974208|1.93323|4.11052|4.91715|5.42186|1.04264|5.01633|3.07758|3.22282|3.51107|4.74216|3.89025|4.02061|2.55597|1.22009|3.37071|0.640024|0.0104102|4.04415,90.7492|86.2435|10.3361|23.9015|70.8824|27.3217|86.0567|91.3525|67.7415|95.6836|50.003|92.2019|82.1833|59.7094|50.0569|32.9383|81.3396|55.4093|88.6198|37.015|32.7492|40.6061|42.6814|27.8669|30.3781|81.3721|83.3731,0.215706|0.182991|0.172286|0.236806|0.16183|0.199785|0.16799|0.243038|0.161632|0.169856|0.1911|0.231254|0.216313|0.183728|0.19306|0.230728|0.186476|0.230451|0.228013|0.17211|0.191207|0.166746|0.167734|0.169326|0.207992|0.184589|0.197114,0.53635|0.182796|0.559133|0.2818|0.215539|0.769012|0.799966|0.658826|0.301798|0.815246|0.161388|0.604504|0.528406|0.218166|0.116472|0.628307|0.379326|0.745697|0.84397|0.315214|0.878161|0.163177|0.927159|0.414082|0.646488|0.272111|0.942894,0.869523,0.801463,0.117836,0.0993652,0.460468,0.534015,0.0732846,0.487967,0.198257,0.921169,51.6436,5.43263e-12,47756,0.887486,41.1981,1.06086e-12,38445,0.895553,0.876428,0.0878307,0.631141,0.996144,0.511517,0.22039,0.459803,0.228135,0.891603,87.9902,7.64954e-10,30733,0.967162,70.4477,9.04596e-11,52512
24,1036,n1->n13->n11->n29->n30->n76->n75->n73->n54->n53->n52->n27->n97->n99->n77->n93->n64->n62->n60->n50->n59->n58->n85->n84->n82->n63->n61->n51,5.37021e+09|6.60497e+13|1.78735e+12|3.6336e+13|1.26395e+10|4.21804e+13|8.71921e+10|1.41706e+11|2.80961e+11|4.60474e+10|1.02428e+10|4.19351e+12|2.90604e+09|1.57108e+10|5.68112e+11|4.22601e+13|4.21034e+09|2.37342e+11|8.79841e+13|2.36425e+09|3.04563e+11|8.16696e+09|2.02447e+09|1.07392e+09|1.07979e+13|6.55204e+12|6.44979e+11|7.46708e+11,8.19724e+08|8.87204e+12|3.29521e+11|1.77292e+13|1.81012e+09|1.15782e+13|5.29113e+10|5.76853e+10|2.23178e+11|3.18273e+10|2.07235e+09|8.73344e+11|5.04144e+08|4.21389e+09|3.56307e+11|1.3774e+13|1.60867e+09|1.13053e+11|5.95756e+13|4.07889e+08|3.06423e+10|6.89506e+09|2.41326e+08|9.00899e+08|1.66379e+12|2.63574e+12|1.30372e+11|5.06847e+11,0.000494453|0.000787814|5.47786e-05|0.000125062|4.789e-05|1.88608e-05|0.000766915|6.32916e-05|1.47667e-05|2.00633e-05|0.00011644|1.08528e-05|8.81202e-05|0.00089026|8.49487e-05|8.45967e-05|1.88732e-05|8.24006e-05|0.000731749|1.54283e-05|2.43107e-05|0.000266735|2.04325e-05|2.14473e-05|0.000837919|0.000116235|3.71253e-05|0.000185382,0.000316017|0.00788063|0.00652494|0.00231296|0.00655588|0.00214239|0.000203965|0.000807753|0.00549128|0.000509085|0.00580301|0.00262605|0.00494291|0.000350126|0.000906866|0.000162335|0.000135861|0.00794111|0.000248463|0.00907722|0.000202742|0.00874893|0.000338175|0.000434313|0.00271152|0.00126856|0.00313588|0.00344885,0.0109342|0.0476737|0.00125292|0.0255931|0.00398508|0.00156873|0.0243876|0.0455502|0.0334079|5.21659e-05|0.0398377|0.0303206|0.0381696|0.0362414|0.04851|0.0108045|0.0266797|0.0242596|0.0128442|0.00638914|0.00304046|0.0248478|0.0354515|0.0473575|0.0278433|0.0100727|0.0266048|0.0365406,0.000178506|0.00335145|0.0136412|0.00291922|0.0178703|0.0470058|0.0250863|0.028193|0.00844474|0.00115664|0.0151024|0.0230682|0.00800322|0.0472365|0.0115254|0.0326183|0.0436548|0.0480911|0.0431033|0.0483596|0.0474075|0.0481122|0.0266209|0.0366447|0.0266174|0.0107197|0.0179693|0.0130093,0.973537|0.954869|0.988894|0.962742|0.972158|0.989289|0.936129|0.909539|0.927525|0.913872|0.965406|0.985376|0.90679|0.953794|0.949999|0.912097|0.933821|0.98053|0.945549|0.910708|0.99171|0.911658|0.940474|0.948551|0.934435|0.903245|0.958619|0.98883,4.63983|5.26639|0.923897|0.0327787|5.42296|0.578949|3.39264|3.29092|1.22009|0.640024|0.0104102|4.5695|1.41691|3.07459|0.722366|5.92115|5.77568|5.59786|4.50487|5.41755|5.60303|3.70937|4.91715|5.42186|0.132111|4.68449|2.63855|4.04415,79.8117|13.9548|13.2112|29.3504|21.8454|63.5216|85.6152|26.1465|75.3264|81.3721|46.2248|31.5608|94.4507|96.5216|51.9256|32.5899|93.0484|48.3985|22.3088|47.7013|56.397|90.6886|82.1833|83.37|48.6997|47.0482|66.5616,0.246796|0.189728|0.219003|0.179657|0.220509|0.207806|0.185893|0.196311|0.191357|0.184589|0.183493|0.219936|0.168303|0.241387|0.247077|0.178102|0.176232|0.17162|0.190841|0.170229|0.21902|0.194345|0.216313|0.203763|0.175742|0.167884|0.171721,0.338018|0.801183|0.427028|0.887943|0.936019|0.844544|0.624191|0.754315|0.567841|0.272111|0.657987|0.557853|0.263233|0.664018|0.469529|0.548301|0.182879|0.641887|0.323935|0.776444|0.533324|0.45102|0.528406|0.808712|0.4301|0.410418|0.235817,0.869523,0.801463,0.117836,0.0993652,0.460468,0.534015,0.0732846,0.487967,0.198257,0.921169,51.6436,5.43263e-12,47756,0.887486,41.1981,1.06086e-12,38445,0.895553,0.876428,0.0878307,0.631141,0.996144,0.511517,0.22039,0.459803,0.228135,0.891603,87.9902,7.64954e-10,30733,0.967162,70.4477,9.04596e-11,52512
24,1037,n1->n99->n77->n72->n45->n43->n41->n39->n37->n38->n36->n34->n15->n63->n10->n8->n7->n9->n11->n29->n30->n32->n66->n68->n58->n59->n50->n51,5.37021e+09|1.57108e+10|5.68112e+11|6.83442e+09|8.38488e+13|1.40931e+10|3.95737e+11|3.34792e+13|2.79748e+13|1.16426e+13|7.73972e+11|4.7313e+12|8.77071e+11|6.55204e+12|2.49624e+09|4.61239e+13|3.81012e+11|1.49139e+12|1.78735e+12|3.6336e+13|1.26395e+10|1.78367e+12|1.10072e+10|1.31753e+09|8.16696e+09|3.04563e+11|2.36425e+09|7.46708e+11,8.19724e+08|4.21389e+09|3.56307e+11|1.48353e+09|1.01787e+13|3.26577e+09|1.47899e+11|1.12013e+13|4.96975e+12|1.19258e+12|7.77593e+10|1.15705e+12|1.06991e+11|2.63574e+12|7.32581e+08|1.04208e+13|6.70334e+10|3.79906e+11|3.29521e+11|1.77292e+13|1.81012e+09|1.05491e+12|8.7665e+09|3.10679e+08|6.89506e+09|3.06423e+10|4.07889e+08|5.06847e+11,0.000494453|0.00089026|8.49487e-05|0.000159499|1.67225e-05|0.000955168|2.35935e-05|5.53896e-05|1.06248e-05|1.04425e-05|0.000426407|0.000140889|0.000182949|0.000116235|6.27016e-05|6.6054e-05|0.000475679|1.80008e-05|5.47786e-05|0.000125062|4.789e-05|0.000179959|0.000237659|0.000223952|0.000266735|2.43107e-05|1.54283e-05|0.000185382,0.000316017|0.000350126|0.000906866|0.00384342|0.000742576|0.00344494|0.00412419|0.0025393|0.000261291|0.00950649|0.00396778|0.000270551|0.00274771|0.00126856|0.00113469|0.00522046|0.00104538|0.00065196|0.00652494|0.00231296|0.00655588|0.00292552|0.000470269|0.00843573|0.00874893|0.000202742|0.00907722|0.00344885,0.0109342|0.0362414|0.04851|0.0479977|0.00846218|0.0168583|0.00451081|0.00111942|0.0457563|0.0263713|0.00497013|0.0276207|0.0207315|0.0100727|0.00597815|0.0318744|0.01754|0.0140743|0.00125292|0.0255931|0.00398508|0.00778345|0.0203827|0.0370095|0.0248478|0.00304046|0.00638914|0.0365406,0.000178506|0.0472365|0.0115254|0.0299903|0.0342415|0.0482719|0.00491436|0.0449458|0.0105712|0.00318517|0.0341912|0.0210615|0.0378122|0.0107197|0.0245713|0.0483133|0.0283975|0.033904|0.0136412|0.00291922|0.0178703|0.0161829|0.0146278|0.00589983|0.0481122|0.0474075|0.0483596|0.0130093,0.973537|0.953794|0.949999|0.96924|0.934264|0.943219|0.923722|0.924329|0.964079|0.902547|0.94998|0.904866|0.910795|0.903245|0.962416|0.975256|0.963898|0.963574|0.988894|0.962742|0.972158|0.953313|0.978907|0.984554|0.911658|0.99171|0.910708|0.98883,4.63983|3.07459|0.722366|3.90463|5.31688|2.3897|4.11092|1.19952|4.96174|5.09423|3.70656|4.56594|1.89272|4.68449|1.97158|3.22282|3.51107|5.88966|0.923897|0.0327787|5.42296|0.10397|3.10364|5.26958|3.70937|5.60303|5.41755|4.04415,66.2586|96.5216|92.3918|63.1262|48.5398|43.4967|38.9947|31.554|46.986|61.2725|89.5651|27.3162|11.0615|65.1286|99.595|55.4093|59.8148|99.0064|13.2112|29.3504|69.5993|27.3217|70.8824|56.905|56.397|47.7013|82.9474,0.180129|0.241387|0.167022|0.243732|0.218428|0.160247|0.18226|0.195005|0.170599|0.204351|0.241996|0.231681|0.214255|0.203746|0.184434|0.230451|0.18359|0.201409|0.219003|0.179657|0.204659|0.199785|0.16183|0.185169|0.21902|0.170229|0.24308,0.323551|0.664018|0.776051|0.65643|0.854577|0.922117|0.988985|0.711047|0.662799|0.413834|0.265381|0.750497|0.692153|0.514129|0.703378|0.745697|0.339058|0.439638|0.427028|0.887943|0.237533|0.769012|0.215539|0.476138|0.533324|0.776444|0.624607,0.869523,0.801463,0.117836,0.0993652,0.460468,0.534015,0.0732846,0.487967,0.198257,0.921169,51.6436,5.43263e-12,47756,0.887486,41.1981,1.06086e-12,38445,0.895553,0.876428,0.0878307,0.631141,0.996144,0.511517,0.22039,0.459803,0.228135,0.891603,87.9902,7.64954e-10,30733,0.967162,70.4477,9.04596e-11,52512
24,1038,n1->n99->n77->n93->n91->n92->n94->n96->n14->n12->n13->n15->n29->n30->n31->n33->n84->n83->n57->n55->n53->n54->n56->n90->n89->n48->n50->n51,5.37021e+09|1.57108e+10|5.68112e+11|4.22601e+13|2.84652e+12|1.97334e+09|1.36531e+10|2.51165e+12|3.70261e+10|9.70597e+10|6.60497e+13|8.77071e+11|3.6336e+13|1.26395e+10|4.79342e+12|3.64323e+13|1.07392e+09|3.76373e+13|4.14288e+09|8.84081e+12|4.60474e+10|2.80961e+11|1.1605e+12|1.33273e+11|2.68119e+11|3.98001e+12|2.36425e+09|7.46708e+11,8.19724e+08|4.21389e+09|3.56307e+11|1.3774e+13|3.57264e+11|1.46451e+09|1.67171e+09|5.36324e+11|1.44234e+10|2.76143e+10|8.87204e+12|1.06991e+11|1.77292e+13|1.81012e+09|4.42443e+12|6.32377e+12|9.00899e+08|2.34723e+13|2.05006e+09|4.69454e+12|3.18273e+10|2.23178e+11|5.65456e+11|6.41526e+10|9.23423e+10|1.69514e+12|4.07889e+08|5.06847e+11,0.000494453|0.00089026|8.49487e-05|8.45967e-05|6.93267e-05|2.75832e-05|2.95455e-05|1.2987e-05|3.25754e-05|0.000201974|0.000787814|0.000182949|0.000125062|4.789e-05|0.00024651|1.50316e-05|2.14473e-05|1.86087e-05|0.000173612|4.06274e-05|2.00633e-05|1.47667e-05|1.7812e-05|0.000319756|3.55201e-05|4.78153e-05|1.54283e-05|0.000185382,0.000316017|0.000350126|0.000906866|0.000162335|0.00599677|0.0052688|0.000125263|0.000286765|0.000181646|0.0016732|0.00788063|0.00274771|0.00231296|0.00655588|0.00308746|0.00213059|0.000434313|0.000175452|0.00271581|0.000128431|0.000509085|0.00549128|0.000830638|0.000672662|0.000111435|0.00544009|0.00907722|0.00344885,0.0109342|0.0362414|0.04851|0.0108045|0.008036|0.0444618|0.00830448|0.0377902|0.0426128|0.0313381|0.0476737|0.0207315|0.0255931|0.00398508|0.0211034|0.00968695|0.0473575|0.015405|0.0328142|0.00843704|5.21659e-05|0.0334079|0.0231698|0.0285929|0.0107812|0.0455031|0.00638914|0.0365406,0.000178506|0.0472365|0.0115254|0.0326183|0.015498|0.0387741|0.0293842|0.0195364|0.049061|0.0470205|0.00335145|0.0378122|0.00291922|0.0178703|0.0151027|0.0280967|0.0366447|0.038157|0.0437642|0.0314938|0.00115664|0.00844474|0.0417641|0.0372754|0.0401575|0.0360942|0.0483596|0.0130093,0.973537|0.953794|0.949999|0.912097|0.964407|0.987763|0.927471|0.951762|0.906626|0.937315|0.954869|0.910795|0.962742|0.972158|0.943878|0.923653|0.948551|0.947801|0.983348|0.908585|0.913872|0.927525|0.944528|0.984478|0.926416|0.967439|0.910708|0.98883,4.63983|3.07459|0.722366|5.92115|5.6679|6.03913|5.03384|0.85792|0.762282|3.07758|5.26639|1.89272|0.0327787|5.42296|4.82496|1.04264|5.42186|4.11052|1.93323|3.37071|0.640024|1.22009|2.55597|4.02061|0.0868458|3.09858|5.41755|4.04415,66.2586|96.5216|51.9256|26.8753|32.3713|13.5087|71.0086|54.7186|51.9585|56.34|66.6304|32.2763|29.3504|88.6669|95.0453|59.7094|20.1884|50.003|61.5999|30.3781|75.3264|42.6814|40.6061|12.726|94.0077|23.5956|82.9474,0.180129|0.241387|0.247077|0.203549|0.161013|0.230182|0.230021|0.208433|0.222459|0.206669|0.179788|0.240047|0.179657|0.215598|0.234751|0.183728|0.246081|0.1911|0.220389|0.207992|0.191357|0.167734|0.166746|0.226099|0.234363|0.191801|0.24308,0.323551|0.664018|0.469529|0.21516|0.940947|0.731663|0.131268|0.448351|0.326911|0.285239|0.275394|0.895675|0.887943|0.123891|0.258586|0.218166|0.599197|0.161388|0.549818|0.646488|0.567841|0.927159|0.163177|0.757755|0.948873|0.688345|0.624607,0.869523,0.801463,0.117836,0.0993652,0.460468,0.534015,0.0732846,0.487967,0.198257,0.921169,51.6436,5.43263e-12,47756,0.887486,41.1981,1.06086e-12,38445,0.895553,0.876428,0.0878307,0.631141,0.996144,0.511517,0.22039,0.459803,0.228135,0.891603,87.9902,7.64954e-10,30733,0.967162,70.4477,9.04596e-11,52512
24,1039,n1->n99->n77->n23->n83->n84->n85->n78->n76->n30->n29->n11->n9->n7->n2->n100->n73->n10->n63->n15->n34->n32->n33->n24->n26->n27->n52->n51,5.37021e+09|1.57108e+10|5.68112e+11|4.63033e+10|3.76373e+13|1.07392e+09|2.02447e+09|3.25238e+10|4.21804e+13|1.26395e+10|3.6336e+13|1.78735e+12|1.49139e+12|3.81012e+11|5.94248e+10|4.01966e+09|1.41706e+11|2.49624e+09|6.55204e+12|8.77071e+11|4.7313e+12|1.78367e+12|3.64323e+13|1.59557e+13|7.09351e+09|4.19351e+12|1.02428e+10|7.46708e+11,8.19724e+08|4.21389e+09|3.56307e+11|3.30225e+10|2.34723e+13|9.00899e+08|2.41326e+08|2.30731e+10|1.15782e+13|1.81012e+09|1.77292e+13|3.29521e+11|3.79906e+11|6.70334e+10|3.74975e+10|2.27749e+09|5.76853e+10|7.32581e+08|2.63574e+12|1.06991e+11|1.15705e+12|1.05491e+12|6.32377e+12|4.06569e+12|1.31666e+09|8.73344e+11|2.07235e+09|5.06847e+11,0.000494453|0.00089026|8.49487e-05|0.000277161|1.86087e-05|2.14473e-05|2.04325e-05|0.000270955|1.88608e-05|4.789e-05|0.000125062|5.47786e-05|1.80008e-05|0.000475679|1.10648e-05|0.000665246|6.32916e-05|6.27016e-05|0.000116235|0.000182949|0.000140889|0.000179959|1.50316e-05|0.000193265|3.77967e-05|1.08528e-05|0.00011644|0.000185382,0.000316017|0.000350126|0.000906866|0.00418014|0.000175452|0.000434313|0.000338175|0.00167497|0.00214239|0.00655588|0.00231296|0.00652494|0.00065196|0.00104538|0.00120557|0.00914892|0.000807753|0.00113469|0.00126856|0.00274771|0.000270551|0.00292552|0.00213059|0.0012727|0.00522178|0.00262605|0.00580301|0.00344885,0.0109342|0.0362414|0.04851|0.00314906|0.015405|0.0473575|0.0354515|0.00569443|0.00156873|0.00398508|0.0255931|0.00125292|0.0140743|0.01754|0.00369149|0.0100829|0.0455502|0.00597815|0.0100727|0.0207315|0.0276207|0.00778345|0.00968695|0.0433038|0.0101688|0.0303206|0.0398377|0.0365406,0.000178506|0.0472365|0.0115254|0.0470385|0.038157|0.0366447|0.0266209|0.0425349|0.0470058|0.0178703|0.00291922|0.0136412|0.033904|0.0283975|0.0127317|0.0460028|0.028193|0.0245713|0.0107197|0.0378122|0.0210615|0.0161829|0.0280967|0.00780618|0.0409649|0.0230682|0.0151024|0.0130093,0.973537|0.953794|0.949999|0.92176|0.947801|0.948551|0.940474|0.92832|0.989289|0.972158|0.962742|0.988894|0.963574|0.963898|0.968894|0.935175|0.909539|0.962416|0.903245|0.910795|0.904866|0.953313|0.923653|0.90929|0.981638|0.985376|0.965406|0.98883,4.63983|3.07459|0.722366|2.08786|4.11052|5.42186|4.91715|3.3614|0.578949|5.42296|0.0327787|0.923897|5.88966|3.51107|4.74216|3.89025|3.29092|1.97158|4.68449|1.89272|4.56594|0.10397|1.04264|3.9732|2.91399|4.5695|0.0104102|4.04415,66.2586|96.5216|39.0733|23.518|20.1884|82.1833|67.1704|69.3348|21.8454|29.3504|13.2112|99.0064|59.8148|88.6198|37.015|20.1165|29.3778|65.1286|11.0615|27.3162|23.0914|61.2747|98.0873|83.4704|67.4197|46.2248|83.3731,0.180129|0.241387|0.178948|0.181099|0.246081|0.216313|0.184721|0.194827|0.220509|0.179657|0.219003|0.201409|0.18359|0.228013|0.17211|0.175955|0.202302|0.203746|0.214255|0.231681|0.18593|0.208144|0.239791|0.216464|0.171162|0.183493|0.197114,0.323551|0.664018|0.23533|0.741177|0.599197|0.528406|0.609732|0.93416|0.936019|0.887943|0.427028|0.439638|0.339058|0.84397|0.315214|0.825877|0.747283|0.514129|0.692153|0.750497|0.12287|0.704271|0.939209|0.583168|0.40751|0.657987|0.942894,0.869523,0.801463,0.117836,0.0993652,0.460468,0.534015,0.0732846,0.487967,0.198257,0.921169,51.6436,5.43263e-12,47756,0.887486,41.1981,1.06086e-12,38445,0.895553,0.876428,0.0878307,0.631141,0.996144,0.511517,0.22039,0.459803,0.228135,0.891603,87.9902,7.64954e-10,30733,0.967162,70.4477,9.04596e-11,52512
24,1040,n1->n13->n11->n9->n10->n73->n54->n53->n55->n56->n90->n100->n2->n7->n8->n12->n6->n33->n35->n31->n30->n76->n75->n4->n27->n29->n50->n51,5.37021e+09|6.60497e+13|1.78735e+12|1.49139e+12|2.49624e+09|1.41706e+11|2.80961e+11|4.60474e+10|8.84081e+12|1.1605e+12|1.33273e+11|4.01966e+09|5.94248e+10|3.81012e+11|4.61239e+13|9.70597e+10|1.14208e+09|3.64323e+13|5.77859e+11|4.79342e+12|1.26395e+10|4.21804e+13|8.71921e+10|7.07339e+12|4.19351e+12|3.6336e+13|2.36425e+09|7.46708e+11,8.19724e+08|8.87204e+12|3.29521e+11|3.79906e+11|7.32581e+08|5.76853e+10|2.23178e+11|3.18273e+10|4.69454e+12|5.65456e+11|6.41526e+10|2.27749e+09|3.74975e+10|6.70334e+10|1.04208e+13|2.76143e+10|2.20459e+08|6.32377e+12|4.88834e+11|4.42443e+12|1.81012e+09|1.15782e+13|5.29113e+10|2.43435e+12|8.73344e+11|1.77292e+13|4.07889e+08|5.06847e+11,0.000494453|0.000787814|5.47786e-05|1.80008e-05|6.27016e-05|6.32916e-05|1.47667e-05|2.00633e-05|4.06274e-05|1.7812e-05|0.000319756|0.000665246|1.10648e-05|0.000475679|6.6054e-05|0.000201974|1.08483e-05|1.50316e-05|0.000412952|0.00024651|4.789e-05|1.88608e-05|0.000766915|0.000113681|1.08528e-05|0.000125062|1.54283e-05|0.000185382,0.000316017|0.00788063|0.00652494|0.00065196|0.00113469|0.000807753|0.00549128|0.000509085|0.000128431|0.000830638|0.000672662|0.00914892|0.00120557|0.00104538|0.00522046|0.0016732|0.00010157|0.00213059|0.00138752|0.00308746|0.00655588|0.00214239|0.000203965|0.00198341|0.00262605|0.00231296|0.00907722|0.00344885,0.0109342|0.0476737|0.00125292|0.0140743|0.00597815|0.0455502|0.0334079|5.21659e-05|0.00843704|0.0231698|0.0285929|0.0100829|0.00369149|0.01754|0.0318744|0.0313381|0.00160082|0.00968695|0.00215298|0.0211034|0.00398508|0.00156873|0.0243876|0.0350273|0.0303206|0.0255931|0.00638914|0.0365406,0.000178506|0.00335145|0.0136412|0.033904|0.0245713|0.028193|0.00844474|0.00115664|0.0314938|0.0417641|0.0372754|0.0460028|0.0127317|0.0283975|0.0483133|0.0470205|0.0260762|0.0280967|0.0375959|0.0151027|0.0178703|0.0470058|0.0250863|0.0273051|0.0230682|0.00291922|0.0483596|0.0130093,0.973537|0.954869|0.988894|0.963574|0.962416|0.909539|0.927525|0.913872|0.908585|0.944528|0.984478|0.935175|0.968894|0.963898|0.975256|0.937315|0.908628|0.923653|0.952159|0.943878|0.972158|0.989289|0.936129|0.917619|0.985376|0.962742|0.910708|0.98883,4.63983|5.26639|0.923897|5.88966|1.97158|3.29092|1.22009|0.640024|3.37071|2.55597|4.02061|3.89025|4.74216|3.51107|3.22282|3.07758|5.01633|1.04264|5.24666|4.82496|5.42296|0.578949|3.39264|1.56082|4.5695|0.0327787|5.41755|4.04415,79.8117|13.9548|99.0064|65.9961|29.3778|26.1465|75.3264|30.3781|95.3312|40.6061|32.7492|37.015|88.6198|55.4093|81.3396|32.9383|50.0569|93.5115|91.3525|88.6669|21.8454|63.5216|81.7362|52.1141|49.6282|37.0378|82.9474,0.246796|0.189728|0.201409|0.193896|0.202302|0.196311|0.191357|0.207992|0.167906|0.166746|0.191207|0.17211|0.228013|0.230451|0.186476|0.230728|0.19306|0.242679|0.243038|0.215598|0.220509|0.207806|0.218556|0.184605|0.180772|0.191256|0.24308,0.338018|0.801183|0.439638|0.982181|0.747283|0.754315|0.567841|0.646488|0.402595|0.163177|0.878161|0.315214|0.84397|0.745697|0.379326|0.628307|0.116472|0.487093|0.658826|0.123891|0.936019|0.844544|0.847503|0.200735|0.511755|0.182586|0.624607,0.869523,0.801463,0.117836,0.0993652,0.460468,0.534015,0.0732846,0.487967,0.198257,0.921169,51.6436,5.43263e-12,47756,0.887486,41.1981,1.06086e-12,38445,0.895553,0.876428,0.0878307,0.631141,0.996144,0.511517,0.22039,0.459803,0.228135,0.891603,87.9902,7.64954e-10,30733,0.967162,70.4477,9.04596e-11,52512
24,1041,n1->n20->n21->n23->n24->n71->n73->n100->n90->n89->n48->n50->n29->n30->n31->n33->n6->n12->n13->n11->n9->n10->n8->n7->n5->n65->n52->n51,5.37021e+09|4.0293e+11|1.56161e+12|4.63033e+10|1.59557e+13|7.70008e+11|1.41706e+11|4.01966e+09|1.33273e+11|2.68119e+11|3.98001e+12|2.36425e+09|3.6336e+13|1.26395e+10|4.79342e+12|3.64323e+13|1.14208e+09|9.70597e+10|6.60497e+13|1.78735e+12|1.49139e+12|2.49624e+09|4.61239e+13|3.81012e+11|2.91995e+11|1.12599e+09|1.02428e+10|7.46708e+11,8.19724e+08|1.89646e+11|3.02345e+11|3.30225e+10|4.06569e+12|1.60546e+11|5.76853e+10|2.27749e+09|6.41526e+10|9.23423e+10|1.69514e+12|4.07889e+08|1.77292e+13|1.81012e+09|4.42443e+12|6.32377e+12|2.20459e+08|2.76143e+10|8.87204e+12|3.29521e+11|3.79906e+11|7.32581e+08|1.04208e+13|6.70334e+10|4.67133e+10|3.2906e+08|2.07235e+09|5.06847e+11,0.000494453|5.21063e-05|0.00096308|0.000277161|0.000193265|0.00017279|6.32916e-05|0.000665246|0.000319756|3.55201e-05|4.78153e-05|1.54283e-05|0.000125062|4.789e-05|0.00024651|1.50316e-05|1.08483e-05|0.000201974|0.000787814|5.47786e-05|1.80008e-05|6.27016e-05|6.6054e-05|0.000475679|7.03031e-05|1.96575e-05|0.00011644|0.000185382,0.000316017|0.000368678|0.00195589|0.00418014|0.0012727|0.00123164|0.000807753|0.00914892|0.000672662|0.000111435|0.00544009|0.00907722|0.00231296|0.00655588|0.00308746|0.00213059|0.00010157|0.0016732|0.00788063|0.00652494|0.00065196|0.00113469|0.00522046|0.00104538|0.000196916|0.000428116|0.00580301|0.00344885,0.0109342|0.0108696|0.00712365|0.00314906|0.0433038|0.0398828|0.0455502|0.0100829|0.0285929|0.0107812|0.0455031|0.00638914|0.0255931|0.00398508|0.0211034|0.00968695|0.00160082|0.0313381|0.0476737|0.00125292|0.0140743|0.00597815|0.0318744|0.01754|0.00731162|0.00118659|0.0398377|0.0365406,0.000178506|0.0181411|0.0414669|0.0470385|0.00780618|0.0326729|0.028193|0.0460028|0.0372754|0.0401575|0.0360942|0.0483596|0.00291922|0.0178703|0.0151027|0.0280967|0.0260762|0.0470205|0.00335145|0.0136412|0.033904|0.0245713|0.0483133|0.0283975|0.0421608|0.00176737|0.0151024|0.0130093,0.973537|0.923215|0.971602|0.92176|0.90929|0.947193|0.909539|0.935175|0.984478|0.926416|0.967439|0.910708|0.962742|0.972158|0.943878|0.923653|0.908628|0.937315|0.954869|0.988894|0.963574|0.962416|0.975256|0.963898|0.951514|0.967717|0.965406|0.98883,4.63983|4.79469|3.14177|2.08786|3.9732|0.117525|3.29092|3.89025|4.02061|0.0868458|3.09858|5.41755|0.0327787|5.42296|4.82496|1.04264|5.01633|3.07758|5.26639|0.923897|5.88966|1.97158|3.22282|3.51107|4.90362|4.1126|0.0104102|4.04415,90.7492|76.7594|88.4205|44.8869|44.1502|28.2621|20.1165|32.7492|12.726|94.0077|23.5956|37.0378|29.3504|88.6669|95.0453|50.0569|32.9383|56.34|13.9548|99.0064|65.9961|99.595|55.4093|37.2729|35.0583|56.1703|83.3731,0.215706|0.218425|0.232237|0.161116|0.204574|0.242769|0.175955|0.191207|0.226099|0.234363|0.191801|0.191256|0.179657|0.215598|0.234751|0.19306|0.230728|0.206669|0.189728|0.201409|0.193896|0.184434|0.230451|0.176784|0.209201|0.247907|0.197114,0.53635|0.515127|0.516177|0.528582|0.45026|0.940077|0.825877|0.878161|0.757755|0.948873|0.688345|0.182586|0.887943|0.123891|0.258586|0.116472|0.628307|0.285239|0.801183|0.439638|0.982181|0.703378|0.745697|0.943162|0.297185|0.827328|0.942894,0.869523,0.801463,0.117836,0.0993652,0.460468,0.534015,0.0732846,0.487967,0.198257,0.921169,51.6436,5.43263e-12,47756,0.887486,41.1981,1.06086e-12,38445,0.895553,0.876428,0.0878307,0.631141,0.996144,0.511517,0.22039,0.459803,0.228135,0.891603,87.9902,7.64954e-10,30733,0.967162,70.4477,9.04596e-11,52512
24,1042,n1->n13->n12->n14->n96->n20->n19->n18->n70->n69->n3->n5->n7->n2->n100->n90->n88->n87->n86->n76->n78->n44->n42->n40->n54->n53->n52->n51,5.37021e+09|6.60497e+13|9.70597e+10|3.70261e+10|2.51165e+12|4.0293e+11|2.47533e+11|7.59179e+12|6.87309e+13|8.81277e+09|2.78751e+13|2.91995e+11|3.81012e+11|5.94248e+10|4.01966e+09|1.33273e+11|9.00567e+12|7.3435e+12|3.85304e+10|4.21804e+13|3.25238e+10|5.26537e+13|2.42905e+09|3.58065e+10|2.80961e+11|4.60474e+10|1.02428e+10|7.46708e+11,8.19724e+08|8.87204e+12|2.76143e+10|1.44234e+10|5.36324e+11|1.89646e+11|2.33399e+11|4.11836e+12|9.78332e+12|7.57626e+09|1.44762e+13|4.67133e+10|6.70334e+10|3.74975e+10|2.27749e+09|6.41526e+10|8.66002e+12|2.79916e+12|4.69095e+09|1.15782e+13|2.30731e+10|2.86817e+13|2.47264e+08|4.14657e+09|2.23178e+11|3.18273e+10|2.07235e+09|5.06847e+11,0.000494453|0.000787814|0.000201974|3.25754e-05|1.2987e-05|5.21063e-05|0.000261527|2.98936e-05|5.13815e-05|0.000268039|0.00022361|7.03031e-05|0.000475679|1.10648e-05|0.000665246|0.000319756|6.2721e-05|0.000634307|6.21631e-05|1.88608e-05|0.000270955|0.000124649|8.79758e-05|6.01341e-05|1.47667e-05|2.00633e-05|0.00011644|0.000185382,0.000316017|0.00788063|0.0016732|0.000181646|0.000286765|0.000368678|0.000768065|0.000681499|0.00295865|0.00367819|0.00776667|0.000196916|0.00104538|0.00120557|0.00914892|0.000672662|0.000480267|0.00151267|0.00341054|0.00214239|0.00167497|0.00158999|0.000493531|0.00268841|0.00549128|0.000509085|0.00580301|0.00344885,0.0109342|0.0476737|0.0313381|0.0426128|0.0377902|0.0108696|0.0201979|0.0192976|0.0286141|0.022957|0.0268705|0.00731162|0.01754|0.00369149|0.0100829|0.0285929|0.00850464|0.0186268|0.0237043|0.00156873|0.00569443|0.0486405|0.00783732|0.0249103|0.0334079|5.21659e-05|0.0398377|0.0365406,0.000178506|0.00335145|0.0470205|0.049061|0.0195364|0.0181411|0.0291803|0.0120519|0.0216638|0.0100342|0.0326941|0.0421608|0.0283975|0.0127317|0.0460028|0.0372754|0.0237676|0.00979507|0.0488574|0.0470058|0.0425349|0.00764508|0.0327962|0.033399|0.00844474|0.00115664|0.0151024|0.0130093,0.973537|0.954869|0.937315|0.906626|0.951762|0.923215|0.941018|0.946711|0.966653|0.975915|0.982466|0.951514|0.963898|0.968894|0.935175|0.984478|0.962132|0.977244|0.981332|0.989289|0.92832|0.932977|0.960936|0.920308|0.927525|0.913872|0.965406|0.98883,4.63983|5.26639|3.07758|0.762282|0.85792|4.79469|1.39448|4.38273|4.60778|2.99986|4.79844|4.90362|3.51107|4.74216|3.89025|4.02061|1.9653|2.33192|4.96971|0.578949|3.3614|2.64532|0.765875|2.50002|1.22009|0.640024|0.0104102|4.04415,79.8117|56.34|51.9585|54.7186|58.7029|86.2435|34.0839|55.8812|74.5377|83.9106|10.4739|37.2729|88.6198|37.015|32.7492|14.1987|57.0974|88.9922|37.5994|69.3348|88.5528|21.0603|77.6192|12.2677|75.3264|81.3721|83.3731,0.246796|0.206669|0.222459|0.208433|0.201188|0.182991|0.248409|0.234874|0.172691|0.204476|0.163561|0.176784|0.228013|0.17211|0.191207|0.244274|0.227675|0.246364|0.17745|0.194827|0.200088|0.23095|0.243521|0.248162|0.191357|0.184589|0.197114,0.338018|0.285239|0.326911|0.448351|0.666395|0.182796|0.983209|0.16843|0.416585|0.65353|0.469027|0.943162|0.84397|0.315214|0.878161|0.997795|0.396625|0.83582|0.871942|0.93416|0.134865|0.399278|0.14346|0.812759|0.567841|0.272111|0.942894,0.869523,0.801463,0.117836,0.0993652,0.460468,0.534015,0.0732846,0.487967,0.198257,0.921169,51.6436,5.43263e-12,47756,0.887486,41.1981,1.06086e-12,38445,0.895553,0.876428,0.0878307,0.631141,0.996144,0.511517,0.22039,0.459803,0.228135,0.891603,87.9902,7.64954e-10,30733,0.967162,70.4477,9.04596e-11,52512
24,1043,n1->n99->n77->n23->n83->n85->n58->n59->n50->n60->n62->n46->n47->n45->n72->n70->n87->n88->n90->n56->n55->n57->n74->n75->n4->n27->n52->n51,5.37021e+09|1.57108e+10|5.68112e+11|4.63033e+10|3.76373e+13|2.02447e+09|8.16696e+09|3.04563e+11|2.36425e+09|8.79841e+13|2.37342e+11|5.53417e+12|4.74236e+11|8.38488e+13|6.83442e+09|6.87309e+13|7.3435e+12|9.00567e+12|1.33273e+11|1.1605e+12|8.84081e+12|4.14288e+09|5.8385e+13|8.71921e+10|7.07339e+12|4.19351e+12|1.02428e+10|7.46708e+11,8.19724e+08|4.21389e+09|3.56307e+11|3.30225e+10|2.34723e+13|2.41326e+08|6.89506e+09|3.06423e+10|4.07889e+08|5.95756e+13|1.13053e+11|1.63629e+12|1.54765e+11|1.01787e+13|1.48353e+09|9.78332e+12|2.79916e+12|8.66002e+12|6.41526e+10|5.65456e+11|4.69454e+12|2.05006e+09|7.35096e+12|5.29113e+10|2.43435e+12|8.73344e+11|2.07235e+09|5.06847e+11,0.000494453|0.00089026|8.49487e-05|0.000277161|1.86087e-05|2.04325e-05|0.000266735|2.43107e-05|1.54283e-05|0.000731749|8.24006e-05|0.000489732|0.000202873|1.67225e-05|0.000159499|5.13815e-05|0.000634307|6.2721e-05|0.000319756|1.7812e-05|4.06274e-05|0.000173612|0.000875739|0.000766915|0.000113681|1.08528e-05|0.00011644|0.000185382,0.000316017|0.000350126|0.000906866|0.00418014|0.000175452|0.000338175|0.00874893|0.000202742|0.00907722|0.000248463|0.00794111|0.000159088|0.000266598|0.000742576|0.00384342|0.00295865|0.00151267|0.000480267|0.000672662|0.000830638|0.000128431|0.00271581|0.00944671|0.000203965|0.00198341|0.00262605|0.00580301|0.00344885,0.0109342|0.0362414|0.04851|0.00314906|0.015405|0.0354515|0.0248478|0.00304046|0.00638914|0.0128442|0.0242596|0.029055|0.00898217|0.00846218|0.0479977|0.0286141|0.0186268|0.00850464|0.0285929|0.0231698|0.00843704|0.0328142|0.0280357|0.0243876|0.0350273|0.0303206|0.0398377|0.0365406,0.000178506|0.0472365|0.0115254|0.0470385|0.038157|0.0266209|0.0481122|0.0474075|0.0483596|0.0431033|0.0480911|0.0302566|0.0488958|0.0342415|0.0299903|0.0216638|0.00979507|0.0237676|0.0372754|0.0417641|0.0314938|0.0437642|0.0166219|0.0250863|0.0273051|0.0230682|0.0151024|0.0130093,0.973537|0.953794|0.949999|0.92176|0.947801|0.940474|0.911658|0.99171|0.910708|0.945549|0.98053|0.923372|0.9108|0.934264|0.96924|0.966653|0.977244|0.962132|0.984478|0.944528|0.908585|0.983348|0.90082|0.936129|0.917619|0.985376|0.965406|0.98883,4.63983|3.07459|0.722366|2.08786|4.11052|4.91715|3.70937|5.60303|5.41755|4.50487|5.59786|0.31178|6.27947|5.31688|3.90463|4.60778|2.33192|1.9653|4.02061|2.55597|3.37071|1.93323|0.0974208|3.39264|1.56082|4.5695|0.0104102|4.04415,66.2586|96.5216|39.0733|23.518|92.2019|90.6886|56.397|47.7013|22.3088|48.3985|56.7189|71.5316|40.979|63.1262|97.4405|39.9413|57.0974|14.1987|40.6061|95.3312|61.5999|95.6836|64.3401|81.7362|52.1141|46.2248|83.3731,0.180129|0.241387|0.178948|0.181099|0.231254|0.194345|0.21902|0.170229|0.190841|0.17162|0.167864|0.196056|0.216949|0.243732|0.180102|0.180359|0.227675|0.244274|0.166746|0.167906|0.220389|0.169856|0.220369|0.218556|0.184605|0.183493|0.197114,0.323551|0.664018|0.23533|0.741177|0.604504|0.45102|0.533324|0.776444|0.323935|0.641887|0.624525|0.758317|0.317946|0.65643|0.79408|0.129355|0.396625|0.997795|0.163177|0.402595|0.549818|0.815246|0.119032|0.847503|0.200735|0.657987|0.942894,0.869523,0.801463,0.117836,0.0993652,0.460468,0.534015,0.0732846,0.487967,0.198257,0.921169,51.6436,5.43263e-12,47756,0.887486,41.1981,1.06086e-12,38445,0.895553,0.876428,0.0878307,0.631141,0.996144,0.511517,0.22039,0.459803,0.228135,0.891603,87.9902,7.64954e-10,30733,0.967162,70.4477,9.04596e-11,52512
24,1044,n1->n13->n15->n34->n36->n38->n16->n18->n19->n68->n22->n21->n23->n77->n93->n95->n97->n96->n14->n12->n6->n33->n32->n30->n31->n29->n50->n51,5.37021e+09|6.60497e+13|8.77071e+11|4.7313e+12|7.73972e+11|1.16426e+13|1.09193e+13|7.59179e+12|2.47533e+11|1.31753e+09|1.47e+10|1.56161e+12|4.63033e+10|5.68112e+11|4.22601e+13|1.05601e+11|2.90604e+09|2.51165e+12|3.70261e+10|9.70597e+10|1.14208e+09|3.64323e+13|1.78367e+12|1.26395e+10|4.79342e+12|3.6336e+13|2.36425e+09|7.46708e+11,8.19724e+08|8.87204e+12|1.06991e+11|1.15705e+12|7.77593e+10|1.19258e+12|1.33827e+12|4.11836e+12|2.33399e+11|3.10679e+08|9.51029e+09|3.02345e+11|3.30225e+10|3.56307e+11|1.3774e+13|5.46554e+10|5.04144e+08|5.36324e+11|1.44234e+10|2.76143e+10|2.20459e+08|6.32377e+12|1.05491e+12|1.81012e+09|4.42443e+12|1.77292e+13|4.07889e+08|5.06847e+11,0.000494453|0.000787814|0.000182949|0.000140889|0.000426407|1.04425e-05|3.71682e-05|2.98936e-05|0.000261527|0.000223952|1.77434e-05|0.00096308|0.000277161|8.49487e-05|8.45967e-05|0.000260968|8.81202e-05|1.2987e-05|3.25754e-05|0.000201974|1.08483e-05|1.50316e-05|0.000179959|4.789e-05|0.00024651|0.000125062|1.54283e-05|0.000185382,0.000316017|0.00788063|0.00274771|0.000270551|0.00396778|0.00950649|0.00174713|0.000681499|0.000768065|0.00843573|0.0006856|0.00195589|0.00418014|0.000906866|0.000162335|0.000186877|0.00494291|0.000286765|0.000181646|0.0016732|0.00010157|0.00213059|0.00292552|0.00655588|0.00308746|0.00231296|0.00907722|0.00344885,0.0109342|0.0476737|0.0207315|0.0276207|0.00497013|0.0263713|0.0123696|0.0192976|0.0201979|0.0370095|0.0408661|0.00712365|0.00314906|0.04851|0.0108045|0.00282907|0.0381696|0.0377902|0.0426128|0.0313381|0.00160082|0.00968695|0.00778345|0.00398508|0.0211034|0.0255931|0.00638914|0.0365406,0.000178506|0.00335145|0.0378122|0.0210615|0.0341912|0.00318517|0.0240438|0.0120519|0.0291803|0.00589983|0.040072|0.0414669|0.0470385|0.0115254|0.0326183|0.0420997|0.00800322|0.0195364|0.049061|0.0470205|0.0260762|0.0280967|0.0161829|0.0178703|0.0151027|0.00291922|0.0483596|0.0130093,0.973537|0.954869|0.910795|0.904866|0.94998|0.902547|0.979533|0.946711|0.941018|0.984554|0.95984|0.971602|0.92176|0.949999|0.912097|0.966581|0.90679|0.951762|0.906626|0.937315|0.908628|0.923653|0.953313|0.972158|0.943878|0.962742|0.910708|0.98883,4.63983|5.26639|1.89272|4.56594|3.70656|5.09423|1.69436|4.38273|1.39448|5.26958|0.048646|3.14177|2.08786|0.722366|5.92115|1.09944|1.41691|0.85792|0.762282|3.07758|5.01633|1.04264|0.10397|5.42296|4.82496|0.0327787|5.41755|4.04415,79.8117|66.6304|27.3162|89.5651|61.2725|28.0546|72.2829|34.0839|67.5745|15.3326|55.6995|88.4205|39.0733|51.9256|24.941|11.8968|37.9513|54.7186|51.9585|32.9383|50.0569|61.2747|69.5993|88.6669|70.4589|37.0378|82.9474,0.246796|0.179788|0.231681|0.241996|0.204351|0.17367|0.180241|0.248409|0.2055|0.236297|0.206062|0.232237|0.178948|0.247077|0.237661|0.228013|0.246589|0.208433|0.222459|0.230728|0.19306|0.208144|0.204659|0.215598|0.246199|0.191256|0.24308,0.338018|0.275394|0.750497|0.265381|0.413834|0.828443|0.553025|0.983209|0.968257|0.655447|0.677391|0.516177|0.23533|0.469529|0.985064|0.342677|0.157157|0.448351|0.326911|0.628307|0.116472|0.704271|0.237533|0.123891|0.415176|0.182586|0.624607,0.869523,0.801463,0.117836,0.0993652,0.460468,0.534015,0.0732846,0.487967,0.198257,0.921169,51.6436,5.43263e-12,47756,0.887486,41.1981,1.06086e-12,38445,0.895553,0.876428,0.0878307,0.631141,0.996144,0.511517,0.22039,0.459803,0.228135,0.891603,87.9902,7.64954e-10,30733,0.967162,70.4477,9.04596e-11,52512
24,1045,n1->n13->n14->n12->n8->n10->n39->n37->n81->n80->n78->n85->n84->n82->n95->n89->n20->n18->n17->n19->n68->n58->n59->n50->n48->n47->n49->n51,5.37021e+09|6.60497e+13|3.70261e+10|9.70597e+10|4.61239e+13|2.49624e+09|3.34792e+13|2.79748e+13|2.58887e+10|2.45686e+13|3.25238e+10|2.02447e+09|1.07392e+09|1.07979e+13|1.05601e+11|2.68119e+11|4.0293e+11|7.59179e+12|1.51096e+11|2.47533e+11|1.31753e+09|8.16696e+09|3.04563e+11|2.36425e+09|3.98001e+12|4.74236e+11|2.45005e+09|7.46708e+11,8.19724e+08|8.87204e+12|1.44234e+10|2.76143e+10|1.04208e+13|7.32581e+08|1.12013e+13|4.96975e+12|8.36206e+09|2.75437e+12|2.30731e+10|2.41326e+08|9.00899e+08|1.66379e+12|5.46554e+10|9.23423e+10|1.89646e+11|4.11836e+12|1.57582e+10|2.33399e+11|3.10679e+08|6.89506e+09|3.06423e+10|4.07889e+08|1.69514e+12|1.54765e+11|2.44458e+09|5.06847e+11,0.000494453|0.000787814|3.25754e-05|0.000201974|6.6054e-05|6.27016e-05|5.53896e-05|1.06248e-05|0.000268232|1.13052e-05|0.000270955|2.04325e-05|2.14473e-05|0.000837919|0.000260968|3.55201e-05|5.21063e-05|2.98936e-05|0.000261059|0.000261527|0.000223952|0.000266735|2.43107e-05|1.54283e-05|4.78153e-05|0.000202873|1.07426e-05|0.000185382,0.000316017|0.00788063|0.000181646|0.0016732|0.00522046|0.00113469|0.0025393|0.000261291|0.000752991|0.000238286|0.00167497|0.000338175|0.000434313|0.00271152|0.000186877|0.000111435|0.000368678|0.000681499|0.000513001|0.000768065|0.00843573|0.00874893|0.000202742|0.00907722|0.00544009|0.000266598|0.000979027|0.00344885,0.0109342|0.0476737|0.0426128|0.0313381|0.0318744|0.00597815|0.00111942|0.0457563|0.0481357|0.00592883|0.00569443|0.0354515|0.0473575|0.0278433|0.00282907|0.0107812|0.0108696|0.0192976|0.0430027|0.0201979|0.0370095|0.0248478|0.00304046|0.00638914|0.0455031|0.00898217|0.0183567|0.0365406,0.000178506|0.00335145|0.049061|0.0470205|0.0483133|0.0245713|0.0449458|0.0105712|0.00997263|0.0262948|0.0425349|0.0266209|0.0366447|0.0266174|0.0420997|0.0401575|0.0181411|0.0120519|0.00442808|0.0291803|0.00589983|0.0481122|0.0474075|0.0483596|0.0360942|0.0488958|0.0388066|0.0130093,0.973537|0.954869|0.906626|0.937315|0.975256|0.962416|0.924329|0.964079|0.948836|0.919013|0.92832|0.940474|0.948551|0.934435|0.966581|0.926416|0.923215|0.946711|0.974312|0.941018|0.984554|0.911658|0.99171|0.910708|0.967439|0.9108|0.969899|0.98883,4.63983|5.26639|0.762282|3.07758|3.22282|1.97158|1.19952|4.96174|1.5908|0.100836|3.3614|4.91715|5.42186|0.132111|1.09944|0.0868458|4.79469|4.38273|5.11322|1.39448|5.26958|3.70937|5.60303|5.41755|3.09858|6.27947|3.94615|4.04415,79.8117|92.5451|51.9585|81.3396|99.595|24.4191|31.554|88.8597|15.5679|66.5291|67.1704|82.1833|83.37|75.699|11.8194|18.2346|89.2299|43.2583|10.3361|67.5745|56.905|56.397|47.7013|23.5956|78.8723|91.8261|10.4661,0.246796|0.191459|0.222459|0.186476|0.184434|0.239532|0.195005|0.211898|0.212149|0.222935|0.184721|0.216313|0.203763|0.21275|0.168449|0.231355|0.247215|0.218822|0.172286|0.2055|0.185169|0.21902|0.170229|0.191801|0.239998|0.228404|0.216931,0.338018|0.161307|0.326911|0.379326|0.703378|0.991722|0.711047|0.430076|0.870283|0.109088|0.609732|0.528406|0.808712|0.837867|0.776387|0.595303|0.652252|0.981182|0.559133|0.968257|0.476138|0.533324|0.776444|0.688345|0.300482|0.133861|0.516407,0.869523,0.801463,0.117836,0.0993652,0.460468,0.534015,0.0732846,0.487967,0.198257,0.921169,51.6436,5.43263e-12,47756,0.887486,41.1981,1.06086e-12,38445,0.895553,0.876428,0.0878307,0.631141,0.996144,0.511517,0.22039,0.459803,0.228135,0.891603,87.9902,7.64954e-10,30733,0.967162,70.4477,9.04596e-11,52512
24,1046,n1->n13->n11->n9->n10->n39->n41->n44->n43->n45->n72->n73->n100->n90->n59->n60->n50->n48->n47->n46->n62->n64->n36->n38->n37->n65->n52->n51,5.37021e+09|6.60497e+13|1.78735e+12|1.49139e+12|2.49624e+09|3.34792e+13|3.95737e+11|5.26537e+13|1.40931e+10|8.38488e+13|6.83442e+09|1.41706e+11|4.01966e+09|1.33273e+11|3.04563e+11|8.79841e+13|2.36425e+09|3.98001e+12|4.74236e+11|5.53417e+12|2.37342e+11|4.21034e+09|7.73972e+11|1.16426e+13|2.79748e+13|1.12599e+09|1.02428e+10|7.46708e+11,8.19724e+08|8.87204e+12|3.29521e+11|3.79906e+11|7.32581e+08|1.12013e+13|1.47899e+11|2.86817e+13|3.26577e+09|1.01787e+13|1.48353e+09|5.76853e+10|2.27749e+09|6.41526e+10|3.06423e+10|5.95756e+13|4.07889e+08|1.69514e+12|1.54765e+11|1.63629e+12|1.13053e+11|1.60867e+09|7.77593e+10|1.19258e+12|4.96975e+12|3.2906e+08|2.07235e+09|5.06847e+11,0.000494453|0.000787814|5.47786e-05|1.80008e-05|6.27016e-05|5.53896e-05|2.35935e-05|0.000124649|0.000955168|1.67225e-05|0.000159499|6.32916e-05|0.000665246|0.000319756|2.43107e-05|0.000731749|1.54283e-05|4.78153e-05|0.000202873|0.000489732|8.24006e-05|1.88732e-05|0.000426407|1.04425e-05|1.06248e-05|1.96575e-05|0.00011644|0.000185382,0.000316017|0.00788063|0.00652494|0.00065196|0.00113469|0.0025393|0.00412419|0.00158999|0.00344494|0.000742576|0.00384342|0.000807753|0.00914892|0.000672662|0.000202742|0.000248463|0.00907722|0.00544009|0.000266598|0.000159088|0.00794111|0.000135861|0.00396778|0.00950649|0.000261291|0.000428116|0.00580301|0.00344885,0.0109342|0.0476737|0.00125292|0.0140743|0.00597815|0.00111942|0.00451081|0.0486405|0.0168583|0.00846218|0.0479977|0.0455502|0.0100829|0.0285929|0.00304046|0.0128442|0.00638914|0.0455031|0.00898217|0.029055|0.0242596|0.0266797|0.00497013|0.0263713|0.0457563|0.00118659|0.0398377|0.0365406,0.000178506|0.00335145|0.0136412|0.033904|0.0245713|0.0449458|0.00491436|0.00764508|0.0482719|0.0342415|0.0299903|0.028193|0.0460028|0.0372754|0.0474075|0.0431033|0.0483596|0.0360942|0.0488958|0.0302566|0.0480911|0.0436548|0.0341912|0.00318517|0.0105712|0.00176737|0.0151024|0.0130093,0.973537|0.954869|0.988894|0.963574|0.962416|0.924329|0.923722|0.932977|0.943219|0.934264|0.96924|0.909539|0.935175|0.984478|0.99171|0.945549|0.910708|0.967439|0.9108|0.923372|0.98053|0.933821|0.94998|0.902547|0.964079|0.967717|0.965406|0.98883,4.63983|5.26639|0.923897|5.88966|1.97158|1.19952|4.11092|2.64532|2.3897|5.31688|3.90463|3.29092|3.89025|4.02061|5.60303|4.50487|5.41755|3.09858|6.27947|0.31178|5.59786|5.77568|3.70656|5.09423|4.96174|4.1126|0.0104102|4.04415,79.8117|13.9548|99.0064|65.9961|24.4191|38.9947|12.7315|69.1985|48.5398|63.1262|29.1617|20.1165|32.7492|62.2588|76.8491|22.3088|23.5956|78.8723|71.5316|56.7189|93.0484|43.8659|61.2725|46.986|13.4252|56.1703|83.3731,0.246796|0.189728|0.201409|0.193896|0.239532|0.18226|0.246433|0.210513|0.218428|0.243732|0.178937|0.175955|0.191207|0.169222|0.204072|0.190841|0.191801|0.239998|0.196056|0.167864|0.176232|0.241695|0.204351|0.170599|0.230756|0.247907|0.197114,0.338018|0.801183|0.439638|0.982181|0.991722|0.988985|0.665882|0.374145|0.854577|0.65643|0.920295|0.825877|0.878161|0.361153|0.509755|0.323935|0.688345|0.300482|0.758317|0.624525|0.182879|0.590576|0.413834|0.662799|0.986996|0.827328|0.942894,0.869523,0.801463,0.117836,0.0993652,0.460468,0.534015,0.0732846,0.487967,0.198257,0.921169,51.6436,5.43263e-12,47756,0.887486,41.1981,1.06086e-12,38445,0.895553,0.876428,0.0878307,0.631141,0.996144,0.511517,0.22039,0.459803,0.228135,0.891603,87.9902,7.64954e-10,30733,0.967162,70.4477,9.04596e-11,52512
24,1047,n1->n20->n19->n18->n70->n72->n45->n47->n48->n89->n90->n100->n2->n4->n75->n71->n73->n54->n53->n52->n27->n97->n99->n77->n93->n64->n49->n51,5.37021e+09|4.0293e+11|2.47533e+11|7.59179e+12|6.87309e+13|6.83442e+09|8.38488e+13|4.74236e+11|3.98001e+12|2.68119e+11|1.33273e+11|4.01966e+09|5.94248e+10|7.07339e+12|8.71921e+10|7.70008e+11|1.41706e+11|2.80961e+11|4.60474e+10|1.02428e+10|4.19351e+12|2.90604e+09|1.57108e+10|5.68112e+11|4.22601e+13|4.21034e+09|2.45005e+09|7.46708e+11,8.19724e+08|1.89646e+11|2.33399e+11|4.11836e+12|9.78332e+12|1.48353e+09|1.01787e+13|1.54765e+11|1.69514e+12|9.23423e+10|6.41526e+10|2.27749e+09|3.74975e+10|2.43435e+12|5.29113e+10|1.60546e+11|5.76853e+10|2.23178e+11|3.18273e+10|2.07235e+09|8.73344e+11|5.04144e+08|4.21389e+09|3.56307e+11|1.3774e+13|1.60867e+09|2.44458e+09|5.06847e+11,0.000494453|5.21063e-05|0.000261527|2.98936e-05|5.13815e-05|0.000159499|1.67225e-05|0.000202873|4.78153e-05|3.55201e-05|0.000319756|0.000665246|1.10648e-05|0.000113681|0.000766915|0.00017279|6.32916e-05|1.47667e-05|2.00633e-05|0.00011644|1.08528e-05|8.81202e-05|0.00089026|8.49487e-05|8.45967e-05|1.88732e-05|1.07426e-05|0.000185382,0.000316017|0.000368678|0.000768065|0.000681499|0.00295865|0.00384342|0.000742576|0.000266598|0.00544009|0.000111435|0.000672662|0.00914892|0.00120557|0.00198341|0.000203965|0.00123164|0.000807753|0.00549128|0.000509085|0.00580301|0.00262605|0.00494291|0.000350126|0.000906866|0.000162335|0.000135861|0.000979027|0.00344885,0.0109342|0.0108696|0.0201979|0.0192976|0.0286141|0.0479977|0.00846218|0.00898217|0.0455031|0.0107812|0.0285929|0.0100829|0.00369149|0.0350273|0.0243876|0.0398828|0.0455502|0.0334079|5.21659e-05|0.0398377|0.0303206|0.0381696|0.0362414|0.04851|0.0108045|0.0266797|0.0183567|0.0365406,0.000178506|0.0181411|0.0291803|0.0120519|0.0216638|0.0299903|0.0342415|0.0488958|0.0360942|0.0401575|0.0372754|0.0460028|0.0127317|0.0273051|0.0250863|0.0326729|0.028193|0.00844474|0.00115664|0.0151024|0.0230682|0.00800322|0.0472365|0.0115254|0.0326183|0.0436548|0.0388066|0.0130093,0.973537|0.923215|0.941018|0.946711|0.966653|0.96924|0.934264|0.9108|0.967439|0.926416|0.984478|0.935175|0.968894|0.917619|0.936129|0.947193|0.909539|0.927525|0.913872|0.965406|0.985376|0.90679|0.953794|0.949999|0.912097|0.933821|0.969899|0.98883,4.63983|4.79469|1.39448|4.38273|4.60778|3.90463|5.31688|6.27947|3.09858|0.0868458|4.02061|3.89025|4.74216|1.56082|3.39264|0.117525|3.29092|1.22009|0.640024|0.0104102|4.5695|1.41691|3.07459|0.722366|5.92115|5.77568|3.94615|4.04415,90.7492|86.2435|34.0839|55.8812|97.4405|63.1262|40.979|78.8723|94.0077|12.726|32.7492|37.015|30.2686|81.7362|14.5634|28.2621|26.1465|75.3264|81.3721|46.2248|31.5608|94.4507|96.5216|51.9256|32.5899|77.768|10.4661,0.215706|0.182991|0.248409|0.234874|0.180102|0.243732|0.216949|0.239998|0.234363|0.226099|0.191207|0.17211|0.239023|0.218556|0.169453|0.242769|0.196311|0.191357|0.184589|0.183493|0.219936|0.168303|0.241387|0.247077|0.178102|0.165457|0.216931,0.53635|0.182796|0.983209|0.16843|0.79408|0.65643|0.317946|0.300482|0.948873|0.757755|0.878161|0.315214|0.514427|0.847503|0.275247|0.940077|0.754315|0.567841|0.272111|0.657987|0.557853|0.263233|0.664018|0.469529|0.548301|0.348083|0.516407,0.869523,0.801463,0.117836,0.0993652,0.460468,0.534015,0.0732846,0.487967,0.198257,0.921169,51.6436,5.43263e-12,47756,0.887486,41.1981,1.06086e-12,38445,0.895553,0.876428,0.0878307,0.631141,0.996144,0.511517,0.22039,0.459803,0.228135,0.891603,87.9902,7.64954e-10,30733,0.967162,70.4477,9.04596e-11,52512
24,1048,n1->n99->n97->n27->n28->n69->n3->n5->n7->n2->n100->n90->n89->n88->n87->n86->n76->n75->n73->n54->n56->n55->n57->n83->n85->n65->n52->n51,5.37021e+09|1.57108e+10|2.90604e+09|4.19351e+12|1.34247e+11|8.81277e+09|2.78751e+13|2.91995e+11|3.81012e+11|5.94248e+10|4.01966e+09|1.33273e+11|2.68119e+11|9.00567e+12|7.3435e+12|3.85304e+10|4.21804e+13|8.71921e+10|1.41706e+11|2.80961e+11|1.1605e+12|8.84081e+12|4.14288e+09|3.76373e+13|2.02447e+09|1.12599e+09|1.02428e+10|7.46708e+11,8.19724e+08|4.21389e+09|5.04144e+08|8.73344e+11|1.51805e+10|7.57626e+09|1.44762e+13|4.67133e+10|6.70334e+10|3.74975e+10|2.27749e+09|6.41526e+10|9.23423e+10|8.66002e+12|2.79916e+12|4.69095e+09|1.15782e+13|5.29113e+10|5.76853e+10|2.23178e+11|5.65456e+11|4.69454e+12|2.05006e+09|2.34723e+13|2.41326e+08|3.2906e+08|2.07235e+09|5.06847e+11,0.000494453|0.00089026|8.81202e-05|1.08528e-05|0.00056516|0.000268039|0.00022361|7.03031e-05|0.000475679|1.10648e-05|0.000665246|0.000319756|3.55201e-05|6.2721e-05|0.000634307|6.21631e-05|1.88608e-05|0.000766915|6.32916e-05|1.47667e-05|1.7812e-05|4.06274e-05|0.000173612|1.86087e-05|2.04325e-05|1.96575e-05|0.00011644|0.000185382,0.000316017|0.000350126|0.00494291|0.00262605|0.0093172|0.00367819|0.00776667|0.000196916|0.00104538|0.00120557|0.00914892|0.000672662|0.000111435|0.000480267|0.00151267|0.00341054|0.00214239|0.000203965|0.000807753|0.00549128|0.000830638|0.000128431|0.00271581|0.000175452|0.000338175|0.000428116|0.00580301|0.00344885,0.0109342|0.0362414|0.0381696|0.0303206|0.0317261|0.022957|0.0268705|0.00731162|0.01754|0.00369149|0.0100829|0.0285929|0.0107812|0.00850464|0.0186268|0.0237043|0.00156873|0.0243876|0.0455502|0.0334079|0.0231698|0.00843704|0.0328142|0.015405|0.0354515|0.00118659|0.0398377|0.0365406,0.000178506|0.0472365|0.00800322|0.0230682|0.03841|0.0100342|0.0326941|0.0421608|0.0283975|0.0127317|0.0460028|0.0372754|0.0401575|0.0237676|0.00979507|0.0488574|0.0470058|0.0250863|0.028193|0.00844474|0.0417641|0.0314938|0.0437642|0.038157|0.0266209|0.00176737|0.0151024|0.0130093,0.973537|0.953794|0.90679|0.985376|0.948072|0.975915|0.982466|0.951514|0.963898|0.968894|0.935175|0.984478|0.926416|0.962132|0.977244|0.981332|0.989289|0.936129|0.909539|0.927525|0.944528|0.908585|0.983348|0.947801|0.940474|0.967717|0.965406|0.98883,4.63983|3.07459|1.41691|4.5695|1.48687|2.99986|4.79844|4.90362|3.51107|4.74216|3.89025|4.02061|0.0868458|1.9653|2.33192|4.96971|0.578949|3.39264|3.29092|1.22009|2.55597|3.37071|1.93323|4.11052|4.91715|4.1126|0.0104102|4.04415,66.2586|94.4507|31.5608|23.5709|97.1045|83.9106|10.4739|37.2729|88.6198|37.015|32.7492|12.726|92.4072|57.0974|88.9922|37.5994|63.5216|85.6152|26.1465|42.6814|95.3312|61.5999|50.003|92.2019|82.5435|56.1703|83.3731,0.180129|0.168303|0.219936|0.207151|0.207556|0.204476|0.163561|0.176784|0.228013|0.17211|0.191207|0.226099|0.203687|0.227675|0.246364|0.17745|0.207806|0.185893|0.196311|0.167734|0.167906|0.220389|0.1911|0.231254|0.20461|0.247907|0.197114,0.323551|0.263233|0.557853|0.340196|0.438091|0.65353|0.469027|0.943162|0.84397|0.315214|0.878161|0.757755|0.876618|0.396625|0.83582|0.871942|0.844544|0.624191|0.754315|0.927159|0.402595|0.549818|0.161388|0.604504|0.519435|0.827328|0.942894,0.869523,0.801463,0.117836,0.0993652,0.460468,0.534015,0.0732846,0.487967,0.198257,0.921169,51.6436,5.43263e-12,47756,0.887486,41.1981,1.06086e-12,38445,0.895553,0.876428,0.0878307,0.631141,0.996144,0.511517,0.22039,0.459803,0.228135,0.891603,87.9902,7.64954e-10,30733,0.967162,70.4477,9.04596e-11,52512
24,1049,n1->n20->n89->n48->n46->n62->n61->n63->n15->n29->n27->n26->n24->n71->n72->n77->n23->n83->n84->n56->n54->n55->n53->n52->n65->n64->n49->n51,5.37021e+09|4.0293e+11|2.68119e+11|3.98001e+12|5.53417e+12|2.37342e+11|6.44979e+11|6.55204e+12|8.77071e+11|3.6336e+13|4.19351e+12|7.09351e+09|1.59557e+13|7.70008e+11|6.83442e+09|5.68112e+11|4.63033e+10|3.76373e+13|1.07392e+09|1.1605e+12|2.80961e+11|8.84081e+12|4.60474e+10|1.02428e+10|1.12599e+09|4.21034e+09|2.45005e+09|7.46708e+11,8.19724e+08|1.89646e+11|9.23423e+10|1.69514e+12|1.63629e+12|1.13053e+11|1.30372e+11|2.63574e+12|1.06991e+11|1.77292e+13|8.73344e+11|1.31666e+09|4.06569e+12|1.60546e+11|1.48353e+09|3.56307e+11|3.30225e+10|2.34723e+13|9.00899e+08|5.65456e+11|2.23178e+11|4.69454e+12|3.18273e+10|2.07235e+09|3.2906e+08|1.60867e+09|2.44458e+09|5.06847e+11,0.000494453|5.21063e-05|3.55201e-05|4.78153e-05|0.000489732|8.24006e-05|3.71253e-05|0.000116235|0.000182949|0.000125062|1.08528e-05|3.77967e-05|0.000193265|0.00017279|0.000159499|8.49487e-05|0.000277161|1.86087e-05|2.14473e-05|1.7812e-05|1.47667e-05|4.06274e-05|2.00633e-05|0.00011644|1.96575e-05|1.88732e-05|1.07426e-05|0.000185382,0.000316017|0.000368678|0.000111435|0.00544009|0.000159088|0.00794111|0.00313588|0.00126856|0.00274771|0.00231296|0.00262605|0.00522178|0.0012727|0.00123164|0.00384342|0.000906866|0.00418014|0.000175452|0.000434313|0.000830638|0.00549128|0.000128431|0.000509085|0.00580301|0.000428116|0.000135861|0.000979027|0.00344885,0.0109342|0.0108696|0.0107812|0.0455031|0.029055|0.0242596|0.0266048|0.0100727|0.0207315|0.0255931|0.0303206|0.0101688|0.0433038|0.0398828|0.0479977|0.04851|0.00314906|0.015405|0.0473575|0.0231698|0.0334079|0.00843704|5.21659e-05|0.0398377|0.00118659|0.0266797|0.0183567|0.0365406,0.000178506|0.0181411|0.0401575|0.0360942|0.0302566|0.0480911|0.0179693|0.0107197|0.0378122|0.00291922|0.0230682|0.0409649|0.00780618|0.0326729|0.0299903|0.0115254|0.0470385|0.038157|0.0366447|0.0417641|0.00844474|0.0314938|0.00115664|0.0151024|0.00176737|0.0436548|0.0388066|0.0130093,0.973537|0.923215|0.926416|0.967439|0.923372|0.98053|0.958619|0.903245|0.910795|0.962742|0.985376|0.981638|0.90929|0.947193|0.96924|0.949999|0.92176|0.947801|0.948551|0.944528|0.927525|0.908585|0.913872|0.965406|0.967717|0.933821|0.969899|0.98883,4.63983|4.79469|0.0868458|3.09858|0.31178|5.59786|2.63855|4.68449|1.89272|0.0327787|4.5695|2.91399|3.9732|0.117525|3.90463|0.722366|2.08786|4.11052|5.42186|2.55597|1.22009|3.37071|0.640024|0.0104102|4.1126|5.77568|3.94615|4.04415,90.7492|18.2346|94.0077|41.9872|56.7189|89.0369|47.0482|11.0615|32.2763|49.6282|67.4197|83.4704|44.1502|45.8448|92.3918|39.0733|23.518|20.1884|34.4372|42.6814|27.8669|30.3781|81.3721|56.1703|56.7563|77.768|10.4661,0.215706|0.231355|0.234363|0.178665|0.167864|0.198053|0.167884|0.214255|0.240047|0.180772|0.171162|0.216464|0.204574|0.218487|0.167022|0.178948|0.181099|0.246081|0.222961|0.167734|0.169326|0.207992|0.184589|0.247907|0.186349|0.165457|0.216931,0.53635|0.595303|0.948873|0.182289|0.624525|0.704733|0.410418|0.692153|0.895675|0.511755|0.40751|0.583168|0.45026|0.29317|0.776051|0.23533|0.741177|0.599197|0.762891|0.927159|0.414082|0.646488|0.272111|0.827328|0.927837|0.348083|0.516407,0.869523,0.801463,0.117836,0.0993652,0.460468,0.534015,0.0732846,0.487967,0.198257,0.921169,51.6436,5.43263e-12,47756,0.887486,41.1981,1.06086e-12,38445,0.895553,0.876428,0.0878307,0.631141,0.996144,0.511517,0.22039,0.459803,0.228135,0.891603,87.9902,7.64954e-10,30733,0.967162,70.4477,9.04596e-11,52512
24,1050,n1->n99->n77->n72->n70->n69->n3->n5->n7->n9->n10->n8->n12->n6->n33->n32->n30->n31->n35->n34->n36->n38->n67->n21->n20->n96->n94->n51,5.37021e+09|1.57108e+10|5.68112e+11|6.83442e+09|6.87309e+13|8.81277e+09|2.78751e+13|2.91995e+11|3.81012e+11|1.49139e+12|2.49624e+09|4.61239e+13|9.70597e+10|1.14208e+09|3.64323e+13|1.78367e+12|1.26395e+10|4.79342e+12|5.77859e+11|4.7313e+12|7.73972e+11|1.16426e+13|4.7483e+09|1.56161e+12|4.0293e+11|2.51165e+12|1.36531e+10|7.46708e+11,8.19724e+08|4.21389e+09|3.56307e+11|1.48353e+09|9.78332e+12|7.57626e+09|1.44762e+13|4.67133e+10|6.70334e+10|3.79906e+11|7.32581e+08|1.04208e+13|2.76143e+10|2.20459e+08|6.32377e+12|1.05491e+12|1.81012e+09|4.42443e+12|4.88834e+11|1.15705e+12|7.77593e+10|1.19258e+12|7.5553e+08|3.02345e+11|1.89646e+11|5.36324e+11|1.67171e+09|5.06847e+11,0.000494453|0.00089026|8.49487e-05|0.000159499|5.13815e-05|0.000268039|0.00022361|7.03031e-05|0.000475679|1.80008e-05|6.27016e-05|6.6054e-05|0.000201974|1.08483e-05|1.50316e-05|0.000179959|4.789e-05|0.00024651|0.000412952|0.000140889|0.000426407|1.04425e-05|3.91885e-05|0.00096308|5.21063e-05|1.2987e-05|2.95455e-05|0.000185382,0.000316017|0.000350126|0.000906866|0.00384342|0.00295865|0.00367819|0.00776667|0.000196916|0.00104538|0.00065196|0.00113469|0.00522046|0.0016732|0.00010157|0.00213059|0.00292552|0.00655588|0.00308746|0.00138752|0.000270551|0.00396778|0.00950649|0.000640186|0.00195589|0.000368678|0.000286765|0.000125263|0.00344885,0.0109342|0.0362414|0.04851|0.0479977|0.0286141|0.022957|0.0268705|0.00731162|0.01754|0.0140743|0.00597815|0.0318744|0.0313381|0.00160082|0.00968695|0.00778345|0.00398508|0.0211034|0.00215298|0.0276207|0.00497013|0.0263713|0.029632|0.00712365|0.0108696|0.0377902|0.00830448|0.0365406,0.000178506|0.0472365|0.0115254|0.0299903|0.0216638|0.0100342|0.0326941|0.0421608|0.0283975|0.033904|0.0245713|0.0483133|0.0470205|0.0260762|0.0280967|0.0161829|0.0178703|0.0151027|0.0375959|0.0210615|0.0341912|0.00318517|0.0482082|0.0414669|0.0181411|0.0195364|0.0293842|0.0130093,0.973537|0.953794|0.949999|0.96924|0.966653|0.975915|0.982466|0.951514|0.963898|0.963574|0.962416|0.975256|0.937315|0.908628|0.923653|0.953313|0.972158|0.943878|0.952159|0.904866|0.94998|0.902547|0.924883|0.971602|0.923215|0.951762|0.927471|0.98883,4.63983|3.07459|0.722366|3.90463|4.60778|2.99986|4.79844|4.90362|3.51107|5.88966|1.97158|3.22282|3.07758|5.01633|1.04264|0.10397|5.42296|4.82496|5.24666|4.56594|3.70656|5.09423|2.06342|3.14177|4.79469|0.85792|5.03384|4.04415,66.2586|96.5216|92.3918|97.4405|74.5377|83.9106|10.4739|37.2729|59.8148|65.9961|99.595|81.3396|32.9383|50.0569|61.2747|69.5993|88.6669|91.3525|26.2497|89.5651|61.2725|59.2872|42.5138|76.7594|58.7029|71.0086|11.2844,0.180129|0.241387|0.167022|0.180102|0.172691|0.204476|0.163561|0.176784|0.18359|0.193896|0.184434|0.186476|0.230728|0.19306|0.208144|0.204659|0.215598|0.243038|0.244194|0.241996|0.204351|0.200548|0.197352|0.218425|0.201188|0.230021|0.200895,0.323551|0.664018|0.776051|0.79408|0.416585|0.65353|0.469027|0.943162|0.339058|0.982181|0.703378|0.379326|0.628307|0.116472|0.704271|0.237533|0.123891|0.658826|0.307851|0.265381|0.413834|0.127053|0.602799|0.515127|0.666395|0.131268|0.836539,0.869523,0.801463,0.117836,0.0993652,0.460468,0.534015,0.0732846,0.487967,0.198257,0.921169,51.6436,5.43263e-12,47756,0.887486,41.1981,1.06086e-12,38445,0.895553,0.876428,0.0878307,0.631141,0.996144,0.511517,0.22039,0.459803,0.228135,0.891603,87.9902,7.64954e-10,30733,0.967162,70.4477,9.04596e-11,52512
24,1051,n1->n20->n21->n22->n74->n75->n71->n24->n23->n83->n81->n79->n63->n42->n40->n54->n82->n95->n97->n99->n98->n57->n55->n56->n90->n59->n50->n51,5.37021e+09|4.0293e+11|1.56161e+12|1.47e+10|5.8385e+13|8.71921e+10|7.70008e+11|1.59557e+13|4.63033e+10|3.76373e+13|2.58887e+10|1.47019e+10|6.55204e+12|2.42905e+09|3.58065e+10|2.80961e+11|1.07979e+13|1.05601e+11|2.90604e+09|1.57108e+10|1.8266e+13|4.14288e+09|8.84081e+12|1.1605e+12|1.33273e+11|3.04563e+11|2.36425e+09|7.46708e+11,8.19724e+08|1.89646e+11|3.02345e+11|9.51029e+09|7.35096e+12|5.29113e+10|1.60546e+11|4.06569e+12|3.30225e+10|2.34723e+13|8.36206e+09|4.87652e+09|2.63574e+12|2.47264e+08|4.14657e+09|2.23178e+11|1.66379e+12|5.46554e+10|5.04144e+08|4.21389e+09|5.99087e+12|2.05006e+09|4.69454e+12|5.65456e+11|6.41526e+10|3.06423e+10|4.07889e+08|5.06847e+11,0.000494453|5.21063e-05|0.00096308|1.77434e-05|0.000875739|0.000766915|0.00017279|0.000193265|0.000277161|1.86087e-05|0.000268232|0.000133131|0.000116235|8.79758e-05|6.01341e-05|1.47667e-05|0.000837919|0.000260968|8.81202e-05|0.00089026|0.000410965|0.000173612|4.06274e-05|1.7812e-05|0.000319756|2.43107e-05|1.54283e-05|0.000185382,0.000316017|0.000368678|0.00195589|0.0006856|0.00944671|0.000203965|0.00123164|0.0012727|0.00418014|0.000175452|0.000752991|0.000479664|0.00126856|0.000493531|0.00268841|0.00549128|0.00271152|0.000186877|0.00494291|0.000350126|0.000548485|0.00271581|0.000128431|0.000830638|0.000672662|0.000202742|0.00907722|0.00344885,0.0109342|0.0108696|0.00712365|0.0408661|0.0280357|0.0243876|0.0398828|0.0433038|0.00314906|0.015405|0.0481357|0.0252961|0.0100727|0.00783732|0.0249103|0.0334079|0.0278433|0.00282907|0.0381696|0.0362414|0.0295222|0.0328142|0.00843704|0.0231698|0.0285929|0.00304046|0.00638914|0.0365406,0.000178506|0.0181411|0.0414669|0.040072|0.0166219|0.0250863|0.0326729|0.00780618|0.0470385|0.038157|0.00997263|0.0203026|0.0107197|0.0327962|0.033399|0.00844474|0.0266174|0.0420997|0.00800322|0.0472365|0.0297366|0.0437642|0.0314938|0.0417641|0.0372754|0.0474075|0.0483596|0.0130093,0.973537|0.923215|0.971602|0.95984|0.90082|0.936129|0.947193|0.90929|0.92176|0.947801|0.948836|0.966262|0.903245|0.960936|0.920308|0.927525|0.934435|0.966581|0.90679|0.953794|0.959539|0.983348|0.908585|0.944528|0.984478|0.99171|0.910708|0.98883,4.63983|4.79469|3.14177|0.048646|0.0974208|3.39264|0.117525|3.9732|2.08786|4.11052|1.5908|3.41737|4.68449|0.765875|2.50002|1.22009|0.132111|1.09944|1.41691|3.07459|2.95405|1.93323|3.37071|2.55597|4.02061|5.60303|5.41755|4.04415,90.7492|76.7594|55.6995|63.8366|64.3401|14.5634|44.1502|44.8869|23.518|78.7627|26.55|16.1844|97.0433|77.6192|12.2677|41.1455|75.699|11.8968|94.4507|58.4557|98.2355|61.5999|95.3312|40.6061|62.2588|47.7013|82.9474,0.215706|0.218425|0.206062|0.241428|0.220369|0.169453|0.204574|0.161116|0.181099|0.170031|0.238834|0.22961|0.211509|0.243521|0.248162|0.242874|0.21275|0.228013|0.168303|0.227784|0.190047|0.220389|0.167906|0.166746|0.169222|0.170229|0.24308,0.53635|0.515127|0.677391|0.480684|0.119032|0.275247|0.45026|0.528582|0.741177|0.530775|0.957633|0.217843|0.758395|0.14346|0.812759|0.378494|0.837867|0.342677|0.263233|0.686264|0.757428|0.549818|0.402595|0.163177|0.361153|0.776444|0.624607,0.869523,0.801463,0.117836,0.0993652,0.460468,0.534015,0.0732846,0.487967,0.198257,0.921169,51.6436,5.43263e-12,47756,0.887486,41.1981,1.06086e-12,38445,0.895553,0.876428,0.0878307,0.631141,0.996144,0.511517,0.22039,0.459803,0.228135,0.891603,87.9902,7.64954e-10,30733,0.967162,70.4477,9.04596e-11,52512
24,1052,n1->n99->n98->n57->n83->n85->n78->n80->n82->n63->n79->n81->n37->n38->n67->n64->n65->n52->n27->n28->n29->n11->n13->n12->n14->n96->n94->n51,5.37021e+09|1.57108e+10|1.8266e+13|4.14288e+09|3.76373e+13|2.02447e+09|3.25238e+10|2.45686e+13|1.07979e+13|6.55204e+12|1.47019e+10|2.58887e+10|2.79748e+13|1.16426e+13|4.7483e+09|4.21034e+09|1.12599e+09|1.02428e+10|4.19351e+12|1.34247e+11|3.6336e+13|1.78735e+12|6.60497e+13|9.70597e+10|3.70261e+10|2.51165e+12|1.36531e+10|7.46708e+11,8.19724e+08|4.21389e+09|5.99087e+12|2.05006e+09|2.34723e+13|2.41326e+08|2.30731e+10|2.75437e+12|1.66379e+12|2.63574e+12|4.87652e+09|8.36206e+09|4.96975e+12|1.19258e+12|7.5553e+08|1.60867e+09|3.2906e+08|2.07235e+09|8.73344e+11|1.51805e+10|1.77292e+13|3.29521e+11|8.87204e+12|2.76143e+10|1.44234e+10|5.36324e+11|1.67171e+09|5.06847e+11,0.000494453|0.00089026|0.000410965|0.000173612|1.86087e-05|2.04325e-05|0.000270955|1.13052e-05|0.000837919|0.000116235|0.000133131|0.000268232|1.06248e-05|1.04425e-05|3.91885e-05|1.88732e-05|1.96575e-05|0.00011644|1.08528e-05|0.00056516|0.000125062|5.47786e-05|0.000787814|0.000201974|3.25754e-05|1.2987e-05|2.95455e-05|0.000185382,0.000316017|0.000350126|0.000548485|0.00271581|0.000175452|0.000338175|0.00167497|0.000238286|0.00271152|0.00126856|0.000479664|0.000752991|0.000261291|0.00950649|0.000640186|0.000135861|0.000428116|0.00580301|0.00262605|0.0093172|0.00231296|0.00652494|0.00788063|0.0016732|0.000181646|0.000286765|0.000125263|0.00344885,0.0109342|0.0362414|0.0295222|0.0328142|0.015405|0.0354515|0.00569443|0.00592883|0.0278433|0.0100727|0.0252961|0.0481357|0.0457563|0.0263713|0.029632|0.0266797|0.00118659|0.0398377|0.0303206|0.0317261|0.0255931|0.00125292|0.0476737|0.0313381|0.0426128|0.0377902|0.00830448|0.0365406,0.000178506|0.0472365|0.0297366|0.0437642|0.038157|0.0266209|0.0425349|0.0262948|0.0266174|0.0107197|0.0203026|0.00997263|0.0105712|0.00318517|0.0482082|0.0436548|0.00176737|0.0151024|0.0230682|0.03841|0.00291922|0.0136412|0.00335145|0.0470205|0.049061|0.0195364|0.0293842|0.0130093,0.973537|0.953794|0.959539|0.983348|0.947801|0.940474|0.92832|0.919013|0.934435|0.903245|0.966262|0.948836|0.964079|0.902547|0.924883|0.933821|0.967717|0.965406|0.985376|0.948072|0.962742|0.988894|0.954869|0.937315|0.906626|0.951762|0.927471|0.98883,4.63983|3.07459|2.95405|1.93323|4.11052|4.91715|3.3614|0.100836|0.132111|4.68449|3.41737|1.5908|4.96174|5.09423|2.06342|5.77568|4.1126|0.0104102|4.5695|1.48687|0.0327787|0.923897|5.26639|3.07758|0.762282|0.85792|5.03384|4.04415,66.2586|58.4557|98.2355|50.003|92.2019|67.1704|66.5291|47.0365|48.6997|16.1844|26.55|88.8597|46.986|59.2872|95.5844|56.7563|56.1703|46.2248|23.5709|18.7034|13.2112|13.9548|56.34|51.9585|54.7186|71.0086|11.2844,0.180129|0.227784|0.190047|0.1911|0.231254|0.184721|0.222935|0.231931|0.175742|0.22961|0.238834|0.211898|0.170599|0.200548|0.248978|0.186349|0.247907|0.183493|0.207151|0.249902|0.219003|0.189728|0.206669|0.222459|0.208433|0.230021|0.200895,0.323551|0.686264|0.757428|0.161388|0.604504|0.609732|0.109088|0.796307|0.4301|0.217843|0.957633|0.430076|0.662799|0.127053|0.480161|0.927837|0.827328|0.657987|0.340196|0.259002|0.427028|0.801183|0.285239|0.326911|0.448351|0.131268|0.836539,0.869523,0.801463,0.117836,0.0993652,0.460468,0.534015,0.0732846,0.487967,0.198257,0.921169,51.6436,5.43263e-12,47756,0.887486,41.1981,1.06086e-12,38445,0.895553,0.876428,0.0878307,0.631141,0.996144,0.511517,0.22039,0.459803,0.228135,0.891603,87.9902,7.64954e-10,30733,0.967162,70.4477,9.04596e-11,52512
24,1053,n1->n99->n77->n93->n92->n94->n96->n97->n27->n26->n24->n71->n73->n100->n90->n59->n58->n85->n83->n81->n79->n63->n42->n40->n54->n53->n52->n51,5.37021e+09|1.57108e+10|5.68112e+11|4.22601e+13|1.97334e+09|1.36531e+10|2.51165e+12|2.90604e+09|4.19351e+12|7.09351e+09|1.59557e+13|7.70008e+11|1.41706e+11|4.01966e+09|1.33273e+11|3.04563e+11|8.16696e+09|2.02447e+09|3.76373e+13|2.58887e+10|1.47019e+10|6.55204e+12|2.42905e+09|3.58065e+10|2.80961e+11|4.60474e+10|1.02428e+10|7.46708e+11,8.19724e+08|4.21389e+09|3.56307e+11|1.3774e+13|1.46451e+09|1.67171e+09|5.36324e+11|5.04144e+08|8.73344e+11|1.31666e+09|4.06569e+12|1.60546e+11|5.76853e+10|2.27749e+09|6.41526e+10|3.06423e+10|6.89506e+09|2.41326e+08|2.34723e+13|8.36206e+09|4.87652e+09|2.63574e+12|2.47264e+08|4.14657e+09|2.23178e+11|3.18273e+10|2.07235e+09|5.06847e+11,0.000494453|0.00089026|8.49487e-05|8.45967e-05|2.75832e-05|2.95455e-05|1.2987e-05|8.81202e-05|1.08528e-05|3.77967e-05|0.000193265|0.00017279|6.32916e-05|0.000665246|0.000319756|2.43107e-05|0.000266735|2.04325e-05|1.86087e-05|0.000268232|0.000133131|0.000116235|8.79758e-05|6.01341e-05|1.47667e-05|2.00633e-05|0.00011644|0.000185382,0.000316017|0.000350126|0.000906866|0.000162335|0.0052688|0.000125263|0.000286765|0.00494291|0.00262605|0.00522178|0.0012727|0.00123164|0.000807753|0.00914892|0.000672662|0.000202742|0.00874893|0.000338175|0.000175452|0.000752991|0.000479664|0.00126856|0.000493531|0.00268841|0.00549128|0.000509085|0.00580301|0.00344885,0.0109342|0.0362414|0.04851|0.0108045|0.0444618|0.00830448|0.0377902|0.0381696|0.0303206|0.0101688|0.0433038|0.0398828|0.0455502|0.0100829|0.0285929|0.00304046|0.0248478|0.0354515|0.015405|0.0481357|0.0252961|0.0100727|0.00783732|0.0249103|0.0334079|5.21659e-05|0.0398377|0.0365406,0.000178506|0.0472365|0.0115254|0.0326183|0.0387741|0.0293842|0.0195364|0.00800322|0.0230682|0.0409649|0.00780618|0.0326729|0.028193|0.0460028|0.0372754|0.0474075|0.0481122|0.0266209|0.038157|0.00997263|0.0203026|0.0107197|0.0327962|0.033399|0.00844474|0.00115664|0.0151024|0.0130093,0.973537|0.953794|0.949999|0.912097|0.987763|0.927471|0.951762|0.90679|0.985376|0.981638|0.90929|0.947193|0.909539|0.935175|0.984478|0.99171|0.911658|0.940474|0.947801|0.948836|0.966262|0.903245|0.960936|0.920308|0.927525|0.913872|0.965406|0.98883,4.63983|3.07459|0.722366|5.92115|6.03913|5.03384|0.85792|1.41691|4.5695|2.91399|3.9732|0.117525|3.29092|3.89025|4.02061|5.60303|3.70937|4.91715|4.11052|1.5908|3.41737|4.68449|0.765875|2.50002|1.22009|0.640024|0.0104102|4.04415,66.2586|96.5216|51.9256|61.035|13.5087|71.0086|37.9513|31.5608|67.4197|83.4704|44.1502|28.2621|20.1165|32.7492|62.2588|56.397|90.6886|92.2019|78.7627|26.55|16.1844|97.0433|77.6192|12.2677|75.3264|81.3721|83.3731,0.180129|0.241387|0.247077|0.21409|0.230182|0.230021|0.246589|0.219936|0.171162|0.216464|0.204574|0.242769|0.175955|0.191207|0.169222|0.21902|0.194345|0.231254|0.170031|0.238834|0.22961|0.211509|0.243521|0.248162|0.191357|0.184589|0.197114,0.323551|0.664018|0.469529|0.722832|0.731663|0.131268|0.157157|0.557853|0.40751|0.583168|0.45026|0.940077|0.825877|0.878161|0.361153|0.533324|0.45102|0.604504|0.530775|0.957633|0.217843|0.758395|0.14346|0.812759|0.567841|0.272111|0.942894,0.869523,0.801463,0.117836,0.0993652,0.460468,0.534015,0.0732846,0.487967,0.198257,0.921169,51.6436,5.43263e-12,47756,0.887486,41.1981,1.06086e-12,38445,0.895553,0.876428,0.0878307,0.631141,0.996144,0.511517,0.22039,0.459803,0.228135,0.891603,87.9902,7.64954e-10,30733,0.967162,70.4477,9.04596e-11,52512
24,1054,n1->n99->n98->n57->n55->n53->n52->n27->n25->n26->n47->n45->n44->n42->n40->n54->n56->n84->n83->n23->n77->n72->n70->n69->n28->n29->n50->n51,5.37021e+09|1.57108e+10|1.8266e+13|4.14288e+09|8.84081e+12|4.60474e+10|1.02428e+10|4.19351e+12|1.67189e+13|7.09351e+09|4.74236e+11|8.38488e+13|5.26537e+13|2.42905e+09|3.58065e+10|2.80961e+11|1.1605e+12|1.07392e+09|3.76373e+13|4.63033e+10|5.68112e+11|6.83442e+09|6.87309e+13|8.81277e+09|1.34247e+11|3.6336e+13|2.36425e+09|7.46708e+11,8.19724e+08|4.21389e+09|5.99087e+12|2.05006e+09|4.69454e+12|3.18273e+10|2.07235e+09|8.73344e+11|1.40059e+13|1.31666e+09|1.54765e+11|1.01787e+13|2.86817e+13|2.47264e+08|4.14657e+09|2.23178e+11|5.65456e+11|9.00899e+08|2.34723e+13|3.30225e+10|3.56307e+11|1.48353e+09|9.78332e+12|7.57626e+09|1.51805e+10|1.77292e+13|4.07889e+08|5.06847e+11,0.000494453|0.00089026|0.000410965|0.000173612|4.06274e-05|2.00633e-05|0.00011644|1.08528e-05|6.30741e-05|3.77967e-05|0.000202873|1.67225e-05|0.000124649|8.79758e-05|6.01341e-05|1.47667e-05|1.7812e-05|2.14473e-05|1.86087e-05|0.000277161|8.49487e-05|0.000159499|5.13815e-05|0.000268039|0.00056516|0.000125062|1.54283e-05|0.000185382,0.000316017|0.000350126|0.000548485|0.00271581|0.000128431|0.000509085|0.00580301|0.00262605|0.00294926|0.00522178|0.000266598|0.000742576|0.00158999|0.000493531|0.00268841|0.00549128|0.000830638|0.000434313|0.000175452|0.00418014|0.000906866|0.00384342|0.00295865|0.00367819|0.0093172|0.00231296|0.00907722|0.00344885,0.0109342|0.0362414|0.0295222|0.0328142|0.00843704|5.21659e-05|0.0398377|0.0303206|0.0195393|0.0101688|0.00898217|0.00846218|0.0486405|0.00783732|0.0249103|0.0334079|0.0231698|0.0473575|0.015405|0.00314906|0.04851|0.0479977|0.0286141|0.022957|0.0317261|0.0255931|0.00638914|0.0365406,0.000178506|0.0472365|0.0297366|0.0437642|0.0314938|0.00115664|0.0151024|0.0230682|0.0159438|0.0409649|0.0488958|0.0342415|0.00764508|0.0327962|0.033399|0.00844474|0.0417641|0.0366447|0.038157|0.0470385|0.0115254|0.0299903|0.0216638|0.0100342|0.03841|0.00291922|0.0483596|0.0130093,0.973537|0.953794|0.959539|0.983348|0.908585|0.913872|0.965406|0.985376|0.9023|0.981638|0.9108|0.934264|0.932977|0.960936|0.920308|0.927525|0.944528|0.948551|0.947801|0.92176|0.949999|0.96924|0.966653|0.975915|0.948072|0.962742|0.910708|0.98883,4.63983|3.07459|2.95405|1.93323|3.37071|0.640024|0.0104102|4.5695|1.57149|2.91399|6.27947|5.31688|2.64532|0.765875|2.50002|1.22009|2.55597|5.42186|4.11052|2.08786|0.722366|3.90463|4.60778|2.99986|1.48687|0.0327787|5.41755|4.04415,66.2586|58.4557|98.2355|61.5999|30.3781|81.3721|46.2248|64.4551|63.0993|70.8805|40.979|57.1366|21.0603|77.6192|12.2677|42.6814|34.4372|20.1884|23.518|39.0733|92.3918|97.4405|74.5377|97.1045|18.7034|37.0378|82.9474,0.180129|0.227784|0.190047|0.220389|0.207992|0.184589|0.183493|0.242248|0.228799|0.189485|0.216949|0.235241|0.23095|0.243521|0.248162|0.167734|0.222961|0.246081|0.181099|0.178948|0.167022|0.180102|0.172691|0.207556|0.249902|0.191256|0.24308,0.323551|0.686264|0.757428|0.549818|0.646488|0.272111|0.657987|0.837222|0.359402|0.757042|0.317946|0.218954|0.399278|0.14346|0.812759|0.927159|0.762891|0.599197|0.741177|0.23533|0.776051|0.79408|0.416585|0.438091|0.259002|0.182586|0.624607,0.869523,0.801463,0.117836,0.0993652,0.460468,0.534015,0.0732846,0.487967,0.198257,0.921169,51.6436,5.43263e-12,47756,0.887486,41.1981,1.06086e-12,38445,0.895553,0.876428,0.0878307,0.631141,0.996144,0.511517,0.22039,0.459803,0.228135,0.891603,87.9902,7.64954e-10,30733,0.967162,70.4477,9.04596e-11,52512
24,1055,n1->n13->n12->n14->n75->n71->n72->n77->n99->n98->n57->n74->n76->n69->n70->n18->n17->n85->n78->n80->n81->n79->n63->n82->n54->n53->n52->n51,5.37021e+09|6.60497e+13|9.70597e+10|3.70261e+10|8.71921e+10|7.70008e+11|6.83442e+09|5.68112e+11|1.57108e+10|1.8266e+13|4.14288e+09|5.8385e+13|4.21804e+13|8.81277e+09|6.87309e+13|7.59179e+12|1.51096e+11|2.02447e+09|3.25238e+10|2.45686e+13|2.58887e+10|1.47019e+10|6.55204e+12|1.07979e+13|2.80961e+11|4.60474e+10|1.02428e+10|7.46708e+11,8.19724e+08|8.87204e+12|2.76143e+10|1.44234e+10|5.29113e+10|1.60546e+11|1.48353e+09|3.56307e+11|4.21389e+09|5.99087e+12|2.05006e+09|7.35096e+12|1.15782e+13|7.57626e+09|9.78332e+12|4.11836e+12|1.57582e+10|2.41326e+08|2.30731e+10|2.75437e+12|8.36206e+09|4.87652e+09|2.63574e+12|1.66379e+12|2.23178e+11|3.18273e+10|2.07235e+09|5.06847e+11,0.000494453|0.000787814|0.000201974|3.25754e-05|0.000766915|0.00017279|0.000159499|8.49487e-05|0.00089026|0.000410965|0.000173612|0.000875739|1.88608e-05|0.000268039|5.13815e-05|2.98936e-05|0.000261059|2.04325e-05|0.000270955|1.13052e-05|0.000268232|0.000133131|0.000116235|0.000837919|1.47667e-05|2.00633e-05|0.00011644|0.000185382,0.000316017|0.00788063|0.0016732|0.000181646|0.000203965|0.00123164|0.00384342|0.000906866|0.000350126|0.000548485|0.00271581|0.00944671|0.00214239|0.00367819|0.00295865|0.000681499|0.000513001|0.000338175|0.00167497|0.000238286|0.000752991|0.000479664|0.00126856|0.00271152|0.00549128|0.000509085|0.00580301|0.00344885,0.0109342|0.0476737|0.0313381|0.0426128|0.0243876|0.0398828|0.0479977|0.04851|0.0362414|0.0295222|0.0328142|0.0280357|0.00156873|0.022957|0.0286141|0.0192976|0.0430027|0.0354515|0.00569443|0.00592883|0.0481357|0.0252961|0.0100727|0.0278433|0.0334079|5.21659e-05|0.0398377|0.0365406,0.000178506|0.00335145|0.0470205|0.049061|0.0250863|0.0326729|0.0299903|0.0115254|0.0472365|0.0297366|0.0437642|0.0166219|0.0470058|0.0100342|0.0216638|0.0120519|0.00442808|0.0266209|0.0425349|0.0262948|0.00997263|0.0203026|0.0107197|0.0266174|0.00844474|0.00115664|0.0151024|0.0130093,0.973537|0.954869|0.937315|0.906626|0.936129|0.947193|0.96924|0.949999|0.953794|0.959539|0.983348|0.90082|0.989289|0.975915|0.966653|0.946711|0.974312|0.940474|0.92832|0.919013|0.948836|0.966262|0.903245|0.934435|0.927525|0.913872|0.965406|0.98883,4.63983|5.26639|3.07758|0.762282|3.39264|0.117525|3.90463|0.722366|3.07459|2.95405|1.93323|0.0974208|0.578949|2.99986|4.60778|4.38273|5.11322|4.91715|3.3614|0.100836|1.5908|3.41737|4.68449|0.132111|1.22009|0.640024|0.0104102|4.04415,79.8117|56.34|51.9585|56.2706|14.5634|45.8448|92.3918|96.5216|58.4557|98.2355|95.6836|53.1277|66.666|74.5377|55.8812|43.2583|84.7043|67.1704|66.5291|15.5679|26.55|16.1844|48.6997|41.1455|75.3264|81.3721|83.3731,0.246796|0.206669|0.222459|0.226178|0.169453|0.218487|0.167022|0.241387|0.227784|0.190047|0.169856|0.181342|0.212271|0.172691|0.234874|0.218822|0.225161|0.184721|0.222935|0.212149|0.238834|0.22961|0.175742|0.242874|0.191357|0.184589|0.197114,0.338018|0.285239|0.326911|0.725021|0.275247|0.29317|0.776051|0.664018|0.686264|0.757428|0.815246|0.519715|0.890059|0.416585|0.16843|0.981182|0.880608|0.609732|0.109088|0.870283|0.957633|0.217843|0.4301|0.378494|0.567841|0.272111|0.942894,0.869523,0.801463,0.117836,0.0993652,0.460468,0.534015,0.0732846,0.487967,0.198257,0.921169,51.6436,5.43263e-12,47756,0.887486,41.1981,1.06086e-12,38445,0.895553,0.876428,0.0878307,0.631141,0.996144,0.511517,0.22039,0.459803,0.228135,0.891603,87.9902,7.64954e-10,30733,0.967162,70.4477,9.04596e-11,52512
24,1056,n1->n13->n12->n6->n33->n35->n34->n36->n64->n62->n61->n63->n82->n54->n55->n57->n83->n84->n85->n17->n18->n70->n87->n88->n90->n59->n50->n51,5.37021e+09|6.60497e+13|9.70597e+10|1.14208e+09|3.64323e+13|5.77859e+11|4.7313e+12|7.73972e+11|4.21034e+09|2.37342e+11|6.44979e+11|6.55204e+12|1.07979e+13|2.80961e+11|8.84081e+12|4.14288e+09|3.76373e+13|1.07392e+09|2.02447e+09|1.51096e+11|7.59179e+12|6.87309e+13|7.3435e+12|9.00567e+12|1.33273e+11|3.04563e+11|2.36425e+09|7.46708e+11,8.19724e+08|8.87204e+12|2.76143e+10|2.20459e+08|6.32377e+12|4.88834e+11|1.15705e+12|7.77593e+10|1.60867e+09|1.13053e+11|1.30372e+11|2.63574e+12|1.66379e+12|2.23178e+11|4.69454e+12|2.05006e+09|2.34723e+13|9.00899e+08|2.41326e+08|1.57582e+10|4.11836e+12|9.78332e+12|2.79916e+12|8.66002e+12|6.41526e+10|3.06423e+10|4.07889e+08|5.06847e+11,0.000494453|0.000787814|0.000201974|1.08483e-05|1.50316e-05|0.000412952|0.000140889|0.000426407|1.88732e-05|8.24006e-05|3.71253e-05|0.000116235|0.000837919|1.47667e-05|4.06274e-05|0.000173612|1.86087e-05|2.14473e-05|2.04325e-05|0.000261059|2.98936e-05|5.13815e-05|0.000634307|6.2721e-05|0.000319756|2.43107e-05|1.54283e-05|0.000185382,0.000316017|0.00788063|0.0016732|0.00010157|0.00213059|0.00138752|0.000270551|0.00396778|0.000135861|0.00794111|0.00313588|0.00126856|0.00271152|0.00549128|0.000128431|0.00271581|0.000175452|0.000434313|0.000338175|0.000513001|0.000681499|0.00295865|0.00151267|0.000480267|0.000672662|0.000202742|0.00907722|0.00344885,0.0109342|0.0476737|0.0313381|0.00160082|0.00968695|0.00215298|0.0276207|0.00497013|0.0266797|0.0242596|0.0266048|0.0100727|0.0278433|0.0334079|0.00843704|0.0328142|0.015405|0.0473575|0.0354515|0.0430027|0.0192976|0.0286141|0.0186268|0.00850464|0.0285929|0.00304046|0.00638914|0.0365406,0.000178506|0.00335145|0.0470205|0.0260762|0.0280967|0.0375959|0.0210615|0.0341912|0.0436548|0.0480911|0.0179693|0.0107197|0.0266174|0.00844474|0.0314938|0.0437642|0.038157|0.0366447|0.0266209|0.00442808|0.0120519|0.0216638|0.00979507|0.0237676|0.0372754|0.0474075|0.0483596|0.0130093,0.973537|0.954869|0.937315|0.908628|0.923653|0.952159|0.904866|0.94998|0.933821|0.98053|0.958619|0.903245|0.934435|0.927525|0.908585|0.983348|0.947801|0.948551|0.940474|0.974312|0.946711|0.966653|0.977244|0.962132|0.984478|0.99171|0.910708|0.98883,4.63983|5.26639|3.07758|5.01633|1.04264|5.24666|4.56594|3.70656|5.77568|5.59786|2.63855|4.68449|0.132111|1.22009|3.37071|1.93323|4.11052|5.42186|4.91715|5.11322|4.38273|4.60778|2.33192|1.9653|4.02061|5.60303|5.41755|4.04415,79.8117|56.34|32.9383|50.0569|93.5115|26.2497|89.5651|43.8659|93.0484|89.0369|47.0482|48.6997|41.1455|27.8669|61.5999|50.003|20.1884|82.1833|84.7043|43.2583|55.8812|39.9413|57.0974|14.1987|62.2588|47.7013|82.9474,0.246796|0.206669|0.230728|0.19306|0.242679|0.244194|0.241996|0.241695|0.176232|0.198053|0.167884|0.175742|0.242874|0.169326|0.220389|0.1911|0.246081|0.216313|0.225161|0.218822|0.234874|0.180359|0.227675|0.244274|0.169222|0.170229|0.24308,0.338018|0.285239|0.628307|0.116472|0.487093|0.307851|0.265381|0.590576|0.182879|0.704733|0.410418|0.4301|0.378494|0.414082|0.549818|0.161388|0.599197|0.528406|0.880608|0.981182|0.16843|0.129355|0.396625|0.997795|0.361153|0.776444|0.624607,0.869523,0.801463,0.117836,0.0993652,0.460468,0.534015,0.0732846,0.487967,0.198257,0.921169,51.6436,5.43263e-12,47756,0.887486,41.1981,1.06086e-12,38445,0.895553,0.876428,0.0878307,0.631141,0.996144,0.511517,0.22039,0.459803,0.228135,0.891603,87.9902,7.64954e-10,30733,0.967162,70.4477,9.04596e-11,52512
24,1057,n1->n20->n18->n17->n85->n58->n68->n22->n74->n75->n14->n12->n6->n33->n84->n83->n57->n55->n53->n54->n73->n72->n45->n47->n46->n62->n61->n51,5.37021e+09|4.0293e+11|7.59179e+12|1.51096e+11|2.02447e+09|8.16696e+09|1.31753e+09|1.47e+10|5.8385e+13|8.71921e+10|3.70261e+10|9.70597e+10|1.14208e+09|3.64323e+13|1.07392e+09|3.76373e+13|4.14288e+09|8.84081e+12|4.60474e+10|2.80961e+11|1.41706e+11|6.83442e+09|8.38488e+13|4.74236e+11|5.53417e+12|2.37342e+11|6.44979e+11|7.46708e+11,8.19724e+08|1.89646e+11|4.11836e+12|1.57582e+10|2.41326e+08|6.89506e+09|3.10679e+08|9.51029e+09|7.35096e+12|5.29113e+10|1.44234e+10|2.76143e+10|2.20459e+08|6.32377e+12|9.00899e+08|2.34723e+13|2.05006e+09|4.69454e+12|3.18273e+10|2.23178e+11|5.76853e+10|1.48353e+09|1.01787e+13|1.54765e+11|1.63629e+12|1.13053e+11|1.30372e+11|5.06847e+11,0.000494453|5.21063e-05|2.98936e-05|0.000261059|2.04325e-05|0.000266735|0.000223952|1.77434e-05|0.000875739|0.000766915|3.25754e-05|0.000201974|1.08483e-05|1.50316e-05|2.14473e-05|1.86087e-05|0.000173612|4.06274e-05|2.00633e-05|1.47667e-05|6.32916e-05|0.000159499|1.67225e-05|0.000202873|0.000489732|8.24006e-05|3.71253e-05|0.000185382,0.000316017|0.000368678|0.000681499|0.000513001|0.000338175|0.00874893|0.00843573|0.0006856|0.00944671|0.000203965|0.000181646|0.0016732|0.00010157|0.00213059|0.000434313|0.000175452|0.00271581|0.000128431|0.000509085|0.00549128|0.000807753|0.00384342|0.000742576|0.000266598|0.000159088|0.00794111|0.00313588|0.00344885,0.0109342|0.0108696|0.0192976|0.0430027|0.0354515|0.0248478|0.0370095|0.0408661|0.0280357|0.0243876|0.0426128|0.0313381|0.00160082|0.00968695|0.0473575|0.015405|0.0328142|0.00843704|5.21659e-05|0.0334079|0.0455502|0.0479977|0.00846218|0.00898217|0.029055|0.0242596|0.0266048|0.0365406,0.000178506|0.0181411|0.0120519|0.00442808|0.0266209|0.0481122|0.00589983|0.040072|0.0166219|0.0250863|0.049061|0.0470205|0.0260762|0.0280967|0.0366447|0.038157|0.0437642|0.0314938|0.00115664|0.00844474|0.028193|0.0299903|0.0342415|0.0488958|0.0302566|0.0480911|0.0179693|0.0130093,0.973537|0.923215|0.946711|0.974312|0.940474|0.911658|0.984554|0.95984|0.90082|0.936129|0.906626|0.937315|0.908628|0.923653|0.948551|0.947801|0.983348|0.908585|0.913872|0.927525|0.909539|0.96924|0.934264|0.9108|0.923372|0.98053|0.958619|0.98883,4.63983|4.79469|4.38273|5.11322|4.91715|3.70937|5.26958|0.048646|0.0974208|3.39264|0.762282|3.07758|5.01633|1.04264|5.42186|4.11052|1.93323|3.37071|0.640024|1.22009|3.29092|3.90463|5.31688|6.27947|0.31178|5.59786|2.63855|4.04415,90.7492|89.2299|43.2583|84.7043|90.6886|56.905|15.3326|63.8366|64.3401|56.2706|51.9585|32.9383|50.0569|59.7094|20.1884|50.003|61.5999|30.3781|75.3264|26.1465|29.1617|63.1262|40.979|71.5316|56.7189|89.0369|66.5616,0.215706|0.247215|0.218822|0.225161|0.194345|0.185169|0.236297|0.241428|0.220369|0.226178|0.222459|0.230728|0.19306|0.183728|0.246081|0.1911|0.220389|0.207992|0.191357|0.196311|0.178937|0.243732|0.216949|0.196056|0.167864|0.198053|0.171721,0.53635|0.652252|0.981182|0.880608|0.45102|0.476138|0.655447|0.480684|0.119032|0.725021|0.326911|0.628307|0.116472|0.218166|0.599197|0.161388|0.549818|0.646488|0.567841|0.754315|0.920295|0.65643|0.317946|0.758317|0.624525|0.704733|0.235817,0.869523,0.801463,0.117836,0.0993652,0.460468,0.534015,0.0732846,0.487967,0.198257,0.921169,51.6436,5.43263e-12,47756,0.887486,41.1981,1.06086e-12,38445,0.895553,0.876428,0.0878307,0.631141,0.996144,0.511517,0.22039,0.459803,0.228135,0.891603,87.9902,7.64954e-10,30733,0.967162,70.4477,9.04596e-11,52512
24,1058,n1->n99->n77->n72->n71->n75->n4->n27->n28->n69->n76->n74->n22->n68->n58->n85->n17->n19->n20->n21->n23->n24->n33->n35->n31->n29->n50->n51,5.37021e+09|1.57108e+10|5.68112e+11|6.83442e+09|7.70008e+11|8.71921e+10|7.07339e+12|4.19351e+12|1.34247e+11|8.81277e+09|4.21804e+13|5.8385e+13|1.47e+10|1.31753e+09|8.16696e+09|2.02447e+09|1.51096e+11|2.47533e+11|4.0293e+11|1.56161e+12|4.63033e+10|1.59557e+13|3.64323e+13|5.77859e+11|4.79342e+12|3.6336e+13|2.36425e+09|7.46708e+11,8.19724e+08|4.21389e+09|3.56307e+11|1.48353e+09|1.60546e+11|5.29113e+10|2.43435e+12|8.73344e+11|1.51805e+10|7.57626e+09|1.15782e+13|7.35096e+12|9.51029e+09|3.10679e+08|6.89506e+09|2.41326e+08|1.57582e+10|2.33399e+11|1.89646e+11|3.02345e+11|3.30225e+10|4.06569e+12|6.32377e+12|4.88834e+11|4.42443e+12|1.77292e+13|4.07889e+08|5.06847e+11,0.000494453|0.00089026|8.49487e-05|0.000159499|0.00017279|0.000766915|0.000113681|1.08528e-05|0.00056516|0.000268039|1.88608e-05|0.000875739|1.77434e-05|0.000223952|0.000266735|2.04325e-05|0.000261059|0.000261527|5.21063e-05|0.00096308|0.000277161|0.000193265|1.50316e-05|0.000412952|0.00024651|0.000125062|1.54283e-05|0.000185382,0.000316017|0.000350126|0.000906866|0.00384342|0.00123164|0.000203965|0.00198341|0.00262605|0.0093172|0.00367819|0.00214239|0.00944671|0.0006856|0.00843573|0.00874893|0.000338175|0.000513001|0.000768065|0.000368678|0.00195589|0.00418014|0.0012727|0.00213059|0.00138752|0.00308746|0.00231296|0.00907722|0.00344885,0.0109342|0.0362414|0.04851|0.0479977|0.0398828|0.0243876|0.0350273|0.0303206|0.0317261|0.022957|0.00156873|0.0280357|0.0408661|0.0370095|0.0248478|0.0354515|0.0430027|0.0201979|0.0108696|0.00712365|0.00314906|0.0433038|0.00968695|0.00215298|0.0211034|0.0255931|0.00638914|0.0365406,0.000178506|0.0472365|0.0115254|0.0299903|0.0326729|0.0250863|0.0273051|0.0230682|0.03841|0.0100342|0.0470058|0.0166219|0.040072|0.00589983|0.0481122|0.0266209|0.00442808|0.0291803|0.0181411|0.0414669|0.0470385|0.00780618|0.0280967|0.0375959|0.0151027|0.00291922|0.0483596|0.0130093,0.973537|0.953794|0.949999|0.96924|0.947193|0.936129|0.917619|0.985376|0.948072|0.975915|0.989289|0.90082|0.95984|0.984554|0.911658|0.940474|0.974312|0.941018|0.923215|0.971602|0.92176|0.90929|0.923653|0.952159|0.943878|0.962742|0.910708|0.98883,4.63983|3.07459|0.722366|3.90463|0.117525|3.39264|1.56082|4.5695|1.48687|2.99986|0.578949|0.0974208|0.048646|5.26958|3.70937|4.91715|5.11322|1.39448|4.79469|3.14177|2.08786|3.9732|1.04264|5.24666|4.82496|0.0327787|5.41755|4.04415,66.2586|96.5216|92.3918|45.8448|14.5634|81.7362|52.1141|23.5709|97.1045|66.666|53.1277|63.8366|15.3326|56.905|90.6886|84.7043|10.3361|86.2435|76.7594|88.4205|44.8869|98.0873|93.5115|91.3525|70.4589|37.0378|82.9474,0.180129|0.241387|0.167022|0.218487|0.169453|0.218556|0.184605|0.207151|0.207556|0.212271|0.181342|0.241428|0.236297|0.185169|0.194345|0.225161|0.172286|0.182991|0.218425|0.232237|0.161116|0.239791|0.242679|0.243038|0.246199|0.191256|0.24308,0.323551|0.664018|0.776051|0.29317|0.275247|0.847503|0.200735|0.340196|0.438091|0.890059|0.519715|0.480684|0.655447|0.476138|0.45102|0.880608|0.559133|0.182796|0.515127|0.516177|0.528582|0.939209|0.487093|0.658826|0.415176|0.182586|0.624607,0.869523,0.801463,0.117836,0.0993652,0.460468,0.534015,0.0732846,0.487967,0.198257,0.921169,51.6436,5.43263e-12,47756,0.887486,41.1981,1.06086e-12,38445,0.895553,0.876428,0.0878307,0.631141,0.996144,0.511517,0.22039,0.459803,0.228135,0.891603,87.9902,7.64954e-10,30733,0.967162,70.4477,9.04596e-11,52512
24,1059,n1->n20->n21->n23->n83->n84->n33->n35->n34->n15->n63->n61->n62->n46->n48->n47->n49->n64->n65->n52->n27->n97->n95->n89->n90->n59->n50->n51,5.37021e+09|4.0293e+11|1.56161e+12|4.63033e+10|3.76373e+13|1.07392e+09|3.64323e+13|5.77859e+11|4.7313e+12|8.77071e+11|6.55204e+12|6.44979e+11|2.37342e+11|5.53417e+12|3.98001e+12|4.74236e+11|2.45005e+09|4.21034e+09|1.12599e+09|1.02428e+10|4.19351e+12|2.90604e+09|1.05601e+11|2.68119e+11|1.33273e+11|3.04563e+11|2.36425e+09|7.46708e+11,8.19724e+08|1.89646e+11|3.02345e+11|3.30225e+10|2.34723e+13|9.00899e+08|6.32377e+12|4.88834e+11|1.15705e+12|1.06991e+11|2.63574e+12|1.30372e+11|1.13053e+11|1.63629e+12|1.69514e+12|1.54765e+11|2.44458e+09|1.60867e+09|3.2906e+08|2.07235e+09|8.73344e+11|5.04144e+08|5.46554e+10|9.23423e+10|6.41526e+10|3.06423e+10|4.07889e+08|5.06847e+11,0.000494453|5.21063e-05|0.00096308|0.000277161|1.86087e-05|2.14473e-05|1.50316e-05|0.000412952|0.000140889|0.000182949|0.000116235|3.71253e-05|8.24006e-05|0.000489732|4.78153e-05|0.000202873|1.07426e-05|1.88732e-05|1.96575e-05|0.00011644|1.08528e-05|8.81202e-05|0.000260968|3.55201e-05|0.000319756|2.43107e-05|1.54283e-05|0.000185382,0.000316017|0.000368678|0.00195589|0.00418014|0.000175452|0.000434313|0.00213059|0.00138752|0.000270551|0.00274771|0.00126856|0.00313588|0.00794111|0.000159088|0.00544009|0.000266598|0.000979027|0.000135861|0.000428116|0.00580301|0.00262605|0.00494291|0.000186877|0.000111435|0.000672662|0.000202742|0.00907722|0.00344885,0.0109342|0.0108696|0.00712365|0.00314906|0.015405|0.0473575|0.00968695|0.00215298|0.0276207|0.0207315|0.0100727|0.0266048|0.0242596|0.029055|0.0455031|0.00898217|0.0183567|0.0266797|0.00118659|0.0398377|0.0303206|0.0381696|0.00282907|0.0107812|0.0285929|0.00304046|0.00638914|0.0365406,0.000178506|0.0181411|0.0414669|0.0470385|0.038157|0.0366447|0.0280967|0.0375959|0.0210615|0.0378122|0.0107197|0.0179693|0.0480911|0.0302566|0.0360942|0.0488958|0.0388066|0.0436548|0.00176737|0.0151024|0.0230682|0.00800322|0.0420997|0.0401575|0.0372754|0.0474075|0.0483596|0.0130093,0.973537|0.923215|0.971602|0.92176|0.947801|0.948551|0.923653|0.952159|0.904866|0.910795|0.903245|0.958619|0.98053|0.923372|0.967439|0.9108|0.969899|0.933821|0.967717|0.965406|0.985376|0.90679|0.966581|0.926416|0.984478|0.99171|0.910708|0.98883,4.63983|4.79469|3.14177|2.08786|4.11052|5.42186|1.04264|5.24666|4.56594|1.89272|4.68449|2.63855|5.59786|0.31178|3.09858|6.27947|3.94615|5.77568|4.1126|0.0104102|4.5695|1.41691|1.09944|0.0868458|4.02061|5.60303|5.41755|4.04415,90.7492|76.7594|88.4205|23.518|20.1884|59.7094|93.5115|26.2497|27.3162|11.0615|47.0482|89.0369|56.7189|41.9872|78.8723|91.8261|77.768|56.7563|56.1703|46.2248|31.5608|11.8968|11.8194|12.726|62.2588|47.7013|82.9474,0.215706|0.218425|0.232237|0.181099|0.246081|0.183728|0.242679|0.244194|0.231681|0.214255|0.167884|0.198053|0.167864|0.178665|0.239998|0.228404|0.165457|0.186349|0.247907|0.183493|0.219936|0.228013|0.168449|0.226099|0.169222|0.170229|0.24308,0.53635|0.515127|0.516177|0.741177|0.599197|0.218166|0.487093|0.307851|0.750497|0.692153|0.410418|0.704733|0.624525|0.182289|0.300482|0.133861|0.348083|0.927837|0.827328|0.657987|0.557853|0.342677|0.776387|0.757755|0.361153|0.776444|0.624607,0.869523,0.801463,0.117836,0.0993652,0.460468,0.534015,0.0732846,0.487967,0.198257,0.921169,51.6436,5.43263e-12,47756,0.887486,41.1981,1.06086e-12,38445,0.895553,0.876428,0.0878307,0.631141,0.996144,0.511517,0.22039,0.459803,0.228135,0.891603,87.9902,7.64954e-10,30733,0.967162,70.4477,9.04596e-11,52512
24,1060,n1->n13->n14->n12->n8->n10->n63->n15->n29->n31->n32->n30->n76->n69->n28->n27->n25->n26->n24->n23->n77->n99->n98->n57->n55->n53->n52->n51,5.37021e+09|6.60497e+13|3.70261e+10|9.70597e+10|4.61239e+13|2.49624e+09|6.55204e+12|8.77071e+11|3.6336e+13|4.79342e+12|1.78367e+12|1.26395e+10|4.21804e+13|8.81277e+09|1.34247e+11|4.19351e+12|1.67189e+13|7.09351e+09|1.59557e+13|4.63033e+10|5.68112e+11|1.57108e+10|1.8266e+13|4.14288e+09|8.84081e+12|4.60474e+10|1.02428e+10|7.46708e+11,8.19724e+08|8.87204e+12|1.44234e+10|2.76143e+10|1.04208e+13|7.32581e+08|2.63574e+12|1.06991e+11|1.77292e+13|4.42443e+12|1.05491e+12|1.81012e+09|1.15782e+13|7.57626e+09|1.51805e+10|8.73344e+11|1.40059e+13|1.31666e+09|4.06569e+12|3.30225e+10|3.56307e+11|4.21389e+09|5.99087e+12|2.05006e+09|4.69454e+12|3.18273e+10|2.07235e+09|5.06847e+11,0.000494453|0.000787814|3.25754e-05|0.000201974|6.6054e-05|6.27016e-05|0.000116235|0.000182949|0.000125062|0.00024651|0.000179959|4.789e-05|1.88608e-05|0.000268039|0.00056516|1.08528e-05|6.30741e-05|3.77967e-05|0.000193265|0.000277161|8.49487e-05|0.00089026|0.000410965|0.000173612|4.06274e-05|2.00633e-05|0.00011644|0.000185382,0.000316017|0.00788063|0.000181646|0.0016732|0.00522046|0.00113469|0.00126856|0.00274771|0.00231296|0.00308746|0.00292552|0.00655588|0.00214239|0.00367819|0.0093172|0.00262605|0.00294926|0.00522178|0.0012727|0.00418014|0.000906866|0.000350126|0.000548485|0.00271581|0.000128431|0.000509085|0.00580301|0.00344885,0.0109342|0.0476737|0.0426128|0.0313381|0.0318744|0.00597815|0.0100727|0.0207315|0.0255931|0.0211034|0.00778345|0.00398508|0.00156873|0.022957|0.0317261|0.0303206|0.0195393|0.0101688|0.0433038|0.00314906|0.04851|0.0362414|0.0295222|0.0328142|0.00843704|5.21659e-05|0.0398377|0.0365406,0.000178506|0.00335145|0.049061|0.0470205|0.0483133|0.0245713|0.0107197|0.0378122|0.00291922|0.0151027|0.0161829|0.0178703|0.0470058|0.0100342|0.03841|0.0230682|0.0159438|0.0409649|0.00780618|0.0470385|0.0115254|0.0472365|0.0297366|0.0437642|0.0314938|0.00115664|0.0151024|0.0130093,0.973537|0.954869|0.906626|0.937315|0.975256|0.962416|0.903245|0.910795|0.962742|0.943878|0.953313|0.972158|0.989289|0.975915|0.948072|0.985376|0.9023|0.981638|0.90929|0.92176|0.949999|0.953794|0.959539|0.983348|0.908585|0.913872|0.965406|0.98883,4.63983|5.26639|0.762282|3.07758|3.22282|1.97158|4.68449|1.89272|0.0327787|4.82496|0.10397|5.42296|0.578949|2.99986|1.48687|4.5695|1.57149|2.91399|3.9732|2.08786|0.722366|3.07459|2.95405|1.93323|3.37071|0.640024|0.0104102|4.04415,79.8117|92.5451|51.9585|81.3396|99.595|65.1286|11.0615|32.2763|70.4589|86.0567|69.5993|21.8454|66.666|97.1045|23.5709|64.4551|63.0993|83.4704|44.8869|39.0733|96.5216|58.4557|98.2355|61.5999|30.3781|81.3721|83.3731,0.246796|0.191459|0.222459|0.186476|0.184434|0.203746|0.214255|0.240047|0.246199|0.16799|0.204659|0.220509|0.212271|0.207556|0.207151|0.242248|0.228799|0.216464|0.161116|0.178948|0.241387|0.227784|0.190047|0.220389|0.207992|0.184589|0.197114,0.338018|0.161307|0.326911|0.379326|0.703378|0.514129|0.692153|0.895675|0.415176|0.799966|0.237533|0.936019|0.890059|0.438091|0.340196|0.837222|0.359402|0.583168|0.528582|0.23533|0.664018|0.686264|0.757428|0.549818|0.646488|0.272111|0.942894,0.869523,0.801463,0.117836,0.0993652,0.460468,0.534015,0.0732846,0.487967,0.198257,0.921169,51.6436,5.43263e-12,47756,0.887486,41.1981,1.06086e-12,38445,0.895553,0.876428,0.0878307,0.631141,0.996144,0.511517,0.22039,0.459803,0.228135,0.891603,87.9902,7.64954e-10,30733,0.967162,70.4477,9.04596e-11,52512
24,1061,n1->n99->n97->n96->n14->n13->n12->n8->n7->n2->n100->n73->n54->n82->n80->n78->n85->n84->n56->n55->n57->n74->n76->n69->n28->n29->n50->n51,5.37021e+09|1.57108e+10|2.90604e+09|2.51165e+12|3.70261e+10|6.60497e+13|9.70597e+10|4.61239e+13|3.81012e+11|5.94248e+10|4.01966e+09|1.41706e+11|2.80961e+11|1.07979e+13|2.45686e+13|3.25238e+10|2.02447e+09|1.07392e+09|1.1605e+12|8.84081e+12|4.14288e+09|5.8385e+13|4.21804e+13|8.81277e+09|1.34247e+11|3.6336e+13|2.36425e+09|7.46708e+11,8.19724e+08|4.21389e+09|5.04144e+08|5.36324e+11|1.44234e+10|8.87204e+12|2.76143e+10|1.04208e+13|6.70334e+10|3.74975e+10|2.27749e+09|5.76853e+10|2.23178e+11|1.66379e+12|2.75437e+12|2.30731e+10|2.41326e+08|9.00899e+08|5.65456e+11|4.69454e+12|2.05006e+09|7.35096e+12|1.15782e+13|7.57626e+09|1.51805e+10|1.77292e+13|4.07889e+08|5.06847e+11,0.000494453|0.00089026|8.81202e-05|1.2987e-05|3.25754e-05|0.000787814|0.000201974|6.6054e-05|0.000475679|1.10648e-05|0.000665246|6.32916e-05|1.47667e-05|0.000837919|1.13052e-05|0.000270955|2.04325e-05|2.14473e-05|1.7812e-05|4.06274e-05|0.000173612|0.000875739|1.88608e-05|0.000268039|0.00056516|0.000125062|1.54283e-05|0.000185382,0.000316017|0.000350126|0.00494291|0.000286765|0.000181646|0.00788063|0.0016732|0.00522046|0.00104538|0.00120557|0.00914892|0.000807753|0.00549128|0.00271152|0.000238286|0.00167497|0.000338175|0.000434313|0.000830638|0.000128431|0.00271581|0.00944671|0.00214239|0.00367819|0.0093172|0.00231296|0.00907722|0.00344885,0.0109342|0.0362414|0.0381696|0.0377902|0.0426128|0.0476737|0.0313381|0.0318744|0.01754|0.00369149|0.0100829|0.0455502|0.0334079|0.0278433|0.00592883|0.00569443|0.0354515|0.0473575|0.0231698|0.00843704|0.0328142|0.0280357|0.00156873|0.022957|0.0317261|0.0255931|0.00638914|0.0365406,0.000178506|0.0472365|0.00800322|0.0195364|0.049061|0.00335145|0.0470205|0.0483133|0.0283975|0.0127317|0.0460028|0.028193|0.00844474|0.0266174|0.0262948|0.0425349|0.0266209|0.0366447|0.0417641|0.0314938|0.0437642|0.0166219|0.0470058|0.0100342|0.03841|0.00291922|0.0483596|0.0130093,0.973537|0.953794|0.90679|0.951762|0.906626|0.954869|0.937315|0.975256|0.963898|0.968894|0.935175|0.909539|0.927525|0.934435|0.919013|0.92832|0.940474|0.948551|0.944528|0.908585|0.983348|0.90082|0.989289|0.975915|0.948072|0.962742|0.910708|0.98883,4.63983|3.07459|1.41691|0.85792|0.762282|5.26639|3.07758|3.22282|3.51107|4.74216|3.89025|3.29092|1.22009|0.132111|0.100836|3.3614|4.91715|5.42186|2.55597|3.37071|1.93323|0.0974208|0.578949|2.99986|1.48687|0.0327787|5.41755|4.04415,66.2586|94.4507|37.9513|54.7186|92.5451|56.34|81.3396|55.4093|88.6198|37.015|20.1165|26.1465|41.1455|47.0365|66.5291|67.1704|82.1833|34.4372|95.3312|61.5999|95.6836|53.1277|66.666|97.1045|18.7034|37.0378|82.9474,0.180129|0.168303|0.246589|0.208433|0.191459|0.206669|0.186476|0.230451|0.228013|0.17211|0.175955|0.196311|0.242874|0.231931|0.222935|0.184721|0.216313|0.222961|0.167906|0.220389|0.169856|0.181342|0.212271|0.207556|0.249902|0.191256|0.24308,0.323551|0.263233|0.157157|0.448351|0.161307|0.285239|0.379326|0.745697|0.84397|0.315214|0.825877|0.754315|0.378494|0.796307|0.109088|0.609732|0.528406|0.762891|0.402595|0.549818|0.815246|0.519715|0.890059|0.438091|0.259002|0.182586|0.624607,0.869523,0.801463,0.117836,0.0993652,0.460468,0.534015,0.0732846,0.487967,0.198257,0.921169,51.6436,5.43263e-12,47756,0.887486,41.1981,1.06086e-12,38445,0.895553,0.876428,0.0878307,0.631141,0.996144,0.511517,0.22039,0.459803,0.228135,0.891603,87.9902,7.64954e-10,30733,0.967162,70.4477,9.04596e-11,52512
24,1062,n1->n20->n18->n17->n68->n22->n74->n35->n31->n33->n84->n82->n54->n53->n52->n27->n25->n26->n24->n23->n77->n99->n97->n95->n89->n48->n50->n51,5.37021e+09|4.0293e+11|7.59179e+12|1.51096e+11|1.31753e+09|1.47e+10|5.8385e+13|5.77859e+11|4.79342e+12|3.64323e+13|1.07392e+09|1.07979e+13|2.80961e+11|4.60474e+10|1.02428e+10|4.19351e+12|1.67189e+13|7.09351e+09|1.59557e+13|4.63033e+10|5.68112e+11|1.57108e+10|2.90604e+09|1.05601e+11|2.68119e+11|3.98001e+12|2.36425e+09|7.46708e+11,8.19724e+08|1.89646e+11|4.11836e+12|1.57582e+10|3.10679e+08|9.51029e+09|7.35096e+12|4.88834e+11|4.42443e+12|6.32377e+12|9.00899e+08|1.66379e+12|2.23178e+11|3.18273e+10|2.07235e+09|8.73344e+11|1.40059e+13|1.31666e+09|4.06569e+12|3.30225e+10|3.56307e+11|4.21389e+09|5.04144e+08|5.46554e+10|9.23423e+10|1.69514e+12|4.07889e+08|5.06847e+11,0.000494453|5.21063e-05|2.98936e-05|0.000261059|0.000223952|1.77434e-05|0.000875739|0.000412952|0.00024651|1.50316e-05|2.14473e-05|0.000837919|1.47667e-05|2.00633e-05|0.00011644|1.08528e-05|6.30741e-05|3.77967e-05|0.000193265|0.000277161|8.49487e-05|0.00089026|8.81202e-05|0.000260968|3.55201e-05|4.78153e-05|1.54283e-05|0.000185382,0.000316017|0.000368678|0.000681499|0.000513001|0.00843573|0.0006856|0.00944671|0.00138752|0.00308746|0.00213059|0.000434313|0.00271152|0.00549128|0.000509085|0.00580301|0.00262605|0.00294926|0.00522178|0.0012727|0.00418014|0.000906866|0.000350126|0.00494291|0.000186877|0.000111435|0.00544009|0.00907722|0.00344885,0.0109342|0.0108696|0.0192976|0.0430027|0.0370095|0.0408661|0.0280357|0.00215298|0.0211034|0.00968695|0.0473575|0.0278433|0.0334079|5.21659e-05|0.0398377|0.0303206|0.0195393|0.0101688|0.0433038|0.00314906|0.04851|0.0362414|0.0381696|0.00282907|0.0107812|0.0455031|0.00638914|0.0365406,0.000178506|0.0181411|0.0120519|0.00442808|0.00589983|0.040072|0.0166219|0.0375959|0.0151027|0.0280967|0.0366447|0.0266174|0.00844474|0.00115664|0.0151024|0.0230682|0.0159438|0.0409649|0.00780618|0.0470385|0.0115254|0.0472365|0.00800322|0.0420997|0.0401575|0.0360942|0.0483596|0.0130093,0.973537|0.923215|0.946711|0.974312|0.984554|0.95984|0.90082|0.952159|0.943878|0.923653|0.948551|0.934435|0.927525|0.913872|0.965406|0.985376|0.9023|0.981638|0.90929|0.92176|0.949999|0.953794|0.90679|0.966581|0.926416|0.967439|0.910708|0.98883,4.63983|4.79469|4.38273|5.11322|5.26958|0.048646|0.0974208|5.24666|4.82496|1.04264|5.42186|0.132111|1.22009|0.640024|0.0104102|4.5695|1.57149|2.91399|3.9732|2.08786|0.722366|3.07459|1.41691|1.09944|0.0868458|3.09858|5.41755|4.04415,90.7492|89.2299|43.2583|23.9015|15.3326|63.8366|67.7415|91.3525|95.0453|59.7094|83.37|41.1455|75.3264|81.3721|46.2248|64.4551|63.0993|83.4704|44.8869|39.0733|96.5216|94.4507|11.8968|11.8194|94.0077|23.5956|82.9474,0.215706|0.247215|0.218822|0.236806|0.236297|0.241428|0.161632|0.243038|0.234751|0.183728|0.203763|0.242874|0.191357|0.184589|0.183493|0.242248|0.228799|0.216464|0.161116|0.178948|0.241387|0.168303|0.228013|0.168449|0.234363|0.191801|0.24308,0.53635|0.652252|0.981182|0.2818|0.655447|0.480684|0.301798|0.658826|0.258586|0.218166|0.808712|0.378494|0.567841|0.272111|0.657987|0.837222|0.359402|0.583168|0.528582|0.23533|0.664018|0.263233|0.342677|0.776387|0.948873|0.688345|0.624607,0.869523,0.801463,0.117836,0.0993652,0.460468,0.534015,0.0732846,0.487967,0.198257,0.921169,51.6436,5.43263e-12,47756,0.887486,41.1981,1.06086e-12,38445,0.895553,0.876428,0.0878307,0.631141,0.996144,0.511517,0.22039,0.459803,0.228135,0.891603,87.9902,7.64954e-10,30733,0.967162,70.4477,9.04596e-11,52512
24,1063,n1->n13->n14->n12->n8->n7->n9->n11->n29->n15->n34->n35->n33->n84->n85->n65->n52->n27->n4->n2->n100->n73->n54->n40->n42->n63->n61->n51,5.37021e+09|6.60497e+13|3.70261e+10|9.70597e+10|4.61239e+13|3.81012e+11|1.49139e+12|1.78735e+12|3.6336e+13|8.77071e+11|4.7313e+12|5.77859e+11|3.64323e+13|1.07392e+09|2.02447e+09|1.12599e+09|1.02428e+10|4.19351e+12|7.07339e+12|5.94248e+10|4.01966e+09|1.41706e+11|2.80961e+11|3.58065e+10|2.42905e+09|6.55204e+12|6.44979e+11|7.46708e+11,8.19724e+08|8.87204e+12|1.44234e+10|2.76143e+10|1.04208e+13|6.70334e+10|3.79906e+11|3.29521e+11|1.77292e+13|1.06991e+11|1.15705e+12|4.88834e+11|6.32377e+12|9.00899e+08|2.41326e+08|3.2906e+08|2.07235e+09|8.73344e+11|2.43435e+12|3.74975e+10|2.27749e+09|5.76853e+10|2.23178e+11|4.14657e+09|2.47264e+08|2.63574e+12|1.30372e+11|5.06847e+11,0.000494453|0.000787814|3.25754e-05|0.000201974|6.6054e-05|0.000475679|1.80008e-05|5.47786e-05|0.000125062|0.000182949|0.000140889|0.000412952|1.50316e-05|2.14473e-05|2.04325e-05|1.96575e-05|0.00011644|1.08528e-05|0.000113681|1.10648e-05|0.000665246|6.32916e-05|1.47667e-05|6.01341e-05|8.79758e-05|0.000116235|3.71253e-05|0.000185382,0.000316017|0.00788063|0.000181646|0.0016732|0.00522046|0.00104538|0.00065196|0.00652494|0.00231296|0.00274771|0.000270551|0.00138752|0.00213059|0.000434313|0.000338175|0.000428116|0.00580301|0.00262605|0.00198341|0.00120557|0.00914892|0.000807753|0.00549128|0.00268841|0.000493531|0.00126856|0.00313588|0.00344885,0.0109342|0.0476737|0.0426128|0.0313381|0.0318744|0.01754|0.0140743|0.00125292|0.0255931|0.0207315|0.0276207|0.00215298|0.00968695|0.0473575|0.0354515|0.00118659|0.0398377|0.0303206|0.0350273|0.00369149|0.0100829|0.0455502|0.0334079|0.0249103|0.00783732|0.0100727|0.0266048|0.0365406,0.000178506|0.00335145|0.049061|0.0470205|0.0483133|0.0283975|0.033904|0.0136412|0.00291922|0.0378122|0.0210615|0.0375959|0.0280967|0.0366447|0.0266209|0.00176737|0.0151024|0.0230682|0.0273051|0.0127317|0.0460028|0.028193|0.00844474|0.033399|0.0327962|0.0107197|0.0179693|0.0130093,0.973537|0.954869|0.906626|0.937315|0.975256|0.963898|0.963574|0.988894|0.962742|0.910795|0.904866|0.952159|0.923653|0.948551|0.940474|0.967717|0.965406|0.985376|0.917619|0.968894|0.935175|0.909539|0.927525|0.920308|0.960936|0.903245|0.958619|0.98883,4.63983|5.26639|0.762282|3.07758|3.22282|3.51107|5.88966|0.923897|0.0327787|1.89272|4.56594|5.24666|1.04264|5.42186|4.91715|4.1126|0.0104102|4.5695|1.56082|4.74216|3.89025|3.29092|1.22009|2.50002|0.765875|4.68449|2.63855|4.04415,79.8117|92.5451|51.9585|81.3396|55.4093|59.8148|99.0064|13.2112|32.2763|27.3162|26.2497|93.5115|59.7094|82.1833|82.5435|56.1703|46.2248|52.1141|30.2686|37.015|20.1165|26.1465|12.2677|77.6192|97.0433|47.0482|66.5616,0.246796|0.191459|0.222459|0.186476|0.230451|0.18359|0.201409|0.219003|0.240047|0.231681|0.244194|0.242679|0.183728|0.216313|0.20461|0.247907|0.183493|0.184605|0.239023|0.17211|0.175955|0.196311|0.248162|0.243521|0.211509|0.167884|0.171721,0.338018|0.161307|0.326911|0.379326|0.745697|0.339058|0.439638|0.427028|0.895675|0.750497|0.307851|0.487093|0.218166|0.528406|0.519435|0.827328|0.657987|0.200735|0.514427|0.315214|0.825877|0.754315|0.812759|0.14346|0.758395|0.410418|0.235817,0.869523,0.801463,0.117836,0.0993652,0.460468,0.534015,0.0732846,0.487967,0.198257,0.921169,51.6436,5.43263e-12,47756,0.887486,41.1981,1.06086e-12,38445,0.895553,0.876428,0.0878307,0.631141,0.996144,0.511517,0.22039,0.459803,0.228135,0.891603,87.9902,7.64954e-10,30733,0.967162,70.4477,9.04596e-11,52512
24,1064,n1->n13->n15->n63->n79->n81->n37->n39->n10->n8->n12->n6->n33->n32->n34->n36->n38->n67->n64->n62->n60->n59->n90->n56->n55->n53->n52->n51,5.37021e+09|6.60497e+13|8.77071e+11|6.55204e+12|1.47019e+10|2.58887e+10|2.79748e+13|3.34792e+13|2.49624e+09|4.61239e+13|9.70597e+10|1.14208e+09|3.64323e+13|1.78367e+12|4.7313e+12|7.73972e+11|1.16426e+13|4.7483e+09|4.21034e+09|2.37342e+11|8.79841e+13|3.04563e+11|1.33273e+11|1.1605e+12|8.84081e+12|4.60474e+10|1.02428e+10|7.46708e+11,8.19724e+08|8.87204e+12|1.06991e+11|2.63574e+12|4.87652e+09|8.36206e+09|4.96975e+12|1.12013e+13|7.32581e+08|1.04208e+13|2.76143e+10|2.20459e+08|6.32377e+12|1.05491e+12|1.15705e+12|7.77593e+10|1.19258e+12|7.5553e+08|1.60867e+09|1.13053e+11|5.95756e+13|3.06423e+10|6.41526e+10|5.65456e+11|4.69454e+12|3.18273e+10|2.07235e+09|5.06847e+11,0.000494453|0.000787814|0.000182949|0.000116235|0.000133131|0.000268232|1.06248e-05|5.53896e-05|6.27016e-05|6.6054e-05|0.000201974|1.08483e-05|1.50316e-05|0.000179959|0.000140889|0.000426407|1.04425e-05|3.91885e-05|1.88732e-05|8.24006e-05|0.000731749|2.43107e-05|0.000319756|1.7812e-05|4.06274e-05|2.00633e-05|0.00011644|0.000185382,0.000316017|0.00788063|0.00274771|0.00126856|0.000479664|0.000752991|0.000261291|0.0025393|0.00113469|0.00522046|0.0016732|0.00010157|0.00213059|0.00292552|0.000270551|0.00396778|0.00950649|0.000640186|0.000135861|0.00794111|0.000248463|0.000202742|0.000672662|0.000830638|0.000128431|0.000509085|0.00580301|0.00344885,0.0109342|0.0476737|0.0207315|0.0100727|0.0252961|0.0481357|0.0457563|0.00111942|0.00597815|0.0318744|0.0313381|0.00160082|0.00968695|0.00778345|0.0276207|0.00497013|0.0263713|0.029632|0.0266797|0.0242596|0.0128442|0.00304046|0.0285929|0.0231698|0.00843704|5.21659e-05|0.0398377|0.0365406,0.000178506|0.00335145|0.0378122|0.0107197|0.0203026|0.00997263|0.0105712|0.0449458|0.0245713|0.0483133|0.0470205|0.0260762|0.0280967|0.0161829|0.0210615|0.0341912|0.00318517|0.0482082|0.0436548|0.0480911|0.0431033|0.0474075|0.0372754|0.0417641|0.0314938|0.00115664|0.0151024|0.0130093,0.973537|0.954869|0.910795|0.903245|0.966262|0.948836|0.964079|0.924329|0.962416|0.975256|0.937315|0.908628|0.923653|0.953313|0.904866|0.94998|0.902547|0.924883|0.933821|0.98053|0.945549|0.99171|0.984478|0.944528|0.908585|0.913872|0.965406|0.98883,4.63983|5.26639|1.89272|4.68449|3.41737|1.5908|4.96174|1.19952|1.97158|3.22282|3.07758|5.01633|1.04264|0.10397|4.56594|3.70656|5.09423|2.06342|5.77568|5.59786|4.50487|5.60303|4.02061|2.55597|3.37071|0.640024|0.0104102|4.04415,79.8117|66.6304|11.0615|16.1844|26.55|88.8597|31.554|24.4191|99.595|81.3396|32.9383|50.0569|61.2747|23.0914|89.5651|61.2725|59.2872|95.5844|93.0484|48.3985|76.8491|62.2588|40.6061|95.3312|30.3781|81.3721|83.3731,0.246796|0.179788|0.214255|0.22961|0.238834|0.211898|0.195005|0.239532|0.184434|0.186476|0.230728|0.19306|0.208144|0.18593|0.241996|0.204351|0.200548|0.248978|0.176232|0.17162|0.204072|0.169222|0.166746|0.167906|0.207992|0.184589|0.197114,0.338018|0.275394|0.692153|0.217843|0.957633|0.430076|0.711047|0.991722|0.703378|0.379326|0.628307|0.116472|0.704271|0.12287|0.265381|0.413834|0.127053|0.480161|0.182879|0.641887|0.509755|0.361153|0.163177|0.402595|0.646488|0.272111|0.942894,0.869523,0.801463,0.117836,0.0993652,0.460468,0.534015,0.0732846,0.487967,0.198257,0.921169,51.6436,5.43263e-12,47756,0.887486,41.1981,1.06086e-12,38445,0.895553,0.876428,0.0878307,0.631141,0.996144,0.511517,0.22039,0.459803,0.228135,0.891603,87.9902,7.64954e-10,30733,0.967162,70.4477,9.04596e-11,52512
24,1065,n1->n13->n12->n8->n10->n9->n11->n29->n28->n69->n3->n5->n7->n2->n4->n75->n73->n71->n72->n70->n18->n16->n38->n36->n34->n15->n63->n61->n51,5.37021e+09|6.60497e+13|9.70597e+10|4.61239e+13|2.49624e+09|1.49139e+12|1.78735e+12|3.6336e+13|1.34247e+11|8.81277e+09|2.78751e+13|2.91995e+11|3.81012e+11|5.94248e+10|7.07339e+12|8.71921e+10|1.41706e+11|7.70008e+11|6.83442e+09|6.87309e+13|7.59179e+12|1.09193e+13|1.16426e+13|7.73972e+11|4.7313e+12|8.77071e+11|6.55204e+12|6.44979e+11|7.46708e+11,8.19724e+08|8.87204e+12|2.76143e+10|1.04208e+13|7.32581e+08|3.79906e+11|3.29521e+11|1.77292e+13|1.51805e+10|7.57626e+09|1.44762e+13|4.67133e+10|6.70334e+10|3.74975e+10|2.43435e+12|5.29113e+10|5.76853e+10|1.60546e+11|1.48353e+09|9.78332e+12|4.11836e+12|1.33827e+12|1.19258e+12|7.77593e+10|1.15705e+12|1.06991e+11|2.63574e+12|1.30372e+11|5.06847e+11,0.000494453|0.000787814|0.000201974|6.6054e-05|6.27016e-05|1.80008e-05|5.47786e-05|0.000125062|0.00056516|0.000268039|0.00022361|7.03031e-05|0.000475679|1.10648e-05|0.000113681|0.000766915|6.32916e-05|0.00017279|0.000159499|5.13815e-05|2.98936e-05|3.71682e-05|1.04425e-05|0.000426407|0.000140889|0.000182949|0.000116235|3.71253e-05|0.000185382,0.000316017|0.00788063|0.0016732|0.00522046|0.00113469|0.00065196|0.00652494|0.00231296|0.0093172|0.00367819|0.00776667|0.000196916|0.00104538|0.00120557|0.00198341|0.000203965|0.000807753|0.00123164|0.00384342|0.00295865|0.000681499|0.00174713|0.00950649|0.00396778|0.000270551|0.00274771|0.00126856|0.00313588|0.00344885,0.0109342|0.0476737|0.0313381|0.0318744|0.00597815|0.0140743|0.00125292|0.0255931|0.0317261|0.022957|0.0268705|0.00731162|0.01754|0.00369149|0.0350273|0.0243876|0.0455502|0.0398828|0.0479977|0.0286141|0.0192976|0.0123696|0.0263713|0.00497013|0.0276207|0.0207315|0.0100727|0.0266048|0.0365406,0.000178506|0.00335145|0.0470205|0.0483133|0.0245713|0.033904|0.0136412|0.00291922|0.03841|0.0100342|0.0326941|0.0421608|0.0283975|0.0127317|0.0273051|0.0250863|0.028193|0.0326729|0.0299903|0.0216638|0.0120519|0.0240438|0.00318517|0.0341912|0.0210615|0.0378122|0.0107197|0.0179693|0.0130093,0.973537|0.954869|0.937315|0.975256|0.962416|0.963574|0.988894|0.962742|0.948072|0.975915|0.982466|0.951514|0.963898|0.968894|0.917619|0.936129|0.909539|0.947193|0.96924|0.966653|0.946711|0.979533|0.902547|0.94998|0.904866|0.910795|0.903245|0.958619|0.98883,4.63983|5.26639|3.07758|3.22282|1.97158|5.88966|0.923897|0.0327787|1.48687|2.99986|4.79844|4.90362|3.51107|4.74216|1.56082|3.39264|3.29092|0.117525|3.90463|4.60778|4.38273|1.69436|5.09423|3.70656|4.56594|1.89272|4.68449|2.63855|4.04415,79.8117|56.34|81.3396|99.595|65.9961|99.0064|13.2112|18.7034|97.1045|83.9106|10.4739|37.2729|88.6198|30.2686|81.7362|85.6152|28.2621|45.8448|97.4405|55.8812|72.2829|28.0546|61.2725|89.5651|27.3162|11.0615|47.0482|66.5616,0.246796|0.206669|0.186476|0.184434|0.193896|0.201409|0.219003|0.249902|0.207556|0.204476|0.163561|0.176784|0.228013|0.239023|0.218556|0.185893|0.242769|0.218487|0.180102|0.234874|0.180241|0.17367|0.204351|0.241996|0.231681|0.214255|0.167884|0.171721,0.338018|0.285239|0.379326|0.703378|0.982181|0.439638|0.427028|0.259002|0.438091|0.65353|0.469027|0.943162|0.84397|0.514427|0.847503|0.624191|0.940077|0.29317|0.79408|0.16843|0.553025|0.828443|0.413834|0.265381|0.750497|0.692153|0.410418|0.235817,0.869523,0.801463,0.117836,0.0993652,0.460468,0.534015,0.0732846,0.487967,0.198257,0.921169,51.6436,5.43263e-12,47756,0.887486,41.1981,1.06086e-12,38445,0.895553,0.876428,0.0878307,0.631141,0.996144,0.511517,0.22039,0.459803,0.228135,0.891603,87.9902,7.64954e-10,30733,0.967162,70.4477,9.04596e-11,52512
24,1066,n1->n99->n98->n57->n83->n85->n17->n68->n66->n32->n30->n31->n35->n74->n75->n76->n86->n87->n88->n90->n100->n2->n4->n27->n25->n26->n47->n49->n51,5.37021e+09|1.57108e+10|1.8266e+13|4.14288e+09|3.76373e+13|2.02447e+09|1.51096e+11|1.31753e+09|1.10072e+10|1.78367e+12|1.26395e+10|4.79342e+12|5.77859e+11|5.8385e+13|8.71921e+10|4.21804e+13|3.85304e+10|7.3435e+12|9.00567e+12|1.33273e+11|4.01966e+09|5.94248e+10|7.07339e+12|4.19351e+12|1.67189e+13|7.09351e+09|4.74236e+11|2.45005e+09|7.46708e+11,8.19724e+08|4.21389e+09|5.99087e+12|2.05006e+09|2.34723e+13|2.41326e+08|1.57582e+10|3.10679e+08|8.7665e+09|1.05491e+12|1.81012e+09|4.42443e+12|4.88834e+11|7.35096e+12|5.29113e+10|1.15782e+13|4.69095e+09|2.79916e+12|8.66002e+12|6.41526e+10|2.27749e+09|3.74975e+10|2.43435e+12|8.73344e+11|1.40059e+13|1.31666e+09|1.54765e+11|2.44458e+09|5.06847e+11,0.000494453|0.00089026|0.000410965|0.000173612|1.86087e-05|2.04325e-05|0.000261059|0.000223952|0.000237659|0.000179959|4.789e-05|0.00024651|0.000412952|0.000875739|0.000766915|1.88608e-05|6.21631e-05|0.000634307|6.2721e-05|0.000319756|0.000665246|1.10648e-05|0.000113681|1.08528e-05|6.30741e-05|3.77967e-05|0.000202873|1.07426e-05|0.000185382,0.000316017|0.000350126|0.000548485|0.00271581|0.000175452|0.000338175|0.000513001|0.00843573|0.000470269|0.00292552|0.00655588|0.00308746|0.00138752|0.00944671|0.000203965|0.00214239|0.00341054|0.00151267|0.000480267|0.000672662|0.00914892|0.00120557|0.00198341|0.00262605|0.00294926|0.00522178|0.000266598|0.000979027|0.00344885,0.0109342|0.0362414|0.0295222|0.0328142|0.015405|0.0354515|0.0430027|0.0370095|0.0203827|0.00778345|0.00398508|0.0211034|0.00215298|0.0280357|0.0243876|0.00156873|0.0237043|0.0186268|0.00850464|0.0285929|0.0100829|0.00369149|0.0350273|0.0303206|0.0195393|0.0101688|0.00898217|0.0183567|0.0365406,0.000178506|0.0472365|0.0297366|0.0437642|0.038157|0.0266209|0.00442808|0.00589983|0.0146278|0.0161829|0.0178703|0.0151027|0.0375959|0.0166219|0.0250863|0.0470058|0.0488574|0.00979507|0.0237676|0.0372754|0.0460028|0.0127317|0.0273051|0.0230682|0.0159438|0.0409649|0.0488958|0.0388066|0.0130093,0.973537|0.953794|0.959539|0.983348|0.947801|0.940474|0.974312|0.984554|0.978907|0.953313|0.972158|0.943878|0.952159|0.90082|0.936129|0.989289|0.981332|0.977244|0.962132|0.984478|0.935175|0.968894|0.917619|0.985376|0.9023|0.981638|0.9108|0.969899|0.98883,4.63983|3.07459|2.95405|1.93323|4.11052|4.91715|5.11322|5.26958|3.10364|0.10397|5.42296|4.82496|5.24666|0.0974208|3.39264|0.578949|4.96971|2.33192|1.9653|4.02061|3.89025|4.74216|1.56082|4.5695|1.57149|2.91399|6.27947|3.94615|4.04415,66.2586|58.4557|98.2355|50.003|92.2019|84.7043|23.9015|70.8824|27.3217|69.5993|88.6669|91.3525|67.7415|64.3401|63.5216|37.5994|88.9922|57.0974|14.1987|32.7492|37.015|30.2686|52.1141|64.4551|63.0993|70.8805|91.8261|10.4661,0.180129|0.227784|0.190047|0.1911|0.231254|0.225161|0.236806|0.16183|0.199785|0.204659|0.215598|0.243038|0.161632|0.220369|0.207806|0.17745|0.246364|0.227675|0.244274|0.191207|0.17211|0.239023|0.184605|0.242248|0.228799|0.189485|0.228404|0.216931,0.323551|0.686264|0.757428|0.161388|0.604504|0.880608|0.2818|0.215539|0.769012|0.237533|0.123891|0.658826|0.301798|0.119032|0.844544|0.871942|0.83582|0.396625|0.997795|0.878161|0.315214|0.514427|0.200735|0.837222|0.359402|0.757042|0.133861|0.516407,0.869523,0.801463,0.117836,0.0993652,0.460468,0.534015,0.0732846,0.487967,0.198257,0.921169,51.6436,5.43263e-12,47756,0.887486,41.1981,1.06086e-12,38445,0.895553,0.876428,0.0878307,0.631141,0.996144,0.511517,0.22039,0.459803,0.228135,0.891603,87.9902,7.64954e-10,30733,0.967162,70.4477,9.04596e-11,52512
24,1067,n1->n99->n77->n72->n73->n54->n56->n90->n100->n2->n7->n9->n11->n29->n15->n13->n14->n75->n74->n22->n21->n20->n96->n94->n92->n93->n64->n49->n51,5.37021e+09|1.57108e+10|5.68112e+11|6.83442e+09|1.41706e+11|2.80961e+11|1.1605e+12|1.33273e+11|4.01966e+09|5.94248e+10|3.81012e+11|1.49139e+12|1.78735e+12|3.6336e+13|8.77071e+11|6.60497e+13|3.70261e+10|8.71921e+10|5.8385e+13|1.47e+10|1.56161e+12|4.0293e+11|2.51165e+12|1.36531e+10|1.97334e+09|4.22601e+13|4.21034e+09|2.45005e+09|7.46708e+11,8.19724e+08|4.21389e+09|3.56307e+11|1.48353e+09|5.76853e+10|2.23178e+11|5.65456e+11|6.41526e+10|2.27749e+09|3.74975e+10|6.70334e+10|3.79906e+11|3.29521e+11|1.77292e+13|1.06991e+11|8.87204e+12|1.44234e+10|5.29113e+10|7.35096e+12|9.51029e+09|3.02345e+11|1.89646e+11|5.36324e+11|1.67171e+09|1.46451e+09|1.3774e+13|1.60867e+09|2.44458e+09|5.06847e+11,0.000494453|0.00089026|8.49487e-05|0.000159499|6.32916e-05|1.47667e-05|1.7812e-05|0.000319756|0.000665246|1.10648e-05|0.000475679|1.80008e-05|5.47786e-05|0.000125062|0.000182949|0.000787814|3.25754e-05|0.000766915|0.000875739|1.77434e-05|0.00096308|5.21063e-05|1.2987e-05|2.95455e-05|2.75832e-05|8.45967e-05|1.88732e-05|1.07426e-05|0.000185382,0.000316017|0.000350126|0.000906866|0.00384342|0.000807753|0.00549128|0.000830638|0.000672662|0.00914892|0.00120557|0.00104538|0.00065196|0.00652494|0.00231296|0.00274771|0.00788063|0.000181646|0.000203965|0.00944671|0.0006856|0.00195589|0.000368678|0.000286765|0.000125263|0.0052688|0.000162335|0.000135861|0.000979027|0.00344885,0.0109342|0.0362414|0.04851|0.0479977|0.0455502|0.0334079|0.0231698|0.0285929|0.0100829|0.00369149|0.01754|0.0140743|0.00125292|0.0255931|0.0207315|0.0476737|0.0426128|0.0243876|0.0280357|0.0408661|0.00712365|0.0108696|0.0377902|0.00830448|0.0444618|0.0108045|0.0266797|0.0183567|0.0365406,0.000178506|0.0472365|0.0115254|0.0299903|0.028193|0.00844474|0.0417641|0.0372754|0.0460028|0.0127317|0.0283975|0.033904|0.0136412|0.00291922|0.0378122|0.00335145|0.049061|0.0250863|0.0166219|0.040072|0.0414669|0.0181411|0.0195364|0.0293842|0.0387741|0.0326183|0.0436548|0.0388066|0.0130093,0.973537|0.953794|0.949999|0.96924|0.909539|0.927525|0.944528|0.984478|0.935175|0.968894|0.963898|0.963574|0.988894|0.962742|0.910795|0.954869|0.906626|0.936129|0.90082|0.95984|0.971602|0.923215|0.951762|0.927471|0.987763|0.912097|0.933821|0.969899|0.98883,4.63983|3.07459|0.722366|3.90463|3.29092|1.22009|2.55597|4.02061|3.89025|4.74216|3.51107|5.88966|0.923897|0.0327787|1.89272|5.26639|0.762282|3.39264|0.0974208|0.048646|3.14177|4.79469|0.85792|5.03384|6.03913|5.92115|5.77568|3.94615|4.04415,66.2586|96.5216|92.3918|29.1617|26.1465|42.6814|40.6061|32.7492|37.015|88.6198|59.8148|99.0064|13.2112|32.2763|66.6304|92.5451|56.2706|64.3401|63.8366|55.6995|76.7594|58.7029|71.0086|13.5087|61.035|32.5899|77.768|10.4661,0.180129|0.241387|0.167022|0.178937|0.196311|0.167734|0.166746|0.191207|0.17211|0.228013|0.18359|0.201409|0.219003|0.240047|0.179788|0.191459|0.226178|0.220369|0.241428|0.206062|0.218425|0.201188|0.230021|0.230182|0.21409|0.178102|0.165457|0.216931,0.323551|0.664018|0.776051|0.920295|0.754315|0.927159|0.163177|0.878161|0.315214|0.84397|0.339058|0.439638|0.427028|0.895675|0.275394|0.161307|0.725021|0.119032|0.480684|0.677391|0.515127|0.666395|0.131268|0.731663|0.722832|0.548301|0.348083|0.516407,0.869523,0.801463,0.117836,0.0993652,0.460468,0.534015,0.0732846,0.487967,0.198257,0.921169,51.6436,5.43263e-12,47756,0.887486,41.1981,1.06086e-12,38445,0.895553,0.876428,0.0878307,0.631141,0.996144,0.511517,0.22039,0.459803,0.228135,0.891603,87.9902,7.64954e-10,30733,0.967162,70.4477,9.04596e-11,52512
24,1068,n1->n20->n89->n88->n87->n86->n76->n74->n35->n33->n32->n34->n15->n63->n82->n84->n56->n90->n100->n73->n10->n8->n12->n14->n13->n11->n29->n50->n51,5.37021e+09|4.0293e+11|2.68119e+11|9.00567e+12|7.3435e+12|3.85304e+10|4.21804e+13|5.8385e+13|5.77859e+11|3.64323e+13|1.78367e+12|4.7313e+12|8.77071e+11|6.55204e+12|1.07979e+13|1.07392e+09|1.1605e+12|1.33273e+11|4.01966e+09|1.41706e+11|2.49624e+09|4.61239e+13|9.70597e+10|3.70261e+10|6.60497e+13|1.78735e+12|3.6336e+13|2.36425e+09|7.46708e+11,8.19724e+08|1.89646e+11|9.23423e+10|8.66002e+12|2.79916e+12|4.69095e+09|1.15782e+13|7.35096e+12|4.88834e+11|6.32377e+12|1.05491e+12|1.15705e+12|1.06991e+11|2.63574e+12|1.66379e+12|9.00899e+08|5.65456e+11|6.41526e+10|2.27749e+09|5.76853e+10|7.32581e+08|1.04208e+13|2.76143e+10|1.44234e+10|8.87204e+12|3.29521e+11|1.77292e+13|4.07889e+08|5.06847e+11,0.000494453|5.21063e-05|3.55201e-05|6.2721e-05|0.000634307|6.21631e-05|1.88608e-05|0.000875739|0.000412952|1.50316e-05|0.000179959|0.000140889|0.000182949|0.000116235|0.000837919|2.14473e-05|1.7812e-05|0.000319756|0.000665246|6.32916e-05|6.27016e-05|6.6054e-05|0.000201974|3.25754e-05|0.000787814|5.47786e-05|0.000125062|1.54283e-05|0.000185382,0.000316017|0.000368678|0.000111435|0.000480267|0.00151267|0.00341054|0.00214239|0.00944671|0.00138752|0.00213059|0.00292552|0.000270551|0.00274771|0.00126856|0.00271152|0.000434313|0.000830638|0.000672662|0.00914892|0.000807753|0.00113469|0.00522046|0.0016732|0.000181646|0.00788063|0.00652494|0.00231296|0.00907722|0.00344885,0.0109342|0.0108696|0.0107812|0.00850464|0.0186268|0.0237043|0.00156873|0.0280357|0.00215298|0.00968695|0.00778345|0.0276207|0.0207315|0.0100727|0.0278433|0.0473575|0.0231698|0.0285929|0.0100829|0.0455502|0.00597815|0.0318744|0.0313381|0.0426128|0.0476737|0.00125292|0.0255931|0.00638914|0.0365406,0.000178506|0.0181411|0.0401575|0.0237676|0.00979507|0.0488574|0.0470058|0.0166219|0.0375959|0.0280967|0.0161829|0.0210615|0.0378122|0.0107197|0.0266174|0.0366447|0.0417641|0.0372754|0.0460028|0.028193|0.0245713|0.0483133|0.0470205|0.049061|0.00335145|0.0136412|0.00291922|0.0483596|0.0130093,0.973537|0.923215|0.926416|0.962132|0.977244|0.981332|0.989289|0.90082|0.952159|0.923653|0.953313|0.904866|0.910795|0.903245|0.934435|0.948551|0.944528|0.984478|0.935175|0.909539|0.962416|0.975256|0.937315|0.906626|0.954869|0.988894|0.962742|0.910708|0.98883,4.63983|4.79469|0.0868458|1.9653|2.33192|4.96971|0.578949|0.0974208|5.24666|1.04264|0.10397|4.56594|1.89272|4.68449|0.132111|5.42186|2.55597|4.02061|3.89025|3.29092|1.97158|3.22282|3.07758|0.762282|5.26639|0.923897|0.0327787|5.41755|4.04415,90.7492|18.2346|92.4072|57.0974|88.9922|37.5994|53.1277|67.7415|93.5115|61.2747|23.0914|27.3162|11.0615|48.6997|83.37|34.4372|40.6061|32.7492|20.1165|29.3778|99.595|81.3396|51.9585|92.5451|13.9548|13.2112|37.0378|82.9474,0.215706|0.231355|0.203687|0.227675|0.246364|0.17745|0.181342|0.161632|0.242679|0.208144|0.18593|0.231681|0.214255|0.175742|0.203763|0.222961|0.166746|0.191207|0.175955|0.202302|0.184434|0.186476|0.222459|0.191459|0.189728|0.219003|0.191256|0.24308,0.53635|0.595303|0.876618|0.396625|0.83582|0.871942|0.519715|0.301798|0.487093|0.704271|0.12287|0.750497|0.692153|0.4301|0.808712|0.762891|0.163177|0.878161|0.825877|0.747283|0.703378|0.379326|0.326911|0.161307|0.801183|0.427028|0.182586|0.624607,0.869523,0.801463,0.117836,0.0993652,0.460468,0.534015,0.0732846,0.487967,0.198257,0.921169,51.6436,5.43263e-12,47756,0.887486,41.1981,1.06086e-12,38445,0.895553,0.876428,0.0878307,0.631141,0.996144,0.511517,0.22039,0.459803,0.228135,0.891603,87.9902,7.64954e-10,30733,0.967162,70.4477,9.04596e-11,52512
24,1069,n1->n20->n21->n67->n64->n49->n47->n45->n43->n44->n41->n39->n38->n37->n81->n83->n84->n85->n17->n19->n18->n70->n72->n71->n73->n10->n63->n61->n51,5.37021e+09|4.0293e+11|1.56161e+12|4.7483e+09|4.21034e+09|2.45005e+09|4.74236e+11|8.38488e+13|1.40931e+10|5.26537e+13|3.95737e+11|3.34792e+13|1.16426e+13|2.79748e+13|2.58887e+10|3.76373e+13|1.07392e+09|2.02447e+09|1.51096e+11|2.47533e+11|7.59179e+12|6.87309e+13|6.83442e+09|7.70008e+11|1.41706e+11|2.49624e+09|6.55204e+12|6.44979e+11|7.46708e+11,8.19724e+08|1.89646e+11|3.02345e+11|7.5553e+08|1.60867e+09|2.44458e+09|1.54765e+11|1.01787e+13|3.26577e+09|2.86817e+13|1.47899e+11|1.12013e+13|1.19258e+12|4.96975e+12|8.36206e+09|2.34723e+13|9.00899e+08|2.41326e+08|1.57582e+10|2.33399e+11|4.11836e+12|9.78332e+12|1.48353e+09|1.60546e+11|5.76853e+10|7.32581e+08|2.63574e+12|1.30372e+11|5.06847e+11,0.000494453|5.21063e-05|0.00096308|3.91885e-05|1.88732e-05|1.07426e-05|0.000202873|1.67225e-05|0.000955168|0.000124649|2.35935e-05|5.53896e-05|1.04425e-05|1.06248e-05|0.000268232|1.86087e-05|2.14473e-05|2.04325e-05|0.000261059|0.000261527|2.98936e-05|5.13815e-05|0.000159499|0.00017279|6.32916e-05|6.27016e-05|0.000116235|3.71253e-05|0.000185382,0.000316017|0.000368678|0.00195589|0.000640186|0.000135861|0.000979027|0.000266598|0.000742576|0.00344494|0.00158999|0.00412419|0.0025393|0.00950649|0.000261291|0.000752991|0.000175452|0.000434313|0.000338175|0.000513001|0.000768065|0.000681499|0.00295865|0.00384342|0.00123164|0.000807753|0.00113469|0.00126856|0.00313588|0.00344885,0.0109342|0.0108696|0.00712365|0.029632|0.0266797|0.0183567|0.00898217|0.00846218|0.0168583|0.0486405|0.00451081|0.00111942|0.0263713|0.0457563|0.0481357|0.015405|0.0473575|0.0354515|0.0430027|0.0201979|0.0192976|0.0286141|0.0479977|0.0398828|0.0455502|0.00597815|0.0100727|0.0266048|0.0365406,0.000178506|0.0181411|0.0414669|0.0482082|0.0436548|0.0388066|0.0488958|0.0342415|0.0482719|0.00764508|0.00491436|0.0449458|0.00318517|0.0105712|0.00997263|0.038157|0.0366447|0.0266209|0.00442808|0.0291803|0.0120519|0.0216638|0.0299903|0.0326729|0.028193|0.0245713|0.0107197|0.0179693|0.0130093,0.973537|0.923215|0.971602|0.924883|0.933821|0.969899|0.9108|0.934264|0.943219|0.932977|0.923722|0.924329|0.902547|0.964079|0.948836|0.947801|0.948551|0.940474|0.974312|0.941018|0.946711|0.966653|0.96924|0.947193|0.909539|0.962416|0.903245|0.958619|0.98883,4.63983|4.79469|3.14177|2.06342|5.77568|3.94615|6.27947|5.31688|2.3897|2.64532|4.11092|1.19952|5.09423|4.96174|1.5908|4.11052|5.42186|4.91715|5.11322|1.39448|4.38273|4.60778|3.90463|0.117525|3.29092|1.97158|4.68449|2.63855|4.04415,90.7492|76.7594|42.5138|95.5844|77.768|91.8261|40.979|48.5398|69.1985|12.7315|38.9947|52.0957|46.986|88.8597|78.7627|20.1884|82.1833|84.7043|10.3361|34.0839|55.8812|97.4405|45.8448|28.2621|29.3778|65.1286|47.0482|66.5616,0.215706|0.218425|0.197352|0.248978|0.165457|0.228404|0.216949|0.218428|0.210513|0.246433|0.18226|0.199024|0.170599|0.211898|0.170031|0.246081|0.216313|0.225161|0.172286|0.248409|0.234874|0.180102|0.218487|0.242769|0.202302|0.203746|0.167884|0.171721,0.53635|0.515127|0.602799|0.480161|0.348083|0.133861|0.317946|0.854577|0.374145|0.665882|0.988985|0.46236|0.662799|0.430076|0.530775|0.599197|0.528406|0.880608|0.559133|0.983209|0.16843|0.79408|0.29317|0.940077|0.747283|0.514129|0.410418|0.235817,0.869523,0.801463,0.117836,0.0993652,0.460468,0.534015,0.0732846,0.487967,0.198257,0.921169,51.6436,5.43263e-12,47756,0.887486,41.1981,1.06086e-12,38445,0.895553,0.876428,0.0878307,0.631141,0.996144,0.511517,0.22039,0.459803,0.228135,0.891603,87.9902,7.64954e-10,30733,0.967162,70.4477,9.04596e-11,52512
24,1070,n1->n20->n21->n22->n74->n57->n98->n99->n77->n93->n91->n92->n94->n96->n14->n13->n11->n9->n10->n73->n71->n75->n4->n2->n7->n5->n65->n52->n51,5.37021e+09|4.0293e+11|1.56161e+12|1.47e+10|5.8385e+13|4.14288e+09|1.8266e+13|1.57108e+10|5.68112e+11|4.22601e+13|2.84652e+12|1.97334e+09|1.36531e+10|2.51165e+12|3.70261e+10|6.60497e+13|1.78735e+12|1.49139e+12|2.49624e+09|1.41706e+11|7.70008e+11|8.71921e+10|7.07339e+12|5.94248e+10|3.81012e+11|2.91995e+11|1.12599e+09|1.02428e+10|7.46708e+11,8.19724e+08|1.89646e+11|3.02345e+11|9.51029e+09|7.35096e+12|2.05006e+09|5.99087e+12|4.21389e+09|3.56307e+11|1.3774e+13|3.57264e+11|1.46451e+09|1.67171e+09|5.36324e+11|1.44234e+10|8.87204e+12|3.29521e+11|3.79906e+11|7.32581e+08|5.76853e+10|1.60546e+11|5.29113e+10|2.43435e+12|3.74975e+10|6.70334e+10|4.67133e+10|3.2906e+08|2.07235e+09|5.06847e+11,0.000494453|5.21063e-05|0.00096308|1.77434e-05|0.000875739|0.000173612|0.000410965|0.00089026|8.49487e-05|8.45967e-05|6.93267e-05|2.75832e-05|2.95455e-05|1.2987e-05|3.25754e-05|0.000787814|5.47786e-05|1.80008e-05|6.27016e-05|6.32916e-05|0.00017279|0.000766915|0.000113681|1.10648e-05|0.000475679|7.03031e-05|1.96575e-05|0.00011644|0.000185382,0.000316017|0.000368678|0.00195589|0.0006856|0.00944671|0.00271581|0.000548485|0.000350126|0.000906866|0.000162335|0.00599677|0.0052688|0.000125263|0.000286765|0.000181646|0.00788063|0.00652494|0.00065196|0.00113469|0.000807753|0.00123164|0.000203965|0.00198341|0.00120557|0.00104538|0.000196916|0.000428116|0.00580301|0.00344885,0.0109342|0.0108696|0.00712365|0.0408661|0.0280357|0.0328142|0.0295222|0.0362414|0.04851|0.0108045|0.008036|0.0444618|0.00830448|0.0377902|0.0426128|0.0476737|0.00125292|0.0140743|0.00597815|0.0455502|0.0398828|0.0243876|0.0350273|0.00369149|0.01754|0.00731162|0.00118659|0.0398377|0.0365406,0.000178506|0.0181411|0.0414669|0.040072|0.0166219|0.0437642|0.0297366|0.0472365|0.0115254|0.0326183|0.015498|0.0387741|0.0293842|0.0195364|0.049061|0.00335145|0.0136412|0.033904|0.0245713|0.028193|0.0326729|0.0250863|0.0273051|0.0127317|0.0283975|0.0421608|0.00176737|0.0151024|0.0130093,0.973537|0.923215|0.971602|0.95984|0.90082|0.983348|0.959539|0.953794|0.949999|0.912097|0.964407|0.987763|0.927471|0.951762|0.906626|0.954869|0.988894|0.963574|0.962416|0.909539|0.947193|0.936129|0.917619|0.968894|0.963898|0.951514|0.967717|0.965406|0.98883,4.63983|4.79469|3.14177|0.048646|0.0974208|1.93323|2.95405|3.07459|0.722366|5.92115|5.6679|6.03913|5.03384|0.85792|0.762282|5.26639|0.923897|5.88966|1.97158|3.29092|0.117525|3.39264|1.56082|4.74216|3.51107|4.90362|4.1126|0.0104102|4.04415,90.7492|76.7594|55.6995|63.8366|95.6836|98.2355|58.4557|96.5216|51.9256|26.8753|32.3713|13.5087|71.0086|54.7186|92.5451|13.9548|99.0064|65.9961|29.3778|28.2621|14.5634|81.7362|30.2686|88.6198|37.2729|35.0583|56.1703|83.3731,0.215706|0.218425|0.206062|0.241428|0.169856|0.190047|0.227784|0.241387|0.247077|0.203549|0.161013|0.230182|0.230021|0.208433|0.191459|0.189728|0.201409|0.193896|0.202302|0.242769|0.169453|0.218556|0.239023|0.228013|0.176784|0.209201|0.247907|0.197114,0.53635|0.515127|0.677391|0.480684|0.815246|0.757428|0.686264|0.664018|0.469529|0.21516|0.940947|0.731663|0.131268|0.448351|0.161307|0.801183|0.439638|0.982181|0.747283|0.940077|0.275247|0.847503|0.514427|0.84397|0.943162|0.297185|0.827328|0.942894,0.869523,0.801463,0.117836,0.0993652,0.460468,0.534015,0.0732846,0.487967,0.198257,0.921169,51.6436,5.43263e-12,47756,0.887486,41.1981,1.06086e-12,38445,0.895553,0.876428,0.0878307,0.631141,0.996144,0.511517,0.22039,0.459803,0.228135,0.891603,87.9902,7.64954e-10,30733,0.967162,70.4477,9.04596e-11,52512
24,1071,n1->n20->n89->n88->n90->n100->n2->n7->n5->n3->n69->n28->n29->n31->n33->n6->n12->n13->n15->n63->n42->n40->n54->n56->n84->n85->n65->n52->n51,5.37021e+09|4.0293e+11|2.68119e+11|9.00567e+12|1.33273e+11|4.01966e+09|5.94248e+10|3.81012e+11|2.91995e+11|2.78751e+13|8.81277e+09|1.34247e+11|3.6336e+13|4.79342e+12|3.64323e+13|1.14208e+09|9.70597e+10|6.60497e+13|8.77071e+11|6.55204e+12|2.42905e+09|3.58065e+10|2.80961e+11|1.1605e+12|1.07392e+09|2.02447e+09|1.12599e+09|1.02428e+10|7.46708e+11,8.19724e+08|1.89646e+11|9.23423e+10|8.66002e+12|6.41526e+10|2.27749e+09|3.74975e+10|6.70334e+10|4.67133e+10|1.44762e+13|7.57626e+09|1.51805e+10|1.77292e+13|4.42443e+12|6.32377e+12|2.20459e+08|2.76143e+10|8.87204e+12|1.06991e+11|2.63574e+12|2.47264e+08|4.14657e+09|2.23178e+11|5.65456e+11|9.00899e+08|2.41326e+08|3.2906e+08|2.07235e+09|5.06847e+11,0.000494453|5.21063e-05|3.55201e-05|6.2721e-05|0.000319756|0.000665246|1.10648e-05|0.000475679|7.03031e-05|0.00022361|0.000268039|0.00056516|0.000125062|0.00024651|1.50316e-05|1.08483e-05|0.000201974|0.000787814|0.000182949|0.000116235|8.79758e-05|6.01341e-05|1.47667e-05|1.7812e-05|2.14473e-05|2.04325e-05|1.96575e-05|0.00011644|0.000185382,0.000316017|0.000368678|0.000111435|0.000480267|0.000672662|0.00914892|0.00120557|0.00104538|0.000196916|0.00776667|0.00367819|0.0093172|0.00231296|0.00308746|0.00213059|0.00010157|0.0016732|0.00788063|0.00274771|0.00126856|0.000493531|0.00268841|0.00549128|0.000830638|0.000434313|0.000338175|0.000428116|0.00580301|0.00344885,0.0109342|0.0108696|0.0107812|0.00850464|0.0285929|0.0100829|0.00369149|0.01754|0.00731162|0.0268705|0.022957|0.0317261|0.0255931|0.0211034|0.00968695|0.00160082|0.0313381|0.0476737|0.0207315|0.0100727|0.00783732|0.0249103|0.0334079|0.0231698|0.0473575|0.0354515|0.00118659|0.0398377|0.0365406,0.000178506|0.0181411|0.0401575|0.0237676|0.0372754|0.0460028|0.0127317|0.0283975|0.0421608|0.0326941|0.0100342|0.03841|0.00291922|0.0151027|0.0280967|0.0260762|0.0470205|0.00335145|0.0378122|0.0107197|0.0327962|0.033399|0.00844474|0.0417641|0.0366447|0.0266209|0.00176737|0.0151024|0.0130093,0.973537|0.923215|0.926416|0.962132|0.984478|0.935175|0.968894|0.963898|0.951514|0.982466|0.975915|0.948072|0.962742|0.943878|0.923653|0.908628|0.937315|0.954869|0.910795|0.903245|0.960936|0.920308|0.927525|0.944528|0.948551|0.940474|0.967717|0.965406|0.98883,4.63983|4.79469|0.0868458|1.9653|4.02061|3.89025|4.74216|3.51107|4.90362|4.79844|2.99986|1.48687|0.0327787|4.82496|1.04264|5.01633|3.07758|5.26639|1.89272|4.68449|0.765875|2.50002|1.22009|2.55597|5.42186|4.91715|4.1126|0.0104102|4.04415,90.7492|18.2346|92.4072|14.1987|32.7492|37.015|88.6198|37.2729|10.4739|83.9106|97.1045|18.7034|70.4589|95.0453|50.0569|32.9383|56.34|66.6304|11.0615|97.0433|77.6192|12.2677|42.6814|34.4372|82.1833|82.5435|56.1703|83.3731,0.215706|0.231355|0.203687|0.244274|0.191207|0.17211|0.228013|0.176784|0.163561|0.204476|0.207556|0.249902|0.246199|0.234751|0.19306|0.230728|0.206669|0.179788|0.214255|0.211509|0.243521|0.248162|0.167734|0.222961|0.216313|0.20461|0.247907|0.197114,0.53635|0.595303|0.876618|0.997795|0.878161|0.315214|0.84397|0.943162|0.469027|0.65353|0.438091|0.259002|0.415176|0.258586|0.116472|0.628307|0.285239|0.275394|0.692153|0.758395|0.14346|0.812759|0.927159|0.762891|0.528406|0.519435|0.827328|0.942894,0.869523,0.801463,0.117836,0.0993652,0.460468,0.534015,0.0732846,0.487967,0.198257,0.921169,51.6436,5.43263e-12,47756,0.887486,41.1981,1.06086e-12,38445,0.895553,0.876428,0.0878307,0.631141,0.996144,0.511517,0.22039,0.459803,0.228135,0.891603,87.9902,7.64954e-10,30733,0.967162,70.4477,9.04596e-11,52512
24,1072,n1->n20->n19->n17->n18->n70->n69->n28->n27->n4->n2->n100->n90->n59->n60->n50->n48->n89->n88->n87->n86->n76->n75->n71->n24->n26->n47->n49->n51,5.37021e+09|4.0293e+11|2.47533e+11|1.51096e+11|7.59179e+12|6.87309e+13|8.81277e+09|1.34247e+11|4.19351e+12|7.07339e+12|5.94248e+10|4.01966e+09|1.33273e+11|3.04563e+11|8.79841e+13|2.36425e+09|3.98001e+12|2.68119e+11|9.00567e+12|7.3435e+12|3.85304e+10|4.21804e+13|8.71921e+10|7.70008e+11|1.59557e+13|7.09351e+09|4.74236e+11|2.45005e+09|7.46708e+11,8.19724e+08|1.89646e+11|2.33399e+11|1.57582e+10|4.11836e+12|9.78332e+12|7.57626e+09|1.51805e+10|8.73344e+11|2.43435e+12|3.74975e+10|2.27749e+09|6.41526e+10|3.06423e+10|5.95756e+13|4.07889e+08|1.69514e+12|9.23423e+10|8.66002e+12|2.79916e+12|4.69095e+09|1.15782e+13|5.29113e+10|1.60546e+11|4.06569e+12|1.31666e+09|1.54765e+11|2.44458e+09|5.06847e+11,0.000494453|5.21063e-05|0.000261527|0.000261059|2.98936e-05|5.13815e-05|0.000268039|0.00056516|1.08528e-05|0.000113681|1.10648e-05|0.000665246|0.000319756|2.43107e-05|0.000731749|1.54283e-05|4.78153e-05|3.55201e-05|6.2721e-05|0.000634307|6.21631e-05|1.88608e-05|0.000766915|0.00017279|0.000193265|3.77967e-05|0.000202873|1.07426e-05|0.000185382,0.000316017|0.000368678|0.000768065|0.000513001|0.000681499|0.00295865|0.00367819|0.0093172|0.00262605|0.00198341|0.00120557|0.00914892|0.000672662|0.000202742|0.000248463|0.00907722|0.00544009|0.000111435|0.000480267|0.00151267|0.00341054|0.00214239|0.000203965|0.00123164|0.0012727|0.00522178|0.000266598|0.000979027|0.00344885,0.0109342|0.0108696|0.0201979|0.0430027|0.0192976|0.0286141|0.022957|0.0317261|0.0303206|0.0350273|0.00369149|0.0100829|0.0285929|0.00304046|0.0128442|0.00638914|0.0455031|0.0107812|0.00850464|0.0186268|0.0237043|0.00156873|0.0243876|0.0398828|0.0433038|0.0101688|0.00898217|0.0183567|0.0365406,0.000178506|0.0181411|0.0291803|0.00442808|0.0120519|0.0216638|0.0100342|0.03841|0.0230682|0.0273051|0.0127317|0.0460028|0.0372754|0.0474075|0.0431033|0.0483596|0.0360942|0.0401575|0.0237676|0.00979507|0.0488574|0.0470058|0.0250863|0.0326729|0.00780618|0.0409649|0.0488958|0.0388066|0.0130093,0.973537|0.923215|0.941018|0.974312|0.946711|0.966653|0.975915|0.948072|0.985376|0.917619|0.968894|0.935175|0.984478|0.99171|0.945549|0.910708|0.967439|0.926416|0.962132|0.977244|0.981332|0.989289|0.936129|0.947193|0.90929|0.981638|0.9108|0.969899|0.98883,4.63983|4.79469|1.39448|5.11322|4.38273|4.60778|2.99986|1.48687|4.5695|1.56082|4.74216|3.89025|4.02061|5.60303|4.50487|5.41755|3.09858|0.0868458|1.9653|2.33192|4.96971|0.578949|3.39264|0.117525|3.9732|2.91399|6.27947|3.94615|4.04415,90.7492|86.2435|10.3361|43.2583|55.8812|74.5377|97.1045|23.5709|52.1141|30.2686|37.015|32.7492|62.2588|76.8491|22.3088|23.5956|94.0077|92.4072|57.0974|88.9922|37.5994|63.5216|14.5634|44.1502|83.4704|70.8805|91.8261|10.4661,0.215706|0.182991|0.172286|0.218822|0.234874|0.172691|0.207556|0.207151|0.184605|0.239023|0.17211|0.191207|0.169222|0.204072|0.190841|0.191801|0.234363|0.203687|0.227675|0.246364|0.17745|0.207806|0.169453|0.204574|0.216464|0.189485|0.228404|0.216931,0.53635|0.182796|0.559133|0.981182|0.16843|0.416585|0.438091|0.340196|0.200735|0.514427|0.315214|0.878161|0.361153|0.509755|0.323935|0.688345|0.948873|0.876618|0.396625|0.83582|0.871942|0.844544|0.275247|0.45026|0.583168|0.757042|0.133861|0.516407,0.869523,0.801463,0.117836,0.0993652,0.460468,0.534015,0.0732846,0.487967,0.198257,0.921169,51.6436,5.43263e-12,47756,0.887486,41.1981,1.06086e-12,38445,0.895553,0.876428,0.0878307,0.631141,0.996144,0.511517,0.22039,0.459803,0.228135,0.891603,87.9902,7.64954e-10,30733,0.967162,70.4477,9.04596e-11,52512
24,1073,n1->n13->n14->n96->n94->n92->n93->n95->n82->n84->n56->n54->n55->n57->n74->n75->n73->n100->n2->n7->n8->n10->n63->n79->n81->n37->n65->n52->n51,5.37021e+09|6.60497e+13|3.70261e+10|2.51165e+12|1.36531e+10|1.97334e+09|4.22601e+13|1.05601e+11|1.07979e+13|1.07392e+09|1.1605e+12|2.80961e+11|8.84081e+12|4.14288e+09|5.8385e+13|8.71921e+10|1.41706e+11|4.01966e+09|5.94248e+10|3.81012e+11|4.61239e+13|2.49624e+09|6.55204e+12|1.47019e+10|2.58887e+10|2.79748e+13|1.12599e+09|1.02428e+10|7.46708e+11,8.19724e+08|8.87204e+12|1.44234e+10|5.36324e+11|1.67171e+09|1.46451e+09|1.3774e+13|5.46554e+10|1.66379e+12|9.00899e+08|5.65456e+11|2.23178e+11|4.69454e+12|2.05006e+09|7.35096e+12|5.29113e+10|5.76853e+10|2.27749e+09|3.74975e+10|6.70334e+10|1.04208e+13|7.32581e+08|2.63574e+12|4.87652e+09|8.36206e+09|4.96975e+12|3.2906e+08|2.07235e+09|5.06847e+11,0.000494453|0.000787814|3.25754e-05|1.2987e-05|2.95455e-05|2.75832e-05|8.45967e-05|0.000260968|0.000837919|2.14473e-05|1.7812e-05|1.47667e-05|4.06274e-05|0.000173612|0.000875739|0.000766915|6.32916e-05|0.000665246|1.10648e-05|0.000475679|6.6054e-05|6.27016e-05|0.000116235|0.000133131|0.000268232|1.06248e-05|1.96575e-05|0.00011644|0.000185382,0.000316017|0.00788063|0.000181646|0.000286765|0.000125263|0.0052688|0.000162335|0.000186877|0.00271152|0.000434313|0.000830638|0.00549128|0.000128431|0.00271581|0.00944671|0.000203965|0.000807753|0.00914892|0.00120557|0.00104538|0.00522046|0.00113469|0.00126856|0.000479664|0.000752991|0.000261291|0.000428116|0.00580301|0.00344885,0.0109342|0.0476737|0.0426128|0.0377902|0.00830448|0.0444618|0.0108045|0.00282907|0.0278433|0.0473575|0.0231698|0.0334079|0.00843704|0.0328142|0.0280357|0.0243876|0.0455502|0.0100829|0.00369149|0.01754|0.0318744|0.00597815|0.0100727|0.0252961|0.0481357|0.0457563|0.00118659|0.0398377|0.0365406,0.000178506|0.00335145|0.049061|0.0195364|0.0293842|0.0387741|0.0326183|0.0420997|0.0266174|0.0366447|0.0417641|0.00844474|0.0314938|0.0437642|0.0166219|0.0250863|0.028193|0.0460028|0.0127317|0.0283975|0.0483133|0.0245713|0.0107197|0.0203026|0.00997263|0.0105712|0.00176737|0.0151024|0.0130093,0.973537|0.954869|0.906626|0.951762|0.927471|0.987763|0.912097|0.966581|0.934435|0.948551|0.944528|0.927525|0.908585|0.983348|0.90082|0.936129|0.909539|0.935175|0.968894|0.963898|0.975256|0.962416|0.903245|0.966262|0.948836|0.964079|0.967717|0.965406|0.98883,4.63983|5.26639|0.762282|0.85792|5.03384|6.03913|5.92115|1.09944|0.132111|5.42186|2.55597|1.22009|3.37071|1.93323|0.0974208|3.39264|3.29092|3.89025|4.74216|3.51107|3.22282|1.97158|4.68449|3.41737|1.5908|4.96174|4.1126|0.0104102|4.04415,79.8117|92.5451|54.7186|71.0086|13.5087|61.035|24.941|75.699|83.37|34.4372|42.6814|27.8669|61.5999|95.6836|64.3401|85.6152|20.1165|37.015|88.6198|55.4093|99.595|65.1286|16.1844|26.55|88.8597|13.4252|56.1703|83.3731,0.246796|0.191459|0.208433|0.230021|0.230182|0.21409|0.237661|0.21275|0.203763|0.222961|0.167734|0.169326|0.220389|0.169856|0.220369|0.185893|0.175955|0.17211|0.228013|0.230451|0.184434|0.203746|0.22961|0.238834|0.211898|0.230756|0.247907|0.197114,0.338018|0.161307|0.448351|0.131268|0.731663|0.722832|0.985064|0.837867|0.808712|0.762891|0.927159|0.414082|0.549818|0.815246|0.119032|0.624191|0.825877|0.315214|0.84397|0.745697|0.703378|0.514129|0.217843|0.957633|0.430076|0.986996|0.827328|0.942894,0.869523,0.801463,0.117836,0.0993652,0.460468,0.534015,0.0732846,0.487967,0.198257,0.921169,51.6436,5.43263e-12,47756,0.887486,41.1981,1.06086e-12,38445,0.895553,0.876428,0.0878307,0.631141,0.996144,0.511517,0.22039,0.459803,0.228135,0.891603,87.9902,7.64954e-10,30733,0.967162,70.4477,9.04596e-11,52512
24,1074,n1->n99->n97->n95->n93->n91->n92->n94->n96->n14->n12->n8->n10->n9->n7->n2->n100->n90->n59->n58->n85->n84->n82->n63->n15->n29->n27->n52->n51,5.37021e+09|1.57108e+10|2.90604e+09|1.05601e+11|4.22601e+13|2.84652e+12|1.97334e+09|1.36531e+10|2.51165e+12|3.70261e+10|9.70597e+10|4.61239e+13|2.49624e+09|1.49139e+12|3.81012e+11|5.94248e+10|4.01966e+09|1.33273e+11|3.04563e+11|8.16696e+09|2.02447e+09|1.07392e+09|1.07979e+13|6.55204e+12|8.77071e+11|3.6336e+13|4.19351e+12|1.02428e+10|7.46708e+11,8.19724e+08|4.21389e+09|5.04144e+08|5.46554e+10|1.3774e+13|3.57264e+11|1.46451e+09|1.67171e+09|5.36324e+11|1.44234e+10|2.76143e+10|1.04208e+13|7.32581e+08|3.79906e+11|6.70334e+10|3.74975e+10|2.27749e+09|6.41526e+10|3.06423e+10|6.89506e+09|2.41326e+08|9.00899e+08|1.66379e+12|2.63574e+12|1.06991e+11|1.77292e+13|8.73344e+11|2.07235e+09|5.06847e+11,0.000494453|0.00089026|8.81202e-05|0.000260968|8.45967e-05|6.93267e-05|2.75832e-05|2.95455e-05|1.2987e-05|3.25754e-05|0.000201974|6.6054e-05|6.27016e-05|1.80008e-05|0.000475679|1.10648e-05|0.000665246|0.000319756|2.43107e-05|0.000266735|2.04325e-05|2.14473e-05|0.000837919|0.000116235|0.000182949|0.000125062|1.08528e-05|0.00011644|0.000185382,0.000316017|0.000350126|0.00494291|0.000186877|0.000162335|0.00599677|0.0052688|0.000125263|0.000286765|0.000181646|0.0016732|0.00522046|0.00113469|0.00065196|0.00104538|0.00120557|0.00914892|0.000672662|0.000202742|0.00874893|0.000338175|0.000434313|0.00271152|0.00126856|0.00274771|0.00231296|0.00262605|0.00580301|0.00344885,0.0109342|0.0362414|0.0381696|0.00282907|0.0108045|0.008036|0.0444618|0.00830448|0.0377902|0.0426128|0.0313381|0.0318744|0.00597815|0.0140743|0.01754|0.00369149|0.0100829|0.0285929|0.00304046|0.0248478|0.0354515|0.0473575|0.0278433|0.0100727|0.0207315|0.0255931|0.0303206|0.0398377|0.0365406,0.000178506|0.0472365|0.00800322|0.0420997|0.0326183|0.015498|0.0387741|0.0293842|0.0195364|0.049061|0.0470205|0.0483133|0.0245713|0.033904|0.0283975|0.0127317|0.0460028|0.0372754|0.0474075|0.0481122|0.0266209|0.0366447|0.0266174|0.0107197|0.0378122|0.00291922|0.0230682|0.0151024|0.0130093,0.973537|0.953794|0.90679|0.966581|0.912097|0.964407|0.987763|0.927471|0.951762|0.906626|0.937315|0.975256|0.962416|0.963574|0.963898|0.968894|0.935175|0.984478|0.99171|0.911658|0.940474|0.948551|0.934435|0.903245|0.910795|0.962742|0.985376|0.965406|0.98883,4.63983|3.07459|1.41691|1.09944|5.92115|5.6679|6.03913|5.03384|0.85792|0.762282|3.07758|3.22282|1.97158|5.88966|3.51107|4.74216|3.89025|4.02061|5.60303|3.70937|4.91715|5.42186|0.132111|4.68449|1.89272|0.0327787|4.5695|0.0104102|4.04415,66.2586|94.4507|11.8968|24.941|26.8753|32.3713|13.5087|71.0086|54.7186|51.9585|81.3396|99.595|65.9961|59.8148|88.6198|37.015|32.7492|62.2588|56.397|90.6886|82.1833|83.37|48.6997|11.0615|32.2763|49.6282|46.2248|83.3731,0.180129|0.168303|0.228013|0.237661|0.203549|0.161013|0.230182|0.230021|0.208433|0.222459|0.186476|0.184434|0.193896|0.18359|0.228013|0.17211|0.191207|0.169222|0.21902|0.194345|0.216313|0.203763|0.175742|0.214255|0.240047|0.180772|0.183493|0.197114,0.323551|0.263233|0.342677|0.985064|0.21516|0.940947|0.731663|0.131268|0.448351|0.326911|0.379326|0.703378|0.982181|0.339058|0.84397|0.315214|0.878161|0.361153|0.533324|0.45102|0.528406|0.808712|0.4301|0.692153|0.895675|0.511755|0.657987|0.942894,0.869523,0.801463,0.117836,0.0993652,0.460468,0.534015,0.0732846,0.487967,0.198257,0.921169,51.6436,5.43263e-12,47756,0.887486,41.1981,1.06086e-12,38445,0.895553,0.876428,0.0878307,0.631141,0.996144,0.511517,0.22039,0.459803,0.228135,0.891603,87.9902,7.64954e-10,30733,0.967162,70.4477,9.04596e-11,52512
24,1075,n1->n99->n98->n57->n83->n81->n80->n82->n63->n42->n44->n78->n85->n17->n18->n20->n96->n97->n27->n25->n26->n24->n33->n32->n34->n36->n64->n49->n51,5.37021e+09|1.57108e+10|1.8266e+13|4.14288e+09|3.76373e+13|2.58887e+10|2.45686e+13|1.07979e+13|6.55204e+12|2.42905e+09|5.26537e+13|3.25238e+10|2.02447e+09|1.51096e+11|7.59179e+12|4.0293e+11|2.51165e+12|2.90604e+09|4.19351e+12|1.67189e+13|7.09351e+09|1.59557e+13|3.64323e+13|1.78367e+12|4.7313e+12|7.73972e+11|4.21034e+09|2.45005e+09|7.46708e+11,8.19724e+08|4.21389e+09|5.99087e+12|2.05006e+09|2.34723e+13|8.36206e+09|2.75437e+12|1.66379e+12|2.63574e+12|2.47264e+08|2.86817e+13|2.30731e+10|2.41326e+08|1.57582e+10|4.11836e+12|1.89646e+11|5.36324e+11|5.04144e+08|8.73344e+11|1.40059e+13|1.31666e+09|4.06569e+12|6.32377e+12|1.05491e+12|1.15705e+12|7.77593e+10|1.60867e+09|2.44458e+09|5.06847e+11,0.000494453|0.00089026|0.000410965|0.000173612|1.86087e-05|0.000268232|1.13052e-05|0.000837919|0.000116235|8.79758e-05|0.000124649|0.000270955|2.04325e-05|0.000261059|2.98936e-05|5.21063e-05|1.2987e-05|8.81202e-05|1.08528e-05|6.30741e-05|3.77967e-05|0.000193265|1.50316e-05|0.000179959|0.000140889|0.000426407|1.88732e-05|1.07426e-05|0.000185382,0.000316017|0.000350126|0.000548485|0.00271581|0.000175452|0.000752991|0.000238286|0.00271152|0.00126856|0.000493531|0.00158999|0.00167497|0.000338175|0.000513001|0.000681499|0.000368678|0.000286765|0.00494291|0.00262605|0.00294926|0.00522178|0.0012727|0.00213059|0.00292552|0.000270551|0.00396778|0.000135861|0.000979027|0.00344885,0.0109342|0.0362414|0.0295222|0.0328142|0.015405|0.0481357|0.00592883|0.0278433|0.0100727|0.00783732|0.0486405|0.00569443|0.0354515|0.0430027|0.0192976|0.0108696|0.0377902|0.0381696|0.0303206|0.0195393|0.0101688|0.0433038|0.00968695|0.00778345|0.0276207|0.00497013|0.0266797|0.0183567|0.0365406,0.000178506|0.0472365|0.0297366|0.0437642|0.038157|0.00997263|0.0262948|0.0266174|0.0107197|0.0327962|0.00764508|0.0425349|0.0266209|0.00442808|0.0120519|0.0181411|0.0195364|0.00800322|0.0230682|0.0159438|0.0409649|0.00780618|0.0280967|0.0161829|0.0210615|0.0341912|0.0436548|0.0388066|0.0130093,0.973537|0.953794|0.959539|0.983348|0.947801|0.948836|0.919013|0.934435|0.903245|0.960936|0.932977|0.92832|0.940474|0.974312|0.946711|0.923215|0.951762|0.90679|0.985376|0.9023|0.981638|0.90929|0.923653|0.953313|0.904866|0.94998|0.933821|0.969899|0.98883,4.63983|3.07459|2.95405|1.93323|4.11052|1.5908|0.100836|0.132111|4.68449|0.765875|2.64532|3.3614|4.91715|5.11322|4.38273|4.79469|0.85792|1.41691|4.5695|1.57149|2.91399|3.9732|1.04264|0.10397|4.56594|3.70656|5.77568|3.94615|4.04415,66.2586|58.4557|98.2355|50.003|78.7627|15.5679|47.0365|48.6997|97.0433|21.0603|88.5528|67.1704|84.7043|43.2583|89.2299|58.7029|37.9513|31.5608|64.4551|63.0993|83.4704|98.0873|61.2747|23.0914|89.5651|43.8659|77.768|10.4661,0.180129|0.227784|0.190047|0.1911|0.170031|0.212149|0.231931|0.175742|0.211509|0.23095|0.200088|0.184721|0.225161|0.218822|0.247215|0.201188|0.246589|0.219936|0.242248|0.228799|0.216464|0.239791|0.208144|0.18593|0.241996|0.241695|0.165457|0.216931,0.323551|0.686264|0.757428|0.161388|0.530775|0.870283|0.796307|0.4301|0.758395|0.399278|0.134865|0.609732|0.880608|0.981182|0.652252|0.666395|0.157157|0.557853|0.837222|0.359402|0.583168|0.939209|0.704271|0.12287|0.265381|0.590576|0.348083|0.516407,0.869523,0.801463,0.117836,0.0993652,0.460468,0.534015,0.0732846,0.487967,0.198257,0.921169,51.6436,5.43263e-12,47756,0.887486,41.1981,1.06086e-12,38445,0.895553,0.876428,0.0878307,0.631141,0.996144,0.511517,0.22039,0.459803,0.228135,0.891603,87.9902,7.64954e-10,30733,0.967162,70.4477,9.04596e-11,52512
24,1076,n1->n20->n19->n68->n22->n74->n35->n31->n32->n34->n15->n29->n11->n13->n14->n96->n97->n95->n93->n77->n99->n98->n57->n83->n84->n82->n63->n61->n51,5.37021e+09|4.0293e+11|2.47533e+11|1.31753e+09|1.47e+10|5.8385e+13|5.77859e+11|4.79342e+12|1.78367e+12|4.7313e+12|8.77071e+11|3.6336e+13|1.78735e+12|6.60497e+13|3.70261e+10|2.51165e+12|2.90604e+09|1.05601e+11|4.22601e+13|5.68112e+11|1.57108e+10|1.8266e+13|4.14288e+09|3.76373e+13|1.07392e+09|1.07979e+13|6.55204e+12|6.44979e+11|7.46708e+11,8.19724e+08|1.89646e+11|2.33399e+11|3.10679e+08|9.51029e+09|7.35096e+12|4.88834e+11|4.42443e+12|1.05491e+12|1.15705e+12|1.06991e+11|1.77292e+13|3.29521e+11|8.87204e+12|1.44234e+10|5.36324e+11|5.04144e+08|5.46554e+10|1.3774e+13|3.56307e+11|4.21389e+09|5.99087e+12|2.05006e+09|2.34723e+13|9.00899e+08|1.66379e+12|2.63574e+12|1.30372e+11|5.06847e+11,0.000494453|5.21063e-05|0.000261527|0.000223952|1.77434e-05|0.000875739|0.000412952|0.00024651|0.000179959|0.000140889|0.000182949|0.000125062|5.47786e-05|0.000787814|3.25754e-05|1.2987e-05|8.81202e-05|0.000260968|8.45967e-05|8.49487e-05|0.00089026|0.000410965|0.000173612|1.86087e-05|2.14473e-05|0.000837919|0.000116235|3.71253e-05|0.000185382,0.000316017|0.000368678|0.000768065|0.00843573|0.0006856|0.00944671|0.00138752|0.00308746|0.00292552|0.000270551|0.00274771|0.00231296|0.00652494|0.00788063|0.000181646|0.000286765|0.00494291|0.000186877|0.000162335|0.000906866|0.000350126|0.000548485|0.00271581|0.000175452|0.000434313|0.00271152|0.00126856|0.00313588|0.00344885,0.0109342|0.0108696|0.0201979|0.0370095|0.0408661|0.0280357|0.00215298|0.0211034|0.00778345|0.0276207|0.0207315|0.0255931|0.00125292|0.0476737|0.0426128|0.0377902|0.0381696|0.00282907|0.0108045|0.04851|0.0362414|0.0295222|0.0328142|0.015405|0.0473575|0.0278433|0.0100727|0.0266048|0.0365406,0.000178506|0.0181411|0.0291803|0.00589983|0.040072|0.0166219|0.0375959|0.0151027|0.0161829|0.0210615|0.0378122|0.00291922|0.0136412|0.00335145|0.049061|0.0195364|0.00800322|0.0420997|0.0326183|0.0115254|0.0472365|0.0297366|0.0437642|0.038157|0.0366447|0.0266174|0.0107197|0.0179693|0.0130093,0.973537|0.923215|0.941018|0.984554|0.95984|0.90082|0.952159|0.943878|0.953313|0.904866|0.910795|0.962742|0.988894|0.954869|0.906626|0.951762|0.90679|0.966581|0.912097|0.949999|0.953794|0.959539|0.983348|0.947801|0.948551|0.934435|0.903245|0.958619|0.98883,4.63983|4.79469|1.39448|5.26958|0.048646|0.0974208|5.24666|4.82496|0.10397|4.56594|1.89272|0.0327787|0.923897|5.26639|0.762282|0.85792|1.41691|1.09944|5.92115|0.722366|3.07459|2.95405|1.93323|4.11052|5.42186|0.132111|4.68449|2.63855|4.04415,90.7492|86.2435|67.5745|15.3326|63.8366|67.7415|91.3525|86.0567|23.0914|27.3162|32.2763|13.2112|13.9548|92.5451|54.7186|37.9513|11.8968|24.941|51.9256|96.5216|58.4557|98.2355|50.003|20.1884|83.37|48.6997|47.0482|66.5616,0.215706|0.182991|0.2055|0.236297|0.241428|0.161632|0.243038|0.16799|0.18593|0.231681|0.240047|0.219003|0.189728|0.191459|0.208433|0.246589|0.228013|0.237661|0.247077|0.241387|0.227784|0.190047|0.1911|0.246081|0.203763|0.175742|0.167884|0.171721,0.53635|0.182796|0.968257|0.655447|0.480684|0.301798|0.658826|0.799966|0.12287|0.750497|0.895675|0.427028|0.801183|0.161307|0.448351|0.157157|0.342677|0.985064|0.469529|0.664018|0.686264|0.757428|0.161388|0.599197|0.808712|0.4301|0.410418|0.235817,0.869523,0.801463,0.117836,0.0993652,0.460468,0.534015,0.0732846,0.487967,0.198257,0.921169,51.6436,5.43263e-12,47756,0.887486,41.1981,1.06086e-12,38445,0.895553,0.876428,0.0878307,0.631141,0.996144,0.511517,0.22039,0.459803,0.228135,0.891603,87.9902,7.64954e-10,30733,0.967162,70.4477,9.04596e-11,52512
24,1077,n1->n99->n77->n72->n73->n75->n4->n27->n28->n29->n15->n13->n11->n9->n10->n8->n7->n2->n100->n90->n59->n60->n50->n48->n89->n20->n96->n94->n51,5.37021e+09|1.57108e+10|5.68112e+11|6.83442e+09|1.41706e+11|8.71921e+10|7.07339e+12|4.19351e+12|1.34247e+11|3.6336e+13|8.77071e+11|6.60497e+13|1.78735e+12|1.49139e+12|2.49624e+09|4.61239e+13|3.81012e+11|5.94248e+10|4.01966e+09|1.33273e+11|3.04563e+11|8.79841e+13|2.36425e+09|3.98001e+12|2.68119e+11|4.0293e+11|2.51165e+12|1.36531e+10|7.46708e+11,8.19724e+08|4.21389e+09|3.56307e+11|1.48353e+09|5.76853e+10|5.29113e+10|2.43435e+12|8.73344e+11|1.51805e+10|1.77292e+13|1.06991e+11|8.87204e+12|3.29521e+11|3.79906e+11|7.32581e+08|1.04208e+13|6.70334e+10|3.74975e+10|2.27749e+09|6.41526e+10|3.06423e+10|5.95756e+13|4.07889e+08|1.69514e+12|9.23423e+10|1.89646e+11|5.36324e+11|1.67171e+09|5.06847e+11,0.000494453|0.00089026|8.49487e-05|0.000159499|6.32916e-05|0.000766915|0.000113681|1.08528e-05|0.00056516|0.000125062|0.000182949|0.000787814|5.47786e-05|1.80008e-05|6.27016e-05|6.6054e-05|0.000475679|1.10648e-05|0.000665246|0.000319756|2.43107e-05|0.000731749|1.54283e-05|4.78153e-05|3.55201e-05|5.21063e-05|1.2987e-05|2.95455e-05|0.000185382,0.000316017|0.000350126|0.000906866|0.00384342|0.000807753|0.000203965|0.00198341|0.00262605|0.0093172|0.00231296|0.00274771|0.00788063|0.00652494|0.00065196|0.00113469|0.00522046|0.00104538|0.00120557|0.00914892|0.000672662|0.000202742|0.000248463|0.00907722|0.00544009|0.000111435|0.000368678|0.000286765|0.000125263|0.00344885,0.0109342|0.0362414|0.04851|0.0479977|0.0455502|0.0243876|0.0350273|0.0303206|0.0317261|0.0255931|0.0207315|0.0476737|0.00125292|0.0140743|0.00597815|0.0318744|0.01754|0.00369149|0.0100829|0.0285929|0.00304046|0.0128442|0.00638914|0.0455031|0.0107812|0.0108696|0.0377902|0.00830448|0.0365406,0.000178506|0.0472365|0.0115254|0.0299903|0.028193|0.0250863|0.0273051|0.0230682|0.03841|0.00291922|0.0378122|0.00335145|0.0136412|0.033904|0.0245713|0.0483133|0.0283975|0.0127317|0.0460028|0.0372754|0.0474075|0.0431033|0.0483596|0.0360942|0.0401575|0.0181411|0.0195364|0.0293842|0.0130093,0.973537|0.953794|0.949999|0.96924|0.909539|0.936129|0.917619|0.985376|0.948072|0.962742|0.910795|0.954869|0.988894|0.963574|0.962416|0.975256|0.963898|0.968894|0.935175|0.984478|0.99171|0.945549|0.910708|0.967439|0.926416|0.923215|0.951762|0.927471|0.98883,4.63983|3.07459|0.722366|3.90463|3.29092|3.39264|1.56082|4.5695|1.48687|0.0327787|1.89272|5.26639|0.923897|5.88966|1.97158|3.22282|3.51107|4.74216|3.89025|4.02061|5.60303|4.50487|5.41755|3.09858|0.0868458|4.79469|0.85792|5.03384|4.04415,66.2586|96.5216|92.3918|29.1617|85.6152|81.7362|52.1141|23.5709|18.7034|32.2763|66.6304|13.9548|99.0064|65.9961|99.595|55.4093|88.6198|37.015|32.7492|62.2588|76.8491|22.3088|23.5956|94.0077|18.2346|58.7029|71.0086|11.2844,0.180129|0.241387|0.167022|0.178937|0.185893|0.218556|0.184605|0.207151|0.249902|0.240047|0.179788|0.189728|0.201409|0.193896|0.184434|0.230451|0.228013|0.17211|0.191207|0.169222|0.204072|0.190841|0.191801|0.234363|0.231355|0.201188|0.230021|0.200895,0.323551|0.664018|0.776051|0.920295|0.624191|0.847503|0.200735|0.340196|0.259002|0.895675|0.275394|0.801183|0.439638|0.982181|0.703378|0.745697|0.84397|0.315214|0.878161|0.361153|0.509755|0.323935|0.688345|0.948873|0.595303|0.666395|0.131268|0.836539,0.869523,0.801463,0.117836,0.0993652,0.460468,0.534015,0.0732846,0.487967,0.198257,0.921169,51.6436,5.43263e-12,47756,0.887486,41.1981,1.06086e-12,38445,0.895553,0.876428,0.0878307,0.631141,0.996144,0.511517,0.22039,0.459803,0.228135,0.891603,87.9902,7.64954e-10,30733,0.967162,70.4477,9.04596e-11,52512
24,1078,n1->n20->n21->n22->n74->n75->n73->n100->n90->n88->n89->n48->n50->n59->n58->n68->n66->n32->n31->n33->n6->n12->n8->n7->n2->n4->n27->n52->n51,5.37021e+09|4.0293e+11|1.56161e+12|1.47e+10|5.8385e+13|8.71921e+10|1.41706e+11|4.01966e+09|1.33273e+11|9.00567e+12|2.68119e+11|3.98001e+12|2.36425e+09|3.04563e+11|8.16696e+09|1.31753e+09|1.10072e+10|1.78367e+12|4.79342e+12|3.64323e+13|1.14208e+09|9.70597e+10|4.61239e+13|3.81012e+11|5.94248e+10|7.07339e+12|4.19351e+12|1.02428e+10|7.46708e+11,8.19724e+08|1.89646e+11|3.02345e+11|9.51029e+09|7.35096e+12|5.29113e+10|5.76853e+10|2.27749e+09|6.41526e+10|8.66002e+12|9.23423e+10|1.69514e+12|4.07889e+08|3.06423e+10|6.89506e+09|3.10679e+08|8.7665e+09|1.05491e+12|4.42443e+12|6.32377e+12|2.20459e+08|2.76143e+10|1.04208e+13|6.70334e+10|3.74975e+10|2.43435e+12|8.73344e+11|2.07235e+09|5.06847e+11,0.000494453|5.21063e-05|0.00096308|1.77434e-05|0.000875739|0.000766915|6.32916e-05|0.000665246|0.000319756|6.2721e-05|3.55201e-05|4.78153e-05|1.54283e-05|2.43107e-05|0.000266735|0.000223952|0.000237659|0.000179959|0.00024651|1.50316e-05|1.08483e-05|0.000201974|6.6054e-05|0.000475679|1.10648e-05|0.000113681|1.08528e-05|0.00011644|0.000185382,0.000316017|0.000368678|0.00195589|0.0006856|0.00944671|0.000203965|0.000807753|0.00914892|0.000672662|0.000480267|0.000111435|0.00544009|0.00907722|0.000202742|0.00874893|0.00843573|0.000470269|0.00292552|0.00308746|0.00213059|0.00010157|0.0016732|0.00522046|0.00104538|0.00120557|0.00198341|0.00262605|0.00580301|0.00344885,0.0109342|0.0108696|0.00712365|0.0408661|0.0280357|0.0243876|0.0455502|0.0100829|0.0285929|0.00850464|0.0107812|0.0455031|0.00638914|0.00304046|0.0248478|0.0370095|0.0203827|0.00778345|0.0211034|0.00968695|0.00160082|0.0313381|0.0318744|0.01754|0.00369149|0.0350273|0.0303206|0.0398377|0.0365406,0.000178506|0.0181411|0.0414669|0.040072|0.0166219|0.0250863|0.028193|0.0460028|0.0372754|0.0237676|0.0401575|0.0360942|0.0483596|0.0474075|0.0481122|0.00589983|0.0146278|0.0161829|0.0151027|0.0280967|0.0260762|0.0470205|0.0483133|0.0283975|0.0127317|0.0273051|0.0230682|0.0151024|0.0130093,0.973537|0.923215|0.971602|0.95984|0.90082|0.936129|0.909539|0.935175|0.984478|0.962132|0.926416|0.967439|0.910708|0.99171|0.911658|0.984554|0.978907|0.953313|0.943878|0.923653|0.908628|0.937315|0.975256|0.963898|0.968894|0.917619|0.985376|0.965406|0.98883,4.63983|4.79469|3.14177|0.048646|0.0974208|3.39264|3.29092|3.89025|4.02061|1.9653|0.0868458|3.09858|5.41755|5.60303|3.70937|5.26958|3.10364|0.10397|4.82496|1.04264|5.01633|3.07758|3.22282|3.51107|4.74216|1.56082|4.5695|0.0104102|4.04415,90.7492|76.7594|55.6995|63.8366|64.3401|85.6152|20.1165|32.7492|14.1987|92.4072|94.0077|23.5956|47.7013|56.397|56.905|70.8824|27.3217|86.0567|95.0453|50.0569|32.9383|81.3396|55.4093|88.6198|30.2686|52.1141|46.2248|83.3731,0.215706|0.218425|0.206062|0.241428|0.220369|0.185893|0.175955|0.191207|0.244274|0.203687|0.234363|0.191801|0.170229|0.21902|0.185169|0.16183|0.199785|0.16799|0.234751|0.19306|0.230728|0.186476|0.230451|0.228013|0.239023|0.184605|0.183493|0.197114,0.53635|0.515127|0.677391|0.480684|0.119032|0.624191|0.825877|0.878161|0.997795|0.876618|0.948873|0.688345|0.776444|0.533324|0.476138|0.215539|0.769012|0.799966|0.258586|0.116472|0.628307|0.379326|0.745697|0.84397|0.514427|0.200735|0.657987|0.942894,0.869523,0.801463,0.117836,0.0993652,0.460468,0.534015,0.0732846,0.487967,0.198257,0.921169,51.6436,5.43263e-12,47756,0.887486,41.1981,1.06086e-12,38445,0.895553,0.876428,0.0878307,0.631141,0.996144,0.511517,0.22039,0.459803,0.228135,0.891603,87.9902,7.64954e-10,30733,0.967162,70.4477,9.04596e-11,52512
24,1079,n1->n20->n21->n23->n77->n99->n98->n57->n55->n56->n84->n82->n54->n40->n42->n63->n10->n8->n12->n13->n15->n34->n36->n38->n39->n37->n65->n52->n51,5.37021e+09|4.0293e+11|1.56161e+12|4.63033e+10|5.68112e+11|1.57108e+10|1.8266e+13|4.14288e+09|8.84081e+12|1.1605e+12|1.07392e+09|1.07979e+13|2.80961e+11|3.58065e+10|2.42905e+09|6.55204e+12|2.49624e+09|4.61239e+13|9.70597e+10|6.60497e+13|8.77071e+11|4.7313e+12|7.73972e+11|1.16426e+13|3.34792e+13|2.79748e+13|1.12599e+09|1.02428e+10|7.46708e+11,8.19724e+08|1.89646e+11|3.02345e+11|3.30225e+10|3.56307e+11|4.21389e+09|5.99087e+12|2.05006e+09|4.69454e+12|5.65456e+11|9.00899e+08|1.66379e+12|2.23178e+11|4.14657e+09|2.47264e+08|2.63574e+12|7.32581e+08|1.04208e+13|2.76143e+10|8.87204e+12|1.06991e+11|1.15705e+12|7.77593e+10|1.19258e+12|1.12013e+13|4.96975e+12|3.2906e+08|2.07235e+09|5.06847e+11,0.000494453|5.21063e-05|0.00096308|0.000277161|8.49487e-05|0.00089026|0.000410965|0.000173612|4.06274e-05|1.7812e-05|2.14473e-05|0.000837919|1.47667e-05|6.01341e-05|8.79758e-05|0.000116235|6.27016e-05|6.6054e-05|0.000201974|0.000787814|0.000182949|0.000140889|0.000426407|1.04425e-05|5.53896e-05|1.06248e-05|1.96575e-05|0.00011644|0.000185382,0.000316017|0.000368678|0.00195589|0.00418014|0.000906866|0.000350126|0.000548485|0.00271581|0.000128431|0.000830638|0.000434313|0.00271152|0.00549128|0.00268841|0.000493531|0.00126856|0.00113469|0.00522046|0.0016732|0.00788063|0.00274771|0.000270551|0.00396778|0.00950649|0.0025393|0.000261291|0.000428116|0.00580301|0.00344885,0.0109342|0.0108696|0.00712365|0.00314906|0.04851|0.0362414|0.0295222|0.0328142|0.00843704|0.0231698|0.0473575|0.0278433|0.0334079|0.0249103|0.00783732|0.0100727|0.00597815|0.0318744|0.0313381|0.0476737|0.0207315|0.0276207|0.00497013|0.0263713|0.00111942|0.0457563|0.00118659|0.0398377|0.0365406,0.000178506|0.0181411|0.0414669|0.0470385|0.0115254|0.0472365|0.0297366|0.0437642|0.0314938|0.0417641|0.0366447|0.0266174|0.00844474|0.033399|0.0327962|0.0107197|0.0245713|0.0483133|0.0470205|0.00335145|0.0378122|0.0210615|0.0341912|0.00318517|0.0449458|0.0105712|0.00176737|0.0151024|0.0130093,0.973537|0.923215|0.971602|0.92176|0.949999|0.953794|0.959539|0.983348|0.908585|0.944528|0.948551|0.934435|0.927525|0.920308|0.960936|0.903245|0.962416|0.975256|0.937315|0.954869|0.910795|0.904866|0.94998|0.902547|0.924329|0.964079|0.967717|0.965406|0.98883,4.63983|4.79469|3.14177|2.08786|0.722366|3.07459|2.95405|1.93323|3.37071|2.55597|5.42186|0.132111|1.22009|2.50002|0.765875|4.68449|1.97158|3.22282|3.07758|5.26639|1.89272|4.56594|3.70656|5.09423|1.19952|4.96174|4.1126|0.0104102|4.04415,90.7492|76.7594|88.4205|39.0733|96.5216|58.4557|98.2355|61.5999|95.3312|34.4372|83.37|41.1455|12.2677|77.6192|97.0433|65.1286|99.595|81.3396|56.34|66.6304|27.3162|89.5651|61.2725|52.0957|31.554|13.4252|56.1703|83.3731,0.215706|0.218425|0.232237|0.178948|0.241387|0.227784|0.190047|0.220389|0.167906|0.222961|0.203763|0.242874|0.248162|0.243521|0.211509|0.203746|0.184434|0.186476|0.206669|0.179788|0.231681|0.241996|0.204351|0.199024|0.195005|0.230756|0.247907|0.197114,0.53635|0.515127|0.516177|0.23533|0.664018|0.686264|0.757428|0.549818|0.402595|0.762891|0.808712|0.378494|0.812759|0.14346|0.758395|0.514129|0.703378|0.379326|0.285239|0.275394|0.750497|0.265381|0.413834|0.46236|0.711047|0.986996|0.827328|0.942894,0.869523,0.801463,0.117836,0.0993652,0.460468,0.534015,0.0732846,0.487967,0.198257,0.921169,51.6436,5.43263e-12,47756,0.887486,41.1981,1.06086e-12,38445,0.895553,0.876428,0.0878307,0.631141,0.996144,0.511517,0.22039,0.459803,0.228135,0.891603,87.9902,7.64954e-10,30733,0.967162,70.4477,9.04596e-11,52512
24,1080,n1->n13->n12->n6->n33->n31->n35->n34->n15->n29->n27->n28->n69->n70->n18->n17->n85->n78->n80->n81->n37->n65->n64->n67->n21->n20->n96->n94->n51,5.37021e+09|6.60497e+13|9.70597e+10|1.14208e+09|3.64323e+13|4.79342e+12|5.77859e+11|4.7313e+12|8.77071e+11|3.6336e+13|4.19351e+12|1.34247e+11|8.81277e+09|6.87309e+13|7.59179e+12|1.51096e+11|2.02447e+09|3.25238e+10|2.45686e+13|2.58887e+10|2.79748e+13|1.12599e+09|4.21034e+09|4.7483e+09|1.56161e+12|4.0293e+11|2.51165e+12|1.36531e+10|7.46708e+11,8.19724e+08|8.87204e+12|2.76143e+10|2.20459e+08|6.32377e+12|4.42443e+12|4.88834e+11|1.15705e+12|1.06991e+11|1.77292e+13|8.73344e+11|1.51805e+10|7.57626e+09|9.78332e+12|4.11836e+12|1.57582e+10|2.41326e+08|2.30731e+10|2.75437e+12|8.36206e+09|4.96975e+12|3.2906e+08|1.60867e+09|7.5553e+08|3.02345e+11|1.89646e+11|5.36324e+11|1.67171e+09|5.06847e+11,0.000494453|0.000787814|0.000201974|1.08483e-05|1.50316e-05|0.00024651|0.000412952|0.000140889|0.000182949|0.000125062|1.08528e-05|0.00056516|0.000268039|5.13815e-05|2.98936e-05|0.000261059|2.04325e-05|0.000270955|1.13052e-05|0.000268232|1.06248e-05|1.96575e-05|1.88732e-05|3.91885e-05|0.00096308|5.21063e-05|1.2987e-05|2.95455e-05|0.000185382,0.000316017|0.00788063|0.0016732|0.00010157|0.00213059|0.00308746|0.00138752|0.000270551|0.00274771|0.00231296|0.00262605|0.0093172|0.00367819|0.00295865|0.000681499|0.000513001|0.000338175|0.00167497|0.000238286|0.000752991|0.000261291|0.000428116|0.000135861|0.000640186|0.00195589|0.000368678|0.000286765|0.000125263|0.00344885,0.0109342|0.0476737|0.0313381|0.00160082|0.00968695|0.0211034|0.00215298|0.0276207|0.0207315|0.0255931|0.0303206|0.0317261|0.022957|0.0286141|0.0192976|0.0430027|0.0354515|0.00569443|0.00592883|0.0481357|0.0457563|0.00118659|0.0266797|0.029632|0.00712365|0.0108696|0.0377902|0.00830448|0.0365406,0.000178506|0.00335145|0.0470205|0.0260762|0.0280967|0.0151027|0.0375959|0.0210615|0.0378122|0.00291922|0.0230682|0.03841|0.0100342|0.0216638|0.0120519|0.00442808|0.0266209|0.0425349|0.0262948|0.00997263|0.0105712|0.00176737|0.0436548|0.0482082|0.0414669|0.0181411|0.0195364|0.0293842|0.0130093,0.973537|0.954869|0.937315|0.908628|0.923653|0.943878|0.952159|0.904866|0.910795|0.962742|0.985376|0.948072|0.975915|0.966653|0.946711|0.974312|0.940474|0.92832|0.919013|0.948836|0.964079|0.967717|0.933821|0.924883|0.971602|0.923215|0.951762|0.927471|0.98883,4.63983|5.26639|3.07758|5.01633|1.04264|4.82496|5.24666|4.56594|1.89272|0.0327787|4.5695|1.48687|2.99986|4.60778|4.38273|5.11322|4.91715|3.3614|0.100836|1.5908|4.96174|4.1126|5.77568|2.06342|3.14177|4.79469|0.85792|5.03384|4.04415,79.8117|56.34|32.9383|50.0569|95.0453|91.3525|26.2497|27.3162|32.2763|49.6282|23.5709|97.1045|74.5377|55.8812|43.2583|84.7043|67.1704|66.5291|15.5679|88.8597|13.4252|56.7563|95.5844|42.5138|76.7594|58.7029|71.0086|11.2844,0.246796|0.206669|0.230728|0.19306|0.234751|0.243038|0.244194|0.231681|0.240047|0.180772|0.207151|0.207556|0.172691|0.234874|0.218822|0.225161|0.184721|0.222935|0.212149|0.211898|0.230756|0.186349|0.248978|0.197352|0.218425|0.201188|0.230021|0.200895,0.338018|0.285239|0.628307|0.116472|0.258586|0.658826|0.307851|0.750497|0.895675|0.511755|0.340196|0.438091|0.416585|0.16843|0.981182|0.880608|0.609732|0.109088|0.870283|0.430076|0.986996|0.927837|0.480161|0.602799|0.515127|0.666395|0.131268|0.836539,0.869523,0.801463,0.117836,0.0993652,0.460468,0.534015,0.0732846,0.487967,0.198257,0.921169,51.6436,5.43263e-12,47756,0.887486,41.1981,1.06086e-12,38445,0.895553,0.876428,0.0878307,0.631141,0.996144,0.511517,0.22039,0.459803,0.228135,0.891603,87.9902,7.64954e-10,30733,0.967162,70.4477,9.04596e-11,52512
24,1081,n1->n13->n14->n75->n4->n2->n7->n5->n3->n69->n76->n86->n87->n70->n18->n19->n20->n89->n88->n90->n56->n54->n55->n57->n83->n85->n65->n52->n51,5.37021e+09|6.60497e+13|3.70261e+10|8.71921e+10|7.07339e+12|5.94248e+10|3.81012e+11|2.91995e+11|2.78751e+13|8.81277e+09|4.21804e+13|3.85304e+10|7.3435e+12|6.87309e+13|7.59179e+12|2.47533e+11|4.0293e+11|2.68119e+11|9.00567e+12|1.33273e+11|1.1605e+12|2.80961e+11|8.84081e+12|4.14288e+09|3.76373e+13|2.02447e+09|1.12599e+09|1.02428e+10|7.46708e+11,8.19724e+08|8.87204e+12|1.44234e+10|5.29113e+10|2.43435e+12|3.74975e+10|6.70334e+10|4.67133e+10|1.44762e+13|7.57626e+09|1.15782e+13|4.69095e+09|2.79916e+12|9.78332e+12|4.11836e+12|2.33399e+11|1.89646e+11|9.23423e+10|8.66002e+12|6.41526e+10|5.65456e+11|2.23178e+11|4.69454e+12|2.05006e+09|2.34723e+13|2.41326e+08|3.2906e+08|2.07235e+09|5.06847e+11,0.000494453|0.000787814|3.25754e-05|0.000766915|0.000113681|1.10648e-05|0.000475679|7.03031e-05|0.00022361|0.000268039|1.88608e-05|6.21631e-05|0.000634307|5.13815e-05|2.98936e-05|0.000261527|5.21063e-05|3.55201e-05|6.2721e-05|0.000319756|1.7812e-05|1.47667e-05|4.06274e-05|0.000173612|1.86087e-05|2.04325e-05|1.96575e-05|0.00011644|0.000185382,0.000316017|0.00788063|0.000181646|0.000203965|0.00198341|0.00120557|0.00104538|0.000196916|0.00776667|0.00367819|0.00214239|0.00341054|0.00151267|0.00295865|0.000681499|0.000768065|0.000368678|0.000111435|0.000480267|0.000672662|0.000830638|0.00549128|0.000128431|0.00271581|0.000175452|0.000338175|0.000428116|0.00580301|0.00344885,0.0109342|0.0476737|0.0426128|0.0243876|0.0350273|0.00369149|0.01754|0.00731162|0.0268705|0.022957|0.00156873|0.0237043|0.0186268|0.0286141|0.0192976|0.0201979|0.0108696|0.0107812|0.00850464|0.0285929|0.0231698|0.0334079|0.00843704|0.0328142|0.015405|0.0354515|0.00118659|0.0398377|0.0365406,0.000178506|0.00335145|0.049061|0.0250863|0.0273051|0.0127317|0.0283975|0.0421608|0.0326941|0.0100342|0.0470058|0.0488574|0.00979507|0.0216638|0.0120519|0.0291803|0.0181411|0.0401575|0.0237676|0.0372754|0.0417641|0.00844474|0.0314938|0.0437642|0.038157|0.0266209|0.00176737|0.0151024|0.0130093,0.973537|0.954869|0.906626|0.936129|0.917619|0.968894|0.963898|0.951514|0.982466|0.975915|0.989289|0.981332|0.977244|0.966653|0.946711|0.941018|0.923215|0.926416|0.962132|0.984478|0.944528|0.927525|0.908585|0.983348|0.947801|0.940474|0.967717|0.965406|0.98883,4.63983|5.26639|0.762282|3.39264|1.56082|4.74216|3.51107|4.90362|4.79844|2.99986|0.578949|4.96971|2.33192|4.60778|4.38273|1.39448|4.79469|0.0868458|1.9653|4.02061|2.55597|1.22009|3.37071|1.93323|4.11052|4.91715|4.1126|0.0104102|4.04415,79.8117|92.5451|56.2706|81.7362|30.2686|88.6198|37.2729|10.4739|83.9106|66.666|37.5994|88.9922|39.9413|55.8812|34.0839|86.2435|18.2346|92.4072|14.1987|40.6061|42.6814|27.8669|61.5999|50.003|92.2019|82.5435|56.1703|83.3731,0.246796|0.191459|0.226178|0.218556|0.239023|0.228013|0.176784|0.163561|0.204476|0.212271|0.17745|0.246364|0.180359|0.234874|0.248409|0.182991|0.231355|0.203687|0.244274|0.166746|0.167734|0.169326|0.220389|0.1911|0.231254|0.20461|0.247907|0.197114,0.338018|0.161307|0.725021|0.847503|0.514427|0.84397|0.943162|0.469027|0.65353|0.890059|0.871942|0.83582|0.129355|0.16843|0.983209|0.182796|0.595303|0.876618|0.997795|0.163177|0.927159|0.414082|0.549818|0.161388|0.604504|0.519435|0.827328|0.942894,0.869523,0.801463,0.117836,0.0993652,0.460468,0.534015,0.0732846,0.487967,0.198257,0.921169,51.6436,5.43263e-12,47756,0.887486,41.1981,1.06086e-12,38445,0.895553,0.876428,0.0878307,0.631141,0.996144,0.511517,0.22039,0.459803,0.228135,0.891603,87.9902,7.64954e-10,30733,0.967162,70.4477,9.04596e-11,52512
24,1082,n1->n99->n98->n57->n74->n76->n78->n44->n41->n43->n45->n47->n46->n48->n50->n60->n59->n90->n56->n54->n82->n63->n61->n62->n64->n93->n92->n94->n51,5.37021e+09|1.57108e+10|1.8266e+13|4.14288e+09|5.8385e+13|4.21804e+13|3.25238e+10|5.26537e+13|3.95737e+11|1.40931e+10|8.38488e+13|4.74236e+11|5.53417e+12|3.98001e+12|2.36425e+09|8.79841e+13|3.04563e+11|1.33273e+11|1.1605e+12|2.80961e+11|1.07979e+13|6.55204e+12|6.44979e+11|2.37342e+11|4.21034e+09|4.22601e+13|1.97334e+09|1.36531e+10|7.46708e+11,8.19724e+08|4.21389e+09|5.99087e+12|2.05006e+09|7.35096e+12|1.15782e+13|2.30731e+10|2.86817e+13|1.47899e+11|3.26577e+09|1.01787e+13|1.54765e+11|1.63629e+12|1.69514e+12|4.07889e+08|5.95756e+13|3.06423e+10|6.41526e+10|5.65456e+11|2.23178e+11|1.66379e+12|2.63574e+12|1.30372e+11|1.13053e+11|1.60867e+09|1.3774e+13|1.46451e+09|1.67171e+09|5.06847e+11,0.000494453|0.00089026|0.000410965|0.000173612|0.000875739|1.88608e-05|0.000270955|0.000124649|2.35935e-05|0.000955168|1.67225e-05|0.000202873|0.000489732|4.78153e-05|1.54283e-05|0.000731749|2.43107e-05|0.000319756|1.7812e-05|1.47667e-05|0.000837919|0.000116235|3.71253e-05|8.24006e-05|1.88732e-05|8.45967e-05|2.75832e-05|2.95455e-05|0.000185382,0.000316017|0.000350126|0.000548485|0.00271581|0.00944671|0.00214239|0.00167497|0.00158999|0.00412419|0.00344494|0.000742576|0.000266598|0.000159088|0.00544009|0.00907722|0.000248463|0.000202742|0.000672662|0.000830638|0.00549128|0.00271152|0.00126856|0.00313588|0.00794111|0.000135861|0.000162335|0.0052688|0.000125263|0.00344885,0.0109342|0.0362414|0.0295222|0.0328142|0.0280357|0.00156873|0.00569443|0.0486405|0.00451081|0.0168583|0.00846218|0.00898217|0.029055|0.0455031|0.00638914|0.0128442|0.00304046|0.0285929|0.0231698|0.0334079|0.0278433|0.0100727|0.0266048|0.0242596|0.0266797|0.0108045|0.0444618|0.00830448|0.0365406,0.000178506|0.0472365|0.0297366|0.0437642|0.0166219|0.0470058|0.0425349|0.00764508|0.00491436|0.0482719|0.0342415|0.0488958|0.0302566|0.0360942|0.0483596|0.0431033|0.0474075|0.0372754|0.0417641|0.00844474|0.0266174|0.0107197|0.0179693|0.0480911|0.0436548|0.0326183|0.0387741|0.0293842|0.0130093,0.973537|0.953794|0.959539|0.983348|0.90082|0.989289|0.92832|0.932977|0.923722|0.943219|0.934264|0.9108|0.923372|0.967439|0.910708|0.945549|0.99171|0.984478|0.944528|0.927525|0.934435|0.903245|0.958619|0.98053|0.933821|0.912097|0.987763|0.927471|0.98883,4.63983|3.07459|2.95405|1.93323|0.0974208|0.578949|3.3614|2.64532|4.11092|2.3897|5.31688|6.27947|0.31178|3.09858|5.41755|4.50487|5.60303|4.02061|2.55597|1.22009|0.132111|4.68449|2.63855|5.59786|5.77568|5.92115|6.03913|5.03384|4.04415,66.2586|58.4557|98.2355|95.6836|53.1277|69.3348|88.5528|12.7315|43.4967|48.5398|40.979|71.5316|41.9872|23.5956|22.3088|76.8491|62.2588|40.6061|42.6814|41.1455|48.6997|47.0482|89.0369|93.0484|32.5899|61.035|13.5087|11.2844,0.180129|0.227784|0.190047|0.169856|0.181342|0.194827|0.200088|0.246433|0.160247|0.218428|0.216949|0.196056|0.178665|0.191801|0.190841|0.204072|0.169222|0.166746|0.167734|0.242874|0.175742|0.167884|0.198053|0.176232|0.178102|0.21409|0.230182|0.200895,0.323551|0.686264|0.757428|0.815246|0.519715|0.93416|0.134865|0.665882|0.922117|0.854577|0.317946|0.758317|0.182289|0.688345|0.323935|0.509755|0.361153|0.163177|0.927159|0.378494|0.4301|0.410418|0.704733|0.182879|0.548301|0.722832|0.731663|0.836539,0.869523,0.801463,0.117836,0.0993652,0.460468,0.534015,0.0732846,0.487967,0.198257,0.921169,51.6436,5.43263e-12,47756,0.887486,41.1981,1.06086e-12,38445,0.895553,0.876428,0.0878307,0.631141,0.996144,0.511517,0.22039,0.459803,0.228135,0.891603,87.9902,7.64954e-10,30733,0.967162,70.4477,9.04596e-11,52512
24,1083,n1->n99->n97->n95->n82->n54->n40->n42->n44->n43->n41->n39->n38->n67->n21->n20->n18->n70->n72->n73->n10->n63->n79->n81->n83->n85->n65->n52->n51,5.37021e+09|1.57108e+10|2.90604e+09|1.05601e+11|1.07979e+13|2.80961e+11|3.58065e+10|2.42905e+09|5.26537e+13|1.40931e+10|3.95737e+11|3.34792e+13|1.16426e+13|4.7483e+09|1.56161e+12|4.0293e+11|7.59179e+12|6.87309e+13|6.83442e+09|1.41706e+11|2.49624e+09|6.55204e+12|1.47019e+10|2.58887e+10|3.76373e+13|2.02447e+09|1.12599e+09|1.02428e+10|7.46708e+11,8.19724e+08|4.21389e+09|5.04144e+08|5.46554e+10|1.66379e+12|2.23178e+11|4.14657e+09|2.47264e+08|2.86817e+13|3.26577e+09|1.47899e+11|1.12013e+13|1.19258e+12|7.5553e+08|3.02345e+11|1.89646e+11|4.11836e+12|9.78332e+12|1.48353e+09|5.76853e+10|7.32581e+08|2.63574e+12|4.87652e+09|8.36206e+09|2.34723e+13|2.41326e+08|3.2906e+08|2.07235e+09|5.06847e+11,0.000494453|0.00089026|8.81202e-05|0.000260968|0.000837919|1.47667e-05|6.01341e-05|8.79758e-05|0.000124649|0.000955168|2.35935e-05|5.53896e-05|1.04425e-05|3.91885e-05|0.00096308|5.21063e-05|2.98936e-05|5.13815e-05|0.000159499|6.32916e-05|6.27016e-05|0.000116235|0.000133131|0.000268232|1.86087e-05|2.04325e-05|1.96575e-05|0.00011644|0.000185382,0.000316017|0.000350126|0.00494291|0.000186877|0.00271152|0.00549128|0.00268841|0.000493531|0.00158999|0.00344494|0.00412419|0.0025393|0.00950649|0.000640186|0.00195589|0.000368678|0.000681499|0.00295865|0.00384342|0.000807753|0.00113469|0.00126856|0.000479664|0.000752991|0.000175452|0.000338175|0.000428116|0.00580301|0.00344885,0.0109342|0.0362414|0.0381696|0.00282907|0.0278433|0.0334079|0.0249103|0.00783732|0.0486405|0.0168583|0.00451081|0.00111942|0.0263713|0.029632|0.00712365|0.0108696|0.0192976|0.0286141|0.0479977|0.0455502|0.00597815|0.0100727|0.0252961|0.0481357|0.015405|0.0354515|0.00118659|0.0398377|0.0365406,0.000178506|0.0472365|0.00800322|0.0420997|0.0266174|0.00844474|0.033399|0.0327962|0.00764508|0.0482719|0.00491436|0.0449458|0.00318517|0.0482082|0.0414669|0.0181411|0.0120519|0.0216638|0.0299903|0.028193|0.0245713|0.0107197|0.0203026|0.00997263|0.038157|0.0266209|0.00176737|0.0151024|0.0130093,0.973537|0.953794|0.90679|0.966581|0.934435|0.927525|0.920308|0.960936|0.932977|0.943219|0.923722|0.924329|0.902547|0.924883|0.971602|0.923215|0.946711|0.966653|0.96924|0.909539|0.962416|0.903245|0.966262|0.948836|0.947801|0.940474|0.967717|0.965406|0.98883,4.63983|3.07459|1.41691|1.09944|0.132111|1.22009|2.50002|0.765875|2.64532|2.3897|4.11092|1.19952|5.09423|2.06342|3.14177|4.79469|4.38273|4.60778|3.90463|3.29092|1.97158|4.68449|3.41737|1.5908|4.11052|4.91715|4.1126|0.0104102|4.04415,66.2586|94.4507|11.8968|75.699|41.1455|12.2677|77.6192|21.0603|69.1985|43.4967|38.9947|52.0957|59.2872|42.5138|76.7594|89.2299|55.8812|97.4405|29.1617|29.3778|65.1286|16.1844|26.55|78.7627|92.2019|82.5435|56.1703|83.3731,0.180129|0.168303|0.228013|0.21275|0.242874|0.248162|0.243521|0.23095|0.210513|0.160247|0.18226|0.199024|0.200548|0.197352|0.218425|0.247215|0.234874|0.180102|0.178937|0.202302|0.203746|0.22961|0.238834|0.170031|0.231254|0.20461|0.247907|0.197114,0.323551|0.263233|0.342677|0.837867|0.378494|0.812759|0.14346|0.399278|0.374145|0.922117|0.988985|0.46236|0.127053|0.602799|0.515127|0.652252|0.16843|0.79408|0.920295|0.747283|0.514129|0.217843|0.957633|0.530775|0.604504|0.519435|0.827328|0.942894,0.869523,0.801463,0.117836,0.0993652,0.460468,0.534015,0.0732846,0.487967,0.198257,0.921169,51.6436,5.43263e-12,47756,0.887486,41.1981,1.06086e-12,38445,0.895553,0.876428,0.0878307,0.631141,0.996144,0.511517,0.22039,0.459803,0.228135,0.891603,87.9902,7.64954e-10,30733,0.967162,70.4477,9.04596e-11,52512
24,1084,n1->n13->n14->n75->n76->n74->n22->n21->n20->n89->n48->n50->n29->n11->n9->n10->n63->n15->n34->n36->n38->n39->n37->n81->n83->n85->n65->n52->n51,5.37021e+09|6.60497e+13|3.70261e+10|8.71921e+10|4.21804e+13|5.8385e+13|1.47e+10|1.56161e+12|4.0293e+11|2.68119e+11|3.98001e+12|2.36425e+09|3.6336e+13|1.78735e+12|1.49139e+12|2.49624e+09|6.55204e+12|8.77071e+11|4.7313e+12|7.73972e+11|1.16426e+13|3.34792e+13|2.79748e+13|2.58887e+10|3.76373e+13|2.02447e+09|1.12599e+09|1.02428e+10|7.46708e+11,8.19724e+08|8.87204e+12|1.44234e+10|5.29113e+10|1.15782e+13|7.35096e+12|9.51029e+09|3.02345e+11|1.89646e+11|9.23423e+10|1.69514e+12|4.07889e+08|1.77292e+13|3.29521e+11|3.79906e+11|7.32581e+08|2.63574e+12|1.06991e+11|1.15705e+12|7.77593e+10|1.19258e+12|1.12013e+13|4.96975e+12|8.36206e+09|2.34723e+13|2.41326e+08|3.2906e+08|2.07235e+09|5.06847e+11,0.000494453|0.000787814|3.25754e-05|0.000766915|1.88608e-05|0.000875739|1.77434e-05|0.00096308|5.21063e-05|3.55201e-05|4.78153e-05|1.54283e-05|0.000125062|5.47786e-05|1.80008e-05|6.27016e-05|0.000116235|0.000182949|0.000140889|0.000426407|1.04425e-05|5.53896e-05|1.06248e-05|0.000268232|1.86087e-05|2.04325e-05|1.96575e-05|0.00011644|0.000185382,0.000316017|0.00788063|0.000181646|0.000203965|0.00214239|0.00944671|0.0006856|0.00195589|0.000368678|0.000111435|0.00544009|0.00907722|0.00231296|0.00652494|0.00065196|0.00113469|0.00126856|0.00274771|0.000270551|0.00396778|0.00950649|0.0025393|0.000261291|0.000752991|0.000175452|0.000338175|0.000428116|0.00580301|0.00344885,0.0109342|0.0476737|0.0426128|0.0243876|0.00156873|0.0280357|0.0408661|0.00712365|0.0108696|0.0107812|0.0455031|0.00638914|0.0255931|0.00125292|0.0140743|0.00597815|0.0100727|0.0207315|0.0276207|0.00497013|0.0263713|0.00111942|0.0457563|0.0481357|0.015405|0.0354515|0.00118659|0.0398377|0.0365406,0.000178506|0.00335145|0.049061|0.0250863|0.0470058|0.0166219|0.040072|0.0414669|0.0181411|0.0401575|0.0360942|0.0483596|0.00291922|0.0136412|0.033904|0.0245713|0.0107197|0.0378122|0.0210615|0.0341912|0.00318517|0.0449458|0.0105712|0.00997263|0.038157|0.0266209|0.00176737|0.0151024|0.0130093,0.973537|0.954869|0.906626|0.936129|0.989289|0.90082|0.95984|0.971602|0.923215|0.926416|0.967439|0.910708|0.962742|0.988894|0.963574|0.962416|0.903245|0.910795|0.904866|0.94998|0.902547|0.924329|0.964079|0.948836|0.947801|0.940474|0.967717|0.965406|0.98883,4.63983|5.26639|0.762282|3.39264|0.578949|0.0974208|0.048646|3.14177|4.79469|0.0868458|3.09858|5.41755|0.0327787|0.923897|5.88966|1.97158|4.68449|1.89272|4.56594|3.70656|5.09423|1.19952|4.96174|1.5908|4.11052|4.91715|4.1126|0.0104102|4.04415,79.8117|92.5451|56.2706|63.5216|53.1277|63.8366|55.6995|76.7594|18.2346|94.0077|23.5956|37.0378|13.2112|99.0064|65.9961|65.1286|11.0615|27.3162|89.5651|61.2725|52.0957|31.554|88.8597|78.7627|92.2019|82.5435|56.1703|83.3731,0.246796|0.191459|0.226178|0.207806|0.181342|0.241428|0.206062|0.218425|0.231355|0.234363|0.191801|0.191256|0.219003|0.201409|0.193896|0.203746|0.214255|0.231681|0.241996|0.204351|0.199024|0.195005|0.211898|0.170031|0.231254|0.20461|0.247907|0.197114,0.338018|0.161307|0.725021|0.844544|0.519715|0.480684|0.677391|0.515127|0.595303|0.948873|0.688345|0.182586|0.427028|0.439638|0.982181|0.514129|0.692153|0.750497|0.265381|0.413834|0.46236|0.711047|0.430076|0.530775|0.604504|0.519435|0.827328|0.942894,0.869523,0.801463,0.117836,0.0993652,0.460468,0.534015,0.0732846,0.487967,0.198257,0.921169,51.6436,5.43263e-12,47756,0.887486,41.1981,1.06086e-12,38445,0.895553,0.876428,0.0878307,0.631141,0.996144,0.511517,0.22039,0.459803,0.228135,0.891603,87.9902,7.64954e-10,30733,0.967162,70.4477,9.04596e-11,52512
24,1085,n1->n20->n89->n90->n88->n87->n70->n69->n3->n5->n7->n8->n12->n14->n96->n94->n92->n91->n93->n77->n99->n98->n57->n83->n81->n37->n65->n52->n51,5.37021e+09|4.0293e+11|2.68119e+11|1.33273e+11|9.00567e+12|7.3435e+12|6.87309e+13|8.81277e+09|2.78751e+13|2.91995e+11|3.81012e+11|4.61239e+13|9.70597e+10|3.70261e+10|2.51165e+12|1.36531e+10|1.97334e+09|2.84652e+12|4.22601e+13|5.68112e+11|1.57108e+10|1.8266e+13|4.14288e+09|3.76373e+13|2.58887e+10|2.79748e+13|1.12599e+09|1.02428e+10|7.46708e+11,8.19724e+08|1.89646e+11|9.23423e+10|6.41526e+10|8.66002e+12|2.79916e+12|9.78332e+12|7.57626e+09|1.44762e+13|4.67133e+10|6.70334e+10|1.04208e+13|2.76143e+10|1.44234e+10|5.36324e+11|1.67171e+09|1.46451e+09|3.57264e+11|1.3774e+13|3.56307e+11|4.21389e+09|5.99087e+12|2.05006e+09|2.34723e+13|8.36206e+09|4.96975e+12|3.2906e+08|2.07235e+09|5.06847e+11,0.000494453|5.21063e-05|3.55201e-05|0.000319756|6.2721e-05|0.000634307|5.13815e-05|0.000268039|0.00022361|7.03031e-05|0.000475679|6.6054e-05|0.000201974|3.25754e-05|1.2987e-05|2.95455e-05|2.75832e-05|6.93267e-05|8.45967e-05|8.49487e-05|0.00089026|0.000410965|0.000173612|1.86087e-05|0.000268232|1.06248e-05|1.96575e-05|0.00011644|0.000185382,0.000316017|0.000368678|0.000111435|0.000672662|0.000480267|0.00151267|0.00295865|0.00367819|0.00776667|0.000196916|0.00104538|0.00522046|0.0016732|0.000181646|0.000286765|0.000125263|0.0052688|0.00599677|0.000162335|0.000906866|0.000350126|0.000548485|0.00271581|0.000175452|0.000752991|0.000261291|0.000428116|0.00580301|0.00344885,0.0109342|0.0108696|0.0107812|0.0285929|0.00850464|0.0186268|0.0286141|0.022957|0.0268705|0.00731162|0.01754|0.0318744|0.0313381|0.0426128|0.0377902|0.00830448|0.0444618|0.008036|0.0108045|0.04851|0.0362414|0.0295222|0.0328142|0.015405|0.0481357|0.0457563|0.00118659|0.0398377|0.0365406,0.000178506|0.0181411|0.0401575|0.0372754|0.0237676|0.00979507|0.0216638|0.0100342|0.0326941|0.0421608|0.0283975|0.0483133|0.0470205|0.049061|0.0195364|0.0293842|0.0387741|0.015498|0.0326183|0.0115254|0.0472365|0.0297366|0.0437642|0.038157|0.00997263|0.0105712|0.00176737|0.0151024|0.0130093,0.973537|0.923215|0.926416|0.984478|0.962132|0.977244|0.966653|0.975915|0.982466|0.951514|0.963898|0.975256|0.937315|0.906626|0.951762|0.927471|0.987763|0.964407|0.912097|0.949999|0.953794|0.959539|0.983348|0.947801|0.948836|0.964079|0.967717|0.965406|0.98883,4.63983|4.79469|0.0868458|4.02061|1.9653|2.33192|4.60778|2.99986|4.79844|4.90362|3.51107|3.22282|3.07758|0.762282|0.85792|5.03384|6.03913|5.6679|5.92115|0.722366|3.07459|2.95405|1.93323|4.11052|1.5908|4.96174|4.1126|0.0104102|4.04415,90.7492|18.2346|12.726|14.1987|57.0974|39.9413|74.5377|83.9106|10.4739|37.2729|55.4093|81.3396|51.9585|54.7186|71.0086|13.5087|32.3713|26.8753|51.9256|96.5216|58.4557|98.2355|50.003|78.7627|88.8597|13.4252|56.1703|83.3731,0.215706|0.231355|0.226099|0.244274|0.227675|0.180359|0.172691|0.204476|0.163561|0.176784|0.230451|0.186476|0.222459|0.208433|0.230021|0.230182|0.161013|0.203549|0.247077|0.241387|0.227784|0.190047|0.1911|0.170031|0.211898|0.230756|0.247907|0.197114,0.53635|0.595303|0.757755|0.997795|0.396625|0.129355|0.416585|0.65353|0.469027|0.943162|0.745697|0.379326|0.326911|0.448351|0.131268|0.731663|0.940947|0.21516|0.469529|0.664018|0.686264|0.757428|0.161388|0.530775|0.430076|0.986996|0.827328|0.942894,0.869523,0.801463,0.117836,0.0993652,0.460468,0.534015,0.0732846,0.487967,0.198257,0.921169,51.6436,5.43263e-12,47756,0.887486,41.1981,1.06086e-12,38445,0.895553,0.876428,0.0878307,0.631141,0.996144,0.511517,0.22039,0.459803,0.228135,0.891603,87.9902,7.64954e-10,30733,0.967162,70.4477,9.04596e-11,52512
24,1086,n1->n13->n15->n29->n50->n60->n59->n90->n88->n87->n70->n72->n73->n100->n2->n4->n27->n52->n53->n54->n56->n84->n33->n24->n23->n77->n93->n94->n51,5.37021e+09|6.60497e+13|8.77071e+11|3.6336e+13|2.36425e+09|8.79841e+13|3.04563e+11|1.33273e+11|9.00567e+12|7.3435e+12|6.87309e+13|6.83442e+09|1.41706e+11|4.01966e+09|5.94248e+10|7.07339e+12|4.19351e+12|1.02428e+10|4.60474e+10|2.80961e+11|1.1605e+12|1.07392e+09|3.64323e+13|1.59557e+13|4.63033e+10|5.68112e+11|4.22601e+13|1.36531e+10|7.46708e+11,8.19724e+08|8.87204e+12|1.06991e+11|1.77292e+13|4.07889e+08|5.95756e+13|3.06423e+10|6.41526e+10|8.66002e+12|2.79916e+12|9.78332e+12|1.48353e+09|5.76853e+10|2.27749e+09|3.74975e+10|2.43435e+12|8.73344e+11|2.07235e+09|3.18273e+10|2.23178e+11|5.65456e+11|9.00899e+08|6.32377e+12|4.06569e+12|3.30225e+10|3.56307e+11|1.3774e+13|1.67171e+09|5.06847e+11,0.000494453|0.000787814|0.000182949|0.000125062|1.54283e-05|0.000731749|2.43107e-05|0.000319756|6.2721e-05|0.000634307|5.13815e-05|0.000159499|6.32916e-05|0.000665246|1.10648e-05|0.000113681|1.08528e-05|0.00011644|2.00633e-05|1.47667e-05|1.7812e-05|2.14473e-05|1.50316e-05|0.000193265|0.000277161|8.49487e-05|8.45967e-05|2.95455e-05|0.000185382,0.000316017|0.00788063|0.00274771|0.00231296|0.00907722|0.000248463|0.000202742|0.000672662|0.000480267|0.00151267|0.00295865|0.00384342|0.000807753|0.00914892|0.00120557|0.00198341|0.00262605|0.00580301|0.000509085|0.00549128|0.000830638|0.000434313|0.00213059|0.0012727|0.00418014|0.000906866|0.000162335|0.000125263|0.00344885,0.0109342|0.0476737|0.0207315|0.0255931|0.00638914|0.0128442|0.00304046|0.0285929|0.00850464|0.0186268|0.0286141|0.0479977|0.0455502|0.0100829|0.00369149|0.0350273|0.0303206|0.0398377|5.21659e-05|0.0334079|0.0231698|0.0473575|0.00968695|0.0433038|0.00314906|0.04851|0.0108045|0.00830448|0.0365406,0.000178506|0.00335145|0.0378122|0.00291922|0.0483596|0.0431033|0.0474075|0.0372754|0.0237676|0.00979507|0.0216638|0.0299903|0.028193|0.0460028|0.0127317|0.0273051|0.0230682|0.0151024|0.00115664|0.00844474|0.0417641|0.0366447|0.0280967|0.00780618|0.0470385|0.0115254|0.0326183|0.0293842|0.0130093,0.973537|0.954869|0.910795|0.962742|0.910708|0.945549|0.99171|0.984478|0.962132|0.977244|0.966653|0.96924|0.909539|0.935175|0.968894|0.917619|0.985376|0.965406|0.913872|0.927525|0.944528|0.948551|0.923653|0.90929|0.92176|0.949999|0.912097|0.927471|0.98883,4.63983|5.26639|1.89272|0.0327787|5.41755|4.50487|5.60303|4.02061|1.9653|2.33192|4.60778|3.90463|3.29092|3.89025|4.74216|1.56082|4.5695|0.0104102|0.640024|1.22009|2.55597|5.42186|1.04264|3.9732|2.08786|0.722366|5.92115|5.03384|4.04415,79.8117|66.6304|32.2763|37.0378|22.3088|76.8491|62.2588|14.1987|57.0974|39.9413|97.4405|29.1617|20.1165|37.015|30.2686|52.1141|46.2248|81.3721|75.3264|42.6814|34.4372|59.7094|98.0873|44.8869|39.0733|51.9256|63.1349|11.2844,0.246796|0.179788|0.240047|0.191256|0.190841|0.204072|0.169222|0.244274|0.227675|0.180359|0.180102|0.178937|0.175955|0.17211|0.239023|0.184605|0.183493|0.184589|0.191357|0.167734|0.222961|0.183728|0.239791|0.161116|0.178948|0.247077|0.209804|0.200895,0.338018|0.275394|0.895675|0.182586|0.323935|0.509755|0.361153|0.997795|0.396625|0.129355|0.79408|0.920295|0.825877|0.315214|0.514427|0.200735|0.657987|0.272111|0.567841|0.927159|0.762891|0.218166|0.939209|0.528582|0.23533|0.469529|0.17375|0.836539,0.869523,0.801463,0.117836,0.0993652,0.460468,0.534015,0.0732846,0.487967,0.198257,0.921169,51.6436,5.43263e-12,47756,0.887486,41.1981,1.06086e-12,38445,0.895553,0.876428,0.0878307,0.631141,0.996144,0.511517,0.22039,0.459803,0.228135,0.891603,87.9902,7.64954e-10,30733,0.967162,70.4477,9.04596e-11,52512
24,1087,n1->n13->n12->n8->n10->n63->n61->n62->n46->n47->n48->n50->n60->n59->n58->n68->n22->n74->n75->n14->n96->n97->n99->n77->n93->n64->n65->n52->n51,5.37021e+09|6.60497e+13|9.70597e+10|4.61239e+13|2.49624e+09|6.55204e+12|6.44979e+11|2.37342e+11|5.53417e+12|4.74236e+11|3.98001e+12|2.36425e+09|8.79841e+13|3.04563e+11|8.16696e+09|1.31753e+09|1.47e+10|5.8385e+13|8.71921e+10|3.70261e+10|2.51165e+12|2.90604e+09|1.57108e+10|5.68112e+11|4.22601e+13|4.21034e+09|1.12599e+09|1.02428e+10|7.46708e+11,8.19724e+08|8.87204e+12|2.76143e+10|1.04208e+13|7.32581e+08|2.63574e+12|1.30372e+11|1.13053e+11|1.63629e+12|1.54765e+11|1.69514e+12|4.07889e+08|5.95756e+13|3.06423e+10|6.89506e+09|3.10679e+08|9.51029e+09|7.35096e+12|5.29113e+10|1.44234e+10|5.36324e+11|5.04144e+08|4.21389e+09|3.56307e+11|1.3774e+13|1.60867e+09|3.2906e+08|2.07235e+09|5.06847e+11,0.000494453|0.000787814|0.000201974|6.6054e-05|6.27016e-05|0.000116235|3.71253e-05|8.24006e-05|0.000489732|0.000202873|4.78153e-05|1.54283e-05|0.000731749|2.43107e-05|0.000266735|0.000223952|1.77434e-05|0.000875739|0.000766915|3.25754e-05|1.2987e-05|8.81202e-05|0.00089026|8.49487e-05|8.45967e-05|1.88732e-05|1.96575e-05|0.00011644|0.000185382,0.000316017|0.00788063|0.0016732|0.00522046|0.00113469|0.00126856|0.00313588|0.00794111|0.000159088|0.000266598|0.00544009|0.00907722|0.000248463|0.000202742|0.00874893|0.00843573|0.0006856|0.00944671|0.000203965|0.000181646|0.000286765|0.00494291|0.000350126|0.000906866|0.000162335|0.000135861|0.000428116|0.00580301|0.00344885,0.0109342|0.0476737|0.0313381|0.0318744|0.00597815|0.0100727|0.0266048|0.0242596|0.029055|0.00898217|0.0455031|0.00638914|0.0128442|0.00304046|0.0248478|0.0370095|0.0408661|0.0280357|0.0243876|0.0426128|0.0377902|0.0381696|0.0362414|0.04851|0.0108045|0.0266797|0.00118659|0.0398377|0.0365406,0.000178506|0.00335145|0.0470205|0.0483133|0.0245713|0.0107197|0.0179693|0.0480911|0.0302566|0.0488958|0.0360942|0.0483596|0.0431033|0.0474075|0.0481122|0.00589983|0.040072|0.0166219|0.0250863|0.049061|0.0195364|0.00800322|0.0472365|0.0115254|0.0326183|0.0436548|0.00176737|0.0151024|0.0130093,0.973537|0.954869|0.937315|0.975256|0.962416|0.903245|0.958619|0.98053|0.923372|0.9108|0.967439|0.910708|0.945549|0.99171|0.911658|0.984554|0.95984|0.90082|0.936129|0.906626|0.951762|0.90679|0.953794|0.949999|0.912097|0.933821|0.967717|0.965406|0.98883,4.63983|5.26639|3.07758|3.22282|1.97158|4.68449|2.63855|5.59786|0.31178|6.27947|3.09858|5.41755|4.50487|5.60303|3.70937|5.26958|0.048646|0.0974208|3.39264|0.762282|0.85792|1.41691|3.07459|0.722366|5.92115|5.77568|4.1126|0.0104102|4.04415,79.8117|56.34|81.3396|99.595|65.1286|47.0482|89.0369|56.7189|71.5316|78.8723|23.5956|22.3088|76.8491|56.397|56.905|15.3326|63.8366|64.3401|56.2706|54.7186|37.9513|94.4507|96.5216|51.9256|32.5899|56.7563|56.1703|83.3731,0.246796|0.206669|0.186476|0.184434|0.203746|0.167884|0.198053|0.167864|0.196056|0.239998|0.191801|0.190841|0.204072|0.21902|0.185169|0.236297|0.241428|0.220369|0.226178|0.208433|0.246589|0.168303|0.241387|0.247077|0.178102|0.186349|0.247907|0.197114,0.338018|0.285239|0.379326|0.703378|0.514129|0.410418|0.704733|0.624525|0.758317|0.300482|0.688345|0.323935|0.509755|0.533324|0.476138|0.655447|0.480684|0.119032|0.725021|0.448351|0.157157|0.263233|0.664018|0.469529|0.548301|0.927837|0.827328|0.942894,0.869523,0.801463,0.117836,0.0993652,0.460468,0.534015,0.0732846,0.487967,0.198257,0.921169,51.6436,5.43263e-12,47756,0.887486,41.1981,1.06086e-12,38445,0.895553,0.876428,0.0878307,0.631141,0.996144,0.511517,0.22039,0.459803,0.228135,0.891603,87.9902,7.64954e-10,30733,0.967162,70.4477,9.04596e-11,52512
24,1088,n1->n13->n15->n29->n28->n27->n26->n24->n33->n35->n34->n32->n30->n76->n69->n70->n72->n71->n73->n100->n90->n89->n48->n47->n49->n64->n62->n61->n51,5.37021e+09|6.60497e+13|8.77071e+11|3.6336e+13|1.34247e+11|4.19351e+12|7.09351e+09|1.59557e+13|3.64323e+13|5.77859e+11|4.7313e+12|1.78367e+12|1.26395e+10|4.21804e+13|8.81277e+09|6.87309e+13|6.83442e+09|7.70008e+11|1.41706e+11|4.01966e+09|1.33273e+11|2.68119e+11|3.98001e+12|4.74236e+11|2.45005e+09|4.21034e+09|2.37342e+11|6.44979e+11|7.46708e+11,8.19724e+08|8.87204e+12|1.06991e+11|1.77292e+13|1.51805e+10|8.73344e+11|1.31666e+09|4.06569e+12|6.32377e+12|4.88834e+11|1.15705e+12|1.05491e+12|1.81012e+09|1.15782e+13|7.57626e+09|9.78332e+12|1.48353e+09|1.60546e+11|5.76853e+10|2.27749e+09|6.41526e+10|9.23423e+10|1.69514e+12|1.54765e+11|2.44458e+09|1.60867e+09|1.13053e+11|1.30372e+11|5.06847e+11,0.000494453|0.000787814|0.000182949|0.000125062|0.00056516|1.08528e-05|3.77967e-05|0.000193265|1.50316e-05|0.000412952|0.000140889|0.000179959|4.789e-05|1.88608e-05|0.000268039|5.13815e-05|0.000159499|0.00017279|6.32916e-05|0.000665246|0.000319756|3.55201e-05|4.78153e-05|0.000202873|1.07426e-05|1.88732e-05|8.24006e-05|3.71253e-05|0.000185382,0.000316017|0.00788063|0.00274771|0.00231296|0.0093172|0.00262605|0.00522178|0.0012727|0.00213059|0.00138752|0.000270551|0.00292552|0.00655588|0.00214239|0.00367819|0.00295865|0.00384342|0.00123164|0.000807753|0.00914892|0.000672662|0.000111435|0.00544009|0.000266598|0.000979027|0.000135861|0.00794111|0.00313588|0.00344885,0.0109342|0.0476737|0.0207315|0.0255931|0.0317261|0.0303206|0.0101688|0.0433038|0.00968695|0.00215298|0.0276207|0.00778345|0.00398508|0.00156873|0.022957|0.0286141|0.0479977|0.0398828|0.0455502|0.0100829|0.0285929|0.0107812|0.0455031|0.00898217|0.0183567|0.0266797|0.0242596|0.0266048|0.0365406,0.000178506|0.00335145|0.0378122|0.00291922|0.03841|0.0230682|0.0409649|0.00780618|0.0280967|0.0375959|0.0210615|0.0161829|0.0178703|0.0470058|0.0100342|0.0216638|0.0299903|0.0326729|0.028193|0.0460028|0.0372754|0.0401575|0.0360942|0.0488958|0.0388066|0.0436548|0.0480911|0.0179693|0.0130093,0.973537|0.954869|0.910795|0.962742|0.948072|0.985376|0.981638|0.90929|0.923653|0.952159|0.904866|0.953313|0.972158|0.989289|0.975915|0.966653|0.96924|0.947193|0.909539|0.935175|0.984478|0.926416|0.967439|0.9108|0.969899|0.933821|0.98053|0.958619|0.98883,4.63983|5.26639|1.89272|0.0327787|1.48687|4.5695|2.91399|3.9732|1.04264|5.24666|4.56594|0.10397|5.42296|0.578949|2.99986|4.60778|3.90463|0.117525|3.29092|3.89025|4.02061|0.0868458|3.09858|6.27947|3.94615|5.77568|5.59786|2.63855|4.04415,79.8117|66.6304|32.2763|18.7034|23.5709|67.4197|83.4704|98.0873|93.5115|26.2497|23.0914|69.5993|21.8454|66.666|74.5377|97.4405|45.8448|28.2621|20.1165|32.7492|12.726|94.0077|78.8723|91.8261|77.768|93.0484|89.0369|66.5616,0.246796|0.179788|0.240047|0.249902|0.207151|0.171162|0.216464|0.239791|0.242679|0.244194|0.18593|0.204659|0.220509|0.212271|0.172691|0.180102|0.218487|0.242769|0.175955|0.191207|0.226099|0.234363|0.239998|0.228404|0.165457|0.176232|0.198053|0.171721,0.338018|0.275394|0.895675|0.259002|0.340196|0.40751|0.583168|0.939209|0.487093|0.307851|0.12287|0.237533|0.936019|0.890059|0.416585|0.79408|0.29317|0.940077|0.825877|0.878161|0.757755|0.948873|0.300482|0.133861|0.348083|0.182879|0.704733|0.235817,0.869523,0.801463,0.117836,0.0993652,0.460468,0.534015,0.0732846,0.487967,0.198257,0.921169,51.6436,5.43263e-12,47756,0.887486,41.1981,1.06086e-12,38445,0.895553,0.876428,0.0878307,0.631141,0.996144,0.511517,0.22039,0.459803,0.228135,0.891603,87.9902,7.64954e-10,30733,0.967162,70.4477,9.04596e-11,52512
24,1089,n1->n20->n96->n94->n93->n64->n62->n61->n63->n79->n81->n37->n38->n16->n18->n19->n68->n17->n85->n83->n84->n82->n95->n89->n90->n59->n60->n50->n51,5.37021e+09|4.0293e+11|2.51165e+12|1.36531e+10|4.22601e+13|4.21034e+09|2.37342e+11|6.44979e+11|6.55204e+12|1.47019e+10|2.58887e+10|2.79748e+13|1.16426e+13|1.09193e+13|7.59179e+12|2.47533e+11|1.31753e+09|1.51096e+11|2.02447e+09|3.76373e+13|1.07392e+09|1.07979e+13|1.05601e+11|2.68119e+11|1.33273e+11|3.04563e+11|8.79841e+13|2.36425e+09|7.46708e+11,8.19724e+08|1.89646e+11|5.36324e+11|1.67171e+09|1.3774e+13|1.60867e+09|1.13053e+11|1.30372e+11|2.63574e+12|4.87652e+09|8.36206e+09|4.96975e+12|1.19258e+12|1.33827e+12|4.11836e+12|2.33399e+11|3.10679e+08|1.57582e+10|2.41326e+08|2.34723e+13|9.00899e+08|1.66379e+12|5.46554e+10|9.23423e+10|6.41526e+10|3.06423e+10|5.95756e+13|4.07889e+08|5.06847e+11,0.000494453|5.21063e-05|1.2987e-05|2.95455e-05|8.45967e-05|1.88732e-05|8.24006e-05|3.71253e-05|0.000116235|0.000133131|0.000268232|1.06248e-05|1.04425e-05|3.71682e-05|2.98936e-05|0.000261527|0.000223952|0.000261059|2.04325e-05|1.86087e-05|2.14473e-05|0.000837919|0.000260968|3.55201e-05|0.000319756|2.43107e-05|0.000731749|1.54283e-05|0.000185382,0.000316017|0.000368678|0.000286765|0.000125263|0.000162335|0.000135861|0.00794111|0.00313588|0.00126856|0.000479664|0.000752991|0.000261291|0.00950649|0.00174713|0.000681499|0.000768065|0.00843573|0.000513001|0.000338175|0.000175452|0.000434313|0.00271152|0.000186877|0.000111435|0.000672662|0.000202742|0.000248463|0.00907722|0.00344885,0.0109342|0.0108696|0.0377902|0.00830448|0.0108045|0.0266797|0.0242596|0.0266048|0.0100727|0.0252961|0.0481357|0.0457563|0.0263713|0.0123696|0.0192976|0.0201979|0.0370095|0.0430027|0.0354515|0.015405|0.0473575|0.0278433|0.00282907|0.0107812|0.0285929|0.00304046|0.0128442|0.00638914|0.0365406,0.000178506|0.0181411|0.0195364|0.0293842|0.0326183|0.0436548|0.0480911|0.0179693|0.0107197|0.0203026|0.00997263|0.0105712|0.00318517|0.0240438|0.0120519|0.0291803|0.00589983|0.00442808|0.0266209|0.038157|0.0366447|0.0266174|0.0420997|0.0401575|0.0372754|0.0474075|0.0431033|0.0483596|0.0130093,0.973537|0.923215|0.951762|0.927471|0.912097|0.933821|0.98053|0.958619|0.903245|0.966262|0.948836|0.964079|0.902547|0.979533|0.946711|0.941018|0.984554|0.974312|0.940474|0.947801|0.948551|0.934435|0.966581|0.926416|0.984478|0.99171|0.945549|0.910708|0.98883,4.63983|4.79469|0.85792|5.03384|5.92115|5.77568|5.59786|2.63855|4.68449|3.41737|1.5908|4.96174|5.09423|1.69436|4.38273|1.39448|5.26958|5.11322|4.91715|4.11052|5.42186|0.132111|1.09944|0.0868458|4.02061|5.60303|4.50487|5.41755|4.04415,90.7492|58.7029|71.0086|63.1349|32.5899|93.0484|89.0369|47.0482|16.1844|26.55|88.8597|46.986|28.0546|72.2829|34.0839|67.5745|23.9015|84.7043|92.2019|20.1884|83.37|75.699|11.8194|12.726|62.2588|76.8491|22.3088|82.9474,0.215706|0.201188|0.230021|0.209804|0.178102|0.176232|0.198053|0.167884|0.22961|0.238834|0.211898|0.170599|0.17367|0.180241|0.248409|0.2055|0.236806|0.225161|0.231254|0.246081|0.203763|0.21275|0.168449|0.226099|0.169222|0.204072|0.190841|0.24308,0.53635|0.666395|0.131268|0.17375|0.548301|0.182879|0.704733|0.410418|0.217843|0.957633|0.430076|0.662799|0.828443|0.553025|0.983209|0.968257|0.2818|0.880608|0.604504|0.599197|0.808712|0.837867|0.776387|0.757755|0.361153|0.509755|0.323935|0.624607,0.869523,0.801463,0.117836,0.0993652,0.460468,0.534015,0.0732846,0.487967,0.198257,0.921169,51.6436,5.43263e-12,47756,0.887486,41.1981,1.06086e-12,38445,0.895553,0.876428,0.0878307,0.631141,0.996144,0.511517,0.22039,0.459803,0.228135,0.891603,87.9902,7.64954e-10,30733,0.967162,70.4477,9.04596e-11,52512
24,1090,n1->n13->n12->n14->n96->n97->n99->n98->n57->n74->n75->n73->n54->n55->n53->n52->n65->n85->n78->n80->n81->n83->n23->n24->n33->n31->n29->n50->n51,5.37021e+09|6.60497e+13|9.70597e+10|3.70261e+10|2.51165e+12|2.90604e+09|1.57108e+10|1.8266e+13|4.14288e+09|5.8385e+13|8.71921e+10|1.41706e+11|2.80961e+11|8.84081e+12|4.60474e+10|1.02428e+10|1.12599e+09|2.02447e+09|3.25238e+10|2.45686e+13|2.58887e+10|3.76373e+13|4.63033e+10|1.59557e+13|3.64323e+13|4.79342e+12|3.6336e+13|2.36425e+09|7.46708e+11,8.19724e+08|8.87204e+12|2.76143e+10|1.44234e+10|5.36324e+11|5.04144e+08|4.21389e+09|5.99087e+12|2.05006e+09|7.35096e+12|5.29113e+10|5.76853e+10|2.23178e+11|4.69454e+12|3.18273e+10|2.07235e+09|3.2906e+08|2.41326e+08|2.30731e+10|2.75437e+12|8.36206e+09|2.34723e+13|3.30225e+10|4.06569e+12|6.32377e+12|4.42443e+12|1.77292e+13|4.07889e+08|5.06847e+11,0.000494453|0.000787814|0.000201974|3.25754e-05|1.2987e-05|8.81202e-05|0.00089026|0.000410965|0.000173612|0.000875739|0.000766915|6.32916e-05|1.47667e-05|4.06274e-05|2.00633e-05|0.00011644|1.96575e-05|2.04325e-05|0.000270955|1.13052e-05|0.000268232|1.86087e-05|0.000277161|0.000193265|1.50316e-05|0.00024651|0.000125062|1.54283e-05|0.000185382,0.000316017|0.00788063|0.0016732|0.000181646|0.000286765|0.00494291|0.000350126|0.000548485|0.00271581|0.00944671|0.000203965|0.000807753|0.00549128|0.000128431|0.000509085|0.00580301|0.000428116|0.000338175|0.00167497|0.000238286|0.000752991|0.000175452|0.00418014|0.0012727|0.00213059|0.00308746|0.00231296|0.00907722|0.00344885,0.0109342|0.0476737|0.0313381|0.0426128|0.0377902|0.0381696|0.0362414|0.0295222|0.0328142|0.0280357|0.0243876|0.0455502|0.0334079|0.00843704|5.21659e-05|0.0398377|0.00118659|0.0354515|0.00569443|0.00592883|0.0481357|0.015405|0.00314906|0.0433038|0.00968695|0.0211034|0.0255931|0.00638914|0.0365406,0.000178506|0.00335145|0.0470205|0.049061|0.0195364|0.00800322|0.0472365|0.0297366|0.0437642|0.0166219|0.0250863|0.028193|0.00844474|0.0314938|0.00115664|0.0151024|0.00176737|0.0266209|0.0425349|0.0262948|0.00997263|0.038157|0.0470385|0.00780618|0.0280967|0.0151027|0.00291922|0.0483596|0.0130093,0.973537|0.954869|0.937315|0.906626|0.951762|0.90679|0.953794|0.959539|0.983348|0.90082|0.936129|0.909539|0.927525|0.908585|0.913872|0.965406|0.967717|0.940474|0.92832|0.919013|0.948836|0.947801|0.92176|0.90929|0.923653|0.943878|0.962742|0.910708|0.98883,4.63983|5.26639|3.07758|0.762282|0.85792|1.41691|3.07459|2.95405|1.93323|0.0974208|3.39264|3.29092|1.22009|3.37071|0.640024|0.0104102|4.1126|4.91715|3.3614|0.100836|1.5908|4.11052|2.08786|3.9732|1.04264|4.82496|0.0327787|5.41755|4.04415,79.8117|56.34|51.9585|54.7186|37.9513|94.4507|58.4557|98.2355|95.6836|64.3401|85.6152|26.1465|27.8669|30.3781|81.3721|56.1703|82.5435|67.1704|66.5291|15.5679|78.7627|23.518|44.8869|98.0873|95.0453|70.4589|37.0378|82.9474,0.246796|0.206669|0.222459|0.208433|0.246589|0.168303|0.227784|0.190047|0.169856|0.220369|0.185893|0.196311|0.169326|0.207992|0.184589|0.247907|0.20461|0.184721|0.222935|0.212149|0.170031|0.181099|0.161116|0.239791|0.234751|0.246199|0.191256|0.24308,0.338018|0.285239|0.326911|0.448351|0.157157|0.263233|0.686264|0.757428|0.815246|0.119032|0.624191|0.754315|0.414082|0.646488|0.272111|0.827328|0.519435|0.609732|0.109088|0.870283|0.530775|0.741177|0.528582|0.939209|0.258586|0.415176|0.182586|0.624607,0.869523,0.801463,0.117836,0.0993652,0.460468,0.534015,0.0732846,0.487967,0.198257,0.921169,51.6436,5.43263e-12,47756,0.887486,41.1981,1.06086e-12,38445,0.895553,0.876428,0.0878307,0.631141,0.996144,0.511517,0.22039,0.459803,0.228135,0.891603,87.9902,7.64954e-10,30733,0.967162,70.4477,9.04596e-11,52512
24,1091,n1->n20->n89->n90->n88->n87->n86->n76->n30->n29->n31->n35->n74->n22->n21->n67->n64->n65->n85->n83->n23->n77->n93->n94->n96->n97->n27->n52->n51,5.37021e+09|4.0293e+11|2.68119e+11|1.33273e+11|9.00567e+12|7.3435e+12|3.85304e+10|4.21804e+13|1.26395e+10|3.6336e+13|4.79342e+12|5.77859e+11|5.8385e+13|1.47e+10|1.56161e+12|4.7483e+09|4.21034e+09|1.12599e+09|2.02447e+09|3.76373e+13|4.63033e+10|5.68112e+11|4.22601e+13|1.36531e+10|2.51165e+12|2.90604e+09|4.19351e+12|1.02428e+10|7.46708e+11,8.19724e+08|1.89646e+11|9.23423e+10|6.41526e+10|8.66002e+12|2.79916e+12|4.69095e+09|1.15782e+13|1.81012e+09|1.77292e+13|4.42443e+12|4.88834e+11|7.35096e+12|9.51029e+09|3.02345e+11|7.5553e+08|1.60867e+09|3.2906e+08|2.41326e+08|2.34723e+13|3.30225e+10|3.56307e+11|1.3774e+13|1.67171e+09|5.36324e+11|5.04144e+08|8.73344e+11|2.07235e+09|5.06847e+11,0.000494453|5.21063e-05|3.55201e-05|0.000319756|6.2721e-05|0.000634307|6.21631e-05|1.88608e-05|4.789e-05|0.000125062|0.00024651|0.000412952|0.000875739|1.77434e-05|0.00096308|3.91885e-05|1.88732e-05|1.96575e-05|2.04325e-05|1.86087e-05|0.000277161|8.49487e-05|8.45967e-05|2.95455e-05|1.2987e-05|8.81202e-05|1.08528e-05|0.00011644|0.000185382,0.000316017|0.000368678|0.000111435|0.000672662|0.000480267|0.00151267|0.00341054|0.00214239|0.00655588|0.00231296|0.00308746|0.00138752|0.00944671|0.0006856|0.00195589|0.000640186|0.000135861|0.000428116|0.000338175|0.000175452|0.00418014|0.000906866|0.000162335|0.000125263|0.000286765|0.00494291|0.00262605|0.00580301|0.00344885,0.0109342|0.0108696|0.0107812|0.0285929|0.00850464|0.0186268|0.0237043|0.00156873|0.00398508|0.0255931|0.0211034|0.00215298|0.0280357|0.0408661|0.00712365|0.029632|0.0266797|0.00118659|0.0354515|0.015405|0.00314906|0.04851|0.0108045|0.00830448|0.0377902|0.0381696|0.0303206|0.0398377|0.0365406,0.000178506|0.0181411|0.0401575|0.0372754|0.0237676|0.00979507|0.0488574|0.0470058|0.0178703|0.00291922|0.0151027|0.0375959|0.0166219|0.040072|0.0414669|0.0482082|0.0436548|0.00176737|0.0266209|0.038157|0.0470385|0.0115254|0.0326183|0.0293842|0.0195364|0.00800322|0.0230682|0.0151024|0.0130093,0.973537|0.923215|0.926416|0.984478|0.962132|0.977244|0.981332|0.989289|0.972158|0.962742|0.943878|0.952159|0.90082|0.95984|0.971602|0.924883|0.933821|0.967717|0.940474|0.947801|0.92176|0.949999|0.912097|0.927471|0.951762|0.90679|0.985376|0.965406|0.98883,4.63983|4.79469|0.0868458|4.02061|1.9653|2.33192|4.96971|0.578949|5.42296|0.0327787|4.82496|5.24666|0.0974208|0.048646|3.14177|2.06342|5.77568|4.1126|4.91715|4.11052|2.08786|0.722366|5.92115|5.03384|0.85792|1.41691|4.5695|0.0104102|4.04415,90.7492|18.2346|12.726|14.1987|57.0974|88.9922|37.5994|21.8454|29.3504|70.4589|91.3525|67.7415|63.8366|55.6995|42.5138|95.5844|56.7563|82.5435|92.2019|23.518|39.0733|51.9256|63.1349|71.0086|37.9513|31.5608|46.2248|83.3731,0.215706|0.231355|0.226099|0.244274|0.227675|0.246364|0.17745|0.220509|0.179657|0.246199|0.243038|0.161632|0.241428|0.206062|0.197352|0.248978|0.186349|0.20461|0.231254|0.181099|0.178948|0.247077|0.209804|0.230021|0.246589|0.219936|0.183493|0.197114,0.53635|0.595303|0.757755|0.997795|0.396625|0.83582|0.871942|0.936019|0.887943|0.415176|0.658826|0.301798|0.480684|0.677391|0.602799|0.480161|0.927837|0.519435|0.604504|0.741177|0.23533|0.469529|0.17375|0.131268|0.157157|0.557853|0.657987|0.942894,0.869523,0.801463,0.117836,0.0993652,0.460468,0.534015,0.0732846,0.487967,0.198257,0.921169,51.6436,5.43263e-12,47756,0.887486,41.1981,1.06086e-12,38445,0.895553,0.876428,0.0878307,0.631141,0.996144,0.511517,0.22039,0.459803,0.228135,0.891603,87.9902,7.64954e-10,30733,0.967162,70.4477,9.04596e-11,52512
24,1092,n1->n99->n97->n27->n26->n24->n71->n75->n76->n30->n31->n29->n15->n34->n36->n38->n39->n37->n65->n52->n53->n55->n56->n90->n88->n89->n48->n50->n51,5.37021e+09|1.57108e+10|2.90604e+09|4.19351e+12|7.09351e+09|1.59557e+13|7.70008e+11|8.71921e+10|4.21804e+13|1.26395e+10|4.79342e+12|3.6336e+13|8.77071e+11|4.7313e+12|7.73972e+11|1.16426e+13|3.34792e+13|2.79748e+13|1.12599e+09|1.02428e+10|4.60474e+10|8.84081e+12|1.1605e+12|1.33273e+11|9.00567e+12|2.68119e+11|3.98001e+12|2.36425e+09|7.46708e+11,8.19724e+08|4.21389e+09|5.04144e+08|8.73344e+11|1.31666e+09|4.06569e+12|1.60546e+11|5.29113e+10|1.15782e+13|1.81012e+09|4.42443e+12|1.77292e+13|1.06991e+11|1.15705e+12|7.77593e+10|1.19258e+12|1.12013e+13|4.96975e+12|3.2906e+08|2.07235e+09|3.18273e+10|4.69454e+12|5.65456e+11|6.41526e+10|8.66002e+12|9.23423e+10|1.69514e+12|4.07889e+08|5.06847e+11,0.000494453|0.00089026|8.81202e-05|1.08528e-05|3.77967e-05|0.000193265|0.00017279|0.000766915|1.88608e-05|4.789e-05|0.00024651|0.000125062|0.000182949|0.000140889|0.000426407|1.04425e-05|5.53896e-05|1.06248e-05|1.96575e-05|0.00011644|2.00633e-05|4.06274e-05|1.7812e-05|0.000319756|6.2721e-05|3.55201e-05|4.78153e-05|1.54283e-05|0.000185382,0.000316017|0.000350126|0.00494291|0.00262605|0.00522178|0.0012727|0.00123164|0.000203965|0.00214239|0.00655588|0.00308746|0.00231296|0.00274771|0.000270551|0.00396778|0.00950649|0.0025393|0.000261291|0.000428116|0.00580301|0.000509085|0.000128431|0.000830638|0.000672662|0.000480267|0.000111435|0.00544009|0.00907722|0.00344885,0.0109342|0.0362414|0.0381696|0.0303206|0.0101688|0.0433038|0.0398828|0.0243876|0.00156873|0.00398508|0.0211034|0.0255931|0.0207315|0.0276207|0.00497013|0.0263713|0.00111942|0.0457563|0.00118659|0.0398377|5.21659e-05|0.00843704|0.0231698|0.0285929|0.00850464|0.0107812|0.0455031|0.00638914|0.0365406,0.000178506|0.0472365|0.00800322|0.0230682|0.0409649|0.00780618|0.0326729|0.0250863|0.0470058|0.0178703|0.0151027|0.00291922|0.0378122|0.0210615|0.0341912|0.00318517|0.0449458|0.0105712|0.00176737|0.0151024|0.00115664|0.0314938|0.0417641|0.0372754|0.0237676|0.0401575|0.0360942|0.0483596|0.0130093,0.973537|0.953794|0.90679|0.985376|0.981638|0.90929|0.947193|0.936129|0.989289|0.972158|0.943878|0.962742|0.910795|0.904866|0.94998|0.902547|0.924329|0.964079|0.967717|0.965406|0.913872|0.908585|0.944528|0.984478|0.962132|0.926416|0.967439|0.910708|0.98883,4.63983|3.07459|1.41691|4.5695|2.91399|3.9732|0.117525|3.39264|0.578949|5.42296|4.82496|0.0327787|1.89272|4.56594|3.70656|5.09423|1.19952|4.96174|4.1126|0.0104102|0.640024|3.37071|2.55597|4.02061|1.9653|0.0868458|3.09858|5.41755|4.04415,66.2586|94.4507|31.5608|67.4197|83.4704|44.1502|14.5634|63.5216|21.8454|88.6669|70.4589|32.2763|27.3162|89.5651|61.2725|52.0957|31.554|13.4252|56.1703|81.3721|30.3781|95.3312|40.6061|14.1987|92.4072|94.0077|23.5956|82.9474,0.180129|0.168303|0.219936|0.171162|0.216464|0.204574|0.169453|0.207806|0.220509|0.215598|0.246199|0.240047|0.231681|0.241996|0.204351|0.199024|0.195005|0.230756|0.247907|0.184589|0.207992|0.167906|0.166746|0.244274|0.203687|0.234363|0.191801|0.24308,0.323551|0.263233|0.557853|0.40751|0.583168|0.45026|0.275247|0.844544|0.936019|0.123891|0.415176|0.895675|0.750497|0.265381|0.413834|0.46236|0.711047|0.986996|0.827328|0.272111|0.646488|0.402595|0.163177|0.997795|0.876618|0.948873|0.688345|0.624607,0.869523,0.801463,0.117836,0.0993652,0.460468,0.534015,0.0732846,0.487967,0.198257,0.921169,51.6436,5.43263e-12,47756,0.887486,41.1981,1.06086e-12,38445,0.895553,0.876428,0.0878307,0.631141,0.996144,0.511517,0.22039,0.459803,0.228135,0.891603,87.9902,7.64954e-10,30733,0.967162,70.4477,9.04596e-11,52512
24,1093,n1->n20->n18->n16->n38->n36->n34->n15->n13->n12->n6->n33->n32->n30->n76->n74->n35->n31->n29->n11->n9->n10->n8->n7->n5->n65->n64->n49->n51,5.37021e+09|4.0293e+11|7.59179e+12|1.09193e+13|1.16426e+13|7.73972e+11|4.7313e+12|8.77071e+11|6.60497e+13|9.70597e+10|1.14208e+09|3.64323e+13|1.78367e+12|1.26395e+10|4.21804e+13|5.8385e+13|5.77859e+11|4.79342e+12|3.6336e+13|1.78735e+12|1.49139e+12|2.49624e+09|4.61239e+13|3.81012e+11|2.91995e+11|1.12599e+09|4.21034e+09|2.45005e+09|7.46708e+11,8.19724e+08|1.89646e+11|4.11836e+12|1.33827e+12|1.19258e+12|7.77593e+10|1.15705e+12|1.06991e+11|8.87204e+12|2.76143e+10|2.20459e+08|6.32377e+12|1.05491e+12|1.81012e+09|1.15782e+13|7.35096e+12|4.88834e+11|4.42443e+12|1.77292e+13|3.29521e+11|3.79906e+11|7.32581e+08|1.04208e+13|6.70334e+10|4.67133e+10|3.2906e+08|1.60867e+09|2.44458e+09|5.06847e+11,0.000494453|5.21063e-05|2.98936e-05|3.71682e-05|1.04425e-05|0.000426407|0.000140889|0.000182949|0.000787814|0.000201974|1.08483e-05|1.50316e-05|0.000179959|4.789e-05|1.88608e-05|0.000875739|0.000412952|0.00024651|0.000125062|5.47786e-05|1.80008e-05|6.27016e-05|6.6054e-05|0.000475679|7.03031e-05|1.96575e-05|1.88732e-05|1.07426e-05|0.000185382,0.000316017|0.000368678|0.000681499|0.00174713|0.00950649|0.00396778|0.000270551|0.00274771|0.00788063|0.0016732|0.00010157|0.00213059|0.00292552|0.00655588|0.00214239|0.00944671|0.00138752|0.00308746|0.00231296|0.00652494|0.00065196|0.00113469|0.00522046|0.00104538|0.000196916|0.000428116|0.000135861|0.000979027|0.00344885,0.0109342|0.0108696|0.0192976|0.0123696|0.0263713|0.00497013|0.0276207|0.0207315|0.0476737|0.0313381|0.00160082|0.00968695|0.00778345|0.00398508|0.00156873|0.0280357|0.00215298|0.0211034|0.0255931|0.00125292|0.0140743|0.00597815|0.0318744|0.01754|0.00731162|0.00118659|0.0266797|0.0183567|0.0365406,0.000178506|0.0181411|0.0120519|0.0240438|0.00318517|0.0341912|0.0210615|0.0378122|0.00335145|0.0470205|0.0260762|0.0280967|0.0161829|0.0178703|0.0470058|0.0166219|0.0375959|0.0151027|0.00291922|0.0136412|0.033904|0.0245713|0.0483133|0.0283975|0.0421608|0.00176737|0.0436548|0.0388066|0.0130093,0.973537|0.923215|0.946711|0.979533|0.902547|0.94998|0.904866|0.910795|0.954869|0.937315|0.908628|0.923653|0.953313|0.972158|0.989289|0.90082|0.952159|0.943878|0.962742|0.988894|0.963574|0.962416|0.975256|0.963898|0.951514|0.967717|0.933821|0.969899|0.98883,4.63983|4.79469|4.38273|1.69436|5.09423|3.70656|4.56594|1.89272|5.26639|3.07758|5.01633|1.04264|0.10397|5.42296|0.578949|0.0974208|5.24666|4.82496|0.0327787|0.923897|5.88966|1.97158|3.22282|3.51107|4.90362|4.1126|5.77568|3.94615|4.04415,90.7492|89.2299|72.2829|28.0546|61.2725|89.5651|27.3162|66.6304|56.34|32.9383|50.0569|61.2747|69.5993|21.8454|53.1277|67.7415|91.3525|70.4589|13.2112|99.0064|65.9961|99.595|55.4093|37.2729|35.0583|56.7563|77.768|10.4661,0.215706|0.247215|0.180241|0.17367|0.204351|0.241996|0.231681|0.179788|0.206669|0.230728|0.19306|0.208144|0.204659|0.220509|0.181342|0.161632|0.243038|0.246199|0.219003|0.201409|0.193896|0.184434|0.230451|0.176784|0.209201|0.186349|0.165457|0.216931,0.53635|0.652252|0.553025|0.828443|0.413834|0.265381|0.750497|0.275394|0.285239|0.628307|0.116472|0.704271|0.237533|0.936019|0.519715|0.301798|0.658826|0.415176|0.427028|0.439638|0.982181|0.703378|0.745697|0.943162|0.297185|0.927837|0.348083|0.516407,0.869523,0.801463,0.117836,0.0993652,0.460468,0.534015,0.0732846,0.487967,0.198257,0.921169,51.6436,5.43263e-12,47756,0.887486,41.1981,1.06086e-12,38445,0.895553,0.876428,0.0878307,0.631141,0.996144,0.511517,0.22039,0.459803,0.228135,0.891603,87.9902,7.64954e-10,30733,0.967162,70.4477,9.04596e-11,52512
24,1094,n1->n99->n97->n96->n14->n13->n11->n29->n31->n32->n30->n76->n86->n87->n88->n89->n95->n93->n77->n72->n45->n43->n41->n44->n78->n85->n65->n52->n51,5.37021e+09|1.57108e+10|2.90604e+09|2.51165e+12|3.70261e+10|6.60497e+13|1.78735e+12|3.6336e+13|4.79342e+12|1.78367e+12|1.26395e+10|4.21804e+13|3.85304e+10|7.3435e+12|9.00567e+12|2.68119e+11|1.05601e+11|4.22601e+13|5.68112e+11|6.83442e+09|8.38488e+13|1.40931e+10|3.95737e+11|5.26537e+13|3.25238e+10|2.02447e+09|1.12599e+09|1.02428e+10|7.46708e+11,8.19724e+08|4.21389e+09|5.04144e+08|5.36324e+11|1.44234e+10|8.87204e+12|3.29521e+11|1.77292e+13|4.42443e+12|1.05491e+12|1.81012e+09|1.15782e+13|4.69095e+09|2.79916e+12|8.66002e+12|9.23423e+10|5.46554e+10|1.3774e+13|3.56307e+11|1.48353e+09|1.01787e+13|3.26577e+09|1.47899e+11|2.86817e+13|2.30731e+10|2.41326e+08|3.2906e+08|2.07235e+09|5.06847e+11,0.000494453|0.00089026|8.81202e-05|1.2987e-05|3.25754e-05|0.000787814|5.47786e-05|0.000125062|0.00024651|0.000179959|4.789e-05|1.88608e-05|6.21631e-05|0.000634307|6.2721e-05|3.55201e-05|0.000260968|8.45967e-05|8.49487e-05|0.000159499|1.67225e-05|0.000955168|2.35935e-05|0.000124649|0.000270955|2.04325e-05|1.96575e-05|0.00011644|0.000185382,0.000316017|0.000350126|0.00494291|0.000286765|0.000181646|0.00788063|0.00652494|0.00231296|0.00308746|0.00292552|0.00655588|0.00214239|0.00341054|0.00151267|0.000480267|0.000111435|0.000186877|0.000162335|0.000906866|0.00384342|0.000742576|0.00344494|0.00412419|0.00158999|0.00167497|0.000338175|0.000428116|0.00580301|0.00344885,0.0109342|0.0362414|0.0381696|0.0377902|0.0426128|0.0476737|0.00125292|0.0255931|0.0211034|0.00778345|0.00398508|0.00156873|0.0237043|0.0186268|0.00850464|0.0107812|0.00282907|0.0108045|0.04851|0.0479977|0.00846218|0.0168583|0.00451081|0.0486405|0.00569443|0.0354515|0.00118659|0.0398377|0.0365406,0.000178506|0.0472365|0.00800322|0.0195364|0.049061|0.00335145|0.0136412|0.00291922|0.0151027|0.0161829|0.0178703|0.0470058|0.0488574|0.00979507|0.0237676|0.0401575|0.0420997|0.0326183|0.0115254|0.0299903|0.0342415|0.0482719|0.00491436|0.00764508|0.0425349|0.0266209|0.00176737|0.0151024|0.0130093,0.973537|0.953794|0.90679|0.951762|0.906626|0.954869|0.988894|0.962742|0.943878|0.953313|0.972158|0.989289|0.981332|0.977244|0.962132|0.926416|0.966581|0.912097|0.949999|0.96924|0.934264|0.943219|0.923722|0.932977|0.92832|0.940474|0.967717|0.965406|0.98883,4.63983|3.07459|1.41691|0.85792|0.762282|5.26639|0.923897|0.0327787|4.82496|0.10397|5.42296|0.578949|4.96971|2.33192|1.9653|0.0868458|1.09944|5.92115|0.722366|3.90463|5.31688|2.3897|4.11092|2.64532|3.3614|4.91715|4.1126|0.0104102|4.04415,66.2586|94.4507|37.9513|54.7186|92.5451|13.9548|13.2112|70.4589|86.0567|69.5993|21.8454|37.5994|88.9922|57.0974|92.4072|11.8194|24.941|51.9256|92.3918|63.1262|48.5398|43.4967|12.7315|88.5528|67.1704|82.5435|56.1703|83.3731,0.180129|0.168303|0.246589|0.208433|0.191459|0.189728|0.219003|0.246199|0.16799|0.204659|0.220509|0.17745|0.246364|0.227675|0.203687|0.168449|0.237661|0.247077|0.167022|0.243732|0.218428|0.160247|0.246433|0.200088|0.184721|0.20461|0.247907|0.197114,0.323551|0.263233|0.157157|0.448351|0.161307|0.801183|0.427028|0.415176|0.799966|0.237533|0.936019|0.871942|0.83582|0.396625|0.876618|0.776387|0.985064|0.469529|0.776051|0.65643|0.854577|0.922117|0.665882|0.134865|0.609732|0.519435|0.827328|0.942894,0.869523,0.801463,0.117836,0.0993652,0.460468,0.534015,0.0732846,0.487967,0.198257,0.921169,51.6436,5.43263e-12,47756,0.887486,41.1981,1.06086e-12,38445,0.895553,0.876428,0.0878307,0.631141,0.996144,0.511517,0.22039,0.459803,0.228135,0.891603,87.9902,7.64954e-10,30733,0.967162,70.4477,9.04596e-11,52512
24,1095,n1->n20->n18->n17->n19->n68->n58->n59->n50->n60->n62->n64->n65->n37->n38->n36->n34->n32->n31->n33->n35->n74->n57->n55->n56->n54->n53->n52->n51,5.37021e+09|4.0293e+11|7.59179e+12|1.51096e+11|2.47533e+11|1.31753e+09|8.16696e+09|3.04563e+11|2.36425e+09|8.79841e+13|2.37342e+11|4.21034e+09|1.12599e+09|2.79748e+13|1.16426e+13|7.73972e+11|4.7313e+12|1.78367e+12|4.79342e+12|3.64323e+13|5.77859e+11|5.8385e+13|4.14288e+09|8.84081e+12|1.1605e+12|2.80961e+11|4.60474e+10|1.02428e+10|7.46708e+11,8.19724e+08|1.89646e+11|4.11836e+12|1.57582e+10|2.33399e+11|3.10679e+08|6.89506e+09|3.06423e+10|4.07889e+08|5.95756e+13|1.13053e+11|1.60867e+09|3.2906e+08|4.96975e+12|1.19258e+12|7.77593e+10|1.15705e+12|1.05491e+12|4.42443e+12|6.32377e+12|4.88834e+11|7.35096e+12|2.05006e+09|4.69454e+12|5.65456e+11|2.23178e+11|3.18273e+10|2.07235e+09|5.06847e+11,0.000494453|5.21063e-05|2.98936e-05|0.000261059|0.000261527|0.000223952|0.000266735|2.43107e-05|1.54283e-05|0.000731749|8.24006e-05|1.88732e-05|1.96575e-05|1.06248e-05|1.04425e-05|0.000426407|0.000140889|0.000179959|0.00024651|1.50316e-05|0.000412952|0.000875739|0.000173612|4.06274e-05|1.7812e-05|1.47667e-05|2.00633e-05|0.00011644|0.000185382,0.000316017|0.000368678|0.000681499|0.000513001|0.000768065|0.00843573|0.00874893|0.000202742|0.00907722|0.000248463|0.00794111|0.000135861|0.000428116|0.000261291|0.00950649|0.00396778|0.000270551|0.00292552|0.00308746|0.00213059|0.00138752|0.00944671|0.00271581|0.000128431|0.000830638|0.00549128|0.000509085|0.00580301|0.00344885,0.0109342|0.0108696|0.0192976|0.0430027|0.0201979|0.0370095|0.0248478|0.00304046|0.00638914|0.0128442|0.0242596|0.0266797|0.00118659|0.0457563|0.0263713|0.00497013|0.0276207|0.00778345|0.0211034|0.00968695|0.00215298|0.0280357|0.0328142|0.00843704|0.0231698|0.0334079|5.21659e-05|0.0398377|0.0365406,0.000178506|0.0181411|0.0120519|0.00442808|0.0291803|0.00589983|0.0481122|0.0474075|0.0483596|0.0431033|0.0480911|0.0436548|0.00176737|0.0105712|0.00318517|0.0341912|0.0210615|0.0161829|0.0151027|0.0280967|0.0375959|0.0166219|0.0437642|0.0314938|0.0417641|0.00844474|0.00115664|0.0151024|0.0130093,0.973537|0.923215|0.946711|0.974312|0.941018|0.984554|0.911658|0.99171|0.910708|0.945549|0.98053|0.933821|0.967717|0.964079|0.902547|0.94998|0.904866|0.953313|0.943878|0.923653|0.952159|0.90082|0.983348|0.908585|0.944528|0.927525|0.913872|0.965406|0.98883,4.63983|4.79469|4.38273|5.11322|1.39448|5.26958|3.70937|5.60303|5.41755|4.50487|5.59786|5.77568|4.1126|4.96174|5.09423|3.70656|4.56594|0.10397|4.82496|1.04264|5.24666|0.0974208|1.93323|3.37071|2.55597|1.22009|0.640024|0.0104102|4.04415,90.7492|89.2299|43.2583|10.3361|67.5745|56.905|56.397|47.7013|22.3088|48.3985|93.0484|56.7563|13.4252|46.986|61.2725|89.5651|23.0914|86.0567|95.0453|93.5115|67.7415|95.6836|61.5999|95.3312|42.6814|75.3264|81.3721|83.3731,0.215706|0.247215|0.218822|0.172286|0.2055|0.185169|0.21902|0.170229|0.190841|0.17162|0.176232|0.186349|0.230756|0.170599|0.204351|0.241996|0.18593|0.16799|0.234751|0.242679|0.161632|0.169856|0.220389|0.167906|0.167734|0.191357|0.184589|0.197114,0.53635|0.652252|0.981182|0.559133|0.968257|0.476138|0.533324|0.776444|0.323935|0.641887|0.182879|0.927837|0.986996|0.662799|0.413834|0.265381|0.12287|0.799966|0.258586|0.487093|0.301798|0.815246|0.549818|0.402595|0.927159|0.567841|0.272111|0.942894,0.869523,0.801463,0.117836,0.0993652,0.460468,0.534015,0.0732846,0.487967,0.198257,0.921169,51.6436,5.43263e-12,47756,0.887486,41.1981,1.06086e-12,38445,0.895553,0.876428,0.0878307,0.631141,0.996144,0.511517,0.22039,0.459803,0.228135,0.891603,87.9902,7.64954e-10,30733,0.967162,70.4477,9.04596e-11,52512
24,1096,n1->n13->n11->n9->n10->n8->n12->n6->n33->n35->n31->n32->n34->n15->n29->n28->n69->n3->n5->n65->n37->n38->n39->n41->n44->n45->n47->n49->n51,5.37021e+09|6.60497e+13|1.78735e+12|1.49139e+12|2.49624e+09|4.61239e+13|9.70597e+10|1.14208e+09|3.64323e+13|5.77859e+11|4.79342e+12|1.78367e+12|4.7313e+12|8.77071e+11|3.6336e+13|1.34247e+11|8.81277e+09|2.78751e+13|2.91995e+11|1.12599e+09|2.79748e+13|1.16426e+13|3.34792e+13|3.95737e+11|5.26537e+13|8.38488e+13|4.74236e+11|2.45005e+09|7.46708e+11,8.19724e+08|8.87204e+12|3.29521e+11|3.79906e+11|7.32581e+08|1.04208e+13|2.76143e+10|2.20459e+08|6.32377e+12|4.88834e+11|4.42443e+12|1.05491e+12|1.15705e+12|1.06991e+11|1.77292e+13|1.51805e+10|7.57626e+09|1.44762e+13|4.67133e+10|3.2906e+08|4.96975e+12|1.19258e+12|1.12013e+13|1.47899e+11|2.86817e+13|1.01787e+13|1.54765e+11|2.44458e+09|5.06847e+11,0.000494453|0.000787814|5.47786e-05|1.80008e-05|6.27016e-05|6.6054e-05|0.000201974|1.08483e-05|1.50316e-05|0.000412952|0.00024651|0.000179959|0.000140889|0.000182949|0.000125062|0.00056516|0.000268039|0.00022361|7.03031e-05|1.96575e-05|1.06248e-05|1.04425e-05|5.53896e-05|2.35935e-05|0.000124649|1.67225e-05|0.000202873|1.07426e-05|0.000185382,0.000316017|0.00788063|0.00652494|0.00065196|0.00113469|0.00522046|0.0016732|0.00010157|0.00213059|0.00138752|0.00308746|0.00292552|0.000270551|0.00274771|0.00231296|0.0093172|0.00367819|0.00776667|0.000196916|0.000428116|0.000261291|0.00950649|0.0025393|0.00412419|0.00158999|0.000742576|0.000266598|0.000979027|0.00344885,0.0109342|0.0476737|0.00125292|0.0140743|0.00597815|0.0318744|0.0313381|0.00160082|0.00968695|0.00215298|0.0211034|0.00778345|0.0276207|0.0207315|0.0255931|0.0317261|0.022957|0.0268705|0.00731162|0.00118659|0.0457563|0.0263713|0.00111942|0.00451081|0.0486405|0.00846218|0.00898217|0.0183567|0.0365406,0.000178506|0.00335145|0.0136412|0.033904|0.0245713|0.0483133|0.0470205|0.0260762|0.0280967|0.0375959|0.0151027|0.0161829|0.0210615|0.0378122|0.00291922|0.03841|0.0100342|0.0326941|0.0421608|0.00176737|0.0105712|0.00318517|0.0449458|0.00491436|0.00764508|0.0342415|0.0488958|0.0388066|0.0130093,0.973537|0.954869|0.988894|0.963574|0.962416|0.975256|0.937315|0.908628|0.923653|0.952159|0.943878|0.953313|0.904866|0.910795|0.962742|0.948072|0.975915|0.982466|0.951514|0.967717|0.964079|0.902547|0.924329|0.923722|0.932977|0.934264|0.9108|0.969899|0.98883,4.63983|5.26639|0.923897|5.88966|1.97158|3.22282|3.07758|5.01633|1.04264|5.24666|4.82496|0.10397|4.56594|1.89272|0.0327787|1.48687|2.99986|4.79844|4.90362|4.1126|4.96174|5.09423|1.19952|4.11092|2.64532|5.31688|6.27947|3.94615|4.04415,79.8117|13.9548|99.0064|65.9961|99.595|81.3396|32.9383|50.0569|93.5115|91.3525|86.0567|23.0914|27.3162|32.2763|18.7034|97.1045|83.9106|10.4739|35.0583|13.4252|46.986|52.0957|38.9947|12.7315|57.1366|40.979|91.8261|10.4661,0.246796|0.189728|0.201409|0.193896|0.184434|0.186476|0.230728|0.19306|0.242679|0.243038|0.16799|0.18593|0.231681|0.240047|0.249902|0.207556|0.204476|0.163561|0.209201|0.230756|0.170599|0.199024|0.18226|0.246433|0.235241|0.216949|0.228404|0.216931,0.338018|0.801183|0.439638|0.982181|0.703378|0.379326|0.628307|0.116472|0.487093|0.658826|0.799966|0.12287|0.750497|0.895675|0.259002|0.438091|0.65353|0.469027|0.297185|0.986996|0.662799|0.46236|0.988985|0.665882|0.218954|0.317946|0.133861|0.516407,0.869523,0.801463,0.117836,0.0993652,0.460468,0.534015,0.0732846,0.487967,0.198257,0.921169,51.6436,5.43263e-12,47756,0.887486,41.1981,1.06086e-12,38445,0.895553,0.876428,0.0878307,0.631141,0.996144,0.511517,0.22039,0.459803,0.228135,0.891603,87.9902,7.64954e-10,30733,0.967162,70.4477,9.04596e-11,52512
24,1097,n1->n20->n89->n90->n88->n87->n70->n72->n71->n75->n4->n27->n52->n53->n55->n56->n54->n82->n84->n85->n17->n68->n22->n74->n35->n31->n29->n50->n51,5.37021e+09|4.0293e+11|2.68119e+11|1.33273e+11|9.00567e+12|7.3435e+12|6.87309e+13|6.83442e+09|7.70008e+11|8.71921e+10|7.07339e+12|4.19351e+12|1.02428e+10|4.60474e+10|8.84081e+12|1.1605e+12|2.80961e+11|1.07979e+13|1.07392e+09|2.02447e+09|1.51096e+11|1.31753e+09|1.47e+10|5.8385e+13|5.77859e+11|4.79342e+12|3.6336e+13|2.36425e+09|7.46708e+11,8.19724e+08|1.89646e+11|9.23423e+10|6.41526e+10|8.66002e+12|2.79916e+12|9.78332e+12|1.48353e+09|1.60546e+11|5.29113e+10|2.43435e+12|8.73344e+11|2.07235e+09|3.18273e+10|4.69454e+12|5.65456e+11|2.23178e+11|1.66379e+12|9.00899e+08|2.41326e+08|1.57582e+10|3.10679e+08|9.51029e+09|7.35096e+12|4.88834e+11|4.42443e+12|1.77292e+13|4.07889e+08|5.06847e+11,0.000494453|5.21063e-05|3.55201e-05|0.000319756|6.2721e-05|0.000634307|5.13815e-05|0.000159499|0.00017279|0.000766915|0.000113681|1.08528e-05|0.00011644|2.00633e-05|4.06274e-05|1.7812e-05|1.47667e-05|0.000837919|2.14473e-05|2.04325e-05|0.000261059|0.000223952|1.77434e-05|0.000875739|0.000412952|0.00024651|0.000125062|1.54283e-05|0.000185382,0.000316017|0.000368678|0.000111435|0.000672662|0.000480267|0.00151267|0.00295865|0.00384342|0.00123164|0.000203965|0.00198341|0.00262605|0.00580301|0.000509085|0.000128431|0.000830638|0.00549128|0.00271152|0.000434313|0.000338175|0.000513001|0.00843573|0.0006856|0.00944671|0.00138752|0.00308746|0.00231296|0.00907722|0.00344885,0.0109342|0.0108696|0.0107812|0.0285929|0.00850464|0.0186268|0.0286141|0.0479977|0.0398828|0.0243876|0.0350273|0.0303206|0.0398377|5.21659e-05|0.00843704|0.0231698|0.0334079|0.0278433|0.0473575|0.0354515|0.0430027|0.0370095|0.0408661|0.0280357|0.00215298|0.0211034|0.0255931|0.00638914|0.0365406,0.000178506|0.0181411|0.0401575|0.0372754|0.0237676|0.00979507|0.0216638|0.0299903|0.0326729|0.0250863|0.0273051|0.0230682|0.0151024|0.00115664|0.0314938|0.0417641|0.00844474|0.0266174|0.0366447|0.0266209|0.00442808|0.00589983|0.040072|0.0166219|0.0375959|0.0151027|0.00291922|0.0483596|0.0130093,0.973537|0.923215|0.926416|0.984478|0.962132|0.977244|0.966653|0.96924|0.947193|0.936129|0.917619|0.985376|0.965406|0.913872|0.908585|0.944528|0.927525|0.934435|0.948551|0.940474|0.974312|0.984554|0.95984|0.90082|0.952159|0.943878|0.962742|0.910708|0.98883,4.63983|4.79469|0.0868458|4.02061|1.9653|2.33192|4.60778|3.90463|0.117525|3.39264|1.56082|4.5695|0.0104102|0.640024|3.37071|2.55597|1.22009|0.132111|5.42186|4.91715|5.11322|5.26958|0.048646|0.0974208|5.24666|4.82496|0.0327787|5.41755|4.04415,90.7492|18.2346|12.726|14.1987|57.0974|39.9413|97.4405|45.8448|14.5634|81.7362|52.1141|46.2248|81.3721|30.3781|95.3312|42.6814|41.1455|83.37|82.1833|84.7043|23.9015|15.3326|63.8366|67.7415|91.3525|70.4589|37.0378|82.9474,0.215706|0.231355|0.226099|0.244274|0.227675|0.180359|0.180102|0.218487|0.169453|0.218556|0.184605|0.183493|0.184589|0.207992|0.167906|0.167734|0.242874|0.203763|0.216313|0.225161|0.236806|0.236297|0.241428|0.161632|0.243038|0.246199|0.191256|0.24308,0.53635|0.595303|0.757755|0.997795|0.396625|0.129355|0.79408|0.29317|0.275247|0.847503|0.200735|0.657987|0.272111|0.646488|0.402595|0.927159|0.378494|0.808712|0.528406|0.880608|0.2818|0.655447|0.480684|0.301798|0.658826|0.415176|0.182586|0.624607,0.869523,0.801463,0.117836,0.0993652,0.460468,0.534015,0.0732846,0.487967,0.198257,0.921169,51.6436,5.43263e-12,47756,0.887486,41.1981,1.06086e-12,38445,0.895553,0.876428,0.0878307,0.631141,0.996144,0.511517,0.22039,0.459803,0.228135,0.891603,87.9902,7.64954e-10,30733,0.967162,70.4477,9.04596e-11,52512
24,1098,n1->n13->n12->n8->n7->n5->n3->n69->n28->n29->n15->n63->n61->n62->n60->n50->n59->n90->n100->n73->n54->n40->n42->n44->n78->n85->n65->n52->n51,5.37021e+09|6.60497e+13|9.70597e+10|4.61239e+13|3.81012e+11|2.91995e+11|2.78751e+13|8.81277e+09|1.34247e+11|3.6336e+13|8.77071e+11|6.55204e+12|6.44979e+11|2.37342e+11|8.79841e+13|2.36425e+09|3.04563e+11|1.33273e+11|4.01966e+09|1.41706e+11|2.80961e+11|3.58065e+10|2.42905e+09|5.26537e+13|3.25238e+10|2.02447e+09|1.12599e+09|1.02428e+10|7.46708e+11,8.19724e+08|8.87204e+12|2.76143e+10|1.04208e+13|6.70334e+10|4.67133e+10|1.44762e+13|7.57626e+09|1.51805e+10|1.77292e+13|1.06991e+11|2.63574e+12|1.30372e+11|1.13053e+11|5.95756e+13|4.07889e+08|3.06423e+10|6.41526e+10|2.27749e+09|5.76853e+10|2.23178e+11|4.14657e+09|2.47264e+08|2.86817e+13|2.30731e+10|2.41326e+08|3.2906e+08|2.07235e+09|5.06847e+11,0.000494453|0.000787814|0.000201974|6.6054e-05|0.000475679|7.03031e-05|0.00022361|0.000268039|0.00056516|0.000125062|0.000182949|0.000116235|3.71253e-05|8.24006e-05|0.000731749|1.54283e-05|2.43107e-05|0.000319756|0.000665246|6.32916e-05|1.47667e-05|6.01341e-05|8.79758e-05|0.000124649|0.000270955|2.04325e-05|1.96575e-05|0.00011644|0.000185382,0.000316017|0.00788063|0.0016732|0.00522046|0.00104538|0.000196916|0.00776667|0.00367819|0.0093172|0.00231296|0.00274771|0.00126856|0.00313588|0.00794111|0.000248463|0.00907722|0.000202742|0.000672662|0.00914892|0.000807753|0.00549128|0.00268841|0.000493531|0.00158999|0.00167497|0.000338175|0.000428116|0.00580301|0.00344885,0.0109342|0.0476737|0.0313381|0.0318744|0.01754|0.00731162|0.0268705|0.022957|0.0317261|0.0255931|0.0207315|0.0100727|0.0266048|0.0242596|0.0128442|0.00638914|0.00304046|0.0285929|0.0100829|0.0455502|0.0334079|0.0249103|0.00783732|0.0486405|0.00569443|0.0354515|0.00118659|0.0398377|0.0365406,0.000178506|0.00335145|0.0470205|0.0483133|0.0283975|0.0421608|0.0326941|0.0100342|0.03841|0.00291922|0.0378122|0.0107197|0.0179693|0.0480911|0.0431033|0.0483596|0.0474075|0.0372754|0.0460028|0.028193|0.00844474|0.033399|0.0327962|0.00764508|0.0425349|0.0266209|0.00176737|0.0151024|0.0130093,0.973537|0.954869|0.937315|0.975256|0.963898|0.951514|0.982466|0.975915|0.948072|0.962742|0.910795|0.903245|0.958619|0.98053|0.945549|0.910708|0.99171|0.984478|0.935175|0.909539|0.927525|0.920308|0.960936|0.932977|0.92832|0.940474|0.967717|0.965406|0.98883,4.63983|5.26639|3.07758|3.22282|3.51107|4.90362|4.79844|2.99986|1.48687|0.0327787|1.89272|4.68449|2.63855|5.59786|4.50487|5.41755|5.60303|4.02061|3.89025|3.29092|1.22009|2.50002|0.765875|2.64532|3.3614|4.91715|4.1126|0.0104102|4.04415,79.8117|56.34|81.3396|55.4093|37.2729|10.4739|83.9106|97.1045|18.7034|32.2763|11.0615|47.0482|89.0369|48.3985|22.3088|47.7013|62.2588|32.7492|20.1165|26.1465|12.2677|77.6192|21.0603|88.5528|67.1704|82.5435|56.1703|83.3731,0.246796|0.206669|0.186476|0.230451|0.176784|0.163561|0.204476|0.207556|0.249902|0.240047|0.214255|0.167884|0.198053|0.17162|0.190841|0.170229|0.169222|0.191207|0.175955|0.196311|0.248162|0.243521|0.23095|0.200088|0.184721|0.20461|0.247907|0.197114,0.338018|0.285239|0.379326|0.745697|0.943162|0.469027|0.65353|0.438091|0.259002|0.895675|0.692153|0.410418|0.704733|0.641887|0.323935|0.776444|0.361153|0.878161|0.825877|0.754315|0.812759|0.14346|0.399278|0.134865|0.609732|0.519435|0.827328|0.942894,0.869523,0.801463,0.117836,0.0993652,0.460468,0.534015,0.0732846,0.487967,0.198257,0.921169,51.6436,5.43263e-12,47756,0.887486,41.1981,1.06086e-12,38445,0.895553,0.876428,0.0878307,0.631141,0.996144,0.511517,0.22039,0.459803,0.228135,0.891603,87.9902,7.64954e-10,30733,0.967162,70.4477,9.04596e-11,52512
24,1099,n1->n20->n21->n67->n64->n36->n38->n16->n18->n19->n68->n17->n85->n78->n76->n86->n87->n88->n90->n56->n55->n53->n52->n27->n25->n26->n47->n49->n51,5.37021e+09|4.0293e+11|1.56161e+12|4.7483e+09|4.21034e+09|7.73972e+11|1.16426e+13|1.09193e+13|7.59179e+12|2.47533e+11|1.31753e+09|1.51096e+11|2.02447e+09|3.25238e+10|4.21804e+13|3.85304e+10|7.3435e+12|9.00567e+12|1.33273e+11|1.1605e+12|8.84081e+12|4.60474e+10|1.02428e+10|4.19351e+12|1.67189e+13|7.09351e+09|4.74236e+11|2.45005e+09|7.46708e+11,8.19724e+08|1.89646e+11|3.02345e+11|7.5553e+08|1.60867e+09|7.77593e+10|1.19258e+12|1.33827e+12|4.11836e+12|2.33399e+11|3.10679e+08|1.57582e+10|2.41326e+08|2.30731e+10|1.15782e+13|4.69095e+09|2.79916e+12|8.66002e+12|6.41526e+10|5.65456e+11|4.69454e+12|3.18273e+10|2.07235e+09|8.73344e+11|1.40059e+13|1.31666e+09|1.54765e+11|2.44458e+09|5.06847e+11,0.000494453|5.21063e-05|0.00096308|3.91885e-05|1.88732e-05|0.000426407|1.04425e-05|3.71682e-05|2.98936e-05|0.000261527|0.000223952|0.000261059|2.04325e-05|0.000270955|1.88608e-05|6.21631e-05|0.000634307|6.2721e-05|0.000319756|1.7812e-05|4.06274e-05|2.00633e-05|0.00011644|1.08528e-05|6.30741e-05|3.77967e-05|0.000202873|1.07426e-05|0.000185382,0.000316017|0.000368678|0.00195589|0.000640186|0.000135861|0.00396778|0.00950649|0.00174713|0.000681499|0.000768065|0.00843573|0.000513001|0.000338175|0.00167497|0.00214239|0.00341054|0.00151267|0.000480267|0.000672662|0.000830638|0.000128431|0.000509085|0.00580301|0.00262605|0.00294926|0.00522178|0.000266598|0.000979027|0.00344885,0.0109342|0.0108696|0.00712365|0.029632|0.0266797|0.00497013|0.0263713|0.0123696|0.0192976|0.0201979|0.0370095|0.0430027|0.0354515|0.00569443|0.00156873|0.0237043|0.0186268|0.00850464|0.0285929|0.0231698|0.00843704|5.21659e-05|0.0398377|0.0303206|0.0195393|0.0101688|0.00898217|0.0183567|0.0365406,0.000178506|0.0181411|0.0414669|0.0482082|0.0436548|0.0341912|0.00318517|0.0240438|0.0120519|0.0291803|0.00589983|0.00442808|0.0266209|0.0425349|0.0470058|0.0488574|0.00979507|0.0237676|0.0372754|0.0417641|0.0314938|0.00115664|0.0151024|0.0230682|0.0159438|0.0409649|0.0488958|0.0388066|0.0130093,0.973537|0.923215|0.971602|0.924883|0.933821|0.94998|0.902547|0.979533|0.946711|0.941018|0.984554|0.974312|0.940474|0.92832|0.989289|0.981332|0.977244|0.962132|0.984478|0.944528|0.908585|0.913872|0.965406|0.985376|0.9023|0.981638|0.9108|0.969899|0.98883,4.63983|4.79469|3.14177|2.06342|5.77568|3.70656|5.09423|1.69436|4.38273|1.39448|5.26958|5.11322|4.91715|3.3614|0.578949|4.96971|2.33192|1.9653|4.02061|2.55597|3.37071|0.640024|0.0104102|4.5695|1.57149|2.91399|6.27947|3.94615|4.04415,90.7492|76.7594|42.5138|95.5844|43.8659|61.2725|28.0546|72.2829|34.0839|67.5745|23.9015|84.7043|67.1704|69.3348|37.5994|88.9922|57.0974|14.1987|40.6061|95.3312|30.3781|81.3721|46.2248|64.4551|63.0993|70.8805|91.8261|10.4661,0.215706|0.218425|0.197352|0.248978|0.241695|0.204351|0.17367|0.180241|0.248409|0.2055|0.236806|0.225161|0.184721|0.194827|0.17745|0.246364|0.227675|0.244274|0.166746|0.167906|0.207992|0.184589|0.183493|0.242248|0.228799|0.189485|0.228404|0.216931,0.53635|0.515127|0.602799|0.480161|0.590576|0.413834|0.828443|0.553025|0.983209|0.968257|0.2818|0.880608|0.609732|0.93416|0.871942|0.83582|0.396625|0.997795|0.163177|0.402595|0.646488|0.272111|0.657987|0.837222|0.359402|0.757042|0.133861|0.516407,0.869523,0.801463,0.117836,0.0993652,0.460468,0.534015,0.0732846,0.487967,0.198257,0.921169,51.6436,5.43263e-12,47756,0.887486,41.1981,1.06086e-12,38445,0.895553,0.876428,0.0878307,0.631141,0.996144,0.511517,0.22039,0.459803,0.228135,0.891603,87.9902,7.64954e-10,30733,0.967162,70.4477,9.04596e-11,52512
24,1100,n1->n13->n14->n75->n73->n72->n77->n93->n91->n92->n94->n96->n20->n21->n23->n83->n84->n82->n80->n78->n85->n58->n59->n60->n62->n46->n48->n50->n51,5.37021e+09|6.60497e+13|3.70261e+10|8.71921e+10|1.41706e+11|6.83442e+09|5.68112e+11|4.22601e+13|2.84652e+12|1.97334e+09|1.36531e+10|2.51165e+12|4.0293e+11|1.56161e+12|4.63033e+10|3.76373e+13|1.07392e+09|1.07979e+13|2.45686e+13|3.25238e+10|2.02447e+09|8.16696e+09|3.04563e+11|8.79841e+13|2.37342e+11|5.53417e+12|3.98001e+12|2.36425e+09|7.46708e+11,8.19724e+08|8.87204e+12|1.44234e+10|5.29113e+10|5.76853e+10|1.48353e+09|3.56307e+11|1.3774e+13|3.57264e+11|1.46451e+09|1.67171e+09|5.36324e+11|1.89646e+11|3.02345e+11|3.30225e+10|2.34723e+13|9.00899e+08|1.66379e+12|2.75437e+12|2.30731e+10|2.41326e+08|6.89506e+09|3.06423e+10|5.95756e+13|1.13053e+11|1.63629e+12|1.69514e+12|4.07889e+08|5.06847e+11,0.000494453|0.000787814|3.25754e-05|0.000766915|6.32916e-05|0.000159499|8.49487e-05|8.45967e-05|6.93267e-05|2.75832e-05|2.95455e-05|1.2987e-05|5.21063e-05|0.00096308|0.000277161|1.86087e-05|2.14473e-05|0.000837919|1.13052e-05|0.000270955|2.04325e-05|0.000266735|2.43107e-05|0.000731749|8.24006e-05|0.000489732|4.78153e-05|1.54283e-05|0.000185382,0.000316017|0.00788063|0.000181646|0.000203965|0.000807753|0.00384342|0.000906866|0.000162335|0.00599677|0.0052688|0.000125263|0.000286765|0.000368678|0.00195589|0.00418014|0.000175452|0.000434313|0.00271152|0.000238286|0.00167497|0.000338175|0.00874893|0.000202742|0.000248463|0.00794111|0.000159088|0.00544009|0.00907722|0.00344885,0.0109342|0.0476737|0.0426128|0.0243876|0.0455502|0.0479977|0.04851|0.0108045|0.008036|0.0444618|0.00830448|0.0377902|0.0108696|0.00712365|0.00314906|0.015405|0.0473575|0.0278433|0.00592883|0.00569443|0.0354515|0.0248478|0.00304046|0.0128442|0.0242596|0.029055|0.0455031|0.00638914|0.0365406,0.000178506|0.00335145|0.049061|0.0250863|0.028193|0.0299903|0.0115254|0.0326183|0.015498|0.0387741|0.0293842|0.0195364|0.0181411|0.0414669|0.0470385|0.038157|0.0366447|0.0266174|0.0262948|0.0425349|0.0266209|0.0481122|0.0474075|0.0431033|0.0480911|0.0302566|0.0360942|0.0483596|0.0130093,0.973537|0.954869|0.906626|0.936129|0.909539|0.96924|0.949999|0.912097|0.964407|0.987763|0.927471|0.951762|0.923215|0.971602|0.92176|0.947801|0.948551|0.934435|0.919013|0.92832|0.940474|0.911658|0.99171|0.945549|0.98053|0.923372|0.967439|0.910708|0.98883,4.63983|5.26639|0.762282|3.39264|3.29092|3.90463|0.722366|5.92115|5.6679|6.03913|5.03384|0.85792|4.79469|3.14177|2.08786|4.11052|5.42186|0.132111|0.100836|3.3614|4.91715|3.70937|5.60303|4.50487|5.59786|0.31178|3.09858|5.41755|4.04415,79.8117|92.5451|56.2706|85.6152|29.1617|92.3918|51.9256|26.8753|32.3713|13.5087|71.0086|58.7029|76.7594|88.4205|23.518|20.1884|83.37|47.0365|66.5291|67.1704|90.6886|56.397|76.8491|48.3985|56.7189|41.9872|23.5956|82.9474,0.246796|0.191459|0.226178|0.185893|0.178937|0.167022|0.247077|0.203549|0.161013|0.230182|0.230021|0.201188|0.218425|0.232237|0.181099|0.246081|0.203763|0.231931|0.222935|0.184721|0.194345|0.21902|0.204072|0.17162|0.167864|0.178665|0.191801|0.24308,0.338018|0.161307|0.725021|0.624191|0.920295|0.776051|0.469529|0.21516|0.940947|0.731663|0.131268|0.666395|0.515127|0.516177|0.741177|0.599197|0.808712|0.796307|0.109088|0.609732|0.45102|0.533324|0.509755|0.641887|0.624525|0.182289|0.688345|0.624607,0.869523,0.801463,0.117836,0.0993652,0.460468,0.534015,0.0732846,0.487967,0.198257,0.921169,51.6436,5.43263e-12,47756,0.887486,41.1981,1.06086e-12,38445,0.895553,0.876428,0.0878307,0.631141,0.996144,0.511517,0.22039,0.459803,0.228135,0.891603,87.9902,7.64954e-10,30733,0.967162,70.4477,9.04596e-11,52512
24,1101,n1->n13->n15->n63->n10->n8->n12->n6->n33->n84->n82->n54->n40->n42->n44->n45->n47->n26->n24->n23->n21->n22->n68->n19->n20->n89->n48->n50->n51,5.37021e+09|6.60497e+13|8.77071e+11|6.55204e+12|2.49624e+09|4.61239e+13|9.70597e+10|1.14208e+09|3.64323e+13|1.07392e+09|1.07979e+13|2.80961e+11|3.58065e+10|2.42905e+09|5.26537e+13|8.38488e+13|4.74236e+11|7.09351e+09|1.59557e+13|4.63033e+10|1.56161e+12|1.47e+10|1.31753e+09|2.47533e+11|4.0293e+11|2.68119e+11|3.98001e+12|2.36425e+09|7.46708e+11,8.19724e+08|8.87204e+12|1.06991e+11|2.63574e+12|7.32581e+08|1.04208e+13|2.76143e+10|2.20459e+08|6.32377e+12|9.00899e+08|1.66379e+12|2.23178e+11|4.14657e+09|2.47264e+08|2.86817e+13|1.01787e+13|1.54765e+11|1.31666e+09|4.06569e+12|3.30225e+10|3.02345e+11|9.51029e+09|3.10679e+08|2.33399e+11|1.89646e+11|9.23423e+10|1.69514e+12|4.07889e+08|5.06847e+11,0.000494453|0.000787814|0.000182949|0.000116235|6.27016e-05|6.6054e-05|0.000201974|1.08483e-05|1.50316e-05|2.14473e-05|0.000837919|1.47667e-05|6.01341e-05|8.79758e-05|0.000124649|1.67225e-05|0.000202873|3.77967e-05|0.000193265|0.000277161|0.00096308|1.77434e-05|0.000223952|0.000261527|5.21063e-05|3.55201e-05|4.78153e-05|1.54283e-05|0.000185382,0.000316017|0.00788063|0.00274771|0.00126856|0.00113469|0.00522046|0.0016732|0.00010157|0.00213059|0.000434313|0.00271152|0.00549128|0.00268841|0.000493531|0.00158999|0.000742576|0.000266598|0.00522178|0.0012727|0.00418014|0.00195589|0.0006856|0.00843573|0.000768065|0.000368678|0.000111435|0.00544009|0.00907722|0.00344885,0.0109342|0.0476737|0.0207315|0.0100727|0.00597815|0.0318744|0.0313381|0.00160082|0.00968695|0.0473575|0.0278433|0.0334079|0.0249103|0.00783732|0.0486405|0.00846218|0.00898217|0.0101688|0.0433038|0.00314906|0.00712365|0.0408661|0.0370095|0.0201979|0.0108696|0.0107812|0.0455031|0.00638914|0.0365406,0.000178506|0.00335145|0.0378122|0.0107197|0.0245713|0.0483133|0.0470205|0.0260762|0.0280967|0.0366447|0.0266174|0.00844474|0.033399|0.0327962|0.00764508|0.0342415|0.0488958|0.0409649|0.00780618|0.0470385|0.0414669|0.040072|0.00589983|0.0291803|0.0181411|0.0401575|0.0360942|0.0483596|0.0130093,0.973537|0.954869|0.910795|0.903245|0.962416|0.975256|0.937315|0.908628|0.923653|0.948551|0.934435|0.927525|0.920308|0.960936|0.932977|0.934264|0.9108|0.981638|0.90929|0.92176|0.971602|0.95984|0.984554|0.941018|0.923215|0.926416|0.967439|0.910708|0.98883,4.63983|5.26639|1.89272|4.68449|1.97158|3.22282|3.07758|5.01633|1.04264|5.42186|0.132111|1.22009|2.50002|0.765875|2.64532|5.31688|6.27947|2.91399|3.9732|2.08786|3.14177|0.048646|5.26958|1.39448|4.79469|0.0868458|3.09858|5.41755|4.04415,79.8117|66.6304|11.0615|65.1286|99.595|81.3396|32.9383|50.0569|59.7094|83.37|41.1455|12.2677|77.6192|21.0603|57.1366|40.979|70.8805|83.4704|44.8869|88.4205|55.6995|15.3326|67.5745|86.2435|18.2346|94.0077|23.5956|82.9474,0.246796|0.179788|0.214255|0.203746|0.184434|0.186476|0.230728|0.19306|0.183728|0.203763|0.242874|0.248162|0.243521|0.23095|0.235241|0.216949|0.189485|0.216464|0.161116|0.232237|0.206062|0.236297|0.2055|0.182991|0.231355|0.234363|0.191801|0.24308,0.338018|0.275394|0.692153|0.514129|0.703378|0.379326|0.628307|0.116472|0.218166|0.808712|0.378494|0.812759|0.14346|0.399278|0.218954|0.317946|0.757042|0.583168|0.528582|0.516177|0.677391|0.655447|0.968257|0.182796|0.595303|0.948873|0.688345|0.624607,0.869523,0.801463,0.117836,0.0993652,0.460468,0.534015,0.0732846,0.487967,0.198257,0.921169,51.6436,5.43263e-12,47756,0.887486,41.1981,1.06086e-12,38445,0.895553,0.876428,0.0878307,0.631141,0.996144,0.511517,0.22039,0.459803,0.228135,0.891603,87.9902,7.64954e-10,30733,0.967162,70.4477,9.04596e-11,52512
24,1102,n1->n99->n98->n57->n55->n53->n54->n56->n84->n85->n58->n68->n17->n18->n16->n38->n67->n21->n20->n89->n88->n90->n100->n73->n75->n4->n27->n52->n51,5.37021e+09|1.57108e+10|1.8266e+13|4.14288e+09|8.84081e+12|4.60474e+10|2.80961e+11|1.1605e+12|1.07392e+09|2.02447e+09|8.16696e+09|1.31753e+09|1.51096e+11|7.59179e+12|1.09193e+13|1.16426e+13|4.7483e+09|1.56161e+12|4.0293e+11|2.68119e+11|9.00567e+12|1.33273e+11|4.01966e+09|1.41706e+11|8.71921e+10|7.07339e+12|4.19351e+12|1.02428e+10|7.46708e+11,8.19724e+08|4.21389e+09|5.99087e+12|2.05006e+09|4.69454e+12|3.18273e+10|2.23178e+11|5.65456e+11|9.00899e+08|2.41326e+08|6.89506e+09|3.10679e+08|1.57582e+10|4.11836e+12|1.33827e+12|1.19258e+12|7.5553e+08|3.02345e+11|1.89646e+11|9.23423e+10|8.66002e+12|6.41526e+10|2.27749e+09|5.76853e+10|5.29113e+10|2.43435e+12|8.73344e+11|2.07235e+09|5.06847e+11,0.000494453|0.00089026|0.000410965|0.000173612|4.06274e-05|2.00633e-05|1.47667e-05|1.7812e-05|2.14473e-05|2.04325e-05|0.000266735|0.000223952|0.000261059|2.98936e-05|3.71682e-05|1.04425e-05|3.91885e-05|0.00096308|5.21063e-05|3.55201e-05|6.2721e-05|0.000319756|0.000665246|6.32916e-05|0.000766915|0.000113681|1.08528e-05|0.00011644|0.000185382,0.000316017|0.000350126|0.000548485|0.00271581|0.000128431|0.000509085|0.00549128|0.000830638|0.000434313|0.000338175|0.00874893|0.00843573|0.000513001|0.000681499|0.00174713|0.00950649|0.000640186|0.00195589|0.000368678|0.000111435|0.000480267|0.000672662|0.00914892|0.000807753|0.000203965|0.00198341|0.00262605|0.00580301|0.00344885,0.0109342|0.0362414|0.0295222|0.0328142|0.00843704|5.21659e-05|0.0334079|0.0231698|0.0473575|0.0354515|0.0248478|0.0370095|0.0430027|0.0192976|0.0123696|0.0263713|0.029632|0.00712365|0.0108696|0.0107812|0.00850464|0.0285929|0.0100829|0.0455502|0.0243876|0.0350273|0.0303206|0.0398377|0.0365406,0.000178506|0.0472365|0.0297366|0.0437642|0.0314938|0.00115664|0.00844474|0.0417641|0.0366447|0.0266209|0.0481122|0.00589983|0.00442808|0.0120519|0.0240438|0.00318517|0.0482082|0.0414669|0.0181411|0.0401575|0.0237676|0.0372754|0.0460028|0.028193|0.0250863|0.0273051|0.0230682|0.0151024|0.0130093,0.973537|0.953794|0.959539|0.983348|0.908585|0.913872|0.927525|0.944528|0.948551|0.940474|0.911658|0.984554|0.974312|0.946711|0.979533|0.902547|0.924883|0.971602|0.923215|0.926416|0.962132|0.984478|0.935175|0.909539|0.936129|0.917619|0.985376|0.965406|0.98883,4.63983|3.07459|2.95405|1.93323|3.37071|0.640024|1.22009|2.55597|5.42186|4.91715|3.70937|5.26958|5.11322|4.38273|1.69436|5.09423|2.06342|3.14177|4.79469|0.0868458|1.9653|4.02061|3.89025|3.29092|3.39264|1.56082|4.5695|0.0104102|4.04415,66.2586|58.4557|98.2355|61.5999|30.3781|75.3264|42.6814|34.4372|82.1833|90.6886|56.905|23.9015|43.2583|72.2829|28.0546|59.2872|42.5138|76.7594|18.2346|92.4072|14.1987|32.7492|20.1165|85.6152|81.7362|52.1141|46.2248|83.3731,0.180129|0.227784|0.190047|0.220389|0.207992|0.191357|0.167734|0.222961|0.216313|0.194345|0.185169|0.236806|0.218822|0.180241|0.17367|0.200548|0.197352|0.218425|0.231355|0.203687|0.244274|0.191207|0.175955|0.185893|0.218556|0.184605|0.183493|0.197114,0.323551|0.686264|0.757428|0.549818|0.646488|0.567841|0.927159|0.762891|0.528406|0.45102|0.476138|0.2818|0.981182|0.553025|0.828443|0.127053|0.602799|0.515127|0.595303|0.876618|0.997795|0.878161|0.825877|0.624191|0.847503|0.200735|0.657987|0.942894,0.869523,0.801463,0.117836,0.0993652,0.460468,0.534015,0.0732846,0.487967,0.198257,0.921169,51.6436,5.43263e-12,47756,0.887486,41.1981,1.06086e-12,38445,0.895553,0.876428,0.0878307,0.631141,0.996144,0.511517,0.22039,0.459803,0.228135,0.891603,87.9902,7.64954e-10,30733,0.967162,70.4477,9.04596e-11,52512
24,1103,n1->n13->n15->n29->n11->n9->n7->n8->n10->n39->n37->n81->n79->n63->n61->n62->n64->n67->n38->n36->n34->n35->n74->n57->n55->n54->n53->n52->n51,5.37021e+09|6.60497e+13|8.77071e+11|3.6336e+13|1.78735e+12|1.49139e+12|3.81012e+11|4.61239e+13|2.49624e+09|3.34792e+13|2.79748e+13|2.58887e+10|1.47019e+10|6.55204e+12|6.44979e+11|2.37342e+11|4.21034e+09|4.7483e+09|1.16426e+13|7.73972e+11|4.7313e+12|5.77859e+11|5.8385e+13|4.14288e+09|8.84081e+12|2.80961e+11|4.60474e+10|1.02428e+10|7.46708e+11,8.19724e+08|8.87204e+12|1.06991e+11|1.77292e+13|3.29521e+11|3.79906e+11|6.70334e+10|1.04208e+13|7.32581e+08|1.12013e+13|4.96975e+12|8.36206e+09|4.87652e+09|2.63574e+12|1.30372e+11|1.13053e+11|1.60867e+09|7.5553e+08|1.19258e+12|7.77593e+10|1.15705e+12|4.88834e+11|7.35096e+12|2.05006e+09|4.69454e+12|2.23178e+11|3.18273e+10|2.07235e+09|5.06847e+11,0.000494453|0.000787814|0.000182949|0.000125062|5.47786e-05|1.80008e-05|0.000475679|6.6054e-05|6.27016e-05|5.53896e-05|1.06248e-05|0.000268232|0.000133131|0.000116235|3.71253e-05|8.24006e-05|1.88732e-05|3.91885e-05|1.04425e-05|0.000426407|0.000140889|0.000412952|0.000875739|0.000173612|4.06274e-05|1.47667e-05|2.00633e-05|0.00011644|0.000185382,0.000316017|0.00788063|0.00274771|0.00231296|0.00652494|0.00065196|0.00104538|0.00522046|0.00113469|0.0025393|0.000261291|0.000752991|0.000479664|0.00126856|0.00313588|0.00794111|0.000135861|0.000640186|0.00950649|0.00396778|0.000270551|0.00138752|0.00944671|0.00271581|0.000128431|0.00549128|0.000509085|0.00580301|0.00344885,0.0109342|0.0476737|0.0207315|0.0255931|0.00125292|0.0140743|0.01754|0.0318744|0.00597815|0.00111942|0.0457563|0.0481357|0.0252961|0.0100727|0.0266048|0.0242596|0.0266797|0.029632|0.0263713|0.00497013|0.0276207|0.00215298|0.0280357|0.0328142|0.00843704|0.0334079|5.21659e-05|0.0398377|0.0365406,0.000178506|0.00335145|0.0378122|0.00291922|0.0136412|0.033904|0.0283975|0.0483133|0.0245713|0.0449458|0.0105712|0.00997263|0.0203026|0.0107197|0.0179693|0.0480911|0.0436548|0.0482082|0.00318517|0.0341912|0.0210615|0.0375959|0.0166219|0.0437642|0.0314938|0.00844474|0.00115664|0.0151024|0.0130093,0.973537|0.954869|0.910795|0.962742|0.988894|0.963574|0.963898|0.975256|0.962416|0.924329|0.964079|0.948836|0.966262|0.903245|0.958619|0.98053|0.933821|0.924883|0.902547|0.94998|0.904866|0.952159|0.90082|0.983348|0.908585|0.927525|0.913872|0.965406|0.98883,4.63983|5.26639|1.89272|0.0327787|0.923897|5.88966|3.51107|3.22282|1.97158|1.19952|4.96174|1.5908|3.41737|4.68449|2.63855|5.59786|5.77568|2.06342|5.09423|3.70656|4.56594|5.24666|0.0974208|1.93323|3.37071|1.22009|0.640024|0.0104102|4.04415,79.8117|66.6304|32.2763|13.2112|99.0064|59.8148|55.4093|99.595|24.4191|31.554|88.8597|26.55|16.1844|47.0482|89.0369|93.0484|95.5844|59.2872|61.2725|89.5651|26.2497|67.7415|95.6836|61.5999|27.8669|75.3264|81.3721|83.3731,0.246796|0.179788|0.240047|0.219003|0.201409|0.18359|0.230451|0.184434|0.239532|0.195005|0.211898|0.238834|0.22961|0.167884|0.198053|0.176232|0.248978|0.200548|0.204351|0.241996|0.244194|0.161632|0.169856|0.220389|0.169326|0.191357|0.184589|0.197114,0.338018|0.275394|0.895675|0.427028|0.439638|0.339058|0.745697|0.703378|0.991722|0.711047|0.430076|0.957633|0.217843|0.410418|0.704733|0.182879|0.480161|0.127053|0.413834|0.265381|0.307851|0.301798|0.815246|0.549818|0.414082|0.567841|0.272111|0.942894,0.869523,0.801463,0.117836,0.0993652,0.460468,0.534015,0.0732846,0.487967,0.198257,0.921169,51.6436,5.43263e-12,47756,0.887486,41.1981,1.06086e-12,38445,0.895553,0.876428,0.0878307,0.631141,0.996144,0.511517,0.22039,0.459803,0.228135,0.891603,87.9902,7.64954e-10,30733,0.967162,70.4477,9.04596e-11,52512
24,1104,n1->n99->n77->n93->n91->n92->n94->n96->n20->n19->n18->n70->n87->n86->n76->n30->n31->n33->n32->n66->n68->n22->n74->n75->n73->n54->n53->n52->n51,5.37021e+09|1.57108e+10|5.68112e+11|4.22601e+13|2.84652e+12|1.97334e+09|1.36531e+10|2.51165e+12|4.0293e+11|2.47533e+11|7.59179e+12|6.87309e+13|7.3435e+12|3.85304e+10|4.21804e+13|1.26395e+10|4.79342e+12|3.64323e+13|1.78367e+12|1.10072e+10|1.31753e+09|1.47e+10|5.8385e+13|8.71921e+10|1.41706e+11|2.80961e+11|4.60474e+10|1.02428e+10|7.46708e+11,8.19724e+08|4.21389e+09|3.56307e+11|1.3774e+13|3.57264e+11|1.46451e+09|1.67171e+09|5.36324e+11|1.89646e+11|2.33399e+11|4.11836e+12|9.78332e+12|2.79916e+12|4.69095e+09|1.15782e+13|1.81012e+09|4.42443e+12|6.32377e+12|1.05491e+12|8.7665e+09|3.10679e+08|9.51029e+09|7.35096e+12|5.29113e+10|5.76853e+10|2.23178e+11|3.18273e+10|2.07235e+09|5.06847e+11,0.000494453|0.00089026|8.49487e-05|8.45967e-05|6.93267e-05|2.75832e-05|2.95455e-05|1.2987e-05|5.21063e-05|0.000261527|2.98936e-05|5.13815e-05|0.000634307|6.21631e-05|1.88608e-05|4.789e-05|0.00024651|1.50316e-05|0.000179959|0.000237659|0.000223952|1.77434e-05|0.000875739|0.000766915|6.32916e-05|1.47667e-05|2.00633e-05|0.00011644|0.000185382,0.000316017|0.000350126|0.000906866|0.000162335|0.00599677|0.0052688|0.000125263|0.000286765|0.000368678|0.000768065|0.000681499|0.00295865|0.00151267|0.00341054|0.00214239|0.00655588|0.00308746|0.00213059|0.00292552|0.000470269|0.00843573|0.0006856|0.00944671|0.000203965|0.000807753|0.00549128|0.000509085|0.00580301|0.00344885,0.0109342|0.0362414|0.04851|0.0108045|0.008036|0.0444618|0.00830448|0.0377902|0.0108696|0.0201979|0.0192976|0.0286141|0.0186268|0.0237043|0.00156873|0.00398508|0.0211034|0.00968695|0.00778345|0.0203827|0.0370095|0.0408661|0.0280357|0.0243876|0.0455502|0.0334079|5.21659e-05|0.0398377|0.0365406,0.000178506|0.0472365|0.0115254|0.0326183|0.015498|0.0387741|0.0293842|0.0195364|0.0181411|0.0291803|0.0120519|0.0216638|0.00979507|0.0488574|0.0470058|0.0178703|0.0151027|0.0280967|0.0161829|0.0146278|0.00589983|0.040072|0.0166219|0.0250863|0.028193|0.00844474|0.00115664|0.0151024|0.0130093,0.973537|0.953794|0.949999|0.912097|0.964407|0.987763|0.927471|0.951762|0.923215|0.941018|0.946711|0.966653|0.977244|0.981332|0.989289|0.972158|0.943878|0.923653|0.953313|0.978907|0.984554|0.95984|0.90082|0.936129|0.909539|0.927525|0.913872|0.965406|0.98883,4.63983|3.07459|0.722366|5.92115|5.6679|6.03913|5.03384|0.85792|4.79469|1.39448|4.38273|4.60778|2.33192|4.96971|0.578949|5.42296|4.82496|1.04264|0.10397|3.10364|5.26958|0.048646|0.0974208|3.39264|3.29092|1.22009|0.640024|0.0104102|4.04415,66.2586|96.5216|51.9256|26.8753|32.3713|13.5087|71.0086|58.7029|86.2435|34.0839|55.8812|39.9413|88.9922|37.5994|21.8454|88.6669|95.0453|61.2747|27.3217|70.8824|15.3326|63.8366|64.3401|85.6152|26.1465|75.3264|81.3721|83.3731,0.180129|0.241387|0.247077|0.203549|0.161013|0.230182|0.230021|0.201188|0.182991|0.248409|0.234874|0.180359|0.246364|0.17745|0.220509|0.215598|0.234751|0.208144|0.199785|0.16183|0.236297|0.241428|0.220369|0.185893|0.196311|0.191357|0.184589|0.197114,0.323551|0.664018|0.469529|0.21516|0.940947|0.731663|0.131268|0.666395|0.182796|0.983209|0.16843|0.129355|0.83582|0.871942|0.936019|0.123891|0.258586|0.704271|0.769012|0.215539|0.655447|0.480684|0.119032|0.624191|0.754315|0.567841|0.272111|0.942894,0.869523,0.801463,0.117836,0.0993652,0.460468,0.534015,0.0732846,0.487967,0.198257,0.921169,51.6436,5.43263e-12,47756,0.887486,41.1981,1.06086e-12,38445,0.895553,0.876428,0.0878307,0.631141,0.996144,0.511517,0.22039,0.459803,0.228135,0.891603,87.9902,7.64954e-10,30733,0.967162,70.4477,9.04596e-11,52512
24,1105,n1->n99->n98->n57->n55->n54->n56->n84->n83->n23->n24->n33->n35->n74->n75->n71->n73->n72->n77->n93->n64->n49->n47->n46->n62->n60->n59->n50->n51,5.37021e+09|1.57108e+10|1.8266e+13|4.14288e+09|8.84081e+12|2.80961e+11|1.1605e+12|1.07392e+09|3.76373e+13|4.63033e+10|1.59557e+13|3.64323e+13|5.77859e+11|5.8385e+13|8.71921e+10|7.70008e+11|1.41706e+11|6.83442e+09|5.68112e+11|4.22601e+13|4.21034e+09|2.45005e+09|4.74236e+11|5.53417e+12|2.37342e+11|8.79841e+13|3.04563e+11|2.36425e+09|7.46708e+11,8.19724e+08|4.21389e+09|5.99087e+12|2.05006e+09|4.69454e+12|2.23178e+11|5.65456e+11|9.00899e+08|2.34723e+13|3.30225e+10|4.06569e+12|6.32377e+12|4.88834e+11|7.35096e+12|5.29113e+10|1.60546e+11|5.76853e+10|1.48353e+09|3.56307e+11|1.3774e+13|1.60867e+09|2.44458e+09|1.54765e+11|1.63629e+12|1.13053e+11|5.95756e+13|3.06423e+10|4.07889e+08|5.06847e+11,0.000494453|0.00089026|0.000410965|0.000173612|4.06274e-05|1.47667e-05|1.7812e-05|2.14473e-05|1.86087e-05|0.000277161|0.000193265|1.50316e-05|0.000412952|0.000875739|0.000766915|0.00017279|6.32916e-05|0.000159499|8.49487e-05|8.45967e-05|1.88732e-05|1.07426e-05|0.000202873|0.000489732|8.24006e-05|0.000731749|2.43107e-05|1.54283e-05|0.000185382,0.000316017|0.000350126|0.000548485|0.00271581|0.000128431|0.00549128|0.000830638|0.000434313|0.000175452|0.00418014|0.0012727|0.00213059|0.00138752|0.00944671|0.000203965|0.00123164|0.000807753|0.00384342|0.000906866|0.000162335|0.000135861|0.000979027|0.000266598|0.000159088|0.00794111|0.000248463|0.000202742|0.00907722|0.00344885,0.0109342|0.0362414|0.0295222|0.0328142|0.00843704|0.0334079|0.0231698|0.0473575|0.015405|0.00314906|0.0433038|0.00968695|0.00215298|0.0280357|0.0243876|0.0398828|0.0455502|0.0479977|0.04851|0.0108045|0.0266797|0.0183567|0.00898217|0.029055|0.0242596|0.0128442|0.00304046|0.00638914|0.0365406,0.000178506|0.0472365|0.0297366|0.0437642|0.0314938|0.00844474|0.0417641|0.0366447|0.038157|0.0470385|0.00780618|0.0280967|0.0375959|0.0166219|0.0250863|0.0326729|0.028193|0.0299903|0.0115254|0.0326183|0.0436548|0.0388066|0.0488958|0.0302566|0.0480911|0.0431033|0.0474075|0.0483596|0.0130093,0.973537|0.953794|0.959539|0.983348|0.908585|0.927525|0.944528|0.948551|0.947801|0.92176|0.90929|0.923653|0.952159|0.90082|0.936129|0.947193|0.909539|0.96924|0.949999|0.912097|0.933821|0.969899|0.9108|0.923372|0.98053|0.945549|0.99171|0.910708|0.98883,4.63983|3.07459|2.95405|1.93323|3.37071|1.22009|2.55597|5.42186|4.11052|2.08786|3.9732|1.04264|5.24666|0.0974208|3.39264|0.117525|3.29092|3.90463|0.722366|5.92115|5.77568|3.94615|6.27947|0.31178|5.59786|4.50487|5.60303|5.41755|4.04415,66.2586|58.4557|98.2355|61.5999|27.8669|42.6814|34.4372|20.1884|23.518|44.8869|98.0873|93.5115|67.7415|64.3401|14.5634|28.2621|29.1617|92.3918|51.9256|32.5899|77.768|91.8261|71.5316|56.7189|48.3985|76.8491|47.7013|82.9474,0.180129|0.227784|0.190047|0.220389|0.169326|0.167734|0.222961|0.246081|0.181099|0.161116|0.239791|0.242679|0.161632|0.220369|0.169453|0.242769|0.178937|0.167022|0.247077|0.178102|0.165457|0.228404|0.196056|0.167864|0.17162|0.204072|0.170229|0.24308,0.323551|0.686264|0.757428|0.549818|0.414082|0.927159|0.762891|0.599197|0.741177|0.528582|0.939209|0.487093|0.301798|0.119032|0.275247|0.940077|0.920295|0.776051|0.469529|0.548301|0.348083|0.133861|0.758317|0.624525|0.641887|0.509755|0.776444|0.624607,0.869523,0.801463,0.117836,0.0993652,0.460468,0.534015,0.0732846,0.487967,0.198257,0.921169,51.6436,5.43263e-12,47756,0.887486,41.1981,1.06086e-12,38445,0.895553,0.876428,0.0878307,0.631141,0.996144,0.511517,0.22039,0.459803,0.228135,0.891603,87.9902,7.64954e-10,30733,0.967162,70.4477,9.04596e-11,52512
24,1106,n1->n99->n77->n23->n21->n20->n18->n70->n87->n88->n90->n56->n84->n83->n81->n80->n82->n54->n55->n53->n52->n65->n85->n17->n68->n58->n59->n50->n51,5.37021e+09|1.57108e+10|5.68112e+11|4.63033e+10|1.56161e+12|4.0293e+11|7.59179e+12|6.87309e+13|7.3435e+12|9.00567e+12|1.33273e+11|1.1605e+12|1.07392e+09|3.76373e+13|2.58887e+10|2.45686e+13|1.07979e+13|2.80961e+11|8.84081e+12|4.60474e+10|1.02428e+10|1.12599e+09|2.02447e+09|1.51096e+11|1.31753e+09|8.16696e+09|3.04563e+11|2.36425e+09|7.46708e+11,8.19724e+08|4.21389e+09|3.56307e+11|3.30225e+10|3.02345e+11|1.89646e+11|4.11836e+12|9.78332e+12|2.79916e+12|8.66002e+12|6.41526e+10|5.65456e+11|9.00899e+08|2.34723e+13|8.36206e+09|2.75437e+12|1.66379e+12|2.23178e+11|4.69454e+12|3.18273e+10|2.07235e+09|3.2906e+08|2.41326e+08|1.57582e+10|3.10679e+08|6.89506e+09|3.06423e+10|4.07889e+08|5.06847e+11,0.000494453|0.00089026|8.49487e-05|0.000277161|0.00096308|5.21063e-05|2.98936e-05|5.13815e-05|0.000634307|6.2721e-05|0.000319756|1.7812e-05|2.14473e-05|1.86087e-05|0.000268232|1.13052e-05|0.000837919|1.47667e-05|4.06274e-05|2.00633e-05|0.00011644|1.96575e-05|2.04325e-05|0.000261059|0.000223952|0.000266735|2.43107e-05|1.54283e-05|0.000185382,0.000316017|0.000350126|0.000906866|0.00418014|0.00195589|0.000368678|0.000681499|0.00295865|0.00151267|0.000480267|0.000672662|0.000830638|0.000434313|0.000175452|0.000752991|0.000238286|0.00271152|0.00549128|0.000128431|0.000509085|0.00580301|0.000428116|0.000338175|0.000513001|0.00843573|0.00874893|0.000202742|0.00907722|0.00344885,0.0109342|0.0362414|0.04851|0.00314906|0.00712365|0.0108696|0.0192976|0.0286141|0.0186268|0.00850464|0.0285929|0.0231698|0.0473575|0.015405|0.0481357|0.00592883|0.0278433|0.0334079|0.00843704|5.21659e-05|0.0398377|0.00118659|0.0354515|0.0430027|0.0370095|0.0248478|0.00304046|0.00638914|0.0365406,0.000178506|0.0472365|0.0115254|0.0470385|0.0414669|0.0181411|0.0120519|0.0216638|0.00979507|0.0237676|0.0372754|0.0417641|0.0366447|0.038157|0.00997263|0.0262948|0.0266174|0.00844474|0.0314938|0.00115664|0.0151024|0.00176737|0.0266209|0.00442808|0.00589983|0.0481122|0.0474075|0.0483596|0.0130093,0.973537|0.953794|0.949999|0.92176|0.971602|0.923215|0.946711|0.966653|0.977244|0.962132|0.984478|0.944528|0.948551|0.947801|0.948836|0.919013|0.934435|0.927525|0.908585|0.913872|0.965406|0.967717|0.940474|0.974312|0.984554|0.911658|0.99171|0.910708|0.98883,4.63983|3.07459|0.722366|2.08786|3.14177|4.79469|4.38273|4.60778|2.33192|1.9653|4.02061|2.55597|5.42186|4.11052|1.5908|0.100836|0.132111|1.22009|3.37071|0.640024|0.0104102|4.1126|4.91715|5.11322|5.26958|3.70937|5.60303|5.41755|4.04415,66.2586|96.5216|39.0733|88.4205|76.7594|89.2299|55.8812|39.9413|57.0974|14.1987|40.6061|34.4372|20.1884|78.7627|15.5679|47.0365|41.1455|27.8669|30.3781|81.3721|56.1703|82.5435|84.7043|23.9015|56.905|56.397|47.7013|82.9474,0.180129|0.241387|0.178948|0.232237|0.218425|0.247215|0.234874|0.180359|0.227675|0.244274|0.166746|0.222961|0.246081|0.170031|0.212149|0.231931|0.242874|0.169326|0.207992|0.184589|0.247907|0.20461|0.225161|0.236806|0.185169|0.21902|0.170229|0.24308,0.323551|0.664018|0.23533|0.516177|0.515127|0.652252|0.16843|0.129355|0.396625|0.997795|0.163177|0.762891|0.599197|0.530775|0.870283|0.796307|0.378494|0.414082|0.646488|0.272111|0.827328|0.519435|0.880608|0.2818|0.476138|0.533324|0.776444|0.624607,0.869523,0.801463,0.117836,0.0993652,0.460468,0.534015,0.0732846,0.487967,0.198257,0.921169,51.6436,5.43263e-12,47756,0.887486,41.1981,1.06086e-12,38445,0.895553,0.876428,0.0878307,0.631141,0.996144,0.511517,0.22039,0.459803,0.228135,0.891603,87.9902,7.64954e-10,30733,0.967162,70.4477,9.04596e-11,52512
24,1107,n1->n13->n12->n14->n96->n97->n99->n98->n57->n74->n76->n69->n70->n18->n16->n38->n37->n81->n79->n63->n10->n39->n41->n44->n43->n45->n47->n49->n51,5.37021e+09|6.60497e+13|9.70597e+10|3.70261e+10|2.51165e+12|2.90604e+09|1.57108e+10|1.8266e+13|4.14288e+09|5.8385e+13|4.21804e+13|8.81277e+09|6.87309e+13|7.59179e+12|1.09193e+13|1.16426e+13|2.79748e+13|2.58887e+10|1.47019e+10|6.55204e+12|2.49624e+09|3.34792e+13|3.95737e+11|5.26537e+13|1.40931e+10|8.38488e+13|4.74236e+11|2.45005e+09|7.46708e+11,8.19724e+08|8.87204e+12|2.76143e+10|1.44234e+10|5.36324e+11|5.04144e+08|4.21389e+09|5.99087e+12|2.05006e+09|7.35096e+12|1.15782e+13|7.57626e+09|9.78332e+12|4.11836e+12|1.33827e+12|1.19258e+12|4.96975e+12|8.36206e+09|4.87652e+09|2.63574e+12|7.32581e+08|1.12013e+13|1.47899e+11|2.86817e+13|3.26577e+09|1.01787e+13|1.54765e+11|2.44458e+09|5.06847e+11,0.000494453|0.000787814|0.000201974|3.25754e-05|1.2987e-05|8.81202e-05|0.00089026|0.000410965|0.000173612|0.000875739|1.88608e-05|0.000268039|5.13815e-05|2.98936e-05|3.71682e-05|1.04425e-05|1.06248e-05|0.000268232|0.000133131|0.000116235|6.27016e-05|5.53896e-05|2.35935e-05|0.000124649|0.000955168|1.67225e-05|0.000202873|1.07426e-05|0.000185382,0.000316017|0.00788063|0.0016732|0.000181646|0.000286765|0.00494291|0.000350126|0.000548485|0.00271581|0.00944671|0.00214239|0.00367819|0.00295865|0.000681499|0.00174713|0.00950649|0.000261291|0.000752991|0.000479664|0.00126856|0.00113469|0.0025393|0.00412419|0.00158999|0.00344494|0.000742576|0.000266598|0.000979027|0.00344885,0.0109342|0.0476737|0.0313381|0.0426128|0.0377902|0.0381696|0.0362414|0.0295222|0.0328142|0.0280357|0.00156873|0.022957|0.0286141|0.0192976|0.0123696|0.0263713|0.0457563|0.0481357|0.0252961|0.0100727|0.00597815|0.00111942|0.00451081|0.0486405|0.0168583|0.00846218|0.00898217|0.0183567|0.0365406,0.000178506|0.00335145|0.0470205|0.049061|0.0195364|0.00800322|0.0472365|0.0297366|0.0437642|0.0166219|0.0470058|0.0100342|0.0216638|0.0120519|0.0240438|0.00318517|0.0105712|0.00997263|0.0203026|0.0107197|0.0245713|0.0449458|0.00491436|0.00764508|0.0482719|0.0342415|0.0488958|0.0388066|0.0130093,0.973537|0.954869|0.937315|0.906626|0.951762|0.90679|0.953794|0.959539|0.983348|0.90082|0.989289|0.975915|0.966653|0.946711|0.979533|0.902547|0.964079|0.948836|0.966262|0.903245|0.962416|0.924329|0.923722|0.932977|0.943219|0.934264|0.9108|0.969899|0.98883,4.63983|5.26639|3.07758|0.762282|0.85792|1.41691|3.07459|2.95405|1.93323|0.0974208|0.578949|2.99986|4.60778|4.38273|1.69436|5.09423|4.96174|1.5908|3.41737|4.68449|1.97158|1.19952|4.11092|2.64532|2.3897|5.31688|6.27947|3.94615|4.04415,79.8117|56.34|51.9585|54.7186|37.9513|94.4507|58.4557|98.2355|95.6836|53.1277|66.666|74.5377|55.8812|72.2829|28.0546|46.986|88.8597|26.55|16.1844|65.1286|24.4191|38.9947|12.7315|69.1985|48.5398|40.979|91.8261|10.4661,0.246796|0.206669|0.222459|0.208433|0.246589|0.168303|0.227784|0.190047|0.169856|0.181342|0.212271|0.172691|0.234874|0.180241|0.17367|0.170599|0.211898|0.238834|0.22961|0.203746|0.239532|0.18226|0.246433|0.210513|0.218428|0.216949|0.228404|0.216931,0.338018|0.285239|0.326911|0.448351|0.157157|0.263233|0.686264|0.757428|0.815246|0.519715|0.890059|0.416585|0.16843|0.553025|0.828443|0.662799|0.430076|0.957633|0.217843|0.514129|0.991722|0.988985|0.665882|0.374145|0.854577|0.317946|0.133861|0.516407,0.869523,0.801463,0.117836,0.0993652,0.460468,0.534015,0.0732846,0.487967,0.198257,0.921169,51.6436,5.43263e-12,47756,0.887486,41.1981,1.06086e-12,38445,0.895553,0.876428,0.0878307,0.631141,0.996144,0.511517,0.22039,0.459803,0.228135,0.891603,87.9902,7.64954e-10,30733,0.967162,70.4477,9.04596e-11,52512
24,1108,n1->n20->n89->n95->n97->n96->n94->n93->n64->n62->n46->n47->n45->n44->n42->n40->n54->n56->n55->n53->n52->n27->n4->n2->n100->n90->n59->n50->n51,5.37021e+09|4.0293e+11|2.68119e+11|1.05601e+11|2.90604e+09|2.51165e+12|1.36531e+10|4.22601e+13|4.21034e+09|2.37342e+11|5.53417e+12|4.74236e+11|8.38488e+13|5.26537e+13|2.42905e+09|3.58065e+10|2.80961e+11|1.1605e+12|8.84081e+12|4.60474e+10|1.02428e+10|4.19351e+12|7.07339e+12|5.94248e+10|4.01966e+09|1.33273e+11|3.04563e+11|2.36425e+09|7.46708e+11,8.19724e+08|1.89646e+11|9.23423e+10|5.46554e+10|5.04144e+08|5.36324e+11|1.67171e+09|1.3774e+13|1.60867e+09|1.13053e+11|1.63629e+12|1.54765e+11|1.01787e+13|2.86817e+13|2.47264e+08|4.14657e+09|2.23178e+11|5.65456e+11|4.69454e+12|3.18273e+10|2.07235e+09|8.73344e+11|2.43435e+12|3.74975e+10|2.27749e+09|6.41526e+10|3.06423e+10|4.07889e+08|5.06847e+11,0.000494453|5.21063e-05|3.55201e-05|0.000260968|8.81202e-05|1.2987e-05|2.95455e-05|8.45967e-05|1.88732e-05|8.24006e-05|0.000489732|0.000202873|1.67225e-05|0.000124649|8.79758e-05|6.01341e-05|1.47667e-05|1.7812e-05|4.06274e-05|2.00633e-05|0.00011644|1.08528e-05|0.000113681|1.10648e-05|0.000665246|0.000319756|2.43107e-05|1.54283e-05|0.000185382,0.000316017|0.000368678|0.000111435|0.000186877|0.00494291|0.000286765|0.000125263|0.000162335|0.000135861|0.00794111|0.000159088|0.000266598|0.000742576|0.00158999|0.000493531|0.00268841|0.00549128|0.000830638|0.000128431|0.000509085|0.00580301|0.00262605|0.00198341|0.00120557|0.00914892|0.000672662|0.000202742|0.00907722|0.00344885,0.0109342|0.0108696|0.0107812|0.00282907|0.0381696|0.0377902|0.00830448|0.0108045|0.0266797|0.0242596|0.029055|0.00898217|0.00846218|0.0486405|0.00783732|0.0249103|0.0334079|0.0231698|0.00843704|5.21659e-05|0.0398377|0.0303206|0.0350273|0.00369149|0.0100829|0.0285929|0.00304046|0.00638914|0.0365406,0.000178506|0.0181411|0.0401575|0.0420997|0.00800322|0.0195364|0.0293842|0.0326183|0.0436548|0.0480911|0.0302566|0.0488958|0.0342415|0.00764508|0.0327962|0.033399|0.00844474|0.0417641|0.0314938|0.00115664|0.0151024|0.0230682|0.0273051|0.0127317|0.0460028|0.0372754|0.0474075|0.0483596|0.0130093,0.973537|0.923215|0.926416|0.966581|0.90679|0.951762|0.927471|0.912097|0.933821|0.98053|0.923372|0.9108|0.934264|0.932977|0.960936|0.920308|0.927525|0.944528|0.908585|0.913872|0.965406|0.985376|0.917619|0.968894|0.935175|0.984478|0.99171|0.910708|0.98883,4.63983|4.79469|0.0868458|1.09944|1.41691|0.85792|5.03384|5.92115|5.77568|5.59786|0.31178|6.27947|5.31688|2.64532|0.765875|2.50002|1.22009|2.55597|3.37071|0.640024|0.0104102|4.5695|1.56082|4.74216|3.89025|4.02061|5.60303|5.41755|4.04415,90.7492|18.2346|11.8194|11.8968|37.9513|71.0086|63.1349|32.5899|93.0484|56.7189|71.5316|40.979|57.1366|21.0603|77.6192|12.2677|42.6814|95.3312|30.3781|81.3721|46.2248|52.1141|30.2686|37.015|32.7492|62.2588|47.7013|82.9474,0.215706|0.231355|0.168449|0.228013|0.246589|0.230021|0.209804|0.178102|0.176232|0.167864|0.196056|0.216949|0.235241|0.23095|0.243521|0.248162|0.167734|0.167906|0.207992|0.184589|0.183493|0.184605|0.239023|0.17211|0.191207|0.169222|0.170229|0.24308,0.53635|0.595303|0.776387|0.342677|0.157157|0.131268|0.17375|0.548301|0.182879|0.624525|0.758317|0.317946|0.218954|0.399278|0.14346|0.812759|0.927159|0.402595|0.646488|0.272111|0.657987|0.200735|0.514427|0.315214|0.878161|0.361153|0.776444|0.624607,0.869523,0.801463,0.117836,0.0993652,0.460468,0.534015,0.0732846,0.487967,0.198257,0.921169,51.6436,5.43263e-12,47756,0.887486,41.1981,1.06086e-12,38445,0.895553,0.876428,0.0878307,0.631141,0.996144,0.511517,0.22039,0.459803,0.228135,0.891603,87.9902,7.64954e-10,30733,0.967162,70.4477,9.04596e-11,52512
24,1109,n1->n20->n18->n16->n38->n67->n21->n23->n77->n93->n91->n92->n94->n96->n97->n27->n25->n26->n47->n49->n64->n36->n34->n32->n30->n31->n29->n50->n51,5.37021e+09|4.0293e+11|7.59179e+12|1.09193e+13|1.16426e+13|4.7483e+09|1.56161e+12|4.63033e+10|5.68112e+11|4.22601e+13|2.84652e+12|1.97334e+09|1.36531e+10|2.51165e+12|2.90604e+09|4.19351e+12|1.67189e+13|7.09351e+09|4.74236e+11|2.45005e+09|4.21034e+09|7.73972e+11|4.7313e+12|1.78367e+12|1.26395e+10|4.79342e+12|3.6336e+13|2.36425e+09|7.46708e+11,8.19724e+08|1.89646e+11|4.11836e+12|1.33827e+12|1.19258e+12|7.5553e+08|3.02345e+11|3.30225e+10|3.56307e+11|1.3774e+13|3.57264e+11|1.46451e+09|1.67171e+09|5.36324e+11|5.04144e+08|8.73344e+11|1.40059e+13|1.31666e+09|1.54765e+11|2.44458e+09|1.60867e+09|7.77593e+10|1.15705e+12|1.05491e+12|1.81012e+09|4.42443e+12|1.77292e+13|4.07889e+08|5.06847e+11,0.000494453|5.21063e-05|2.98936e-05|3.71682e-05|1.04425e-05|3.91885e-05|0.00096308|0.000277161|8.49487e-05|8.45967e-05|6.93267e-05|2.75832e-05|2.95455e-05|1.2987e-05|8.81202e-05|1.08528e-05|6.30741e-05|3.77967e-05|0.000202873|1.07426e-05|1.88732e-05|0.000426407|0.000140889|0.000179959|4.789e-05|0.00024651|0.000125062|1.54283e-05|0.000185382,0.000316017|0.000368678|0.000681499|0.00174713|0.00950649|0.000640186|0.00195589|0.00418014|0.000906866|0.000162335|0.00599677|0.0052688|0.000125263|0.000286765|0.00494291|0.00262605|0.00294926|0.00522178|0.000266598|0.000979027|0.000135861|0.00396778|0.000270551|0.00292552|0.00655588|0.00308746|0.00231296|0.00907722|0.00344885,0.0109342|0.0108696|0.0192976|0.0123696|0.0263713|0.029632|0.00712365|0.00314906|0.04851|0.0108045|0.008036|0.0444618|0.00830448|0.0377902|0.0381696|0.0303206|0.0195393|0.0101688|0.00898217|0.0183567|0.0266797|0.00497013|0.0276207|0.00778345|0.00398508|0.0211034|0.0255931|0.00638914|0.0365406,0.000178506|0.0181411|0.0120519|0.0240438|0.00318517|0.0482082|0.0414669|0.0470385|0.0115254|0.0326183|0.015498|0.0387741|0.0293842|0.0195364|0.00800322|0.0230682|0.0159438|0.0409649|0.0488958|0.0388066|0.0436548|0.0341912|0.0210615|0.0161829|0.0178703|0.0151027|0.00291922|0.0483596|0.0130093,0.973537|0.923215|0.946711|0.979533|0.902547|0.924883|0.971602|0.92176|0.949999|0.912097|0.964407|0.987763|0.927471|0.951762|0.90679|0.985376|0.9023|0.981638|0.9108|0.969899|0.933821|0.94998|0.904866|0.953313|0.972158|0.943878|0.962742|0.910708|0.98883,4.63983|4.79469|4.38273|1.69436|5.09423|2.06342|3.14177|2.08786|0.722366|5.92115|5.6679|6.03913|5.03384|0.85792|1.41691|4.5695|1.57149|2.91399|6.27947|3.94615|5.77568|3.70656|4.56594|0.10397|5.42296|4.82496|0.0327787|5.41755|4.04415,90.7492|89.2299|72.2829|28.0546|59.2872|42.5138|88.4205|39.0733|51.9256|26.8753|32.3713|13.5087|71.0086|37.9513|31.5608|64.4551|63.0993|70.8805|91.8261|77.768|43.8659|89.5651|23.0914|69.5993|88.6669|70.4589|37.0378|82.9474,0.215706|0.247215|0.180241|0.17367|0.200548|0.197352|0.232237|0.178948|0.247077|0.203549|0.161013|0.230182|0.230021|0.246589|0.219936|0.242248|0.228799|0.189485|0.228404|0.165457|0.241695|0.241996|0.18593|0.204659|0.215598|0.246199|0.191256|0.24308,0.53635|0.652252|0.553025|0.828443|0.127053|0.602799|0.516177|0.23533|0.469529|0.21516|0.940947|0.731663|0.131268|0.157157|0.557853|0.837222|0.359402|0.757042|0.133861|0.348083|0.590576|0.265381|0.12287|0.237533|0.123891|0.415176|0.182586|0.624607,0.869523,0.801463,0.117836,0.0993652,0.460468,0.534015,0.0732846,0.487967,0.198257,0.921169,51.6436,5.43263e-12,47756,0.887486,41.1981,1.06086e-12,38445,0.895553,0.876428,0.0878307,0.631141,0.996144,0.511517,0.22039,0.459803,0.228135,0.891603,87.9902,7.64954e-10,30733,0.967162,70.4477,9.04596e-11,52512
24,1110,n1->n13->n12->n8->n7->n2->n4->n27->n26->n24->n71->n72->n77->n99->n97->n95->n93->n92->n94->n96->n14->n75->n76->n30->n32->n31->n29->n50->n51,5.37021e+09|6.60497e+13|9.70597e+10|4.61239e+13|3.81012e+11|5.94248e+10|7.07339e+12|4.19351e+12|7.09351e+09|1.59557e+13|7.70008e+11|6.83442e+09|5.68112e+11|1.57108e+10|2.90604e+09|1.05601e+11|4.22601e+13|1.97334e+09|1.36531e+10|2.51165e+12|3.70261e+10|8.71921e+10|4.21804e+13|1.26395e+10|1.78367e+12|4.79342e+12|3.6336e+13|2.36425e+09|7.46708e+11,8.19724e+08|8.87204e+12|2.76143e+10|1.04208e+13|6.70334e+10|3.74975e+10|2.43435e+12|8.73344e+11|1.31666e+09|4.06569e+12|1.60546e+11|1.48353e+09|3.56307e+11|4.21389e+09|5.04144e+08|5.46554e+10|1.3774e+13|1.46451e+09|1.67171e+09|5.36324e+11|1.44234e+10|5.29113e+10|1.15782e+13|1.81012e+09|1.05491e+12|4.42443e+12|1.77292e+13|4.07889e+08|5.06847e+11,0.000494453|0.000787814|0.000201974|6.6054e-05|0.000475679|1.10648e-05|0.000113681|1.08528e-05|3.77967e-05|0.000193265|0.00017279|0.000159499|8.49487e-05|0.00089026|8.81202e-05|0.000260968|8.45967e-05|2.75832e-05|2.95455e-05|1.2987e-05|3.25754e-05|0.000766915|1.88608e-05|4.789e-05|0.000179959|0.00024651|0.000125062|1.54283e-05|0.000185382,0.000316017|0.00788063|0.0016732|0.00522046|0.00104538|0.00120557|0.00198341|0.00262605|0.00522178|0.0012727|0.00123164|0.00384342|0.000906866|0.000350126|0.00494291|0.000186877|0.000162335|0.0052688|0.000125263|0.000286765|0.000181646|0.000203965|0.00214239|0.00655588|0.00292552|0.00308746|0.00231296|0.00907722|0.00344885,0.0109342|0.0476737|0.0313381|0.0318744|0.01754|0.00369149|0.0350273|0.0303206|0.0101688|0.0433038|0.0398828|0.0479977|0.04851|0.0362414|0.0381696|0.00282907|0.0108045|0.0444618|0.00830448|0.0377902|0.0426128|0.0243876|0.00156873|0.00398508|0.00778345|0.0211034|0.0255931|0.00638914|0.0365406,0.000178506|0.00335145|0.0470205|0.0483133|0.0283975|0.0127317|0.0273051|0.0230682|0.0409649|0.00780618|0.0326729|0.0299903|0.0115254|0.0472365|0.00800322|0.0420997|0.0326183|0.0387741|0.0293842|0.0195364|0.049061|0.0250863|0.0470058|0.0178703|0.0161829|0.0151027|0.00291922|0.0483596|0.0130093,0.973537|0.954869|0.937315|0.975256|0.963898|0.968894|0.917619|0.985376|0.981638|0.90929|0.947193|0.96924|0.949999|0.953794|0.90679|0.966581|0.912097|0.987763|0.927471|0.951762|0.906626|0.936129|0.989289|0.972158|0.953313|0.943878|0.962742|0.910708|0.98883,4.63983|5.26639|3.07758|3.22282|3.51107|4.74216|1.56082|4.5695|2.91399|3.9732|0.117525|3.90463|0.722366|3.07459|1.41691|1.09944|5.92115|6.03913|5.03384|0.85792|0.762282|3.39264|0.578949|5.42296|0.10397|4.82496|0.0327787|5.41755|4.04415,79.8117|56.34|81.3396|55.4093|88.6198|30.2686|52.1141|67.4197|83.4704|44.1502|45.8448|92.3918|96.5216|94.4507|11.8968|24.941|61.035|13.5087|71.0086|54.7186|56.2706|63.5216|21.8454|69.5993|86.0567|70.4589|37.0378|82.9474,0.246796|0.206669|0.186476|0.230451|0.228013|0.239023|0.184605|0.171162|0.216464|0.204574|0.218487|0.167022|0.241387|0.168303|0.228013|0.237661|0.21409|0.230182|0.230021|0.208433|0.226178|0.207806|0.220509|0.204659|0.16799|0.246199|0.191256|0.24308,0.338018|0.285239|0.379326|0.745697|0.84397|0.514427|0.200735|0.40751|0.583168|0.45026|0.29317|0.776051|0.664018|0.263233|0.342677|0.985064|0.722832|0.731663|0.131268|0.448351|0.725021|0.844544|0.936019|0.237533|0.799966|0.415176|0.182586|0.624607,0.869523,0.801463,0.117836,0.0993652,0.460468,0.534015,0.0732846,0.487967,0.198257,0.921169,51.6436,5.43263e-12,47756,0.887486,41.1981,1.06086e-12,38445,0.895553,0.876428,0.0878307,0.631141,0.996144,0.511517,0.22039,0.459803,0.228135,0.891603,87.9902,7.64954e-10,30733,0.967162,70.4477,9.04596e-11,52512
24,1111,n1->n99->n77->n93->n91->n92->n94->n96->n97->n27->n4->n2->n100->n73->n75->n71->n72->n45->n43->n44->n42->n63->n79->n81->n37->n65->n64->n49->n51,5.37021e+09|1.57108e+10|5.68112e+11|4.22601e+13|2.84652e+12|1.97334e+09|1.36531e+10|2.51165e+12|2.90604e+09|4.19351e+12|7.07339e+12|5.94248e+10|4.01966e+09|1.41706e+11|8.71921e+10|7.70008e+11|6.83442e+09|8.38488e+13|1.40931e+10|5.26537e+13|2.42905e+09|6.55204e+12|1.47019e+10|2.58887e+10|2.79748e+13|1.12599e+09|4.21034e+09|2.45005e+09|7.46708e+11,8.19724e+08|4.21389e+09|3.56307e+11|1.3774e+13|3.57264e+11|1.46451e+09|1.67171e+09|5.36324e+11|5.04144e+08|8.73344e+11|2.43435e+12|3.74975e+10|2.27749e+09|5.76853e+10|5.29113e+10|1.60546e+11|1.48353e+09|1.01787e+13|3.26577e+09|2.86817e+13|2.47264e+08|2.63574e+12|4.87652e+09|8.36206e+09|4.96975e+12|3.2906e+08|1.60867e+09|2.44458e+09|5.06847e+11,0.000494453|0.00089026|8.49487e-05|8.45967e-05|6.93267e-05|2.75832e-05|2.95455e-05|1.2987e-05|8.81202e-05|1.08528e-05|0.000113681|1.10648e-05|0.000665246|6.32916e-05|0.000766915|0.00017279|0.000159499|1.67225e-05|0.000955168|0.000124649|8.79758e-05|0.000116235|0.000133131|0.000268232|1.06248e-05|1.96575e-05|1.88732e-05|1.07426e-05|0.000185382,0.000316017|0.000350126|0.000906866|0.000162335|0.00599677|0.0052688|0.000125263|0.000286765|0.00494291|0.00262605|0.00198341|0.00120557|0.00914892|0.000807753|0.000203965|0.00123164|0.00384342|0.000742576|0.00344494|0.00158999|0.000493531|0.00126856|0.000479664|0.000752991|0.000261291|0.000428116|0.000135861|0.000979027|0.00344885,0.0109342|0.0362414|0.04851|0.0108045|0.008036|0.0444618|0.00830448|0.0377902|0.0381696|0.0303206|0.0350273|0.00369149|0.0100829|0.0455502|0.0243876|0.0398828|0.0479977|0.00846218|0.0168583|0.0486405|0.00783732|0.0100727|0.0252961|0.0481357|0.0457563|0.00118659|0.0266797|0.0183567|0.0365406,0.000178506|0.0472365|0.0115254|0.0326183|0.015498|0.0387741|0.0293842|0.0195364|0.00800322|0.0230682|0.0273051|0.0127317|0.0460028|0.028193|0.0250863|0.0326729|0.0299903|0.0342415|0.0482719|0.00764508|0.0327962|0.0107197|0.0203026|0.00997263|0.0105712|0.00176737|0.0436548|0.0388066|0.0130093,0.973537|0.953794|0.949999|0.912097|0.964407|0.987763|0.927471|0.951762|0.90679|0.985376|0.917619|0.968894|0.935175|0.909539|0.936129|0.947193|0.96924|0.934264|0.943219|0.932977|0.960936|0.903245|0.966262|0.948836|0.964079|0.967717|0.933821|0.969899|0.98883,4.63983|3.07459|0.722366|5.92115|5.6679|6.03913|5.03384|0.85792|1.41691|4.5695|1.56082|4.74216|3.89025|3.29092|3.39264|0.117525|3.90463|5.31688|2.3897|2.64532|0.765875|4.68449|3.41737|1.5908|4.96174|4.1126|5.77568|3.94615|4.04415,66.2586|96.5216|51.9256|26.8753|32.3713|13.5087|71.0086|37.9513|31.5608|52.1141|30.2686|37.015|20.1165|85.6152|14.5634|45.8448|63.1262|48.5398|69.1985|21.0603|97.0433|16.1844|26.55|88.8597|13.4252|56.7563|77.768|10.4661,0.180129|0.241387|0.247077|0.203549|0.161013|0.230182|0.230021|0.246589|0.219936|0.184605|0.239023|0.17211|0.175955|0.185893|0.169453|0.218487|0.243732|0.218428|0.210513|0.23095|0.211509|0.22961|0.238834|0.211898|0.230756|0.186349|0.165457|0.216931,0.323551|0.664018|0.469529|0.21516|0.940947|0.731663|0.131268|0.157157|0.557853|0.200735|0.514427|0.315214|0.825877|0.624191|0.275247|0.29317|0.65643|0.854577|0.374145|0.399278|0.758395|0.217843|0.957633|0.430076|0.986996|0.927837|0.348083|0.516407,0.869523,0.801463,0.117836,0.0993652,0.460468,0.534015,0.0732846,0.487967,0.198257,0.921169,51.6436,5.43263e-12,47756,0.887486,41.1981,1.06086e-12,38445,0.895553,0.876428,0.0878307,0.631141,0.996144,0.511517,0.22039,0.459803,0.228135,0.891603,87.9902,7.64954e-10,30733,0.967162,70.4477,9.04596e-11,52512
24,1112,n1->n20->n89->n95->n97->n27->n28->n29->n50->n60->n62->n46->n47->n45->n43->n41->n44->n78->n80->n81->n37->n38->n16->n18->n17->n85->n65->n52->n51,5.37021e+09|4.0293e+11|2.68119e+11|1.05601e+11|2.90604e+09|4.19351e+12|1.34247e+11|3.6336e+13|2.36425e+09|8.79841e+13|2.37342e+11|5.53417e+12|4.74236e+11|8.38488e+13|1.40931e+10|3.95737e+11|5.26537e+13|3.25238e+10|2.45686e+13|2.58887e+10|2.79748e+13|1.16426e+13|1.09193e+13|7.59179e+12|1.51096e+11|2.02447e+09|1.12599e+09|1.02428e+10|7.46708e+11,8.19724e+08|1.89646e+11|9.23423e+10|5.46554e+10|5.04144e+08|8.73344e+11|1.51805e+10|1.77292e+13|4.07889e+08|5.95756e+13|1.13053e+11|1.63629e+12|1.54765e+11|1.01787e+13|3.26577e+09|1.47899e+11|2.86817e+13|2.30731e+10|2.75437e+12|8.36206e+09|4.96975e+12|1.19258e+12|1.33827e+12|4.11836e+12|1.57582e+10|2.41326e+08|3.2906e+08|2.07235e+09|5.06847e+11,0.000494453|5.21063e-05|3.55201e-05|0.000260968|8.81202e-05|1.08528e-05|0.00056516|0.000125062|1.54283e-05|0.000731749|8.24006e-05|0.000489732|0.000202873|1.67225e-05|0.000955168|2.35935e-05|0.000124649|0.000270955|1.13052e-05|0.000268232|1.06248e-05|1.04425e-05|3.71682e-05|2.98936e-05|0.000261059|2.04325e-05|1.96575e-05|0.00011644|0.000185382,0.000316017|0.000368678|0.000111435|0.000186877|0.00494291|0.00262605|0.0093172|0.00231296|0.00907722|0.000248463|0.00794111|0.000159088|0.000266598|0.000742576|0.00344494|0.00412419|0.00158999|0.00167497|0.000238286|0.000752991|0.000261291|0.00950649|0.00174713|0.000681499|0.000513001|0.000338175|0.000428116|0.00580301|0.00344885,0.0109342|0.0108696|0.0107812|0.00282907|0.0381696|0.0303206|0.0317261|0.0255931|0.00638914|0.0128442|0.0242596|0.029055|0.00898217|0.00846218|0.0168583|0.00451081|0.0486405|0.00569443|0.00592883|0.0481357|0.0457563|0.0263713|0.0123696|0.0192976|0.0430027|0.0354515|0.00118659|0.0398377|0.0365406,0.000178506|0.0181411|0.0401575|0.0420997|0.00800322|0.0230682|0.03841|0.00291922|0.0483596|0.0431033|0.0480911|0.0302566|0.0488958|0.0342415|0.0482719|0.00491436|0.00764508|0.0425349|0.0262948|0.00997263|0.0105712|0.00318517|0.0240438|0.0120519|0.00442808|0.0266209|0.00176737|0.0151024|0.0130093,0.973537|0.923215|0.926416|0.966581|0.90679|0.985376|0.948072|0.962742|0.910708|0.945549|0.98053|0.923372|0.9108|0.934264|0.943219|0.923722|0.932977|0.92832|0.919013|0.948836|0.964079|0.902547|0.979533|0.946711|0.974312|0.940474|0.967717|0.965406|0.98883,4.63983|4.79469|0.0868458|1.09944|1.41691|4.5695|1.48687|0.0327787|5.41755|4.50487|5.59786|0.31178|6.27947|5.31688|2.3897|4.11092|2.64532|3.3614|0.100836|1.5908|4.96174|5.09423|1.69436|4.38273|5.11322|4.91715|4.1126|0.0104102|4.04415,90.7492|18.2346|11.8194|11.8968|31.5608|23.5709|18.7034|37.0378|22.3088|48.3985|56.7189|71.5316|40.979|48.5398|43.4967|12.7315|88.5528|66.5291|15.5679|88.8597|46.986|28.0546|72.2829|43.2583|84.7043|82.5435|56.1703|83.3731,0.215706|0.231355|0.168449|0.228013|0.219936|0.207151|0.249902|0.191256|0.190841|0.17162|0.167864|0.196056|0.216949|0.218428|0.160247|0.246433|0.200088|0.222935|0.212149|0.211898|0.170599|0.17367|0.180241|0.218822|0.225161|0.20461|0.247907|0.197114,0.53635|0.595303|0.776387|0.342677|0.557853|0.340196|0.259002|0.182586|0.323935|0.641887|0.624525|0.758317|0.317946|0.854577|0.922117|0.665882|0.134865|0.109088|0.870283|0.430076|0.662799|0.828443|0.553025|0.981182|0.880608|0.519435|0.827328|0.942894,0.869523,0.801463,0.117836,0.0993652,0.460468,0.534015,0.0732846,0.487967,0.198257,0.921169,51.6436,5.43263e-12,47756,0.887486,41.1981,1.06086e-12,38445,0.895553,0.876428,0.0878307,0.631141,0.996144,0.511517,0.22039,0.459803,0.228135,0.891603,87.9902,7.64954e-10,30733,0.967162,70.4477,9.04596e-11,52512
24,1113,n1->n20->n89->n88->n90->n100->n2->n4->n27->n28->n69->n76->n86->n87->n70->n18->n16->n38->n67->n21->n23->n24->n33->n6->n12->n14->n96->n94->n51,5.37021e+09|4.0293e+11|2.68119e+11|9.00567e+12|1.33273e+11|4.01966e+09|5.94248e+10|7.07339e+12|4.19351e+12|1.34247e+11|8.81277e+09|4.21804e+13|3.85304e+10|7.3435e+12|6.87309e+13|7.59179e+12|1.09193e+13|1.16426e+13|4.7483e+09|1.56161e+12|4.63033e+10|1.59557e+13|3.64323e+13|1.14208e+09|9.70597e+10|3.70261e+10|2.51165e+12|1.36531e+10|7.46708e+11,8.19724e+08|1.89646e+11|9.23423e+10|8.66002e+12|6.41526e+10|2.27749e+09|3.74975e+10|2.43435e+12|8.73344e+11|1.51805e+10|7.57626e+09|1.15782e+13|4.69095e+09|2.79916e+12|9.78332e+12|4.11836e+12|1.33827e+12|1.19258e+12|7.5553e+08|3.02345e+11|3.30225e+10|4.06569e+12|6.32377e+12|2.20459e+08|2.76143e+10|1.44234e+10|5.36324e+11|1.67171e+09|5.06847e+11,0.000494453|5.21063e-05|3.55201e-05|6.2721e-05|0.000319756|0.000665246|1.10648e-05|0.000113681|1.08528e-05|0.00056516|0.000268039|1.88608e-05|6.21631e-05|0.000634307|5.13815e-05|2.98936e-05|3.71682e-05|1.04425e-05|3.91885e-05|0.00096308|0.000277161|0.000193265|1.50316e-05|1.08483e-05|0.000201974|3.25754e-05|1.2987e-05|2.95455e-05|0.000185382,0.000316017|0.000368678|0.000111435|0.000480267|0.000672662|0.00914892|0.00120557|0.00198341|0.00262605|0.0093172|0.00367819|0.00214239|0.00341054|0.00151267|0.00295865|0.000681499|0.00174713|0.00950649|0.000640186|0.00195589|0.00418014|0.0012727|0.00213059|0.00010157|0.0016732|0.000181646|0.000286765|0.000125263|0.00344885,0.0109342|0.0108696|0.0107812|0.00850464|0.0285929|0.0100829|0.00369149|0.0350273|0.0303206|0.0317261|0.022957|0.00156873|0.0237043|0.0186268|0.0286141|0.0192976|0.0123696|0.0263713|0.029632|0.00712365|0.00314906|0.0433038|0.00968695|0.00160082|0.0313381|0.0426128|0.0377902|0.00830448|0.0365406,0.000178506|0.0181411|0.0401575|0.0237676|0.0372754|0.0460028|0.0127317|0.0273051|0.0230682|0.03841|0.0100342|0.0470058|0.0488574|0.00979507|0.0216638|0.0120519|0.0240438|0.00318517|0.0482082|0.0414669|0.0470385|0.00780618|0.0280967|0.0260762|0.0470205|0.049061|0.0195364|0.0293842|0.0130093,0.973537|0.923215|0.926416|0.962132|0.984478|0.935175|0.968894|0.917619|0.985376|0.948072|0.975915|0.989289|0.981332|0.977244|0.966653|0.946711|0.979533|0.902547|0.924883|0.971602|0.92176|0.90929|0.923653|0.908628|0.937315|0.906626|0.951762|0.927471|0.98883,4.63983|4.79469|0.0868458|1.9653|4.02061|3.89025|4.74216|1.56082|4.5695|1.48687|2.99986|0.578949|4.96971|2.33192|4.60778|4.38273|1.69436|5.09423|2.06342|3.14177|2.08786|3.9732|1.04264|5.01633|3.07758|0.762282|0.85792|5.03384|4.04415,90.7492|18.2346|92.4072|14.1987|32.7492|37.015|30.2686|52.1141|23.5709|97.1045|66.666|37.5994|88.9922|39.9413|55.8812|72.2829|28.0546|59.2872|42.5138|88.4205|44.8869|98.0873|50.0569|32.9383|51.9585|54.7186|71.0086|11.2844,0.215706|0.231355|0.203687|0.244274|0.191207|0.17211|0.239023|0.184605|0.207151|0.207556|0.212271|0.17745|0.246364|0.180359|0.234874|0.180241|0.17367|0.200548|0.197352|0.232237|0.161116|0.239791|0.19306|0.230728|0.222459|0.208433|0.230021|0.200895,0.53635|0.595303|0.876618|0.997795|0.878161|0.315214|0.514427|0.200735|0.340196|0.438091|0.890059|0.871942|0.83582|0.129355|0.16843|0.553025|0.828443|0.127053|0.602799|0.516177|0.528582|0.939209|0.116472|0.628307|0.326911|0.448351|0.131268|0.836539,0.869523,0.801463,0.117836,0.0993652,0.460468,0.534015,0.0732846,0.487967,0.198257,0.921169,51.6436,5.43263e-12,47756,0.887486,41.1981,1.06086e-12,38445,0.895553,0.876428,0.0878307,0.631141,0.996144,0.511517,0.22039,0.459803,0.228135,0.891603,87.9902,7.64954e-10,30733,0.967162,70.4477,9.04596e-11,52512
24,1114,n1->n20->n89->n88->n90->n100->n73->n75->n4->n27->n52->n65->n37->n81->n80->n82->n54->n55->n56->n84->n83->n23->n21->n22->n68->n58->n59->n50->n51,5.37021e+09|4.0293e+11|2.68119e+11|9.00567e+12|1.33273e+11|4.01966e+09|1.41706e+11|8.71921e+10|7.07339e+12|4.19351e+12|1.02428e+10|1.12599e+09|2.79748e+13|2.58887e+10|2.45686e+13|1.07979e+13|2.80961e+11|8.84081e+12|1.1605e+12|1.07392e+09|3.76373e+13|4.63033e+10|1.56161e+12|1.47e+10|1.31753e+09|8.16696e+09|3.04563e+11|2.36425e+09|7.46708e+11,8.19724e+08|1.89646e+11|9.23423e+10|8.66002e+12|6.41526e+10|2.27749e+09|5.76853e+10|5.29113e+10|2.43435e+12|8.73344e+11|2.07235e+09|3.2906e+08|4.96975e+12|8.36206e+09|2.75437e+12|1.66379e+12|2.23178e+11|4.69454e+12|5.65456e+11|9.00899e+08|2.34723e+13|3.30225e+10|3.02345e+11|9.51029e+09|3.10679e+08|6.89506e+09|3.06423e+10|4.07889e+08|5.06847e+11,0.000494453|5.21063e-05|3.55201e-05|6.2721e-05|0.000319756|0.000665246|6.32916e-05|0.000766915|0.000113681|1.08528e-05|0.00011644|1.96575e-05|1.06248e-05|0.000268232|1.13052e-05|0.000837919|1.47667e-05|4.06274e-05|1.7812e-05|2.14473e-05|1.86087e-05|0.000277161|0.00096308|1.77434e-05|0.000223952|0.000266735|2.43107e-05|1.54283e-05|0.000185382,0.000316017|0.000368678|0.000111435|0.000480267|0.000672662|0.00914892|0.000807753|0.000203965|0.00198341|0.00262605|0.00580301|0.000428116|0.000261291|0.000752991|0.000238286|0.00271152|0.00549128|0.000128431|0.000830638|0.000434313|0.000175452|0.00418014|0.00195589|0.0006856|0.00843573|0.00874893|0.000202742|0.00907722|0.00344885,0.0109342|0.0108696|0.0107812|0.00850464|0.0285929|0.0100829|0.0455502|0.0243876|0.0350273|0.0303206|0.0398377|0.00118659|0.0457563|0.0481357|0.00592883|0.0278433|0.0334079|0.00843704|0.0231698|0.0473575|0.015405|0.00314906|0.00712365|0.0408661|0.0370095|0.0248478|0.00304046|0.00638914|0.0365406,0.000178506|0.0181411|0.0401575|0.0237676|0.0372754|0.0460028|0.028193|0.0250863|0.0273051|0.0230682|0.0151024|0.00176737|0.0105712|0.00997263|0.0262948|0.0266174|0.00844474|0.0314938|0.0417641|0.0366447|0.038157|0.0470385|0.0414669|0.040072|0.00589983|0.0481122|0.0474075|0.0483596|0.0130093,0.973537|0.923215|0.926416|0.962132|0.984478|0.935175|0.909539|0.936129|0.917619|0.985376|0.965406|0.967717|0.964079|0.948836|0.919013|0.934435|0.927525|0.908585|0.944528|0.948551|0.947801|0.92176|0.971602|0.95984|0.984554|0.911658|0.99171|0.910708|0.98883,4.63983|4.79469|0.0868458|1.9653|4.02061|3.89025|3.29092|3.39264|1.56082|4.5695|0.0104102|4.1126|4.96174|1.5908|0.100836|0.132111|1.22009|3.37071|2.55597|5.42186|4.11052|2.08786|3.14177|0.048646|5.26958|3.70937|5.60303|5.41755|4.04415,90.7492|18.2346|92.4072|14.1987|32.7492|20.1165|85.6152|81.7362|52.1141|46.2248|56.1703|13.4252|88.8597|15.5679|47.0365|41.1455|27.8669|95.3312|34.4372|20.1884|23.518|88.4205|55.6995|15.3326|56.905|56.397|47.7013|82.9474,0.215706|0.231355|0.203687|0.244274|0.191207|0.175955|0.185893|0.218556|0.184605|0.183493|0.247907|0.230756|0.211898|0.212149|0.231931|0.242874|0.169326|0.167906|0.222961|0.246081|0.181099|0.232237|0.206062|0.236297|0.185169|0.21902|0.170229|0.24308,0.53635|0.595303|0.876618|0.997795|0.878161|0.825877|0.624191|0.847503|0.200735|0.657987|0.827328|0.986996|0.430076|0.870283|0.796307|0.378494|0.414082|0.402595|0.762891|0.599197|0.741177|0.516177|0.677391|0.655447|0.476138|0.533324|0.776444|0.624607,0.869523,0.801463,0.117836,0.0993652,0.460468,0.534015,0.0732846,0.487967,0.198257,0.921169,51.6436,5.43263e-12,47756,0.887486,41.1981,1.06086e-12,38445,0.895553,0.876428,0.0878307,0.631141,0.996144,0.511517,0.22039,0.459803,0.228135,0.891603,87.9902,7.64954e-10,30733,0.967162,70.4477,9.04596e-11,52512
24,1115,n1->n99->n77->n23->n21->n20->n19->n18->n70->n72->n73->n10->n39->n37->n81->n80->n82->n54->n55->n53->n52->n27->n26->n24->n71->n75->n14->n96->n94->n51,5.37021e+09|1.57108e+10|5.68112e+11|4.63033e+10|1.56161e+12|4.0293e+11|2.47533e+11|7.59179e+12|6.87309e+13|6.83442e+09|1.41706e+11|2.49624e+09|3.34792e+13|2.79748e+13|2.58887e+10|2.45686e+13|1.07979e+13|2.80961e+11|8.84081e+12|4.60474e+10|1.02428e+10|4.19351e+12|7.09351e+09|1.59557e+13|7.70008e+11|8.71921e+10|3.70261e+10|2.51165e+12|1.36531e+10|7.46708e+11,8.19724e+08|4.21389e+09|3.56307e+11|3.30225e+10|3.02345e+11|1.89646e+11|2.33399e+11|4.11836e+12|9.78332e+12|1.48353e+09|5.76853e+10|7.32581e+08|1.12013e+13|4.96975e+12|8.36206e+09|2.75437e+12|1.66379e+12|2.23178e+11|4.69454e+12|3.18273e+10|2.07235e+09|8.73344e+11|1.31666e+09|4.06569e+12|1.60546e+11|5.29113e+10|1.44234e+10|5.36324e+11|1.67171e+09|5.06847e+11,0.000494453|0.00089026|8.49487e-05|0.000277161|0.00096308|5.21063e-05|0.000261527|2.98936e-05|5.13815e-05|0.000159499|6.32916e-05|6.27016e-05|5.53896e-05|1.06248e-05|0.000268232|1.13052e-05|0.000837919|1.47667e-05|4.06274e-05|2.00633e-05|0.00011644|1.08528e-05|3.77967e-05|0.000193265|0.00017279|0.000766915|3.25754e-05|1.2987e-05|2.95455e-05|0.000185382,0.000316017|0.000350126|0.000906866|0.00418014|0.00195589|0.000368678|0.000768065|0.000681499|0.00295865|0.00384342|0.000807753|0.00113469|0.0025393|0.000261291|0.000752991|0.000238286|0.00271152|0.00549128|0.000128431|0.000509085|0.00580301|0.00262605|0.00522178|0.0012727|0.00123164|0.000203965|0.000181646|0.000286765|0.000125263|0.00344885,0.0109342|0.0362414|0.04851|0.00314906|0.00712365|0.0108696|0.0201979|0.0192976|0.0286141|0.0479977|0.0455502|0.00597815|0.00111942|0.0457563|0.0481357|0.00592883|0.0278433|0.0334079|0.00843704|5.21659e-05|0.0398377|0.0303206|0.0101688|0.0433038|0.0398828|0.0243876|0.0426128|0.0377902|0.00830448|0.0365406,0.000178506|0.0472365|0.0115254|0.0470385|0.0414669|0.0181411|0.0291803|0.0120519|0.0216638|0.0299903|0.028193|0.0245713|0.0449458|0.0105712|0.00997263|0.0262948|0.0266174|0.00844474|0.0314938|0.00115664|0.0151024|0.0230682|0.0409649|0.00780618|0.0326729|0.0250863|0.049061|0.0195364|0.0293842|0.0130093,0.973537|0.953794|0.949999|0.92176|0.971602|0.923215|0.941018|0.946711|0.966653|0.96924|0.909539|0.962416|0.924329|0.964079|0.948836|0.919013|0.934435|0.927525|0.908585|0.913872|0.965406|0.985376|0.981638|0.90929|0.947193|0.936129|0.906626|0.951762|0.927471|0.98883,4.63983|3.07459|0.722366|2.08786|3.14177|4.79469|1.39448|4.38273|4.60778|3.90463|3.29092|1.97158|1.19952|4.96174|1.5908|0.100836|0.132111|1.22009|3.37071|0.640024|0.0104102|4.5695|2.91399|3.9732|0.117525|3.39264|0.762282|0.85792|5.03384|4.04415,66.2586|96.5216|39.0733|88.4205|76.7594|86.2435|34.0839|55.8812|97.4405|29.1617|29.3778|24.4191|31.554|88.8597|15.5679|47.0365|41.1455|27.8669|30.3781|81.3721|46.2248|67.4197|83.4704|44.1502|14.5634|56.2706|54.7186|71.0086|11.2844,0.180129|0.241387|0.178948|0.232237|0.218425|0.182991|0.248409|0.234874|0.180102|0.178937|0.202302|0.239532|0.195005|0.211898|0.212149|0.231931|0.242874|0.169326|0.207992|0.184589|0.183493|0.171162|0.216464|0.204574|0.169453|0.226178|0.208433|0.230021|0.200895,0.323551|0.664018|0.23533|0.516177|0.515127|0.182796|0.983209|0.16843|0.79408|0.920295|0.747283|0.991722|0.711047|0.430076|0.870283|0.796307|0.378494|0.414082|0.646488|0.272111|0.657987|0.40751|0.583168|0.45026|0.275247|0.725021|0.448351|0.131268|0.836539,0.869523,0.801463,0.117836,0.0993652,0.460468,0.534015,0.0732846,0.487967,0.198257,0.921169,51.6436,5.43263e-12,47756,0.887486,41.1981,1.06086e-12,38445,0.895553,0.876428,0.0878307,0.631141,0.996144,0.511517,0.22039,0.459803,0.228135,0.891603,87.9902,7.64954e-10,30733,0.967162,70.4477,9.04596e-11,52512
24,1116,n1->n99->n98->n57->n83->n81->n79->n63->n10->n73->n100->n2->n7->n9->n11->n29->n30->n31->n35->n74->n75->n76->n86->n87->n70->n69->n28->n27->n52->n51,5.37021e+09|1.57108e+10|1.8266e+13|4.14288e+09|3.76373e+13|2.58887e+10|1.47019e+10|6.55204e+12|2.49624e+09|1.41706e+11|4.01966e+09|5.94248e+10|3.81012e+11|1.49139e+12|1.78735e+12|3.6336e+13|1.26395e+10|4.79342e+12|5.77859e+11|5.8385e+13|8.71921e+10|4.21804e+13|3.85304e+10|7.3435e+12|6.87309e+13|8.81277e+09|1.34247e+11|4.19351e+12|1.02428e+10|7.46708e+11,8.19724e+08|4.21389e+09|5.99087e+12|2.05006e+09|2.34723e+13|8.36206e+09|4.87652e+09|2.63574e+12|7.32581e+08|5.76853e+10|2.27749e+09|3.74975e+10|6.70334e+10|3.79906e+11|3.29521e+11|1.77292e+13|1.81012e+09|4.42443e+12|4.88834e+11|7.35096e+12|5.29113e+10|1.15782e+13|4.69095e+09|2.79916e+12|9.78332e+12|7.57626e+09|1.51805e+10|8.73344e+11|2.07235e+09|5.06847e+11,0.000494453|0.00089026|0.000410965|0.000173612|1.86087e-05|0.000268232|0.000133131|0.000116235|6.27016e-05|6.32916e-05|0.000665246|1.10648e-05|0.000475679|1.80008e-05|5.47786e-05|0.000125062|4.789e-05|0.00024651|0.000412952|0.000875739|0.000766915|1.88608e-05|6.21631e-05|0.000634307|5.13815e-05|0.000268039|0.00056516|1.08528e-05|0.00011644|0.000185382,0.000316017|0.000350126|0.000548485|0.00271581|0.000175452|0.000752991|0.000479664|0.00126856|0.00113469|0.000807753|0.00914892|0.00120557|0.00104538|0.00065196|0.00652494|0.00231296|0.00655588|0.00308746|0.00138752|0.00944671|0.000203965|0.00214239|0.00341054|0.00151267|0.00295865|0.00367819|0.0093172|0.00262605|0.00580301|0.00344885,0.0109342|0.0362414|0.0295222|0.0328142|0.015405|0.0481357|0.0252961|0.0100727|0.00597815|0.0455502|0.0100829|0.00369149|0.01754|0.0140743|0.00125292|0.0255931|0.00398508|0.0211034|0.00215298|0.0280357|0.0243876|0.00156873|0.0237043|0.0186268|0.0286141|0.022957|0.0317261|0.0303206|0.0398377|0.0365406,0.000178506|0.0472365|0.0297366|0.0437642|0.038157|0.00997263|0.0203026|0.0107197|0.0245713|0.028193|0.0460028|0.0127317|0.0283975|0.033904|0.0136412|0.00291922|0.0178703|0.0151027|0.0375959|0.0166219|0.0250863|0.0470058|0.0488574|0.00979507|0.0216638|0.0100342|0.03841|0.0230682|0.0151024|0.0130093,0.973537|0.953794|0.959539|0.983348|0.947801|0.948836|0.966262|0.903245|0.962416|0.909539|0.935175|0.968894|0.963898|0.963574|0.988894|0.962742|0.972158|0.943878|0.952159|0.90082|0.936129|0.989289|0.981332|0.977244|0.966653|0.975915|0.948072|0.985376|0.965406|0.98883,4.63983|3.07459|2.95405|1.93323|4.11052|1.5908|3.41737|4.68449|1.97158|3.29092|3.89025|4.74216|3.51107|5.88966|0.923897|0.0327787|5.42296|4.82496|5.24666|0.0974208|3.39264|0.578949|4.96971|2.33192|4.60778|2.99986|1.48687|4.5695|0.0104102|4.04415,66.2586|58.4557|98.2355|50.003|78.7627|26.55|16.1844|65.1286|29.3778|20.1165|37.015|88.6198|59.8148|99.0064|13.2112|29.3504|88.6669|91.3525|67.7415|64.3401|63.5216|37.5994|88.9922|39.9413|74.5377|97.1045|23.5709|46.2248|83.3731,0.180129|0.227784|0.190047|0.1911|0.170031|0.238834|0.22961|0.203746|0.202302|0.175955|0.17211|0.228013|0.18359|0.201409|0.219003|0.179657|0.215598|0.243038|0.161632|0.220369|0.207806|0.17745|0.246364|0.180359|0.172691|0.207556|0.207151|0.183493|0.197114,0.323551|0.686264|0.757428|0.161388|0.530775|0.957633|0.217843|0.514129|0.747283|0.825877|0.315214|0.84397|0.339058|0.439638|0.427028|0.887943|0.123891|0.658826|0.301798|0.119032|0.844544|0.871942|0.83582|0.129355|0.416585|0.438091|0.340196|0.657987|0.942894,0.869523,0.801463,0.117836,0.0993652,0.460468,0.534015,0.0732846,0.487967,0.198257,0.921169,51.6436,5.43263e-12,47756,0.887486,41.1981,1.06086e-12,38445,0.895553,0.876428,0.0878307,0.631141,0.996144,0.511517,0.22039,0.459803,0.228135,0.891603,87.9902,7.64954e-10,30733,0.967162,70.4477,9.04596e-11,52512
24,1117,n1->n99->n98->n57->n74->n35->n33->n84->n56->n54->n55->n53->n52->n27->n4->n2->n7->n5->n3->n69->n70->n87->n86->n76->n78->n85->n58->n59->n50->n51,5.37021e+09|1.57108e+10|1.8266e+13|4.14288e+09|5.8385e+13|5.77859e+11|3.64323e+13|1.07392e+09|1.1605e+12|2.80961e+11|8.84081e+12|4.60474e+10|1.02428e+10|4.19351e+12|7.07339e+12|5.94248e+10|3.81012e+11|2.91995e+11|2.78751e+13|8.81277e+09|6.87309e+13|7.3435e+12|3.85304e+10|4.21804e+13|3.25238e+10|2.02447e+09|8.16696e+09|3.04563e+11|2.36425e+09|7.46708e+11,8.19724e+08|4.21389e+09|5.99087e+12|2.05006e+09|7.35096e+12|4.88834e+11|6.32377e+12|9.00899e+08|5.65456e+11|2.23178e+11|4.69454e+12|3.18273e+10|2.07235e+09|8.73344e+11|2.43435e+12|3.74975e+10|6.70334e+10|4.67133e+10|1.44762e+13|7.57626e+09|9.78332e+12|2.79916e+12|4.69095e+09|1.15782e+13|2.30731e+10|2.41326e+08|6.89506e+09|3.06423e+10|4.07889e+08|5.06847e+11,0.000494453|0.00089026|0.000410965|0.000173612|0.000875739|0.000412952|1.50316e-05|2.14473e-05|1.7812e-05|1.47667e-05|4.06274e-05|2.00633e-05|0.00011644|1.08528e-05|0.000113681|1.10648e-05|0.000475679|7.03031e-05|0.00022361|0.000268039|5.13815e-05|0.000634307|6.21631e-05|1.88608e-05|0.000270955|2.04325e-05|0.000266735|2.43107e-05|1.54283e-05|0.000185382,0.000316017|0.000350126|0.000548485|0.00271581|0.00944671|0.00138752|0.00213059|0.000434313|0.000830638|0.00549128|0.000128431|0.000509085|0.00580301|0.00262605|0.00198341|0.00120557|0.00104538|0.000196916|0.00776667|0.00367819|0.00295865|0.00151267|0.00341054|0.00214239|0.00167497|0.000338175|0.00874893|0.000202742|0.00907722|0.00344885,0.0109342|0.0362414|0.0295222|0.0328142|0.0280357|0.00215298|0.00968695|0.0473575|0.0231698|0.0334079|0.00843704|5.21659e-05|0.0398377|0.0303206|0.0350273|0.00369149|0.01754|0.00731162|0.0268705|0.022957|0.0286141|0.0186268|0.0237043|0.00156873|0.00569443|0.0354515|0.0248478|0.00304046|0.00638914|0.0365406,0.000178506|0.0472365|0.0297366|0.0437642|0.0166219|0.0375959|0.0280967|0.0366447|0.0417641|0.00844474|0.0314938|0.00115664|0.0151024|0.0230682|0.0273051|0.0127317|0.0283975|0.0421608|0.0326941|0.0100342|0.0216638|0.00979507|0.0488574|0.0470058|0.0425349|0.0266209|0.0481122|0.0474075|0.0483596|0.0130093,0.973537|0.953794|0.959539|0.983348|0.90082|0.952159|0.923653|0.948551|0.944528|0.927525|0.908585|0.913872|0.965406|0.985376|0.917619|0.968894|0.963898|0.951514|0.982466|0.975915|0.966653|0.977244|0.981332|0.989289|0.92832|0.940474|0.911658|0.99171|0.910708|0.98883,4.63983|3.07459|2.95405|1.93323|0.0974208|5.24666|1.04264|5.42186|2.55597|1.22009|3.37071|0.640024|0.0104102|4.5695|1.56082|4.74216|3.51107|4.90362|4.79844|2.99986|4.60778|2.33192|4.96971|0.578949|3.3614|4.91715|3.70937|5.60303|5.41755|4.04415,66.2586|58.4557|98.2355|95.6836|67.7415|93.5115|59.7094|34.4372|42.6814|27.8669|30.3781|81.3721|46.2248|52.1141|30.2686|88.6198|37.2729|10.4739|83.9106|74.5377|39.9413|88.9922|37.5994|69.3348|67.1704|90.6886|56.397|47.7013|82.9474,0.180129|0.227784|0.190047|0.169856|0.161632|0.242679|0.183728|0.222961|0.167734|0.169326|0.207992|0.184589|0.183493|0.184605|0.239023|0.228013|0.176784|0.163561|0.204476|0.172691|0.180359|0.246364|0.17745|0.194827|0.184721|0.194345|0.21902|0.170229|0.24308,0.323551|0.686264|0.757428|0.815246|0.301798|0.487093|0.218166|0.762891|0.927159|0.414082|0.646488|0.272111|0.657987|0.200735|0.514427|0.84397|0.943162|0.469027|0.65353|0.416585|0.129355|0.83582|0.871942|0.93416|0.609732|0.45102|0.533324|0.776444|0.624607,0.869523,0.801463,0.117836,0.0993652,0.460468,0.534015,0.0732846,0.487967,0.198257,0.921169,51.6436,5.43263e-12,47756,0.887486,41.1981,1.06086e-12,38445,0.895553,0.876428,0.0878307,0.631141,0.996144,0.511517,0.22039,0.459803,0.228135,0.891603,87.9902,7.64954e-10,30733,0.967162,70.4477,9.04596e-11,52512
24,1118,n1->n13->n11->n9->n10->n63->n42->n40->n54->n73->n75->n74->n76->n86->n87->n88->n89->n48->n46->n62->n60->n59->n50->n29->n15->n34->n36->n64->n49->n51,5.37021e+09|6.60497e+13|1.78735e+12|1.49139e+12|2.49624e+09|6.55204e+12|2.42905e+09|3.58065e+10|2.80961e+11|1.41706e+11|8.71921e+10|5.8385e+13|4.21804e+13|3.85304e+10|7.3435e+12|9.00567e+12|2.68119e+11|3.98001e+12|5.53417e+12|2.37342e+11|8.79841e+13|3.04563e+11|2.36425e+09|3.6336e+13|8.77071e+11|4.7313e+12|7.73972e+11|4.21034e+09|2.45005e+09|7.46708e+11,8.19724e+08|8.87204e+12|3.29521e+11|3.79906e+11|7.32581e+08|2.63574e+12|2.47264e+08|4.14657e+09|2.23178e+11|5.76853e+10|5.29113e+10|7.35096e+12|1.15782e+13|4.69095e+09|2.79916e+12|8.66002e+12|9.23423e+10|1.69514e+12|1.63629e+12|1.13053e+11|5.95756e+13|3.06423e+10|4.07889e+08|1.77292e+13|1.06991e+11|1.15705e+12|7.77593e+10|1.60867e+09|2.44458e+09|5.06847e+11,0.000494453|0.000787814|5.47786e-05|1.80008e-05|6.27016e-05|0.000116235|8.79758e-05|6.01341e-05|1.47667e-05|6.32916e-05|0.000766915|0.000875739|1.88608e-05|6.21631e-05|0.000634307|6.2721e-05|3.55201e-05|4.78153e-05|0.000489732|8.24006e-05|0.000731749|2.43107e-05|1.54283e-05|0.000125062|0.000182949|0.000140889|0.000426407|1.88732e-05|1.07426e-05|0.000185382,0.000316017|0.00788063|0.00652494|0.00065196|0.00113469|0.00126856|0.000493531|0.00268841|0.00549128|0.000807753|0.000203965|0.00944671|0.00214239|0.00341054|0.00151267|0.000480267|0.000111435|0.00544009|0.000159088|0.00794111|0.000248463|0.000202742|0.00907722|0.00231296|0.00274771|0.000270551|0.00396778|0.000135861|0.000979027|0.00344885,0.0109342|0.0476737|0.00125292|0.0140743|0.00597815|0.0100727|0.00783732|0.0249103|0.0334079|0.0455502|0.0243876|0.0280357|0.00156873|0.0237043|0.0186268|0.00850464|0.0107812|0.0455031|0.029055|0.0242596|0.0128442|0.00304046|0.00638914|0.0255931|0.0207315|0.0276207|0.00497013|0.0266797|0.0183567|0.0365406,0.000178506|0.00335145|0.0136412|0.033904|0.0245713|0.0107197|0.0327962|0.033399|0.00844474|0.028193|0.0250863|0.0166219|0.0470058|0.0488574|0.00979507|0.0237676|0.0401575|0.0360942|0.0302566|0.0480911|0.0431033|0.0474075|0.0483596|0.00291922|0.0378122|0.0210615|0.0341912|0.0436548|0.0388066|0.0130093,0.973537|0.954869|0.988894|0.963574|0.962416|0.903245|0.960936|0.920308|0.927525|0.909539|0.936129|0.90082|0.989289|0.981332|0.977244|0.962132|0.926416|0.967439|0.923372|0.98053|0.945549|0.99171|0.910708|0.962742|0.910795|0.904866|0.94998|0.933821|0.969899|0.98883,4.63983|5.26639|0.923897|5.88966|1.97158|4.68449|0.765875|2.50002|1.22009|3.29092|3.39264|0.0974208|0.578949|4.96971|2.33192|1.9653|0.0868458|3.09858|0.31178|5.59786|4.50487|5.60303|5.41755|0.0327787|1.89272|4.56594|3.70656|5.77568|3.94615|4.04415,79.8117|13.9548|99.0064|65.9961|65.1286|97.0433|77.6192|12.2677|26.1465|85.6152|64.3401|53.1277|37.5994|88.9922|57.0974|92.4072|94.0077|41.9872|56.7189|48.3985|76.8491|47.7013|37.0378|32.2763|27.3162|89.5651|43.8659|77.768|10.4661,0.246796|0.189728|0.201409|0.193896|0.203746|0.211509|0.243521|0.248162|0.196311|0.185893|0.220369|0.181342|0.17745|0.246364|0.227675|0.203687|0.234363|0.178665|0.167864|0.17162|0.204072|0.170229|0.191256|0.240047|0.231681|0.241996|0.241695|0.165457|0.216931,0.338018|0.801183|0.439638|0.982181|0.514129|0.758395|0.14346|0.812759|0.754315|0.624191|0.119032|0.519715|0.871942|0.83582|0.396625|0.876618|0.948873|0.182289|0.624525|0.641887|0.509755|0.776444|0.182586|0.895675|0.750497|0.265381|0.590576|0.348083|0.516407,0.869523,0.801463,0.117836,0.0993652,0.460468,0.534015,0.0732846,0.487967,0.198257,0.921169,51.6436,5.43263e-12,47756,0.887486,41.1981,1.06086e-12,38445,0.895553,0.876428,0.0878307,0.631141,0.996144,0.511517,0.22039,0.459803,0.228135,0.891603,87.9902,7.64954e-10,30733,0.967162,70.4477,9.04596e-11,52512
24,1119,n1->n20->n19->n68->n17->n18->n16->n38->n37->n81->n83->n85->n78->n76->n74->n57->n55->n54->n53->n52->n65->n5->n3->n69->n70->n72->n77->n93->n94->n51,5.37021e+09|4.0293e+11|2.47533e+11|1.31753e+09|1.51096e+11|7.59179e+12|1.09193e+13|1.16426e+13|2.79748e+13|2.58887e+10|3.76373e+13|2.02447e+09|3.25238e+10|4.21804e+13|5.8385e+13|4.14288e+09|8.84081e+12|2.80961e+11|4.60474e+10|1.02428e+10|1.12599e+09|2.91995e+11|2.78751e+13|8.81277e+09|6.87309e+13|6.83442e+09|5.68112e+11|4.22601e+13|1.36531e+10|7.46708e+11,8.19724e+08|1.89646e+11|2.33399e+11|3.10679e+08|1.57582e+10|4.11836e+12|1.33827e+12|1.19258e+12|4.96975e+12|8.36206e+09|2.34723e+13|2.41326e+08|2.30731e+10|1.15782e+13|7.35096e+12|2.05006e+09|4.69454e+12|2.23178e+11|3.18273e+10|2.07235e+09|3.2906e+08|4.67133e+10|1.44762e+13|7.57626e+09|9.78332e+12|1.48353e+09|3.56307e+11|1.3774e+13|1.67171e+09|5.06847e+11,0.000494453|5.21063e-05|0.000261527|0.000223952|0.000261059|2.98936e-05|3.71682e-05|1.04425e-05|1.06248e-05|0.000268232|1.86087e-05|2.04325e-05|0.000270955|1.88608e-05|0.000875739|0.000173612|4.06274e-05|1.47667e-05|2.00633e-05|0.00011644|1.96575e-05|7.03031e-05|0.00022361|0.000268039|5.13815e-05|0.000159499|8.49487e-05|8.45967e-05|2.95455e-05|0.000185382,0.000316017|0.000368678|0.000768065|0.00843573|0.000513001|0.000681499|0.00174713|0.00950649|0.000261291|0.000752991|0.000175452|0.000338175|0.00167497|0.00214239|0.00944671|0.00271581|0.000128431|0.00549128|0.000509085|0.00580301|0.000428116|0.000196916|0.00776667|0.00367819|0.00295865|0.00384342|0.000906866|0.000162335|0.000125263|0.00344885,0.0109342|0.0108696|0.0201979|0.0370095|0.0430027|0.0192976|0.0123696|0.0263713|0.0457563|0.0481357|0.015405|0.0354515|0.00569443|0.00156873|0.0280357|0.0328142|0.00843704|0.0334079|5.21659e-05|0.0398377|0.00118659|0.00731162|0.0268705|0.022957|0.0286141|0.0479977|0.04851|0.0108045|0.00830448|0.0365406,0.000178506|0.0181411|0.0291803|0.00589983|0.00442808|0.0120519|0.0240438|0.00318517|0.0105712|0.00997263|0.038157|0.0266209|0.0425349|0.0470058|0.0166219|0.0437642|0.0314938|0.00844474|0.00115664|0.0151024|0.00176737|0.0421608|0.0326941|0.0100342|0.0216638|0.0299903|0.0115254|0.0326183|0.0293842|0.0130093,0.973537|0.923215|0.941018|0.984554|0.974312|0.946711|0.979533|0.902547|0.964079|0.948836|0.947801|0.940474|0.92832|0.989289|0.90082|0.983348|0.908585|0.927525|0.913872|0.965406|0.967717|0.951514|0.982466|0.975915|0.966653|0.96924|0.949999|0.912097|0.927471|0.98883,4.63983|4.79469|1.39448|5.26958|5.11322|4.38273|1.69436|5.09423|4.96174|1.5908|4.11052|4.91715|3.3614|0.578949|0.0974208|1.93323|3.37071|1.22009|0.640024|0.0104102|4.1126|4.90362|4.79844|2.99986|4.60778|3.90463|0.722366|5.92115|5.03384|4.04415,90.7492|86.2435|67.5745|23.9015|43.2583|72.2829|28.0546|46.986|88.8597|78.7627|92.2019|67.1704|69.3348|53.1277|95.6836|61.5999|27.8669|75.3264|81.3721|56.1703|35.0583|10.4739|83.9106|74.5377|97.4405|92.3918|51.9256|63.1349|11.2844,0.215706|0.182991|0.2055|0.236806|0.218822|0.180241|0.17367|0.170599|0.211898|0.170031|0.231254|0.184721|0.194827|0.181342|0.169856|0.220389|0.169326|0.191357|0.184589|0.247907|0.209201|0.163561|0.204476|0.172691|0.180102|0.167022|0.247077|0.209804|0.200895,0.53635|0.182796|0.968257|0.2818|0.981182|0.553025|0.828443|0.662799|0.430076|0.530775|0.604504|0.609732|0.93416|0.519715|0.815246|0.549818|0.414082|0.567841|0.272111|0.827328|0.297185|0.469027|0.65353|0.416585|0.79408|0.776051|0.469529|0.17375|0.836539,0.869523,0.801463,0.117836,0.0993652,0.460468,0.534015,0.0732846,0.487967,0.198257,0.921169,51.6436,5.43263e-12,47756,0.887486,41.1981,1.06086e-12,38445,0.895553,0.876428,0.0878307,0.631141,0.996144,0.511517,0.22039,0.459803,0.228135,0.891603,87.9902,7.64954e-10,30733,0.967162,70.4477,9.04596e-11,52512
24,1120,n1->n99->n77->n72->n73->n100->n90->n88->n89->n95->n97->n96->n20->n19->n17->n85->n83->n23->n21->n67->n64->n49->n47->n48->n46->n62->n60->n59->n50->n51,5.37021e+09|1.57108e+10|5.68112e+11|6.83442e+09|1.41706e+11|4.01966e+09|1.33273e+11|9.00567e+12|2.68119e+11|1.05601e+11|2.90604e+09|2.51165e+12|4.0293e+11|2.47533e+11|1.51096e+11|2.02447e+09|3.76373e+13|4.63033e+10|1.56161e+12|4.7483e+09|4.21034e+09|2.45005e+09|4.74236e+11|3.98001e+12|5.53417e+12|2.37342e+11|8.79841e+13|3.04563e+11|2.36425e+09|7.46708e+11,8.19724e+08|4.21389e+09|3.56307e+11|1.48353e+09|5.76853e+10|2.27749e+09|6.41526e+10|8.66002e+12|9.23423e+10|5.46554e+10|5.04144e+08|5.36324e+11|1.89646e+11|2.33399e+11|1.57582e+10|2.41326e+08|2.34723e+13|3.30225e+10|3.02345e+11|7.5553e+08|1.60867e+09|2.44458e+09|1.54765e+11|1.69514e+12|1.63629e+12|1.13053e+11|5.95756e+13|3.06423e+10|4.07889e+08|5.06847e+11,0.000494453|0.00089026|8.49487e-05|0.000159499|6.32916e-05|0.000665246|0.000319756|6.2721e-05|3.55201e-05|0.000260968|8.81202e-05|1.2987e-05|5.21063e-05|0.000261527|0.000261059|2.04325e-05|1.86087e-05|0.000277161|0.00096308|3.91885e-05|1.88732e-05|1.07426e-05|0.000202873|4.78153e-05|0.000489732|8.24006e-05|0.000731749|2.43107e-05|1.54283e-05|0.000185382,0.000316017|0.000350126|0.000906866|0.00384342|0.000807753|0.00914892|0.000672662|0.000480267|0.000111435|0.000186877|0.00494291|0.000286765|0.000368678|0.000768065|0.000513001|0.000338175|0.000175452|0.00418014|0.00195589|0.000640186|0.000135861|0.000979027|0.000266598|0.00544009|0.000159088|0.00794111|0.000248463|0.000202742|0.00907722|0.00344885,0.0109342|0.0362414|0.04851|0.0479977|0.0455502|0.0100829|0.0285929|0.00850464|0.0107812|0.00282907|0.0381696|0.0377902|0.0108696|0.0201979|0.0430027|0.0354515|0.015405|0.00314906|0.00712365|0.029632|0.0266797|0.0183567|0.00898217|0.0455031|0.029055|0.0242596|0.0128442|0.00304046|0.00638914|0.0365406,0.000178506|0.0472365|0.0115254|0.0299903|0.028193|0.0460028|0.0372754|0.0237676|0.0401575|0.0420997|0.00800322|0.0195364|0.0181411|0.0291803|0.00442808|0.0266209|0.038157|0.0470385|0.0414669|0.0482082|0.0436548|0.0388066|0.0488958|0.0360942|0.0302566|0.0480911|0.0431033|0.0474075|0.0483596|0.0130093,0.973537|0.953794|0.949999|0.96924|0.909539|0.935175|0.984478|0.962132|0.926416|0.966581|0.90679|0.951762|0.923215|0.941018|0.974312|0.940474|0.947801|0.92176|0.971602|0.924883|0.933821|0.969899|0.9108|0.967439|0.923372|0.98053|0.945549|0.99171|0.910708|0.98883,4.63983|3.07459|0.722366|3.90463|3.29092|3.89025|4.02061|1.9653|0.0868458|1.09944|1.41691|0.85792|4.79469|1.39448|5.11322|4.91715|4.11052|2.08786|3.14177|2.06342|5.77568|3.94615|6.27947|3.09858|0.31178|5.59786|4.50487|5.60303|5.41755|4.04415,66.2586|96.5216|92.3918|29.1617|20.1165|32.7492|14.1987|92.4072|11.8194|11.8968|37.9513|58.7029|86.2435|10.3361|84.7043|92.2019|23.518|88.4205|42.5138|95.5844|77.768|91.8261|78.8723|41.9872|56.7189|48.3985|76.8491|47.7013|82.9474,0.180129|0.241387|0.167022|0.178937|0.175955|0.191207|0.244274|0.203687|0.168449|0.228013|0.246589|0.201188|0.182991|0.172286|0.225161|0.231254|0.181099|0.232237|0.197352|0.248978|0.165457|0.228404|0.239998|0.178665|0.167864|0.17162|0.204072|0.170229|0.24308,0.323551|0.664018|0.776051|0.920295|0.825877|0.878161|0.997795|0.876618|0.776387|0.342677|0.157157|0.666395|0.182796|0.559133|0.880608|0.604504|0.741177|0.516177|0.602799|0.480161|0.348083|0.133861|0.300482|0.182289|0.624525|0.641887|0.509755|0.776444|0.624607,0.869523,0.801463,0.117836,0.0993652,0.460468,0.534015,0.0732846,0.487967,0.198257,0.921169,51.6436,5.43263e-12,47756,0.887486,41.1981,1.06086e-12,38445,0.895553,0.876428,0.0878307,0.631141,0.996144,0.511517,0.22039,0.459803,0.228135,0.891603,87.9902,7.64954e-10,30733,0.967162,70.4477,9.04596e-11,52512
24,1121,n1->n20->n89->n90->n88->n87->n86->n76->n78->n85->n17->n18->n70->n72->n73->n75->n74->n57->n98->n99->n97->n95->n82->n84->n83->n23->n77->n93->n94->n51,5.37021e+09|4.0293e+11|2.68119e+11|1.33273e+11|9.00567e+12|7.3435e+12|3.85304e+10|4.21804e+13|3.25238e+10|2.02447e+09|1.51096e+11|7.59179e+12|6.87309e+13|6.83442e+09|1.41706e+11|8.71921e+10|5.8385e+13|4.14288e+09|1.8266e+13|1.57108e+10|2.90604e+09|1.05601e+11|1.07979e+13|1.07392e+09|3.76373e+13|4.63033e+10|5.68112e+11|4.22601e+13|1.36531e+10|7.46708e+11,8.19724e+08|1.89646e+11|9.23423e+10|6.41526e+10|8.66002e+12|2.79916e+12|4.69095e+09|1.15782e+13|2.30731e+10|2.41326e+08|1.57582e+10|4.11836e+12|9.78332e+12|1.48353e+09|5.76853e+10|5.29113e+10|7.35096e+12|2.05006e+09|5.99087e+12|4.21389e+09|5.04144e+08|5.46554e+10|1.66379e+12|9.00899e+08|2.34723e+13|3.30225e+10|3.56307e+11|1.3774e+13|1.67171e+09|5.06847e+11,0.000494453|5.21063e-05|3.55201e-05|0.000319756|6.2721e-05|0.000634307|6.21631e-05|1.88608e-05|0.000270955|2.04325e-05|0.000261059|2.98936e-05|5.13815e-05|0.000159499|6.32916e-05|0.000766915|0.000875739|0.000173612|0.000410965|0.00089026|8.81202e-05|0.000260968|0.000837919|2.14473e-05|1.86087e-05|0.000277161|8.49487e-05|8.45967e-05|2.95455e-05|0.000185382,0.000316017|0.000368678|0.000111435|0.000672662|0.000480267|0.00151267|0.00341054|0.00214239|0.00167497|0.000338175|0.000513001|0.000681499|0.00295865|0.00384342|0.000807753|0.000203965|0.00944671|0.00271581|0.000548485|0.000350126|0.00494291|0.000186877|0.00271152|0.000434313|0.000175452|0.00418014|0.000906866|0.000162335|0.000125263|0.00344885,0.0109342|0.0108696|0.0107812|0.0285929|0.00850464|0.0186268|0.0237043|0.00156873|0.00569443|0.0354515|0.0430027|0.0192976|0.0286141|0.0479977|0.0455502|0.0243876|0.0280357|0.0328142|0.0295222|0.0362414|0.0381696|0.00282907|0.0278433|0.0473575|0.015405|0.00314906|0.04851|0.0108045|0.00830448|0.0365406,0.000178506|0.0181411|0.0401575|0.0372754|0.0237676|0.00979507|0.0488574|0.0470058|0.0425349|0.0266209|0.00442808|0.0120519|0.0216638|0.0299903|0.028193|0.0250863|0.0166219|0.0437642|0.0297366|0.0472365|0.00800322|0.0420997|0.0266174|0.0366447|0.038157|0.0470385|0.0115254|0.0326183|0.0293842|0.0130093,0.973537|0.923215|0.926416|0.984478|0.962132|0.977244|0.981332|0.989289|0.92832|0.940474|0.974312|0.946711|0.966653|0.96924|0.909539|0.936129|0.90082|0.983348|0.959539|0.953794|0.90679|0.966581|0.934435|0.948551|0.947801|0.92176|0.949999|0.912097|0.927471|0.98883,4.63983|4.79469|0.0868458|4.02061|1.9653|2.33192|4.96971|0.578949|3.3614|4.91715|5.11322|4.38273|4.60778|3.90463|3.29092|3.39264|0.0974208|1.93323|2.95405|3.07459|1.41691|1.09944|0.132111|5.42186|4.11052|2.08786|0.722366|5.92115|5.03384|4.04415,90.7492|18.2346|12.726|14.1987|57.0974|88.9922|37.5994|69.3348|67.1704|84.7043|43.2583|55.8812|97.4405|29.1617|85.6152|64.3401|95.6836|98.2355|58.4557|94.4507|11.8968|75.699|83.37|20.1884|23.518|39.0733|51.9256|63.1349|11.2844,0.215706|0.231355|0.226099|0.244274|0.227675|0.246364|0.17745|0.194827|0.184721|0.225161|0.218822|0.234874|0.180102|0.178937|0.185893|0.220369|0.169856|0.190047|0.227784|0.168303|0.228013|0.21275|0.203763|0.246081|0.181099|0.178948|0.247077|0.209804|0.200895,0.53635|0.595303|0.757755|0.997795|0.396625|0.83582|0.871942|0.93416|0.609732|0.880608|0.981182|0.16843|0.79408|0.920295|0.624191|0.119032|0.815246|0.757428|0.686264|0.263233|0.342677|0.837867|0.808712|0.599197|0.741177|0.23533|0.469529|0.17375|0.836539,0.869523,0.801463,0.117836,0.0993652,0.460468,0.534015,0.0732846,0.487967,0.198257,0.921169,51.6436,5.43263e-12,47756,0.887486,41.1981,1.06086e-12,38445,0.895553,0.876428,0.0878307,0.631141,0.996144,0.511517,0.22039,0.459803,0.228135,0.891603,87.9902,7.64954e-10,30733,0.967162,70.4477,9.04596e-11,52512
24,1122,n1->n20->n89->n95->n97->n27->n4->n75->n74->n35->n34->n32->n31->n29->n11->n13->n14->n12->n6->n33->n24->n23->n21->n22->n68->n17->n85->n65->n52->n51,5.37021e+09|4.0293e+11|2.68119e+11|1.05601e+11|2.90604e+09|4.19351e+12|7.07339e+12|8.71921e+10|5.8385e+13|5.77859e+11|4.7313e+12|1.78367e+12|4.79342e+12|3.6336e+13|1.78735e+12|6.60497e+13|3.70261e+10|9.70597e+10|1.14208e+09|3.64323e+13|1.59557e+13|4.63033e+10|1.56161e+12|1.47e+10|1.31753e+09|1.51096e+11|2.02447e+09|1.12599e+09|1.02428e+10|7.46708e+11,8.19724e+08|1.89646e+11|9.23423e+10|5.46554e+10|5.04144e+08|8.73344e+11|2.43435e+12|5.29113e+10|7.35096e+12|4.88834e+11|1.15705e+12|1.05491e+12|4.42443e+12|1.77292e+13|3.29521e+11|8.87204e+12|1.44234e+10|2.76143e+10|2.20459e+08|6.32377e+12|4.06569e+12|3.30225e+10|3.02345e+11|9.51029e+09|3.10679e+08|1.57582e+10|2.41326e+08|3.2906e+08|2.07235e+09|5.06847e+11,0.000494453|5.21063e-05|3.55201e-05|0.000260968|8.81202e-05|1.08528e-05|0.000113681|0.000766915|0.000875739|0.000412952|0.000140889|0.000179959|0.00024651|0.000125062|5.47786e-05|0.000787814|3.25754e-05|0.000201974|1.08483e-05|1.50316e-05|0.000193265|0.000277161|0.00096308|1.77434e-05|0.000223952|0.000261059|2.04325e-05|1.96575e-05|0.00011644|0.000185382,0.000316017|0.000368678|0.000111435|0.000186877|0.00494291|0.00262605|0.00198341|0.000203965|0.00944671|0.00138752|0.000270551|0.00292552|0.00308746|0.00231296|0.00652494|0.00788063|0.000181646|0.0016732|0.00010157|0.00213059|0.0012727|0.00418014|0.00195589|0.0006856|0.00843573|0.000513001|0.000338175|0.000428116|0.00580301|0.00344885,0.0109342|0.0108696|0.0107812|0.00282907|0.0381696|0.0303206|0.0350273|0.0243876|0.0280357|0.00215298|0.0276207|0.00778345|0.0211034|0.0255931|0.00125292|0.0476737|0.0426128|0.0313381|0.00160082|0.00968695|0.0433038|0.00314906|0.00712365|0.0408661|0.0370095|0.0430027|0.0354515|0.00118659|0.0398377|0.0365406,0.000178506|0.0181411|0.0401575|0.0420997|0.00800322|0.0230682|0.0273051|0.0250863|0.0166219|0.0375959|0.0210615|0.0161829|0.0151027|0.00291922|0.0136412|0.00335145|0.049061|0.0470205|0.0260762|0.0280967|0.00780618|0.0470385|0.0414669|0.040072|0.00589983|0.00442808|0.0266209|0.00176737|0.0151024|0.0130093,0.973537|0.923215|0.926416|0.966581|0.90679|0.985376|0.917619|0.936129|0.90082|0.952159|0.904866|0.953313|0.943878|0.962742|0.988894|0.954869|0.906626|0.937315|0.908628|0.923653|0.90929|0.92176|0.971602|0.95984|0.984554|0.974312|0.940474|0.967717|0.965406|0.98883,4.63983|4.79469|0.0868458|1.09944|1.41691|4.5695|1.56082|3.39264|0.0974208|5.24666|4.56594|0.10397|4.82496|0.0327787|0.923897|5.26639|0.762282|3.07758|5.01633|1.04264|3.9732|2.08786|3.14177|0.048646|5.26958|5.11322|4.91715|4.1126|0.0104102|4.04415,90.7492|18.2346|11.8194|11.8968|31.5608|52.1141|81.7362|64.3401|67.7415|26.2497|23.0914|86.0567|70.4589|13.2112|13.9548|92.5451|51.9585|32.9383|50.0569|98.0873|44.8869|88.4205|55.6995|15.3326|23.9015|84.7043|82.5435|56.1703|83.3731,0.215706|0.231355|0.168449|0.228013|0.219936|0.184605|0.218556|0.220369|0.161632|0.244194|0.18593|0.16799|0.246199|0.219003|0.189728|0.191459|0.222459|0.230728|0.19306|0.239791|0.161116|0.232237|0.206062|0.236297|0.236806|0.225161|0.20461|0.247907|0.197114,0.53635|0.595303|0.776387|0.342677|0.557853|0.200735|0.847503|0.119032|0.301798|0.307851|0.12287|0.799966|0.415176|0.427028|0.801183|0.161307|0.326911|0.628307|0.116472|0.939209|0.528582|0.516177|0.677391|0.655447|0.2818|0.880608|0.519435|0.827328|0.942894,0.869523,0.801463,0.117836,0.0993652,0.460468,0.534015,0.0732846,0.487967,0.198257,0.921169,51.6436,5.43263e-12,47756,0.887486,41.1981,1.06086e-12,38445,0.895553,0.876428,0.0878307,0.631141,0.996144,0.511517,0.22039,0.459803,0.228135,0.891603,87.9902,7.64954e-10,30733,0.967162,70.4477,9.04596e-11,52512
24,1123,n1->n13->n12->n8->n10->n73->n75->n14->n96->n97->n99->n98->n57->n83->n85->n84->n56->n54->n40->n42->n63->n61->n62->n64->n49->n47->n46->n48->n50->n51,5.37021e+09|6.60497e+13|9.70597e+10|4.61239e+13|2.49624e+09|1.41706e+11|8.71921e+10|3.70261e+10|2.51165e+12|2.90604e+09|1.57108e+10|1.8266e+13|4.14288e+09|3.76373e+13|2.02447e+09|1.07392e+09|1.1605e+12|2.80961e+11|3.58065e+10|2.42905e+09|6.55204e+12|6.44979e+11|2.37342e+11|4.21034e+09|2.45005e+09|4.74236e+11|5.53417e+12|3.98001e+12|2.36425e+09|7.46708e+11,8.19724e+08|8.87204e+12|2.76143e+10|1.04208e+13|7.32581e+08|5.76853e+10|5.29113e+10|1.44234e+10|5.36324e+11|5.04144e+08|4.21389e+09|5.99087e+12|2.05006e+09|2.34723e+13|2.41326e+08|9.00899e+08|5.65456e+11|2.23178e+11|4.14657e+09|2.47264e+08|2.63574e+12|1.30372e+11|1.13053e+11|1.60867e+09|2.44458e+09|1.54765e+11|1.63629e+12|1.69514e+12|4.07889e+08|5.06847e+11,0.000494453|0.000787814|0.000201974|6.6054e-05|6.27016e-05|6.32916e-05|0.000766915|3.25754e-05|1.2987e-05|8.81202e-05|0.00089026|0.000410965|0.000173612|1.86087e-05|2.04325e-05|2.14473e-05|1.7812e-05|1.47667e-05|6.01341e-05|8.79758e-05|0.000116235|3.71253e-05|8.24006e-05|1.88732e-05|1.07426e-05|0.000202873|0.000489732|4.78153e-05|1.54283e-05|0.000185382,0.000316017|0.00788063|0.0016732|0.00522046|0.00113469|0.000807753|0.000203965|0.000181646|0.000286765|0.00494291|0.000350126|0.000548485|0.00271581|0.000175452|0.000338175|0.000434313|0.000830638|0.00549128|0.00268841|0.000493531|0.00126856|0.00313588|0.00794111|0.000135861|0.000979027|0.000266598|0.000159088|0.00544009|0.00907722|0.00344885,0.0109342|0.0476737|0.0313381|0.0318744|0.00597815|0.0455502|0.0243876|0.0426128|0.0377902|0.0381696|0.0362414|0.0295222|0.0328142|0.015405|0.0354515|0.0473575|0.0231698|0.0334079|0.0249103|0.00783732|0.0100727|0.0266048|0.0242596|0.0266797|0.0183567|0.00898217|0.029055|0.0455031|0.00638914|0.0365406,0.000178506|0.00335145|0.0470205|0.0483133|0.0245713|0.028193|0.0250863|0.049061|0.0195364|0.00800322|0.0472365|0.0297366|0.0437642|0.038157|0.0266209|0.0366447|0.0417641|0.00844474|0.033399|0.0327962|0.0107197|0.0179693|0.0480911|0.0436548|0.0388066|0.0488958|0.0302566|0.0360942|0.0483596|0.0130093,0.973537|0.954869|0.937315|0.975256|0.962416|0.909539|0.936129|0.906626|0.951762|0.90679|0.953794|0.959539|0.983348|0.947801|0.940474|0.948551|0.944528|0.927525|0.920308|0.960936|0.903245|0.958619|0.98053|0.933821|0.969899|0.9108|0.923372|0.967439|0.910708|0.98883,4.63983|5.26639|3.07758|3.22282|1.97158|3.29092|3.39264|0.762282|0.85792|1.41691|3.07459|2.95405|1.93323|4.11052|4.91715|5.42186|2.55597|1.22009|2.50002|0.765875|4.68449|2.63855|5.59786|5.77568|3.94615|6.27947|0.31178|3.09858|5.41755|4.04415,79.8117|56.34|81.3396|99.595|29.3778|85.6152|56.2706|54.7186|37.9513|94.4507|58.4557|98.2355|50.003|92.2019|82.1833|34.4372|42.6814|12.2677|77.6192|97.0433|47.0482|89.0369|93.0484|77.768|91.8261|71.5316|41.9872|23.5956|82.9474,0.246796|0.206669|0.186476|0.184434|0.202302|0.185893|0.226178|0.208433|0.246589|0.168303|0.227784|0.190047|0.1911|0.231254|0.216313|0.222961|0.167734|0.248162|0.243521|0.211509|0.167884|0.198053|0.176232|0.165457|0.228404|0.196056|0.178665|0.191801|0.24308,0.338018|0.285239|0.379326|0.703378|0.747283|0.624191|0.725021|0.448351|0.157157|0.263233|0.686264|0.757428|0.161388|0.604504|0.528406|0.762891|0.927159|0.812759|0.14346|0.758395|0.410418|0.704733|0.182879|0.348083|0.133861|0.758317|0.182289|0.688345|0.624607,0.869523,0.801463,0.117836,0.0993652,0.460468,0.534015,0.0732846,0.487967,0.198257,0.921169,51.6436,5.43263e-12,47756,0.887486,41.1981,1.06086e-12,38445,0.895553,0.876428,0.0878307,0.631141,0.996144,0.511517,0.22039,0.459803,0.228135,0.891603,87.9902,7.64954e-10,30733,0.967162,70.4477,9.04596e-11,52512
24,1124,n1->n20->n21->n67->n64->n65->n5->n7->n9->n11->n13->n15->n29->n27->n26->n47->n48->n46->n62->n61->n63->n82->n84->n33->n24->n23->n77->n93->n94->n51,5.37021e+09|4.0293e+11|1.56161e+12|4.7483e+09|4.21034e+09|1.12599e+09|2.91995e+11|3.81012e+11|1.49139e+12|1.78735e+12|6.60497e+13|8.77071e+11|3.6336e+13|4.19351e+12|7.09351e+09|4.74236e+11|3.98001e+12|5.53417e+12|2.37342e+11|6.44979e+11|6.55204e+12|1.07979e+13|1.07392e+09|3.64323e+13|1.59557e+13|4.63033e+10|5.68112e+11|4.22601e+13|1.36531e+10|7.46708e+11,8.19724e+08|1.89646e+11|3.02345e+11|7.5553e+08|1.60867e+09|3.2906e+08|4.67133e+10|6.70334e+10|3.79906e+11|3.29521e+11|8.87204e+12|1.06991e+11|1.77292e+13|8.73344e+11|1.31666e+09|1.54765e+11|1.69514e+12|1.63629e+12|1.13053e+11|1.30372e+11|2.63574e+12|1.66379e+12|9.00899e+08|6.32377e+12|4.06569e+12|3.30225e+10|3.56307e+11|1.3774e+13|1.67171e+09|5.06847e+11,0.000494453|5.21063e-05|0.00096308|3.91885e-05|1.88732e-05|1.96575e-05|7.03031e-05|0.000475679|1.80008e-05|5.47786e-05|0.000787814|0.000182949|0.000125062|1.08528e-05|3.77967e-05|0.000202873|4.78153e-05|0.000489732|8.24006e-05|3.71253e-05|0.000116235|0.000837919|2.14473e-05|1.50316e-05|0.000193265|0.000277161|8.49487e-05|8.45967e-05|2.95455e-05|0.000185382,0.000316017|0.000368678|0.00195589|0.000640186|0.000135861|0.000428116|0.000196916|0.00104538|0.00065196|0.00652494|0.00788063|0.00274771|0.00231296|0.00262605|0.00522178|0.000266598|0.00544009|0.000159088|0.00794111|0.00313588|0.00126856|0.00271152|0.000434313|0.00213059|0.0012727|0.00418014|0.000906866|0.000162335|0.000125263|0.00344885,0.0109342|0.0108696|0.00712365|0.029632|0.0266797|0.00118659|0.00731162|0.01754|0.0140743|0.00125292|0.0476737|0.0207315|0.0255931|0.0303206|0.0101688|0.00898217|0.0455031|0.029055|0.0242596|0.0266048|0.0100727|0.0278433|0.0473575|0.00968695|0.0433038|0.00314906|0.04851|0.0108045|0.00830448|0.0365406,0.000178506|0.0181411|0.0414669|0.0482082|0.0436548|0.00176737|0.0421608|0.0283975|0.033904|0.0136412|0.00335145|0.0378122|0.00291922|0.0230682|0.0409649|0.0488958|0.0360942|0.0302566|0.0480911|0.0179693|0.0107197|0.0266174|0.0366447|0.0280967|0.00780618|0.0470385|0.0115254|0.0326183|0.0293842|0.0130093,0.973537|0.923215|0.971602|0.924883|0.933821|0.967717|0.951514|0.963898|0.963574|0.988894|0.954869|0.910795|0.962742|0.985376|0.981638|0.9108|0.967439|0.923372|0.98053|0.958619|0.903245|0.934435|0.948551|0.923653|0.90929|0.92176|0.949999|0.912097|0.927471|0.98883,4.63983|4.79469|3.14177|2.06342|5.77568|4.1126|4.90362|3.51107|5.88966|0.923897|5.26639|1.89272|0.0327787|4.5695|2.91399|6.27947|3.09858|0.31178|5.59786|2.63855|4.68449|0.132111|5.42186|1.04264|3.9732|2.08786|0.722366|5.92115|5.03384|4.04415,90.7492|76.7594|42.5138|95.5844|56.7563|35.0583|37.2729|59.8148|99.0064|13.9548|66.6304|32.2763|49.6282|67.4197|70.8805|78.8723|41.9872|56.7189|89.0369|47.0482|48.6997|83.37|59.7094|98.0873|44.8869|39.0733|51.9256|63.1349|11.2844,0.215706|0.218425|0.197352|0.248978|0.186349|0.209201|0.176784|0.18359|0.201409|0.189728|0.179788|0.240047|0.180772|0.171162|0.189485|0.239998|0.178665|0.167864|0.198053|0.167884|0.175742|0.203763|0.183728|0.239791|0.161116|0.178948|0.247077|0.209804|0.200895,0.53635|0.515127|0.602799|0.480161|0.927837|0.297185|0.943162|0.339058|0.439638|0.801183|0.275394|0.895675|0.511755|0.40751|0.757042|0.300482|0.182289|0.624525|0.704733|0.410418|0.4301|0.808712|0.218166|0.939209|0.528582|0.23533|0.469529|0.17375|0.836539,0.869523,0.801463,0.117836,0.0993652,0.460468,0.534015,0.0732846,0.487967,0.198257,0.921169,51.6436,5.43263e-12,47756,0.887486,41.1981,1.06086e-12,38445,0.895553,0.876428,0.0878307,0.631141,0.996144,0.511517,0.22039,0.459803,0.228135,0.891603,87.9902,7.64954e-10,30733,0.967162,70.4477,9.04596e-11,52512
24,1125,n1->n99->n98->n57->n55->n54->n56->n90->n89->n48->n47->n46->n62->n61->n63->n10->n9->n7->n5->n65->n52->n27->n28->n29->n11->n13->n14->n96->n94->n51,5.37021e+09|1.57108e+10|1.8266e+13|4.14288e+09|8.84081e+12|2.80961e+11|1.1605e+12|1.33273e+11|2.68119e+11|3.98001e+12|4.74236e+11|5.53417e+12|2.37342e+11|6.44979e+11|6.55204e+12|2.49624e+09|1.49139e+12|3.81012e+11|2.91995e+11|1.12599e+09|1.02428e+10|4.19351e+12|1.34247e+11|3.6336e+13|1.78735e+12|6.60497e+13|3.70261e+10|2.51165e+12|1.36531e+10|7.46708e+11,8.19724e+08|4.21389e+09|5.99087e+12|2.05006e+09|4.69454e+12|2.23178e+11|5.65456e+11|6.41526e+10|9.23423e+10|1.69514e+12|1.54765e+11|1.63629e+12|1.13053e+11|1.30372e+11|2.63574e+12|7.32581e+08|3.79906e+11|6.70334e+10|4.67133e+10|3.2906e+08|2.07235e+09|8.73344e+11|1.51805e+10|1.77292e+13|3.29521e+11|8.87204e+12|1.44234e+10|5.36324e+11|1.67171e+09|5.06847e+11,0.000494453|0.00089026|0.000410965|0.000173612|4.06274e-05|1.47667e-05|1.7812e-05|0.000319756|3.55201e-05|4.78153e-05|0.000202873|0.000489732|8.24006e-05|3.71253e-05|0.000116235|6.27016e-05|1.80008e-05|0.000475679|7.03031e-05|1.96575e-05|0.00011644|1.08528e-05|0.00056516|0.000125062|5.47786e-05|0.000787814|3.25754e-05|1.2987e-05|2.95455e-05|0.000185382,0.000316017|0.000350126|0.000548485|0.00271581|0.000128431|0.00549128|0.000830638|0.000672662|0.000111435|0.00544009|0.000266598|0.000159088|0.00794111|0.00313588|0.00126856|0.00113469|0.00065196|0.00104538|0.000196916|0.000428116|0.00580301|0.00262605|0.0093172|0.00231296|0.00652494|0.00788063|0.000181646|0.000286765|0.000125263|0.00344885,0.0109342|0.0362414|0.0295222|0.0328142|0.00843704|0.0334079|0.0231698|0.0285929|0.0107812|0.0455031|0.00898217|0.029055|0.0242596|0.0266048|0.0100727|0.00597815|0.0140743|0.01754|0.00731162|0.00118659|0.0398377|0.0303206|0.0317261|0.0255931|0.00125292|0.0476737|0.0426128|0.0377902|0.00830448|0.0365406,0.000178506|0.0472365|0.0297366|0.0437642|0.0314938|0.00844474|0.0417641|0.0372754|0.0401575|0.0360942|0.0488958|0.0302566|0.0480911|0.0179693|0.0107197|0.0245713|0.033904|0.0283975|0.0421608|0.00176737|0.0151024|0.0230682|0.03841|0.00291922|0.0136412|0.00335145|0.049061|0.0195364|0.0293842|0.0130093,0.973537|0.953794|0.959539|0.983348|0.908585|0.927525|0.944528|0.984478|0.926416|0.967439|0.9108|0.923372|0.98053|0.958619|0.903245|0.962416|0.963574|0.963898|0.951514|0.967717|0.965406|0.985376|0.948072|0.962742|0.988894|0.954869|0.906626|0.951762|0.927471|0.98883,4.63983|3.07459|2.95405|1.93323|3.37071|1.22009|2.55597|4.02061|0.0868458|3.09858|6.27947|0.31178|5.59786|2.63855|4.68449|1.97158|5.88966|3.51107|4.90362|4.1126|0.0104102|4.5695|1.48687|0.0327787|0.923897|5.26639|0.762282|0.85792|5.03384|4.04415,66.2586|58.4557|98.2355|61.5999|27.8669|42.6814|40.6061|12.726|94.0077|78.8723|71.5316|56.7189|89.0369|47.0482|65.1286|65.9961|59.8148|37.2729|35.0583|56.1703|46.2248|23.5709|18.7034|13.2112|13.9548|92.5451|54.7186|71.0086|11.2844,0.180129|0.227784|0.190047|0.220389|0.169326|0.167734|0.166746|0.226099|0.234363|0.239998|0.196056|0.167864|0.198053|0.167884|0.203746|0.193896|0.18359|0.176784|0.209201|0.247907|0.183493|0.207151|0.249902|0.219003|0.189728|0.191459|0.208433|0.230021|0.200895,0.323551|0.686264|0.757428|0.549818|0.414082|0.927159|0.163177|0.757755|0.948873|0.300482|0.758317|0.624525|0.704733|0.410418|0.514129|0.982181|0.339058|0.943162|0.297185|0.827328|0.657987|0.340196|0.259002|0.427028|0.801183|0.161307|0.448351|0.131268|0.836539,0.869523,0.801463,0.117836,0.0993652,0.460468,0.534015,0.0732846,0.487967,0.198257,0.921169,51.6436,5.43263e-12,47756,0.887486,41.1981,1.06086e-12,38445,0.895553,0.876428,0.0878307,0.631141,0.996144,0.511517,0.22039,0.459803,0.228135,0.891603,87.9902,7.64954e-10,30733,0.967162,70.4477,9.04596e-11,52512
24,1126,n1->n99->n77->n72->n73->n75->n74->n22->n68->n58->n85->n84->n56->n54->n55->n53->n52->n27->n25->n26->n47->n45->n44->n42->n63->n61->n62->n64->n49->n51,5.37021e+09|1.57108e+10|5.68112e+11|6.83442e+09|1.41706e+11|8.71921e+10|5.8385e+13|1.47e+10|1.31753e+09|8.16696e+09|2.02447e+09|1.07392e+09|1.1605e+12|2.80961e+11|8.84081e+12|4.60474e+10|1.02428e+10|4.19351e+12|1.67189e+13|7.09351e+09|4.74236e+11|8.38488e+13|5.26537e+13|2.42905e+09|6.55204e+12|6.44979e+11|2.37342e+11|4.21034e+09|2.45005e+09|7.46708e+11,8.19724e+08|4.21389e+09|3.56307e+11|1.48353e+09|5.76853e+10|5.29113e+10|7.35096e+12|9.51029e+09|3.10679e+08|6.89506e+09|2.41326e+08|9.00899e+08|5.65456e+11|2.23178e+11|4.69454e+12|3.18273e+10|2.07235e+09|8.73344e+11|1.40059e+13|1.31666e+09|1.54765e+11|1.01787e+13|2.86817e+13|2.47264e+08|2.63574e+12|1.30372e+11|1.13053e+11|1.60867e+09|2.44458e+09|5.06847e+11,0.000494453|0.00089026|8.49487e-05|0.000159499|6.32916e-05|0.000766915|0.000875739|1.77434e-05|0.000223952|0.000266735|2.04325e-05|2.14473e-05|1.7812e-05|1.47667e-05|4.06274e-05|2.00633e-05|0.00011644|1.08528e-05|6.30741e-05|3.77967e-05|0.000202873|1.67225e-05|0.000124649|8.79758e-05|0.000116235|3.71253e-05|8.24006e-05|1.88732e-05|1.07426e-05|0.000185382,0.000316017|0.000350126|0.000906866|0.00384342|0.000807753|0.000203965|0.00944671|0.0006856|0.00843573|0.00874893|0.000338175|0.000434313|0.000830638|0.00549128|0.000128431|0.000509085|0.00580301|0.00262605|0.00294926|0.00522178|0.000266598|0.000742576|0.00158999|0.000493531|0.00126856|0.00313588|0.00794111|0.000135861|0.000979027|0.00344885,0.0109342|0.0362414|0.04851|0.0479977|0.0455502|0.0243876|0.0280357|0.0408661|0.0370095|0.0248478|0.0354515|0.0473575|0.0231698|0.0334079|0.00843704|5.21659e-05|0.0398377|0.0303206|0.0195393|0.0101688|0.00898217|0.00846218|0.0486405|0.00783732|0.0100727|0.0266048|0.0242596|0.0266797|0.0183567|0.0365406,0.000178506|0.0472365|0.0115254|0.0299903|0.028193|0.0250863|0.0166219|0.040072|0.00589983|0.0481122|0.0266209|0.0366447|0.0417641|0.00844474|0.0314938|0.00115664|0.0151024|0.0230682|0.0159438|0.0409649|0.0488958|0.0342415|0.00764508|0.0327962|0.0107197|0.0179693|0.0480911|0.0436548|0.0388066|0.0130093,0.973537|0.953794|0.949999|0.96924|0.909539|0.936129|0.90082|0.95984|0.984554|0.911658|0.940474|0.948551|0.944528|0.927525|0.908585|0.913872|0.965406|0.985376|0.9023|0.981638|0.9108|0.934264|0.932977|0.960936|0.903245|0.958619|0.98053|0.933821|0.969899|0.98883,4.63983|3.07459|0.722366|3.90463|3.29092|3.39264|0.0974208|0.048646|5.26958|3.70937|4.91715|5.42186|2.55597|1.22009|3.37071|0.640024|0.0104102|4.5695|1.57149|2.91399|6.27947|5.31688|2.64532|0.765875|4.68449|2.63855|5.59786|5.77568|3.94615|4.04415,66.2586|96.5216|92.3918|29.1617|85.6152|64.3401|63.8366|15.3326|56.905|90.6886|82.1833|34.4372|42.6814|27.8669|30.3781|81.3721|46.2248|64.4551|63.0993|70.8805|40.979|57.1366|21.0603|97.0433|47.0482|89.0369|93.0484|77.768|10.4661,0.180129|0.241387|0.167022|0.178937|0.185893|0.220369|0.241428|0.236297|0.185169|0.194345|0.216313|0.222961|0.167734|0.169326|0.207992|0.184589|0.183493|0.242248|0.228799|0.189485|0.216949|0.235241|0.23095|0.211509|0.167884|0.198053|0.176232|0.165457|0.216931,0.323551|0.664018|0.776051|0.920295|0.624191|0.119032|0.480684|0.655447|0.476138|0.45102|0.528406|0.762891|0.927159|0.414082|0.646488|0.272111|0.657987|0.837222|0.359402|0.757042|0.317946|0.218954|0.399278|0.758395|0.410418|0.704733|0.182879|0.348083|0.516407,0.869523,0.801463,0.117836,0.0993652,0.460468,0.534015,0.0732846,0.487967,0.198257,0.921169,51.6436,5.43263e-12,47756,0.887486,41.1981,1.06086e-12,38445,0.895553,0.876428,0.0878307,0.631141,0.996144,0.511517,0.22039,0.459803,0.228135,0.891603,87.9902,7.64954e-10,30733,0.967162,70.4477,9.04596e-11,52512
24,1127,n1->n99->n77->n23->n21->n20->n89->n90->n56->n84->n82->n63->n10->n73->n54->n40->n42->n44->n43->n41->n39->n38->n16->n18->n19->n68->n58->n59->n50->n51,5.37021e+09|1.57108e+10|5.68112e+11|4.63033e+10|1.56161e+12|4.0293e+11|2.68119e+11|1.33273e+11|1.1605e+12|1.07392e+09|1.07979e+13|6.55204e+12|2.49624e+09|1.41706e+11|2.80961e+11|3.58065e+10|2.42905e+09|5.26537e+13|1.40931e+10|3.95737e+11|3.34792e+13|1.16426e+13|1.09193e+13|7.59179e+12|2.47533e+11|1.31753e+09|8.16696e+09|3.04563e+11|2.36425e+09|7.46708e+11,8.19724e+08|4.21389e+09|3.56307e+11|3.30225e+10|3.02345e+11|1.89646e+11|9.23423e+10|6.41526e+10|5.65456e+11|9.00899e+08|1.66379e+12|2.63574e+12|7.32581e+08|5.76853e+10|2.23178e+11|4.14657e+09|2.47264e+08|2.86817e+13|3.26577e+09|1.47899e+11|1.12013e+13|1.19258e+12|1.33827e+12|4.11836e+12|2.33399e+11|3.10679e+08|6.89506e+09|3.06423e+10|4.07889e+08|5.06847e+11,0.000494453|0.00089026|8.49487e-05|0.000277161|0.00096308|5.21063e-05|3.55201e-05|0.000319756|1.7812e-05|2.14473e-05|0.000837919|0.000116235|6.27016e-05|6.32916e-05|1.47667e-05|6.01341e-05|8.79758e-05|0.000124649|0.000955168|2.35935e-05|5.53896e-05|1.04425e-05|3.71682e-05|2.98936e-05|0.000261527|0.000223952|0.000266735|2.43107e-05|1.54283e-05|0.000185382,0.000316017|0.000350126|0.000906866|0.00418014|0.00195589|0.000368678|0.000111435|0.000672662|0.000830638|0.000434313|0.00271152|0.00126856|0.00113469|0.000807753|0.00549128|0.00268841|0.000493531|0.00158999|0.00344494|0.00412419|0.0025393|0.00950649|0.00174713|0.000681499|0.000768065|0.00843573|0.00874893|0.000202742|0.00907722|0.00344885,0.0109342|0.0362414|0.04851|0.00314906|0.00712365|0.0108696|0.0107812|0.0285929|0.0231698|0.0473575|0.0278433|0.0100727|0.00597815|0.0455502|0.0334079|0.0249103|0.00783732|0.0486405|0.0168583|0.00451081|0.00111942|0.0263713|0.0123696|0.0192976|0.0201979|0.0370095|0.0248478|0.00304046|0.00638914|0.0365406,0.000178506|0.0472365|0.0115254|0.0470385|0.0414669|0.0181411|0.0401575|0.0372754|0.0417641|0.0366447|0.0266174|0.0107197|0.0245713|0.028193|0.00844474|0.033399|0.0327962|0.00764508|0.0482719|0.00491436|0.0449458|0.00318517|0.0240438|0.0120519|0.0291803|0.00589983|0.0481122|0.0474075|0.0483596|0.0130093,0.973537|0.953794|0.949999|0.92176|0.971602|0.923215|0.926416|0.984478|0.944528|0.948551|0.934435|0.903245|0.962416|0.909539|0.927525|0.920308|0.960936|0.932977|0.943219|0.923722|0.924329|0.902547|0.979533|0.946711|0.941018|0.984554|0.911658|0.99171|0.910708|0.98883,4.63983|3.07459|0.722366|2.08786|3.14177|4.79469|0.0868458|4.02061|2.55597|5.42186|0.132111|4.68449|1.97158|3.29092|1.22009|2.50002|0.765875|2.64532|2.3897|4.11092|1.19952|5.09423|1.69436|4.38273|1.39448|5.26958|3.70937|5.60303|5.41755|4.04415,66.2586|96.5216|39.0733|88.4205|76.7594|18.2346|12.726|40.6061|34.4372|83.37|48.6997|65.1286|29.3778|26.1465|12.2677|77.6192|21.0603|69.1985|43.4967|38.9947|52.0957|28.0546|72.2829|34.0839|67.5745|56.905|56.397|47.7013|82.9474,0.180129|0.241387|0.178948|0.232237|0.218425|0.231355|0.226099|0.166746|0.222961|0.203763|0.175742|0.203746|0.202302|0.196311|0.248162|0.243521|0.23095|0.210513|0.160247|0.18226|0.199024|0.17367|0.180241|0.248409|0.2055|0.185169|0.21902|0.170229|0.24308,0.323551|0.664018|0.23533|0.516177|0.515127|0.595303|0.757755|0.163177|0.762891|0.808712|0.4301|0.514129|0.747283|0.754315|0.812759|0.14346|0.399278|0.374145|0.922117|0.988985|0.46236|0.828443|0.553025|0.983209|0.968257|0.476138|0.533324|0.776444|0.624607,0.869523,0.801463,0.117836,0.0993652,0.460468,0.534015,0.0732846,0.487967,0.198257,0.921169,51.6436,5.43263e-12,47756,0.887486,41.1981,1.06086e-12,38445,0.895553,0.876428,0.0878307,0.631141,0.996144,0.511517,0.22039,0.459803,0.228135,0.891603,87.9902,7.64954e-10,30733,0.967162,70.4477,9.04596e-11,52512
24,1128,n1->n20->n19->n68->n66->n32->n33->n24->n71->n75->n74->n22->n21->n23->n77->n93->n92->n94->n96->n14->n13->n15->n63->n79->n81->n83->n85->n65->n52->n51,5.37021e+09|4.0293e+11|2.47533e+11|1.31753e+09|1.10072e+10|1.78367e+12|3.64323e+13|1.59557e+13|7.70008e+11|8.71921e+10|5.8385e+13|1.47e+10|1.56161e+12|4.63033e+10|5.68112e+11|4.22601e+13|1.97334e+09|1.36531e+10|2.51165e+12|3.70261e+10|6.60497e+13|8.77071e+11|6.55204e+12|1.47019e+10|2.58887e+10|3.76373e+13|2.02447e+09|1.12599e+09|1.02428e+10|7.46708e+11,8.19724e+08|1.89646e+11|2.33399e+11|3.10679e+08|8.7665e+09|1.05491e+12|6.32377e+12|4.06569e+12|1.60546e+11|5.29113e+10|7.35096e+12|9.51029e+09|3.02345e+11|3.30225e+10|3.56307e+11|1.3774e+13|1.46451e+09|1.67171e+09|5.36324e+11|1.44234e+10|8.87204e+12|1.06991e+11|2.63574e+12|4.87652e+09|8.36206e+09|2.34723e+13|2.41326e+08|3.2906e+08|2.07235e+09|5.06847e+11,0.000494453|5.21063e-05|0.000261527|0.000223952|0.000237659|0.000179959|1.50316e-05|0.000193265|0.00017279|0.000766915|0.000875739|1.77434e-05|0.00096308|0.000277161|8.49487e-05|8.45967e-05|2.75832e-05|2.95455e-05|1.2987e-05|3.25754e-05|0.000787814|0.000182949|0.000116235|0.000133131|0.000268232|1.86087e-05|2.04325e-05|1.96575e-05|0.00011644|0.000185382,0.000316017|0.000368678|0.000768065|0.00843573|0.000470269|0.00292552|0.00213059|0.0012727|0.00123164|0.000203965|0.00944671|0.0006856|0.00195589|0.00418014|0.000906866|0.000162335|0.0052688|0.000125263|0.000286765|0.000181646|0.00788063|0.00274771|0.00126856|0.000479664|0.000752991|0.000175452|0.000338175|0.000428116|0.00580301|0.00344885,0.0109342|0.0108696|0.0201979|0.0370095|0.0203827|0.00778345|0.00968695|0.0433038|0.0398828|0.0243876|0.0280357|0.0408661|0.00712365|0.00314906|0.04851|0.0108045|0.0444618|0.00830448|0.0377902|0.0426128|0.0476737|0.0207315|0.0100727|0.0252961|0.0481357|0.015405|0.0354515|0.00118659|0.0398377|0.0365406,0.000178506|0.0181411|0.0291803|0.00589983|0.0146278|0.0161829|0.0280967|0.00780618|0.0326729|0.0250863|0.0166219|0.040072|0.0414669|0.0470385|0.0115254|0.0326183|0.0387741|0.0293842|0.0195364|0.049061|0.00335145|0.0378122|0.0107197|0.0203026|0.00997263|0.038157|0.0266209|0.00176737|0.0151024|0.0130093,0.973537|0.923215|0.941018|0.984554|0.978907|0.953313|0.923653|0.90929|0.947193|0.936129|0.90082|0.95984|0.971602|0.92176|0.949999|0.912097|0.987763|0.927471|0.951762|0.906626|0.954869|0.910795|0.903245|0.966262|0.948836|0.947801|0.940474|0.967717|0.965406|0.98883,4.63983|4.79469|1.39448|5.26958|3.10364|0.10397|1.04264|3.9732|0.117525|3.39264|0.0974208|0.048646|3.14177|2.08786|0.722366|5.92115|6.03913|5.03384|0.85792|0.762282|5.26639|1.89272|4.68449|3.41737|1.5908|4.11052|4.91715|4.1126|0.0104102|4.04415,90.7492|86.2435|67.5745|70.8824|27.3217|61.2747|98.0873|44.1502|14.5634|64.3401|63.8366|55.6995|88.4205|39.0733|51.9256|61.035|13.5087|71.0086|54.7186|92.5451|66.6304|11.0615|16.1844|26.55|78.7627|92.2019|82.5435|56.1703|83.3731,0.215706|0.182991|0.2055|0.16183|0.199785|0.208144|0.239791|0.204574|0.169453|0.220369|0.241428|0.206062|0.232237|0.178948|0.247077|0.21409|0.230182|0.230021|0.208433|0.191459|0.179788|0.214255|0.22961|0.238834|0.170031|0.231254|0.20461|0.247907|0.197114,0.53635|0.182796|0.968257|0.215539|0.769012|0.704271|0.939209|0.45026|0.275247|0.119032|0.480684|0.677391|0.516177|0.23533|0.469529|0.722832|0.731663|0.131268|0.448351|0.161307|0.275394|0.692153|0.217843|0.957633|0.530775|0.604504|0.519435|0.827328|0.942894,0.869523,0.801463,0.117836,0.0993652,0.460468,0.534015,0.0732846,0.487967,0.198257,0.921169,51.6436,5.43263e-12,47756,0.887486,41.1981,1.06086e-12,38445,0.895553,0.876428,0.0878307,0.631141,0.996144,0.511517,0.22039,0.459803,0.228135,0.891603,87.9902,7.64954e-10,30733,0.967162,70.4477,9.04596e-11,52512
24,1129,n1->n13->n11->n9->n10->n39->n38->n37->n81->n79->n63->n82->n95->n93->n64->n49->n47->n48->n46->n62->n60->n59->n58->n68->n17->n19->n20->n96->n94->n51,5.37021e+09|6.60497e+13|1.78735e+12|1.49139e+12|2.49624e+09|3.34792e+13|1.16426e+13|2.79748e+13|2.58887e+10|1.47019e+10|6.55204e+12|1.07979e+13|1.05601e+11|4.22601e+13|4.21034e+09|2.45005e+09|4.74236e+11|3.98001e+12|5.53417e+12|2.37342e+11|8.79841e+13|3.04563e+11|8.16696e+09|1.31753e+09|1.51096e+11|2.47533e+11|4.0293e+11|2.51165e+12|1.36531e+10|7.46708e+11,8.19724e+08|8.87204e+12|3.29521e+11|3.79906e+11|7.32581e+08|1.12013e+13|1.19258e+12|4.96975e+12|8.36206e+09|4.87652e+09|2.63574e+12|1.66379e+12|5.46554e+10|1.3774e+13|1.60867e+09|2.44458e+09|1.54765e+11|1.69514e+12|1.63629e+12|1.13053e+11|5.95756e+13|3.06423e+10|6.89506e+09|3.10679e+08|1.57582e+10|2.33399e+11|1.89646e+11|5.36324e+11|1.67171e+09|5.06847e+11,0.000494453|0.000787814|5.47786e-05|1.80008e-05|6.27016e-05|5.53896e-05|1.04425e-05|1.06248e-05|0.000268232|0.000133131|0.000116235|0.000837919|0.000260968|8.45967e-05|1.88732e-05|1.07426e-05|0.000202873|4.78153e-05|0.000489732|8.24006e-05|0.000731749|2.43107e-05|0.000266735|0.000223952|0.000261059|0.000261527|5.21063e-05|1.2987e-05|2.95455e-05|0.000185382,0.000316017|0.00788063|0.00652494|0.00065196|0.00113469|0.0025393|0.00950649|0.000261291|0.000752991|0.000479664|0.00126856|0.00271152|0.000186877|0.000162335|0.000135861|0.000979027|0.000266598|0.00544009|0.000159088|0.00794111|0.000248463|0.000202742|0.00874893|0.00843573|0.000513001|0.000768065|0.000368678|0.000286765|0.000125263|0.00344885,0.0109342|0.0476737|0.00125292|0.0140743|0.00597815|0.00111942|0.0263713|0.0457563|0.0481357|0.0252961|0.0100727|0.0278433|0.00282907|0.0108045|0.0266797|0.0183567|0.00898217|0.0455031|0.029055|0.0242596|0.0128442|0.00304046|0.0248478|0.0370095|0.0430027|0.0201979|0.0108696|0.0377902|0.00830448|0.0365406,0.000178506|0.00335145|0.0136412|0.033904|0.0245713|0.0449458|0.00318517|0.0105712|0.00997263|0.0203026|0.0107197|0.0266174|0.0420997|0.0326183|0.0436548|0.0388066|0.0488958|0.0360942|0.0302566|0.0480911|0.0431033|0.0474075|0.0481122|0.00589983|0.00442808|0.0291803|0.0181411|0.0195364|0.0293842|0.0130093,0.973537|0.954869|0.988894|0.963574|0.962416|0.924329|0.902547|0.964079|0.948836|0.966262|0.903245|0.934435|0.966581|0.912097|0.933821|0.969899|0.9108|0.967439|0.923372|0.98053|0.945549|0.99171|0.911658|0.984554|0.974312|0.941018|0.923215|0.951762|0.927471|0.98883,4.63983|5.26639|0.923897|5.88966|1.97158|1.19952|5.09423|4.96174|1.5908|3.41737|4.68449|0.132111|1.09944|5.92115|5.77568|3.94615|6.27947|3.09858|0.31178|5.59786|4.50487|5.60303|3.70937|5.26958|5.11322|1.39448|4.79469|0.85792|5.03384|4.04415,79.8117|13.9548|99.0064|65.9961|24.4191|52.0957|46.986|88.8597|26.55|16.1844|48.6997|75.699|24.941|32.5899|77.768|91.8261|78.8723|41.9872|56.7189|48.3985|76.8491|56.397|56.905|23.9015|10.3361|86.2435|58.7029|71.0086|11.2844,0.246796|0.189728|0.201409|0.193896|0.239532|0.199024|0.170599|0.211898|0.238834|0.22961|0.175742|0.21275|0.237661|0.178102|0.165457|0.228404|0.239998|0.178665|0.167864|0.17162|0.204072|0.21902|0.185169|0.236806|0.172286|0.182991|0.201188|0.230021|0.200895,0.338018|0.801183|0.439638|0.982181|0.991722|0.46236|0.662799|0.430076|0.957633|0.217843|0.4301|0.837867|0.985064|0.548301|0.348083|0.133861|0.300482|0.182289|0.624525|0.641887|0.509755|0.533324|0.476138|0.2818|0.559133|0.182796|0.666395|0.131268|0.836539,0.869523,0.801463,0.117836,0.0993652,0.460468,0.534015,0.0732846,0.487967,0.198257,0.921169,51.6436,5.43263e-12,47756,0.887486,41.1981,1.06086e-12,38445,0.895553,0.876428,0.0878307,0.631141,0.996144,0.511517,0.22039,0.459803,0.228135,0.891603,87.9902,7.64954e-10,30733,0.967162,70.4477,9.04596e-11,52512
24,1130,n1->n20->n96->n14->n75->n73->n72->n70->n69->n3->n5->n65->n85->n78->n80->n82->n63->n15->n13->n11->n9->n10->n8->n7->n2->n100->n90->n59->n50->n51,5.37021e+09|4.0293e+11|2.51165e+12|3.70261e+10|8.71921e+10|1.41706e+11|6.83442e+09|6.87309e+13|8.81277e+09|2.78751e+13|2.91995e+11|1.12599e+09|2.02447e+09|3.25238e+10|2.45686e+13|1.07979e+13|6.55204e+12|8.77071e+11|6.60497e+13|1.78735e+12|1.49139e+12|2.49624e+09|4.61239e+13|3.81012e+11|5.94248e+10|4.01966e+09|1.33273e+11|3.04563e+11|2.36425e+09|7.46708e+11,8.19724e+08|1.89646e+11|5.36324e+11|1.44234e+10|5.29113e+10|5.76853e+10|1.48353e+09|9.78332e+12|7.57626e+09|1.44762e+13|4.67133e+10|3.2906e+08|2.41326e+08|2.30731e+10|2.75437e+12|1.66379e+12|2.63574e+12|1.06991e+11|8.87204e+12|3.29521e+11|3.79906e+11|7.32581e+08|1.04208e+13|6.70334e+10|3.74975e+10|2.27749e+09|6.41526e+10|3.06423e+10|4.07889e+08|5.06847e+11,0.000494453|5.21063e-05|1.2987e-05|3.25754e-05|0.000766915|6.32916e-05|0.000159499|5.13815e-05|0.000268039|0.00022361|7.03031e-05|1.96575e-05|2.04325e-05|0.000270955|1.13052e-05|0.000837919|0.000116235|0.000182949|0.000787814|5.47786e-05|1.80008e-05|6.27016e-05|6.6054e-05|0.000475679|1.10648e-05|0.000665246|0.000319756|2.43107e-05|1.54283e-05|0.000185382,0.000316017|0.000368678|0.000286765|0.000181646|0.000203965|0.000807753|0.00384342|0.00295865|0.00367819|0.00776667|0.000196916|0.000428116|0.000338175|0.00167497|0.000238286|0.00271152|0.00126856|0.00274771|0.00788063|0.00652494|0.00065196|0.00113469|0.00522046|0.00104538|0.00120557|0.00914892|0.000672662|0.000202742|0.00907722|0.00344885,0.0109342|0.0108696|0.0377902|0.0426128|0.0243876|0.0455502|0.0479977|0.0286141|0.022957|0.0268705|0.00731162|0.00118659|0.0354515|0.00569443|0.00592883|0.0278433|0.0100727|0.0207315|0.0476737|0.00125292|0.0140743|0.00597815|0.0318744|0.01754|0.00369149|0.0100829|0.0285929|0.00304046|0.00638914|0.0365406,0.000178506|0.0181411|0.0195364|0.049061|0.0250863|0.028193|0.0299903|0.0216638|0.0100342|0.0326941|0.0421608|0.00176737|0.0266209|0.0425349|0.0262948|0.0266174|0.0107197|0.0378122|0.00335145|0.0136412|0.033904|0.0245713|0.0483133|0.0283975|0.0127317|0.0460028|0.0372754|0.0474075|0.0483596|0.0130093,0.973537|0.923215|0.951762|0.906626|0.936129|0.909539|0.96924|0.966653|0.975915|0.982466|0.951514|0.967717|0.940474|0.92832|0.919013|0.934435|0.903245|0.910795|0.954869|0.988894|0.963574|0.962416|0.975256|0.963898|0.968894|0.935175|0.984478|0.99171|0.910708|0.98883,4.63983|4.79469|0.85792|0.762282|3.39264|3.29092|3.90463|4.60778|2.99986|4.79844|4.90362|4.1126|4.91715|3.3614|0.100836|0.132111|4.68449|1.89272|5.26639|0.923897|5.88966|1.97158|3.22282|3.51107|4.74216|3.89025|4.02061|5.60303|5.41755|4.04415,90.7492|58.7029|54.7186|56.2706|85.6152|29.1617|97.4405|74.5377|83.9106|10.4739|35.0583|82.5435|67.1704|66.5291|47.0365|48.6997|11.0615|66.6304|13.9548|99.0064|65.9961|99.595|55.4093|88.6198|37.015|32.7492|62.2588|47.7013|82.9474,0.215706|0.201188|0.208433|0.226178|0.185893|0.178937|0.180102|0.172691|0.204476|0.163561|0.209201|0.20461|0.184721|0.222935|0.231931|0.175742|0.214255|0.179788|0.189728|0.201409|0.193896|0.184434|0.230451|0.228013|0.17211|0.191207|0.169222|0.170229|0.24308,0.53635|0.666395|0.448351|0.725021|0.624191|0.920295|0.79408|0.416585|0.65353|0.469027|0.297185|0.519435|0.609732|0.109088|0.796307|0.4301|0.692153|0.275394|0.801183|0.439638|0.982181|0.703378|0.745697|0.84397|0.315214|0.878161|0.361153|0.776444|0.624607,0.869523,0.801463,0.117836,0.0993652,0.460468,0.534015,0.0732846,0.487967,0.198257,0.921169,51.6436,5.43263e-12,47756,0.887486,41.1981,1.06086e-12,38445,0.895553,0.876428,0.0878307,0.631141,0.996144,0.511517,0.22039,0.459803,0.228135,0.891603,87.9902,7.64954e-10,30733,0.967162,70.4477,9.04596e-11,52512
24,1131,n1->n99->n98->n57->n83->n23->n77->n72->n73->n75->n71->n24->n33->n35->n34->n15->n13->n11->n29->n50->n60->n59->n90->n100->n2->n7->n5->n65->n52->n51,5.37021e+09|1.57108e+10|1.8266e+13|4.14288e+09|3.76373e+13|4.63033e+10|5.68112e+11|6.83442e+09|1.41706e+11|8.71921e+10|7.70008e+11|1.59557e+13|3.64323e+13|5.77859e+11|4.7313e+12|8.77071e+11|6.60497e+13|1.78735e+12|3.6336e+13|2.36425e+09|8.79841e+13|3.04563e+11|1.33273e+11|4.01966e+09|5.94248e+10|3.81012e+11|2.91995e+11|1.12599e+09|1.02428e+10|7.46708e+11,8.19724e+08|4.21389e+09|5.99087e+12|2.05006e+09|2.34723e+13|3.30225e+10|3.56307e+11|1.48353e+09|5.76853e+10|5.29113e+10|1.60546e+11|4.06569e+12|6.32377e+12|4.88834e+11|1.15705e+12|1.06991e+11|8.87204e+12|3.29521e+11|1.77292e+13|4.07889e+08|5.95756e+13|3.06423e+10|6.41526e+10|2.27749e+09|3.74975e+10|6.70334e+10|4.67133e+10|3.2906e+08|2.07235e+09|5.06847e+11,0.000494453|0.00089026|0.000410965|0.000173612|1.86087e-05|0.000277161|8.49487e-05|0.000159499|6.32916e-05|0.000766915|0.00017279|0.000193265|1.50316e-05|0.000412952|0.000140889|0.000182949|0.000787814|5.47786e-05|0.000125062|1.54283e-05|0.000731749|2.43107e-05|0.000319756|0.000665246|1.10648e-05|0.000475679|7.03031e-05|1.96575e-05|0.00011644|0.000185382,0.000316017|0.000350126|0.000548485|0.00271581|0.000175452|0.00418014|0.000906866|0.00384342|0.000807753|0.000203965|0.00123164|0.0012727|0.00213059|0.00138752|0.000270551|0.00274771|0.00788063|0.00652494|0.00231296|0.00907722|0.000248463|0.000202742|0.000672662|0.00914892|0.00120557|0.00104538|0.000196916|0.000428116|0.00580301|0.00344885,0.0109342|0.0362414|0.0295222|0.0328142|0.015405|0.00314906|0.04851|0.0479977|0.0455502|0.0243876|0.0398828|0.0433038|0.00968695|0.00215298|0.0276207|0.0207315|0.0476737|0.00125292|0.0255931|0.00638914|0.0128442|0.00304046|0.0285929|0.0100829|0.00369149|0.01754|0.00731162|0.00118659|0.0398377|0.0365406,0.000178506|0.0472365|0.0297366|0.0437642|0.038157|0.0470385|0.0115254|0.0299903|0.028193|0.0250863|0.0326729|0.00780618|0.0280967|0.0375959|0.0210615|0.0378122|0.00335145|0.0136412|0.00291922|0.0483596|0.0431033|0.0474075|0.0372754|0.0460028|0.0127317|0.0283975|0.0421608|0.00176737|0.0151024|0.0130093,0.973537|0.953794|0.959539|0.983348|0.947801|0.92176|0.949999|0.96924|0.909539|0.936129|0.947193|0.90929|0.923653|0.952159|0.904866|0.910795|0.954869|0.988894|0.962742|0.910708|0.945549|0.99171|0.984478|0.935175|0.968894|0.963898|0.951514|0.967717|0.965406|0.98883,4.63983|3.07459|2.95405|1.93323|4.11052|2.08786|0.722366|3.90463|3.29092|3.39264|0.117525|3.9732|1.04264|5.24666|4.56594|1.89272|5.26639|0.923897|0.0327787|5.41755|4.50487|5.60303|4.02061|3.89025|4.74216|3.51107|4.90362|4.1126|0.0104102|4.04415,66.2586|58.4557|98.2355|50.003|23.518|39.0733|92.3918|29.1617|85.6152|14.5634|44.1502|98.0873|93.5115|26.2497|27.3162|66.6304|13.9548|13.2112|37.0378|22.3088|76.8491|62.2588|32.7492|37.015|88.6198|37.2729|35.0583|56.1703|83.3731,0.180129|0.227784|0.190047|0.1911|0.181099|0.178948|0.167022|0.178937|0.185893|0.169453|0.204574|0.239791|0.242679|0.244194|0.231681|0.179788|0.189728|0.219003|0.191256|0.190841|0.204072|0.169222|0.191207|0.17211|0.228013|0.176784|0.209201|0.247907|0.197114,0.323551|0.686264|0.757428|0.161388|0.741177|0.23533|0.776051|0.920295|0.624191|0.275247|0.45026|0.939209|0.487093|0.307851|0.750497|0.275394|0.801183|0.427028|0.182586|0.323935|0.509755|0.361153|0.878161|0.315214|0.84397|0.943162|0.297185|0.827328|0.942894,0.869523,0.801463,0.117836,0.0993652,0.460468,0.534015,0.0732846,0.487967,0.198257,0.921169,51.6436,5.43263e-12,47756,0.887486,41.1981,1.06086e-12,38445,0.895553,0.876428,0.0878307,0.631141,0.996144,0.511517,0.22039,0.459803,0.228135,0.891603,87.9902,7.64954e-10,30733,0.967162,70.4477,9.04596e-11,52512
24,1132,n1->n20->n21->n23->n24->n33->n84->n56->n54->n73->n71->n75->n4->n2->n100->n90->n88->n87->n86->n76->n69->n3->n5->n7->n8->n12->n14->n96->n94->n51,5.37021e+09|4.0293e+11|1.56161e+12|4.63033e+10|1.59557e+13|3.64323e+13|1.07392e+09|1.1605e+12|2.80961e+11|1.41706e+11|7.70008e+11|8.71921e+10|7.07339e+12|5.94248e+10|4.01966e+09|1.33273e+11|9.00567e+12|7.3435e+12|3.85304e+10|4.21804e+13|8.81277e+09|2.78751e+13|2.91995e+11|3.81012e+11|4.61239e+13|9.70597e+10|3.70261e+10|2.51165e+12|1.36531e+10|7.46708e+11,8.19724e+08|1.89646e+11|3.02345e+11|3.30225e+10|4.06569e+12|6.32377e+12|9.00899e+08|5.65456e+11|2.23178e+11|5.76853e+10|1.60546e+11|5.29113e+10|2.43435e+12|3.74975e+10|2.27749e+09|6.41526e+10|8.66002e+12|2.79916e+12|4.69095e+09|1.15782e+13|7.57626e+09|1.44762e+13|4.67133e+10|6.70334e+10|1.04208e+13|2.76143e+10|1.44234e+10|5.36324e+11|1.67171e+09|5.06847e+11,0.000494453|5.21063e-05|0.00096308|0.000277161|0.000193265|1.50316e-05|2.14473e-05|1.7812e-05|1.47667e-05|6.32916e-05|0.00017279|0.000766915|0.000113681|1.10648e-05|0.000665246|0.000319756|6.2721e-05|0.000634307|6.21631e-05|1.88608e-05|0.000268039|0.00022361|7.03031e-05|0.000475679|6.6054e-05|0.000201974|3.25754e-05|1.2987e-05|2.95455e-05|0.000185382,0.000316017|0.000368678|0.00195589|0.00418014|0.0012727|0.00213059|0.000434313|0.000830638|0.00549128|0.000807753|0.00123164|0.000203965|0.00198341|0.00120557|0.00914892|0.000672662|0.000480267|0.00151267|0.00341054|0.00214239|0.00367819|0.00776667|0.000196916|0.00104538|0.00522046|0.0016732|0.000181646|0.000286765|0.000125263|0.00344885,0.0109342|0.0108696|0.00712365|0.00314906|0.0433038|0.00968695|0.0473575|0.0231698|0.0334079|0.0455502|0.0398828|0.0243876|0.0350273|0.00369149|0.0100829|0.0285929|0.00850464|0.0186268|0.0237043|0.00156873|0.022957|0.0268705|0.00731162|0.01754|0.0318744|0.0313381|0.0426128|0.0377902|0.00830448|0.0365406,0.000178506|0.0181411|0.0414669|0.0470385|0.00780618|0.0280967|0.0366447|0.0417641|0.00844474|0.028193|0.0326729|0.0250863|0.0273051|0.0127317|0.0460028|0.0372754|0.0237676|0.00979507|0.0488574|0.0470058|0.0100342|0.0326941|0.0421608|0.0283975|0.0483133|0.0470205|0.049061|0.0195364|0.0293842|0.0130093,0.973537|0.923215|0.971602|0.92176|0.90929|0.923653|0.948551|0.944528|0.927525|0.909539|0.947193|0.936129|0.917619|0.968894|0.935175|0.984478|0.962132|0.977244|0.981332|0.989289|0.975915|0.982466|0.951514|0.963898|0.975256|0.937315|0.906626|0.951762|0.927471|0.98883,4.63983|4.79469|3.14177|2.08786|3.9732|1.04264|5.42186|2.55597|1.22009|3.29092|0.117525|3.39264|1.56082|4.74216|3.89025|4.02061|1.9653|2.33192|4.96971|0.578949|2.99986|4.79844|4.90362|3.51107|3.22282|3.07758|0.762282|0.85792|5.03384|4.04415,90.7492|76.7594|88.4205|44.8869|98.0873|59.7094|34.4372|42.6814|26.1465|28.2621|14.5634|81.7362|30.2686|37.015|32.7492|14.1987|57.0974|88.9922|37.5994|66.666|83.9106|10.4739|37.2729|55.4093|81.3396|51.9585|54.7186|71.0086|11.2844,0.215706|0.218425|0.232237|0.161116|0.239791|0.183728|0.222961|0.167734|0.196311|0.242769|0.169453|0.218556|0.239023|0.17211|0.191207|0.244274|0.227675|0.246364|0.17745|0.212271|0.204476|0.163561|0.176784|0.230451|0.186476|0.222459|0.208433|0.230021|0.200895,0.53635|0.515127|0.516177|0.528582|0.939209|0.218166|0.762891|0.927159|0.754315|0.940077|0.275247|0.847503|0.514427|0.315214|0.878161|0.997795|0.396625|0.83582|0.871942|0.890059|0.65353|0.469027|0.943162|0.745697|0.379326|0.326911|0.448351|0.131268|0.836539,0.869523,0.801463,0.117836,0.0993652,0.460468,0.534015,0.0732846,0.487967,0.198257,0.921169,51.6436,5.43263e-12,47756,0.887486,41.1981,1.06086e-12,38445,0.895553,0.876428,0.0878307,0.631141,0.996144,0.511517,0.22039,0.459803,0.228135,0.891603,87.9902,7.64954e-10,30733,0.967162,70.4477,9.04596e-11,52512
24,1133,n1->n20->n19->n17->n68->n66->n32->n31->n35->n74->n76->n75->n14->n96->n94->n93->n95->n89->n88->n90->n56->n54->n82->n63->n10->n9->n11->n29->n50->n51,5.37021e+09|4.0293e+11|2.47533e+11|1.51096e+11|1.31753e+09|1.10072e+10|1.78367e+12|4.79342e+12|5.77859e+11|5.8385e+13|4.21804e+13|8.71921e+10|3.70261e+10|2.51165e+12|1.36531e+10|4.22601e+13|1.05601e+11|2.68119e+11|9.00567e+12|1.33273e+11|1.1605e+12|2.80961e+11|1.07979e+13|6.55204e+12|2.49624e+09|1.49139e+12|1.78735e+12|3.6336e+13|2.36425e+09|7.46708e+11,8.19724e+08|1.89646e+11|2.33399e+11|1.57582e+10|3.10679e+08|8.7665e+09|1.05491e+12|4.42443e+12|4.88834e+11|7.35096e+12|1.15782e+13|5.29113e+10|1.44234e+10|5.36324e+11|1.67171e+09|1.3774e+13|5.46554e+10|9.23423e+10|8.66002e+12|6.41526e+10|5.65456e+11|2.23178e+11|1.66379e+12|2.63574e+12|7.32581e+08|3.79906e+11|3.29521e+11|1.77292e+13|4.07889e+08|5.06847e+11,0.000494453|5.21063e-05|0.000261527|0.000261059|0.000223952|0.000237659|0.000179959|0.00024651|0.000412952|0.000875739|1.88608e-05|0.000766915|3.25754e-05|1.2987e-05|2.95455e-05|8.45967e-05|0.000260968|3.55201e-05|6.2721e-05|0.000319756|1.7812e-05|1.47667e-05|0.000837919|0.000116235|6.27016e-05|1.80008e-05|5.47786e-05|0.000125062|1.54283e-05|0.000185382,0.000316017|0.000368678|0.000768065|0.000513001|0.00843573|0.000470269|0.00292552|0.00308746|0.00138752|0.00944671|0.00214239|0.000203965|0.000181646|0.000286765|0.000125263|0.000162335|0.000186877|0.000111435|0.000480267|0.000672662|0.000830638|0.00549128|0.00271152|0.00126856|0.00113469|0.00065196|0.00652494|0.00231296|0.00907722|0.00344885,0.0109342|0.0108696|0.0201979|0.0430027|0.0370095|0.0203827|0.00778345|0.0211034|0.00215298|0.0280357|0.00156873|0.0243876|0.0426128|0.0377902|0.00830448|0.0108045|0.00282907|0.0107812|0.00850464|0.0285929|0.0231698|0.0334079|0.0278433|0.0100727|0.00597815|0.0140743|0.00125292|0.0255931|0.00638914|0.0365406,0.000178506|0.0181411|0.0291803|0.00442808|0.00589983|0.0146278|0.0161829|0.0151027|0.0375959|0.0166219|0.0470058|0.0250863|0.049061|0.0195364|0.0293842|0.0326183|0.0420997|0.0401575|0.0237676|0.0372754|0.0417641|0.00844474|0.0266174|0.0107197|0.0245713|0.033904|0.0136412|0.00291922|0.0483596|0.0130093,0.973537|0.923215|0.941018|0.974312|0.984554|0.978907|0.953313|0.943878|0.952159|0.90082|0.989289|0.936129|0.906626|0.951762|0.927471|0.912097|0.966581|0.926416|0.962132|0.984478|0.944528|0.927525|0.934435|0.903245|0.962416|0.963574|0.988894|0.962742|0.910708|0.98883,4.63983|4.79469|1.39448|5.11322|5.26958|3.10364|0.10397|4.82496|5.24666|0.0974208|0.578949|3.39264|0.762282|0.85792|5.03384|5.92115|1.09944|0.0868458|1.9653|4.02061|2.55597|1.22009|0.132111|4.68449|1.97158|5.88966|0.923897|0.0327787|5.41755|4.04415,90.7492|86.2435|10.3361|23.9015|70.8824|27.3217|86.0567|91.3525|67.7415|53.1277|63.5216|56.2706|54.7186|71.0086|63.1349|24.941|11.8194|92.4072|14.1987|40.6061|42.6814|41.1455|48.6997|65.1286|65.9961|99.0064|13.2112|37.0378|82.9474,0.215706|0.182991|0.172286|0.236806|0.16183|0.199785|0.16799|0.243038|0.161632|0.181342|0.207806|0.226178|0.208433|0.230021|0.209804|0.237661|0.168449|0.203687|0.244274|0.166746|0.167734|0.242874|0.175742|0.203746|0.193896|0.201409|0.219003|0.191256|0.24308,0.53635|0.182796|0.559133|0.2818|0.215539|0.769012|0.799966|0.658826|0.301798|0.519715|0.844544|0.725021|0.448351|0.131268|0.17375|0.985064|0.776387|0.876618|0.997795|0.163177|0.927159|0.378494|0.4301|0.514129|0.982181|0.439638|0.427028|0.182586|0.624607,0.869523,0.801463,0.117836,0.0993652,0.460468,0.534015,0.0732846,0.487967,0.198257,0.921169,51.6436,5.43263e-12,47756,0.887486,41.1981,1.06086e-12,38445,0.895553,0.876428,0.0878307,0.631141,0.996144,0.511517,0.22039,0.459803,0.228135,0.891603,87.9902,7.64954e-10,30733,0.967162,70.4477,9.04596e-11,52512
24,1134,n1->n13->n12->n8->n10->n39->n37->n65->n64->n62->n61->n63->n79->n81->n83->n84->n85->n58->n59->n90->n100->n2->n4->n75->n73->n54->n55->n53->n52->n51,5.37021e+09|6.60497e+13|9.70597e+10|4.61239e+13|2.49624e+09|3.34792e+13|2.79748e+13|1.12599e+09|4.21034e+09|2.37342e+11|6.44979e+11|6.55204e+12|1.47019e+10|2.58887e+10|3.76373e+13|1.07392e+09|2.02447e+09|8.16696e+09|3.04563e+11|1.33273e+11|4.01966e+09|5.94248e+10|7.07339e+12|8.71921e+10|1.41706e+11|2.80961e+11|8.84081e+12|4.60474e+10|1.02428e+10|7.46708e+11,8.19724e+08|8.87204e+12|2.76143e+10|1.04208e+13|7.32581e+08|1.12013e+13|4.96975e+12|3.2906e+08|1.60867e+09|1.13053e+11|1.30372e+11|2.63574e+12|4.87652e+09|8.36206e+09|2.34723e+13|9.00899e+08|2.41326e+08|6.89506e+09|3.06423e+10|6.41526e+10|2.27749e+09|3.74975e+10|2.43435e+12|5.29113e+10|5.76853e+10|2.23178e+11|4.69454e+12|3.18273e+10|2.07235e+09|5.06847e+11,0.000494453|0.000787814|0.000201974|6.6054e-05|6.27016e-05|5.53896e-05|1.06248e-05|1.96575e-05|1.88732e-05|8.24006e-05|3.71253e-05|0.000116235|0.000133131|0.000268232|1.86087e-05|2.14473e-05|2.04325e-05|0.000266735|2.43107e-05|0.000319756|0.000665246|1.10648e-05|0.000113681|0.000766915|6.32916e-05|1.47667e-05|4.06274e-05|2.00633e-05|0.00011644|0.000185382,0.000316017|0.00788063|0.0016732|0.00522046|0.00113469|0.0025393|0.000261291|0.000428116|0.000135861|0.00794111|0.00313588|0.00126856|0.000479664|0.000752991|0.000175452|0.000434313|0.000338175|0.00874893|0.000202742|0.000672662|0.00914892|0.00120557|0.00198341|0.000203965|0.000807753|0.00549128|0.000128431|0.000509085|0.00580301|0.00344885,0.0109342|0.0476737|0.0313381|0.0318744|0.00597815|0.00111942|0.0457563|0.00118659|0.0266797|0.0242596|0.0266048|0.0100727|0.0252961|0.0481357|0.015405|0.0473575|0.0354515|0.0248478|0.00304046|0.0285929|0.0100829|0.00369149|0.0350273|0.0243876|0.0455502|0.0334079|0.00843704|5.21659e-05|0.0398377|0.0365406,0.000178506|0.00335145|0.0470205|0.0483133|0.0245713|0.0449458|0.0105712|0.00176737|0.0436548|0.0480911|0.0179693|0.0107197|0.0203026|0.00997263|0.038157|0.0366447|0.0266209|0.0481122|0.0474075|0.0372754|0.0460028|0.0127317|0.0273051|0.0250863|0.028193|0.00844474|0.0314938|0.00115664|0.0151024|0.0130093,0.973537|0.954869|0.937315|0.975256|0.962416|0.924329|0.964079|0.967717|0.933821|0.98053|0.958619|0.903245|0.966262|0.948836|0.947801|0.948551|0.940474|0.911658|0.99171|0.984478|0.935175|0.968894|0.917619|0.936129|0.909539|0.927525|0.908585|0.913872|0.965406|0.98883,4.63983|5.26639|3.07758|3.22282|1.97158|1.19952|4.96174|4.1126|5.77568|5.59786|2.63855|4.68449|3.41737|1.5908|4.11052|5.42186|4.91715|3.70937|5.60303|4.02061|3.89025|4.74216|1.56082|3.39264|3.29092|1.22009|3.37071|0.640024|0.0104102|4.04415,79.8117|56.34|81.3396|99.595|24.4191|31.554|13.4252|56.7563|93.0484|89.0369|47.0482|16.1844|26.55|78.7627|20.1884|82.1833|90.6886|56.397|62.2588|32.7492|37.015|30.2686|81.7362|85.6152|26.1465|27.8669|30.3781|81.3721|83.3731,0.246796|0.206669|0.186476|0.184434|0.239532|0.195005|0.230756|0.186349|0.176232|0.198053|0.167884|0.22961|0.238834|0.170031|0.246081|0.216313|0.194345|0.21902|0.169222|0.191207|0.17211|0.239023|0.218556|0.185893|0.196311|0.169326|0.207992|0.184589|0.197114,0.338018|0.285239|0.379326|0.703378|0.991722|0.711047|0.986996|0.927837|0.182879|0.704733|0.410418|0.217843|0.957633|0.530775|0.599197|0.528406|0.45102|0.533324|0.361153|0.878161|0.315214|0.514427|0.847503|0.624191|0.754315|0.414082|0.646488|0.272111|0.942894,0.869523,0.801463,0.117836,0.0993652,0.460468,0.534015,0.0732846,0.487967,0.198257,0.921169,51.6436,5.43263e-12,47756,0.887486,41.1981,1.06086e-12,38445,0.895553,0.876428,0.0878307,0.631141,0.996144,0.511517,0.22039,0.459803,0.228135,0.891603,87.9902,7.64954e-10,30733,0.967162,70.4477,9.04596e-11,52512
24,1135,n1->n13->n11->n9->n10->n73->n72->n70->n69->n76->n75->n71->n24->n33->n31->n32->n66->n68->n19->n18->n17->n85->n84->n82->n95->n89->n20->n96->n94->n51,5.37021e+09|6.60497e+13|1.78735e+12|1.49139e+12|2.49624e+09|1.41706e+11|6.83442e+09|6.87309e+13|8.81277e+09|4.21804e+13|8.71921e+10|7.70008e+11|1.59557e+13|3.64323e+13|4.79342e+12|1.78367e+12|1.10072e+10|1.31753e+09|2.47533e+11|7.59179e+12|1.51096e+11|2.02447e+09|1.07392e+09|1.07979e+13|1.05601e+11|2.68119e+11|4.0293e+11|2.51165e+12|1.36531e+10|7.46708e+11,8.19724e+08|8.87204e+12|3.29521e+11|3.79906e+11|7.32581e+08|5.76853e+10|1.48353e+09|9.78332e+12|7.57626e+09|1.15782e+13|5.29113e+10|1.60546e+11|4.06569e+12|6.32377e+12|4.42443e+12|1.05491e+12|8.7665e+09|3.10679e+08|2.33399e+11|4.11836e+12|1.57582e+10|2.41326e+08|9.00899e+08|1.66379e+12|5.46554e+10|9.23423e+10|1.89646e+11|5.36324e+11|1.67171e+09|5.06847e+11,0.000494453|0.000787814|5.47786e-05|1.80008e-05|6.27016e-05|6.32916e-05|0.000159499|5.13815e-05|0.000268039|1.88608e-05|0.000766915|0.00017279|0.000193265|1.50316e-05|0.00024651|0.000179959|0.000237659|0.000223952|0.000261527|2.98936e-05|0.000261059|2.04325e-05|2.14473e-05|0.000837919|0.000260968|3.55201e-05|5.21063e-05|1.2987e-05|2.95455e-05|0.000185382,0.000316017|0.00788063|0.00652494|0.00065196|0.00113469|0.000807753|0.00384342|0.00295865|0.00367819|0.00214239|0.000203965|0.00123164|0.0012727|0.00213059|0.00308746|0.00292552|0.000470269|0.00843573|0.000768065|0.000681499|0.000513001|0.000338175|0.000434313|0.00271152|0.000186877|0.000111435|0.000368678|0.000286765|0.000125263|0.00344885,0.0109342|0.0476737|0.00125292|0.0140743|0.00597815|0.0455502|0.0479977|0.0286141|0.022957|0.00156873|0.0243876|0.0398828|0.0433038|0.00968695|0.0211034|0.00778345|0.0203827|0.0370095|0.0201979|0.0192976|0.0430027|0.0354515|0.0473575|0.0278433|0.00282907|0.0107812|0.0108696|0.0377902|0.00830448|0.0365406,0.000178506|0.00335145|0.0136412|0.033904|0.0245713|0.028193|0.0299903|0.0216638|0.0100342|0.0470058|0.0250863|0.0326729|0.00780618|0.0280967|0.0151027|0.0161829|0.0146278|0.00589983|0.0291803|0.0120519|0.00442808|0.0266209|0.0366447|0.0266174|0.0420997|0.0401575|0.0181411|0.0195364|0.0293842|0.0130093,0.973537|0.954869|0.988894|0.963574|0.962416|0.909539|0.96924|0.966653|0.975915|0.989289|0.936129|0.947193|0.90929|0.923653|0.943878|0.953313|0.978907|0.984554|0.941018|0.946711|0.974312|0.940474|0.948551|0.934435|0.966581|0.926416|0.923215|0.951762|0.927471|0.98883,4.63983|5.26639|0.923897|5.88966|1.97158|3.29092|3.90463|4.60778|2.99986|0.578949|3.39264|0.117525|3.9732|1.04264|4.82496|0.10397|3.10364|5.26958|1.39448|4.38273|5.11322|4.91715|5.42186|0.132111|1.09944|0.0868458|4.79469|0.85792|5.03384|4.04415,79.8117|13.9548|99.0064|65.9961|29.3778|29.1617|97.4405|74.5377|66.666|63.5216|14.5634|44.1502|98.0873|95.0453|86.0567|27.3217|70.8824|67.5745|34.0839|43.2583|84.7043|82.1833|83.37|75.699|11.8194|18.2346|58.7029|71.0086|11.2844,0.246796|0.189728|0.201409|0.193896|0.202302|0.178937|0.180102|0.172691|0.212271|0.207806|0.169453|0.204574|0.239791|0.234751|0.16799|0.199785|0.16183|0.2055|0.248409|0.218822|0.225161|0.216313|0.203763|0.21275|0.168449|0.231355|0.201188|0.230021|0.200895,0.338018|0.801183|0.439638|0.982181|0.747283|0.920295|0.79408|0.416585|0.890059|0.844544|0.275247|0.45026|0.939209|0.258586|0.799966|0.769012|0.215539|0.968257|0.983209|0.981182|0.880608|0.528406|0.808712|0.837867|0.776387|0.595303|0.666395|0.131268|0.836539,0.869523,0.801463,0.117836,0.0993652,0.460468,0.534015,0.0732846,0.487967,0.198257,0.921169,51.6436,5.43263e-12,47756,0.887486,41.1981,1.06086e-12,38445,0.895553,0.876428,0.0878307,0.631141,0.996144,0.511517,0.22039,0.459803,0.228135,0.891603,87.9902,7.64954e-10,30733,0.967162,70.4477,9.04596e-11,52512
24,1136,n1->n99->n77->n72->n70->n87->n88->n89->n90->n59->n50->n29->n31->n30->n32->n34->n36->n64->n49->n47->n48->n46->n62->n61->n63->n82->n95->n93->n94->n51,5.37021e+09|1.57108e+10|5.68112e+11|6.83442e+09|6.87309e+13|7.3435e+12|9.00567e+12|2.68119e+11|1.33273e+11|3.04563e+11|2.36425e+09|3.6336e+13|4.79342e+12|1.26395e+10|1.78367e+12|4.7313e+12|7.73972e+11|4.21034e+09|2.45005e+09|4.74236e+11|3.98001e+12|5.53417e+12|2.37342e+11|6.44979e+11|6.55204e+12|1.07979e+13|1.05601e+11|4.22601e+13|1.36531e+10|7.46708e+11,8.19724e+08|4.21389e+09|3.56307e+11|1.48353e+09|9.78332e+12|2.79916e+12|8.66002e+12|9.23423e+10|6.41526e+10|3.06423e+10|4.07889e+08|1.77292e+13|4.42443e+12|1.81012e+09|1.05491e+12|1.15705e+12|7.77593e+10|1.60867e+09|2.44458e+09|1.54765e+11|1.69514e+12|1.63629e+12|1.13053e+11|1.30372e+11|2.63574e+12|1.66379e+12|5.46554e+10|1.3774e+13|1.67171e+09|5.06847e+11,0.000494453|0.00089026|8.49487e-05|0.000159499|5.13815e-05|0.000634307|6.2721e-05|3.55201e-05|0.000319756|2.43107e-05|1.54283e-05|0.000125062|0.00024651|4.789e-05|0.000179959|0.000140889|0.000426407|1.88732e-05|1.07426e-05|0.000202873|4.78153e-05|0.000489732|8.24006e-05|3.71253e-05|0.000116235|0.000837919|0.000260968|8.45967e-05|2.95455e-05|0.000185382,0.000316017|0.000350126|0.000906866|0.00384342|0.00295865|0.00151267|0.000480267|0.000111435|0.000672662|0.000202742|0.00907722|0.00231296|0.00308746|0.00655588|0.00292552|0.000270551|0.00396778|0.000135861|0.000979027|0.000266598|0.00544009|0.000159088|0.00794111|0.00313588|0.00126856|0.00271152|0.000186877|0.000162335|0.000125263|0.00344885,0.0109342|0.0362414|0.04851|0.0479977|0.0286141|0.0186268|0.00850464|0.0107812|0.0285929|0.00304046|0.00638914|0.0255931|0.0211034|0.00398508|0.00778345|0.0276207|0.00497013|0.0266797|0.0183567|0.00898217|0.0455031|0.029055|0.0242596|0.0266048|0.0100727|0.0278433|0.00282907|0.0108045|0.00830448|0.0365406,0.000178506|0.0472365|0.0115254|0.0299903|0.0216638|0.00979507|0.0237676|0.0401575|0.0372754|0.0474075|0.0483596|0.00291922|0.0151027|0.0178703|0.0161829|0.0210615|0.0341912|0.0436548|0.0388066|0.0488958|0.0360942|0.0302566|0.0480911|0.0179693|0.0107197|0.0266174|0.0420997|0.0326183|0.0293842|0.0130093,0.973537|0.953794|0.949999|0.96924|0.966653|0.977244|0.962132|0.926416|0.984478|0.99171|0.910708|0.962742|0.943878|0.972158|0.953313|0.904866|0.94998|0.933821|0.969899|0.9108|0.967439|0.923372|0.98053|0.958619|0.903245|0.934435|0.966581|0.912097|0.927471|0.98883,4.63983|3.07459|0.722366|3.90463|4.60778|2.33192|1.9653|0.0868458|4.02061|5.60303|5.41755|0.0327787|4.82496|5.42296|0.10397|4.56594|3.70656|5.77568|3.94615|6.27947|3.09858|0.31178|5.59786|2.63855|4.68449|0.132111|1.09944|5.92115|5.03384|4.04415,66.2586|96.5216|92.3918|97.4405|39.9413|57.0974|92.4072|12.726|62.2588|47.7013|37.0378|70.4589|88.6669|69.5993|23.0914|89.5651|43.8659|77.768|91.8261|78.8723|41.9872|56.7189|89.0369|47.0482|48.6997|75.699|24.941|63.1349|11.2844,0.180129|0.241387|0.167022|0.180102|0.180359|0.227675|0.203687|0.226099|0.169222|0.170229|0.191256|0.246199|0.215598|0.204659|0.18593|0.241996|0.241695|0.165457|0.228404|0.239998|0.178665|0.167864|0.198053|0.167884|0.175742|0.21275|0.237661|0.209804|0.200895,0.323551|0.664018|0.776051|0.79408|0.129355|0.396625|0.876618|0.757755|0.361153|0.776444|0.182586|0.415176|0.123891|0.237533|0.12287|0.265381|0.590576|0.348083|0.133861|0.300482|0.182289|0.624525|0.704733|0.410418|0.4301|0.837867|0.985064|0.17375|0.836539,0.869523,0.801463,0.117836,0.0993652,0.460468,0.534015,0.0732846,0.487967,0.198257,0.921169,51.6436,5.43263e-12,47756,0.887486,41.1981,1.06086e-12,38445,0.895553,0.876428,0.0878307,0.631141,0.996144,0.511517,0.22039,0.459803,0.228135,0.891603,87.9902,7.64954e-10,30733,0.967162,70.4477,9.04596e-11,52512
24,1137,n1->n20->n21->n67->n38->n37->n81->n80->n78->n85->n83->n23->n77->n93->n95->n82->n54->n53->n52->n65->n64->n62->n46->n47->n26->n25->n27->n29->n50->n51,5.37021e+09|4.0293e+11|1.56161e+12|4.7483e+09|1.16426e+13|2.79748e+13|2.58887e+10|2.45686e+13|3.25238e+10|2.02447e+09|3.76373e+13|4.63033e+10|5.68112e+11|4.22601e+13|1.05601e+11|1.07979e+13|2.80961e+11|4.60474e+10|1.02428e+10|1.12599e+09|4.21034e+09|2.37342e+11|5.53417e+12|4.74236e+11|7.09351e+09|1.67189e+13|4.19351e+12|3.6336e+13|2.36425e+09|7.46708e+11,8.19724e+08|1.89646e+11|3.02345e+11|7.5553e+08|1.19258e+12|4.96975e+12|8.36206e+09|2.75437e+12|2.30731e+10|2.41326e+08|2.34723e+13|3.30225e+10|3.56307e+11|1.3774e+13|5.46554e+10|1.66379e+12|2.23178e+11|3.18273e+10|2.07235e+09|3.2906e+08|1.60867e+09|1.13053e+11|1.63629e+12|1.54765e+11|1.31666e+09|1.40059e+13|8.73344e+11|1.77292e+13|4.07889e+08|5.06847e+11,0.000494453|5.21063e-05|0.00096308|3.91885e-05|1.04425e-05|1.06248e-05|0.000268232|1.13052e-05|0.000270955|2.04325e-05|1.86087e-05|0.000277161|8.49487e-05|8.45967e-05|0.000260968|0.000837919|1.47667e-05|2.00633e-05|0.00011644|1.96575e-05|1.88732e-05|8.24006e-05|0.000489732|0.000202873|3.77967e-05|6.30741e-05|1.08528e-05|0.000125062|1.54283e-05|0.000185382,0.000316017|0.000368678|0.00195589|0.000640186|0.00950649|0.000261291|0.000752991|0.000238286|0.00167497|0.000338175|0.000175452|0.00418014|0.000906866|0.000162335|0.000186877|0.00271152|0.00549128|0.000509085|0.00580301|0.000428116|0.000135861|0.00794111|0.000159088|0.000266598|0.00522178|0.00294926|0.00262605|0.00231296|0.00907722|0.00344885,0.0109342|0.0108696|0.00712365|0.029632|0.0263713|0.0457563|0.0481357|0.00592883|0.00569443|0.0354515|0.015405|0.00314906|0.04851|0.0108045|0.00282907|0.0278433|0.0334079|5.21659e-05|0.0398377|0.00118659|0.0266797|0.0242596|0.029055|0.00898217|0.0101688|0.0195393|0.0303206|0.0255931|0.00638914|0.0365406,0.000178506|0.0181411|0.0414669|0.0482082|0.00318517|0.0105712|0.00997263|0.0262948|0.0425349|0.0266209|0.038157|0.0470385|0.0115254|0.0326183|0.0420997|0.0266174|0.00844474|0.00115664|0.0151024|0.00176737|0.0436548|0.0480911|0.0302566|0.0488958|0.0409649|0.0159438|0.0230682|0.00291922|0.0483596|0.0130093,0.973537|0.923215|0.971602|0.924883|0.902547|0.964079|0.948836|0.919013|0.92832|0.940474|0.947801|0.92176|0.949999|0.912097|0.966581|0.934435|0.927525|0.913872|0.965406|0.967717|0.933821|0.98053|0.923372|0.9108|0.981638|0.9023|0.985376|0.962742|0.910708|0.98883,4.63983|4.79469|3.14177|2.06342|5.09423|4.96174|1.5908|0.100836|3.3614|4.91715|4.11052|2.08786|0.722366|5.92115|1.09944|0.132111|1.22009|0.640024|0.0104102|4.1126|5.77568|5.59786|0.31178|6.27947|2.91399|1.57149|4.5695|0.0327787|5.41755|4.04415,90.7492|76.7594|42.5138|59.2872|46.986|88.8597|15.5679|66.5291|67.1704|92.2019|23.518|39.0733|51.9256|24.941|75.699|41.1455|75.3264|81.3721|56.1703|56.7563|93.0484|56.7189|71.5316|70.8805|63.0993|64.4551|49.6282|37.0378|82.9474,0.215706|0.218425|0.197352|0.200548|0.170599|0.211898|0.212149|0.222935|0.184721|0.231254|0.181099|0.178948|0.247077|0.237661|0.21275|0.242874|0.191357|0.184589|0.247907|0.186349|0.176232|0.167864|0.196056|0.189485|0.228799|0.242248|0.180772|0.191256|0.24308,0.53635|0.515127|0.602799|0.127053|0.662799|0.430076|0.870283|0.109088|0.609732|0.604504|0.741177|0.23533|0.469529|0.985064|0.837867|0.378494|0.567841|0.272111|0.827328|0.927837|0.182879|0.624525|0.758317|0.757042|0.359402|0.837222|0.511755|0.182586|0.624607,0.869523,0.801463,0.117836,0.0993652,0.460468,0.534015,0.0732846,0.487967,0.198257,0.921169,51.6436,5.43263e-12,47756,0.887486,41.1981,1.06086e-12,38445,0.895553,0.876428,0.0878307,0.631141,0.996144,0.511517,0.22039,0.459803,0.228135,0.891603,87.9902,7.64954e-10,30733,0.967162,70.4477,9.04596e-11,52512
24,1138,n1->n99->n97->n27->n29->n11->n13->n12->n14->n75->n71->n24->n23->n83->n81->n37->n38->n16->n18->n20->n19->n17->n85->n58->n59->n90->n89->n48->n50->n51,5.37021e+09|1.57108e+10|2.90604e+09|4.19351e+12|3.6336e+13|1.78735e+12|6.60497e+13|9.70597e+10|3.70261e+10|8.71921e+10|7.70008e+11|1.59557e+13|4.63033e+10|3.76373e+13|2.58887e+10|2.79748e+13|1.16426e+13|1.09193e+13|7.59179e+12|4.0293e+11|2.47533e+11|1.51096e+11|2.02447e+09|8.16696e+09|3.04563e+11|1.33273e+11|2.68119e+11|3.98001e+12|2.36425e+09|7.46708e+11,8.19724e+08|4.21389e+09|5.04144e+08|8.73344e+11|1.77292e+13|3.29521e+11|8.87204e+12|2.76143e+10|1.44234e+10|5.29113e+10|1.60546e+11|4.06569e+12|3.30225e+10|2.34723e+13|8.36206e+09|4.96975e+12|1.19258e+12|1.33827e+12|4.11836e+12|1.89646e+11|2.33399e+11|1.57582e+10|2.41326e+08|6.89506e+09|3.06423e+10|6.41526e+10|9.23423e+10|1.69514e+12|4.07889e+08|5.06847e+11,0.000494453|0.00089026|8.81202e-05|1.08528e-05|0.000125062|5.47786e-05|0.000787814|0.000201974|3.25754e-05|0.000766915|0.00017279|0.000193265|0.000277161|1.86087e-05|0.000268232|1.06248e-05|1.04425e-05|3.71682e-05|2.98936e-05|5.21063e-05|0.000261527|0.000261059|2.04325e-05|0.000266735|2.43107e-05|0.000319756|3.55201e-05|4.78153e-05|1.54283e-05|0.000185382,0.000316017|0.000350126|0.00494291|0.00262605|0.00231296|0.00652494|0.00788063|0.0016732|0.000181646|0.000203965|0.00123164|0.0012727|0.00418014|0.000175452|0.000752991|0.000261291|0.00950649|0.00174713|0.000681499|0.000368678|0.000768065|0.000513001|0.000338175|0.00874893|0.000202742|0.000672662|0.000111435|0.00544009|0.00907722|0.00344885,0.0109342|0.0362414|0.0381696|0.0303206|0.0255931|0.00125292|0.0476737|0.0313381|0.0426128|0.0243876|0.0398828|0.0433038|0.00314906|0.015405|0.0481357|0.0457563|0.0263713|0.0123696|0.0192976|0.0108696|0.0201979|0.0430027|0.0354515|0.0248478|0.00304046|0.0285929|0.0107812|0.0455031|0.00638914|0.0365406,0.000178506|0.0472365|0.00800322|0.0230682|0.00291922|0.0136412|0.00335145|0.0470205|0.049061|0.0250863|0.0326729|0.00780618|0.0470385|0.038157|0.00997263|0.0105712|0.00318517|0.0240438|0.0120519|0.0181411|0.0291803|0.00442808|0.0266209|0.0481122|0.0474075|0.0372754|0.0401575|0.0360942|0.0483596|0.0130093,0.973537|0.953794|0.90679|0.985376|0.962742|0.988894|0.954869|0.937315|0.906626|0.936129|0.947193|0.90929|0.92176|0.947801|0.948836|0.964079|0.902547|0.979533|0.946711|0.923215|0.941018|0.974312|0.940474|0.911658|0.99171|0.984478|0.926416|0.967439|0.910708|0.98883,4.63983|3.07459|1.41691|4.5695|0.0327787|0.923897|5.26639|3.07758|0.762282|3.39264|0.117525|3.9732|2.08786|4.11052|1.5908|4.96174|5.09423|1.69436|4.38273|4.79469|1.39448|5.11322|4.91715|3.70937|5.60303|4.02061|0.0868458|3.09858|5.41755|4.04415,66.2586|94.4507|31.5608|49.6282|13.2112|13.9548|56.34|51.9585|56.2706|14.5634|44.1502|44.8869|23.518|78.7627|88.8597|46.986|28.0546|72.2829|89.2299|86.2435|10.3361|84.7043|90.6886|56.397|62.2588|12.726|94.0077|23.5956|82.9474,0.180129|0.168303|0.219936|0.180772|0.219003|0.189728|0.206669|0.222459|0.226178|0.169453|0.204574|0.161116|0.181099|0.170031|0.211898|0.170599|0.17367|0.180241|0.247215|0.182991|0.172286|0.225161|0.194345|0.21902|0.169222|0.226099|0.234363|0.191801|0.24308,0.323551|0.263233|0.557853|0.511755|0.427028|0.801183|0.285239|0.326911|0.725021|0.275247|0.45026|0.528582|0.741177|0.530775|0.430076|0.662799|0.828443|0.553025|0.652252|0.182796|0.559133|0.880608|0.45102|0.533324|0.361153|0.757755|0.948873|0.688345|0.624607,0.869523,0.801463,0.117836,0.0993652,0.460468,0.534015,0.0732846,0.487967,0.198257,0.921169,51.6436,5.43263e-12,47756,0.887486,41.1981,1.06086e-12,38445,0.895553,0.876428,0.0878307,0.631141,0.996144,0.511517,0.22039,0.459803,0.228135,0.891603,87.9902,7.64954e-10,30733,0.967162,70.4477,9.04596e-11,52512
24,1139,n1->n20->n96->n97->n99->n77->n93->n64->n62->n61->n63->n10->n39->n38->n67->n21->n22->n68->n19->n18->n70->n87->n86->n76->n30->n32->n31->n29->n50->n51,5.37021e+09|4.0293e+11|2.51165e+12|2.90604e+09|1.57108e+10|5.68112e+11|4.22601e+13|4.21034e+09|2.37342e+11|6.44979e+11|6.55204e+12|2.49624e+09|3.34792e+13|1.16426e+13|4.7483e+09|1.56161e+12|1.47e+10|1.31753e+09|2.47533e+11|7.59179e+12|6.87309e+13|7.3435e+12|3.85304e+10|4.21804e+13|1.26395e+10|1.78367e+12|4.79342e+12|3.6336e+13|2.36425e+09|7.46708e+11,8.19724e+08|1.89646e+11|5.36324e+11|5.04144e+08|4.21389e+09|3.56307e+11|1.3774e+13|1.60867e+09|1.13053e+11|1.30372e+11|2.63574e+12|7.32581e+08|1.12013e+13|1.19258e+12|7.5553e+08|3.02345e+11|9.51029e+09|3.10679e+08|2.33399e+11|4.11836e+12|9.78332e+12|2.79916e+12|4.69095e+09|1.15782e+13|1.81012e+09|1.05491e+12|4.42443e+12|1.77292e+13|4.07889e+08|5.06847e+11,0.000494453|5.21063e-05|1.2987e-05|8.81202e-05|0.00089026|8.49487e-05|8.45967e-05|1.88732e-05|8.24006e-05|3.71253e-05|0.000116235|6.27016e-05|5.53896e-05|1.04425e-05|3.91885e-05|0.00096308|1.77434e-05|0.000223952|0.000261527|2.98936e-05|5.13815e-05|0.000634307|6.21631e-05|1.88608e-05|4.789e-05|0.000179959|0.00024651|0.000125062|1.54283e-05|0.000185382,0.000316017|0.000368678|0.000286765|0.00494291|0.000350126|0.000906866|0.000162335|0.000135861|0.00794111|0.00313588|0.00126856|0.00113469|0.0025393|0.00950649|0.000640186|0.00195589|0.0006856|0.00843573|0.000768065|0.000681499|0.00295865|0.00151267|0.00341054|0.00214239|0.00655588|0.00292552|0.00308746|0.00231296|0.00907722|0.00344885,0.0109342|0.0108696|0.0377902|0.0381696|0.0362414|0.04851|0.0108045|0.0266797|0.0242596|0.0266048|0.0100727|0.00597815|0.00111942|0.0263713|0.029632|0.00712365|0.0408661|0.0370095|0.0201979|0.0192976|0.0286141|0.0186268|0.0237043|0.00156873|0.00398508|0.00778345|0.0211034|0.0255931|0.00638914|0.0365406,0.000178506|0.0181411|0.0195364|0.00800322|0.0472365|0.0115254|0.0326183|0.0436548|0.0480911|0.0179693|0.0107197|0.0245713|0.0449458|0.00318517|0.0482082|0.0414669|0.040072|0.00589983|0.0291803|0.0120519|0.0216638|0.00979507|0.0488574|0.0470058|0.0178703|0.0161829|0.0151027|0.00291922|0.0483596|0.0130093,0.973537|0.923215|0.951762|0.90679|0.953794|0.949999|0.912097|0.933821|0.98053|0.958619|0.903245|0.962416|0.924329|0.902547|0.924883|0.971602|0.95984|0.984554|0.941018|0.946711|0.966653|0.977244|0.981332|0.989289|0.972158|0.953313|0.943878|0.962742|0.910708|0.98883,4.63983|4.79469|0.85792|1.41691|3.07459|0.722366|5.92115|5.77568|5.59786|2.63855|4.68449|1.97158|1.19952|5.09423|2.06342|3.14177|0.048646|5.26958|1.39448|4.38273|4.60778|2.33192|4.96971|0.578949|5.42296|0.10397|4.82496|0.0327787|5.41755|4.04415,90.7492|58.7029|37.9513|94.4507|96.5216|51.9256|32.5899|93.0484|89.0369|47.0482|65.1286|24.4191|52.0957|59.2872|42.5138|55.6995|15.3326|67.5745|34.0839|55.8812|39.9413|88.9922|37.5994|21.8454|69.5993|86.0567|70.4589|37.0378|82.9474,0.215706|0.201188|0.246589|0.168303|0.241387|0.247077|0.178102|0.176232|0.198053|0.167884|0.203746|0.239532|0.199024|0.200548|0.197352|0.206062|0.236297|0.2055|0.248409|0.234874|0.180359|0.246364|0.17745|0.220509|0.204659|0.16799|0.246199|0.191256|0.24308,0.53635|0.666395|0.157157|0.263233|0.664018|0.469529|0.548301|0.182879|0.704733|0.410418|0.514129|0.991722|0.46236|0.127053|0.602799|0.677391|0.655447|0.968257|0.983209|0.16843|0.129355|0.83582|0.871942|0.936019|0.237533|0.799966|0.415176|0.182586|0.624607,0.869523,0.801463,0.117836,0.0993652,0.460468,0.534015,0.0732846,0.487967,0.198257,0.921169,51.6436,5.43263e-12,47756,0.887486,41.1981,1.06086e-12,38445,0.895553,0.876428,0.0878307,0.631141,0.996144,0.511517,0.22039,0.459803,0.228135,0.891603,87.9902,7.64954e-10,30733,0.967162,70.4477,9.04596e-11,52512
24,1140,n1->n13->n12->n14->n75->n73->n10->n8->n7->n2->n4->n27->n29->n31->n30->n32->n33->n84->n83->n81->n37->n38->n39->n41->n44->n45->n47->n48->n50->n51,5.37021e+09|6.60497e+13|9.70597e+10|3.70261e+10|8.71921e+10|1.41706e+11|2.49624e+09|4.61239e+13|3.81012e+11|5.94248e+10|7.07339e+12|4.19351e+12|3.6336e+13|4.79342e+12|1.26395e+10|1.78367e+12|3.64323e+13|1.07392e+09|3.76373e+13|2.58887e+10|2.79748e+13|1.16426e+13|3.34792e+13|3.95737e+11|5.26537e+13|8.38488e+13|4.74236e+11|3.98001e+12|2.36425e+09|7.46708e+11,8.19724e+08|8.87204e+12|2.76143e+10|1.44234e+10|5.29113e+10|5.76853e+10|7.32581e+08|1.04208e+13|6.70334e+10|3.74975e+10|2.43435e+12|8.73344e+11|1.77292e+13|4.42443e+12|1.81012e+09|1.05491e+12|6.32377e+12|9.00899e+08|2.34723e+13|8.36206e+09|4.96975e+12|1.19258e+12|1.12013e+13|1.47899e+11|2.86817e+13|1.01787e+13|1.54765e+11|1.69514e+12|4.07889e+08|5.06847e+11,0.000494453|0.000787814|0.000201974|3.25754e-05|0.000766915|6.32916e-05|6.27016e-05|6.6054e-05|0.000475679|1.10648e-05|0.000113681|1.08528e-05|0.000125062|0.00024651|4.789e-05|0.000179959|1.50316e-05|2.14473e-05|1.86087e-05|0.000268232|1.06248e-05|1.04425e-05|5.53896e-05|2.35935e-05|0.000124649|1.67225e-05|0.000202873|4.78153e-05|1.54283e-05|0.000185382,0.000316017|0.00788063|0.0016732|0.000181646|0.000203965|0.000807753|0.00113469|0.00522046|0.00104538|0.00120557|0.00198341|0.00262605|0.00231296|0.00308746|0.00655588|0.00292552|0.00213059|0.000434313|0.000175452|0.000752991|0.000261291|0.00950649|0.0025393|0.00412419|0.00158999|0.000742576|0.000266598|0.00544009|0.00907722|0.00344885,0.0109342|0.0476737|0.0313381|0.0426128|0.0243876|0.0455502|0.00597815|0.0318744|0.01754|0.00369149|0.0350273|0.0303206|0.0255931|0.0211034|0.00398508|0.00778345|0.00968695|0.0473575|0.015405|0.0481357|0.0457563|0.0263713|0.00111942|0.00451081|0.0486405|0.00846218|0.00898217|0.0455031|0.00638914|0.0365406,0.000178506|0.00335145|0.0470205|0.049061|0.0250863|0.028193|0.0245713|0.0483133|0.0283975|0.0127317|0.0273051|0.0230682|0.00291922|0.0151027|0.0178703|0.0161829|0.0280967|0.0366447|0.038157|0.00997263|0.0105712|0.00318517|0.0449458|0.00491436|0.00764508|0.0342415|0.0488958|0.0360942|0.0483596|0.0130093,0.973537|0.954869|0.937315|0.906626|0.936129|0.909539|0.962416|0.975256|0.963898|0.968894|0.917619|0.985376|0.962742|0.943878|0.972158|0.953313|0.923653|0.948551|0.947801|0.948836|0.964079|0.902547|0.924329|0.923722|0.932977|0.934264|0.9108|0.967439|0.910708|0.98883,4.63983|5.26639|3.07758|0.762282|3.39264|3.29092|1.97158|3.22282|3.51107|4.74216|1.56082|4.5695|0.0327787|4.82496|5.42296|0.10397|1.04264|5.42186|4.11052|1.5908|4.96174|5.09423|1.19952|4.11092|2.64532|5.31688|6.27947|3.09858|5.41755|4.04415,79.8117|56.34|51.9585|56.2706|85.6152|29.3778|99.595|55.4093|88.6198|30.2686|52.1141|49.6282|70.4589|88.6669|69.5993|61.2747|59.7094|20.1884|78.7627|88.8597|46.986|52.0957|38.9947|12.7315|57.1366|40.979|78.8723|23.5956|82.9474,0.246796|0.206669|0.222459|0.226178|0.185893|0.202302|0.184434|0.230451|0.228013|0.239023|0.184605|0.180772|0.246199|0.215598|0.204659|0.208144|0.183728|0.246081|0.170031|0.211898|0.170599|0.199024|0.18226|0.246433|0.235241|0.216949|0.239998|0.191801|0.24308,0.338018|0.285239|0.326911|0.725021|0.624191|0.747283|0.703378|0.745697|0.84397|0.514427|0.200735|0.511755|0.415176|0.123891|0.237533|0.704271|0.218166|0.599197|0.530775|0.430076|0.662799|0.46236|0.988985|0.665882|0.218954|0.317946|0.300482|0.688345|0.624607,0.869523,0.801463,0.117836,0.0993652,0.460468,0.534015,0.0732846,0.487967,0.198257,0.921169,51.6436,5.43263e-12,47756,0.887486,41.1981,1.06086e-12,38445,0.895553,0.876428,0.0878307,0.631141,0.996144,0.511517,0.22039,0.459803,0.228135,0.891603,87.9902,7.64954e-10,30733,0.967162,70.4477,9.04596e-11,52512
24,1141,n1->n20->n89->n90->n100->n2->n4->n75->n14->n12->n13->n11->n29->n28->n69->n70->n72->n77->n93->n94->n96->n97->n95->n82->n80->n81->n37->n65->n52->n51,5.37021e+09|4.0293e+11|2.68119e+11|1.33273e+11|4.01966e+09|5.94248e+10|7.07339e+12|8.71921e+10|3.70261e+10|9.70597e+10|6.60497e+13|1.78735e+12|3.6336e+13|1.34247e+11|8.81277e+09|6.87309e+13|6.83442e+09|5.68112e+11|4.22601e+13|1.36531e+10|2.51165e+12|2.90604e+09|1.05601e+11|1.07979e+13|2.45686e+13|2.58887e+10|2.79748e+13|1.12599e+09|1.02428e+10|7.46708e+11,8.19724e+08|1.89646e+11|9.23423e+10|6.41526e+10|2.27749e+09|3.74975e+10|2.43435e+12|5.29113e+10|1.44234e+10|2.76143e+10|8.87204e+12|3.29521e+11|1.77292e+13|1.51805e+10|7.57626e+09|9.78332e+12|1.48353e+09|3.56307e+11|1.3774e+13|1.67171e+09|5.36324e+11|5.04144e+08|5.46554e+10|1.66379e+12|2.75437e+12|8.36206e+09|4.96975e+12|3.2906e+08|2.07235e+09|5.06847e+11,0.000494453|5.21063e-05|3.55201e-05|0.000319756|0.000665246|1.10648e-05|0.000113681|0.000766915|3.25754e-05|0.000201974|0.000787814|5.47786e-05|0.000125062|0.00056516|0.000268039|5.13815e-05|0.000159499|8.49487e-05|8.45967e-05|2.95455e-05|1.2987e-05|8.81202e-05|0.000260968|0.000837919|1.13052e-05|0.000268232|1.06248e-05|1.96575e-05|0.00011644|0.000185382,0.000316017|0.000368678|0.000111435|0.000672662|0.00914892|0.00120557|0.00198341|0.000203965|0.000181646|0.0016732|0.00788063|0.00652494|0.00231296|0.0093172|0.00367819|0.00295865|0.00384342|0.000906866|0.000162335|0.000125263|0.000286765|0.00494291|0.000186877|0.00271152|0.000238286|0.000752991|0.000261291|0.000428116|0.00580301|0.00344885,0.0109342|0.0108696|0.0107812|0.0285929|0.0100829|0.00369149|0.0350273|0.0243876|0.0426128|0.0313381|0.0476737|0.00125292|0.0255931|0.0317261|0.022957|0.0286141|0.0479977|0.04851|0.0108045|0.00830448|0.0377902|0.0381696|0.00282907|0.0278433|0.00592883|0.0481357|0.0457563|0.00118659|0.0398377|0.0365406,0.000178506|0.0181411|0.0401575|0.0372754|0.0460028|0.0127317|0.0273051|0.0250863|0.049061|0.0470205|0.00335145|0.0136412|0.00291922|0.03841|0.0100342|0.0216638|0.0299903|0.0115254|0.0326183|0.0293842|0.0195364|0.00800322|0.0420997|0.0266174|0.0262948|0.00997263|0.0105712|0.00176737|0.0151024|0.0130093,0.973537|0.923215|0.926416|0.984478|0.935175|0.968894|0.917619|0.936129|0.906626|0.937315|0.954869|0.988894|0.962742|0.948072|0.975915|0.966653|0.96924|0.949999|0.912097|0.927471|0.951762|0.90679|0.966581|0.934435|0.919013|0.948836|0.964079|0.967717|0.965406|0.98883,4.63983|4.79469|0.0868458|4.02061|3.89025|4.74216|1.56082|3.39264|0.762282|3.07758|5.26639|0.923897|0.0327787|1.48687|2.99986|4.60778|3.90463|0.722366|5.92115|5.03384|0.85792|1.41691|1.09944|0.132111|0.100836|1.5908|4.96174|4.1126|0.0104102|4.04415,90.7492|18.2346|12.726|32.7492|37.015|30.2686|81.7362|56.2706|51.9585|56.34|13.9548|13.2112|18.7034|97.1045|74.5377|97.4405|92.3918|51.9256|63.1349|71.0086|37.9513|11.8968|75.699|47.0365|15.5679|88.8597|13.4252|56.1703|83.3731,0.215706|0.231355|0.226099|0.191207|0.17211|0.239023|0.218556|0.226178|0.222459|0.206669|0.189728|0.219003|0.249902|0.207556|0.172691|0.180102|0.167022|0.247077|0.209804|0.230021|0.246589|0.228013|0.21275|0.231931|0.212149|0.211898|0.230756|0.247907|0.197114,0.53635|0.595303|0.757755|0.878161|0.315214|0.514427|0.847503|0.725021|0.326911|0.285239|0.801183|0.427028|0.259002|0.438091|0.416585|0.79408|0.776051|0.469529|0.17375|0.131268|0.157157|0.342677|0.837867|0.796307|0.870283|0.430076|0.986996|0.827328|0.942894,0.869523,0.801463,0.117836,0.0993652,0.460468,0.534015,0.0732846,0.487967,0.198257,0.921169,51.6436,5.43263e-12,47756,0.887486,41.1981,1.06086e-12,38445,0.895553,0.876428,0.0878307,0.631141,0.996144,0.511517,0.22039,0.459803,0.228135,0.891603,87.9902,7.64954e-10,30733,0.967162,70.4477,9.04596e-11,52512
24,1142,n1->n13->n14->n12->n8->n10->n73->n72->n71->n75->n4->n2->n7->n5->n65->n64->n49->n47->n45->n44->n78->n76->n74->n57->n98->n99->n97->n96->n94->n51,5.37021e+09|6.60497e+13|3.70261e+10|9.70597e+10|4.61239e+13|2.49624e+09|1.41706e+11|6.83442e+09|7.70008e+11|8.71921e+10|7.07339e+12|5.94248e+10|3.81012e+11|2.91995e+11|1.12599e+09|4.21034e+09|2.45005e+09|4.74236e+11|8.38488e+13|5.26537e+13|3.25238e+10|4.21804e+13|5.8385e+13|4.14288e+09|1.8266e+13|1.57108e+10|2.90604e+09|2.51165e+12|1.36531e+10|7.46708e+11,8.19724e+08|8.87204e+12|1.44234e+10|2.76143e+10|1.04208e+13|7.32581e+08|5.76853e+10|1.48353e+09|1.60546e+11|5.29113e+10|2.43435e+12|3.74975e+10|6.70334e+10|4.67133e+10|3.2906e+08|1.60867e+09|2.44458e+09|1.54765e+11|1.01787e+13|2.86817e+13|2.30731e+10|1.15782e+13|7.35096e+12|2.05006e+09|5.99087e+12|4.21389e+09|5.04144e+08|5.36324e+11|1.67171e+09|5.06847e+11,0.000494453|0.000787814|3.25754e-05|0.000201974|6.6054e-05|6.27016e-05|6.32916e-05|0.000159499|0.00017279|0.000766915|0.000113681|1.10648e-05|0.000475679|7.03031e-05|1.96575e-05|1.88732e-05|1.07426e-05|0.000202873|1.67225e-05|0.000124649|0.000270955|1.88608e-05|0.000875739|0.000173612|0.000410965|0.00089026|8.81202e-05|1.2987e-05|2.95455e-05|0.000185382,0.000316017|0.00788063|0.000181646|0.0016732|0.00522046|0.00113469|0.000807753|0.00384342|0.00123164|0.000203965|0.00198341|0.00120557|0.00104538|0.000196916|0.000428116|0.000135861|0.000979027|0.000266598|0.000742576|0.00158999|0.00167497|0.00214239|0.00944671|0.00271581|0.000548485|0.000350126|0.00494291|0.000286765|0.000125263|0.00344885,0.0109342|0.0476737|0.0426128|0.0313381|0.0318744|0.00597815|0.0455502|0.0479977|0.0398828|0.0243876|0.0350273|0.00369149|0.01754|0.00731162|0.00118659|0.0266797|0.0183567|0.00898217|0.00846218|0.0486405|0.00569443|0.00156873|0.0280357|0.0328142|0.0295222|0.0362414|0.0381696|0.0377902|0.00830448|0.0365406,0.000178506|0.00335145|0.049061|0.0470205|0.0483133|0.0245713|0.028193|0.0299903|0.0326729|0.0250863|0.0273051|0.0127317|0.0283975|0.0421608|0.00176737|0.0436548|0.0388066|0.0488958|0.0342415|0.00764508|0.0425349|0.0470058|0.0166219|0.0437642|0.0297366|0.0472365|0.00800322|0.0195364|0.0293842|0.0130093,0.973537|0.954869|0.906626|0.937315|0.975256|0.962416|0.909539|0.96924|0.947193|0.936129|0.917619|0.968894|0.963898|0.951514|0.967717|0.933821|0.969899|0.9108|0.934264|0.932977|0.92832|0.989289|0.90082|0.983348|0.959539|0.953794|0.90679|0.951762|0.927471|0.98883,4.63983|5.26639|0.762282|3.07758|3.22282|1.97158|3.29092|3.90463|0.117525|3.39264|1.56082|4.74216|3.51107|4.90362|4.1126|5.77568|3.94615|6.27947|5.31688|2.64532|3.3614|0.578949|0.0974208|1.93323|2.95405|3.07459|1.41691|0.85792|5.03384|4.04415,79.8117|92.5451|51.9585|81.3396|99.595|29.3778|29.1617|45.8448|14.5634|81.7362|30.2686|88.6198|37.2729|35.0583|56.7563|77.768|91.8261|40.979|57.1366|88.5528|69.3348|53.1277|95.6836|98.2355|58.4557|94.4507|37.9513|71.0086|11.2844,0.246796|0.191459|0.222459|0.186476|0.184434|0.202302|0.178937|0.218487|0.169453|0.218556|0.239023|0.228013|0.176784|0.209201|0.186349|0.165457|0.228404|0.216949|0.235241|0.200088|0.194827|0.181342|0.169856|0.190047|0.227784|0.168303|0.246589|0.230021|0.200895,0.338018|0.161307|0.326911|0.379326|0.703378|0.747283|0.920295|0.29317|0.275247|0.847503|0.514427|0.84397|0.943162|0.297185|0.927837|0.348083|0.133861|0.317946|0.218954|0.134865|0.93416|0.519715|0.815246|0.757428|0.686264|0.263233|0.157157|0.131268|0.836539,0.869523,0.801463,0.117836,0.0993652,0.460468,0.534015,0.0732846,0.487967,0.198257,0.921169,51.6436,5.43263e-12,47756,0.887486,41.1981,1.06086e-12,38445,0.895553,0.876428,0.0878307,0.631141,0.996144,0.511517,0.22039,0.459803,0.228135,0.891603,87.9902,7.64954e-10,30733,0.967162,70.4477,9.04596e-11,52512
24,1143,n1->n99->n98->n57->n83->n23->n21->n22->n68->n58->n85->n78->n80->n81->n37->n39->n38->n67->n64->n62->n61->n63->n42->n44->n41->n43->n45->n47->n49->n51,5.37021e+09|1.57108e+10|1.8266e+13|4.14288e+09|3.76373e+13|4.63033e+10|1.56161e+12|1.47e+10|1.31753e+09|8.16696e+09|2.02447e+09|3.25238e+10|2.45686e+13|2.58887e+10|2.79748e+13|3.34792e+13|1.16426e+13|4.7483e+09|4.21034e+09|2.37342e+11|6.44979e+11|6.55204e+12|2.42905e+09|5.26537e+13|3.95737e+11|1.40931e+10|8.38488e+13|4.74236e+11|2.45005e+09|7.46708e+11,8.19724e+08|4.21389e+09|5.99087e+12|2.05006e+09|2.34723e+13|3.30225e+10|3.02345e+11|9.51029e+09|3.10679e+08|6.89506e+09|2.41326e+08|2.30731e+10|2.75437e+12|8.36206e+09|4.96975e+12|1.12013e+13|1.19258e+12|7.5553e+08|1.60867e+09|1.13053e+11|1.30372e+11|2.63574e+12|2.47264e+08|2.86817e+13|1.47899e+11|3.26577e+09|1.01787e+13|1.54765e+11|2.44458e+09|5.06847e+11,0.000494453|0.00089026|0.000410965|0.000173612|1.86087e-05|0.000277161|0.00096308|1.77434e-05|0.000223952|0.000266735|2.04325e-05|0.000270955|1.13052e-05|0.000268232|1.06248e-05|5.53896e-05|1.04425e-05|3.91885e-05|1.88732e-05|8.24006e-05|3.71253e-05|0.000116235|8.79758e-05|0.000124649|2.35935e-05|0.000955168|1.67225e-05|0.000202873|1.07426e-05|0.000185382,0.000316017|0.000350126|0.000548485|0.00271581|0.000175452|0.00418014|0.00195589|0.0006856|0.00843573|0.00874893|0.000338175|0.00167497|0.000238286|0.000752991|0.000261291|0.0025393|0.00950649|0.000640186|0.000135861|0.00794111|0.00313588|0.00126856|0.000493531|0.00158999|0.00412419|0.00344494|0.000742576|0.000266598|0.000979027|0.00344885,0.0109342|0.0362414|0.0295222|0.0328142|0.015405|0.00314906|0.00712365|0.0408661|0.0370095|0.0248478|0.0354515|0.00569443|0.00592883|0.0481357|0.0457563|0.00111942|0.0263713|0.029632|0.0266797|0.0242596|0.0266048|0.0100727|0.00783732|0.0486405|0.00451081|0.0168583|0.00846218|0.00898217|0.0183567|0.0365406,0.000178506|0.0472365|0.0297366|0.0437642|0.038157|0.0470385|0.0414669|0.040072|0.00589983|0.0481122|0.0266209|0.0425349|0.0262948|0.00997263|0.0105712|0.0449458|0.00318517|0.0482082|0.0436548|0.0480911|0.0179693|0.0107197|0.0327962|0.00764508|0.00491436|0.0482719|0.0342415|0.0488958|0.0388066|0.0130093,0.973537|0.953794|0.959539|0.983348|0.947801|0.92176|0.971602|0.95984|0.984554|0.911658|0.940474|0.92832|0.919013|0.948836|0.964079|0.924329|0.902547|0.924883|0.933821|0.98053|0.958619|0.903245|0.960936|0.932977|0.923722|0.943219|0.934264|0.9108|0.969899|0.98883,4.63983|3.07459|2.95405|1.93323|4.11052|2.08786|3.14177|0.048646|5.26958|3.70937|4.91715|3.3614|0.100836|1.5908|4.96174|1.19952|5.09423|2.06342|5.77568|5.59786|2.63855|4.68449|0.765875|2.64532|4.11092|2.3897|5.31688|6.27947|3.94615|4.04415,66.2586|58.4557|98.2355|50.003|23.518|88.4205|55.6995|15.3326|56.905|90.6886|67.1704|66.5291|15.5679|88.8597|31.554|52.0957|59.2872|95.5844|93.0484|89.0369|47.0482|97.0433|21.0603|12.7315|43.4967|48.5398|40.979|91.8261|10.4661,0.180129|0.227784|0.190047|0.1911|0.181099|0.232237|0.206062|0.236297|0.185169|0.194345|0.184721|0.222935|0.212149|0.211898|0.195005|0.199024|0.200548|0.248978|0.176232|0.198053|0.167884|0.211509|0.23095|0.246433|0.160247|0.218428|0.216949|0.228404|0.216931,0.323551|0.686264|0.757428|0.161388|0.741177|0.516177|0.677391|0.655447|0.476138|0.45102|0.609732|0.109088|0.870283|0.430076|0.711047|0.46236|0.127053|0.480161|0.182879|0.704733|0.410418|0.758395|0.399278|0.665882|0.922117|0.854577|0.317946|0.133861|0.516407,0.869523,0.801463,0.117836,0.0993652,0.460468,0.534015,0.0732846,0.487967,0.198257,0.921169,51.6436,5.43263e-12,47756,0.887486,41.1981,1.06086e-12,38445,0.895553,0.876428,0.0878307,0.631141,0.996144,0.511517,0.22039,0.459803,0.228135,0.891603,87.9902,7.64954e-10,30733,0.967162,70.4477,9.04596e-11,52512
24,1144,n1->n99->n77->n23->n83->n84->n33->n24->n71->n72->n73->n54->n40->n42->n63->n61->n62->n46->n48->n89->n90->n100->n2->n7->n8->n12->n14->n96->n94->n51,5.37021e+09|1.57108e+10|5.68112e+11|4.63033e+10|3.76373e+13|1.07392e+09|3.64323e+13|1.59557e+13|7.70008e+11|6.83442e+09|1.41706e+11|2.80961e+11|3.58065e+10|2.42905e+09|6.55204e+12|6.44979e+11|2.37342e+11|5.53417e+12|3.98001e+12|2.68119e+11|1.33273e+11|4.01966e+09|5.94248e+10|3.81012e+11|4.61239e+13|9.70597e+10|3.70261e+10|2.51165e+12|1.36531e+10|7.46708e+11,8.19724e+08|4.21389e+09|3.56307e+11|3.30225e+10|2.34723e+13|9.00899e+08|6.32377e+12|4.06569e+12|1.60546e+11|1.48353e+09|5.76853e+10|2.23178e+11|4.14657e+09|2.47264e+08|2.63574e+12|1.30372e+11|1.13053e+11|1.63629e+12|1.69514e+12|9.23423e+10|6.41526e+10|2.27749e+09|3.74975e+10|6.70334e+10|1.04208e+13|2.76143e+10|1.44234e+10|5.36324e+11|1.67171e+09|5.06847e+11,0.000494453|0.00089026|8.49487e-05|0.000277161|1.86087e-05|2.14473e-05|1.50316e-05|0.000193265|0.00017279|0.000159499|6.32916e-05|1.47667e-05|6.01341e-05|8.79758e-05|0.000116235|3.71253e-05|8.24006e-05|0.000489732|4.78153e-05|3.55201e-05|0.000319756|0.000665246|1.10648e-05|0.000475679|6.6054e-05|0.000201974|3.25754e-05|1.2987e-05|2.95455e-05|0.000185382,0.000316017|0.000350126|0.000906866|0.00418014|0.000175452|0.000434313|0.00213059|0.0012727|0.00123164|0.00384342|0.000807753|0.00549128|0.00268841|0.000493531|0.00126856|0.00313588|0.00794111|0.000159088|0.00544009|0.000111435|0.000672662|0.00914892|0.00120557|0.00104538|0.00522046|0.0016732|0.000181646|0.000286765|0.000125263|0.00344885,0.0109342|0.0362414|0.04851|0.00314906|0.015405|0.0473575|0.00968695|0.0433038|0.0398828|0.0479977|0.0455502|0.0334079|0.0249103|0.00783732|0.0100727|0.0266048|0.0242596|0.029055|0.0455031|0.0107812|0.0285929|0.0100829|0.00369149|0.01754|0.0318744|0.0313381|0.0426128|0.0377902|0.00830448|0.0365406,0.000178506|0.0472365|0.0115254|0.0470385|0.038157|0.0366447|0.0280967|0.00780618|0.0326729|0.0299903|0.028193|0.00844474|0.033399|0.0327962|0.0107197|0.0179693|0.0480911|0.0302566|0.0360942|0.0401575|0.0372754|0.0460028|0.0127317|0.0283975|0.0483133|0.0470205|0.049061|0.0195364|0.0293842|0.0130093,0.973537|0.953794|0.949999|0.92176|0.947801|0.948551|0.923653|0.90929|0.947193|0.96924|0.909539|0.927525|0.920308|0.960936|0.903245|0.958619|0.98053|0.923372|0.967439|0.926416|0.984478|0.935175|0.968894|0.963898|0.975256|0.937315|0.906626|0.951762|0.927471|0.98883,4.63983|3.07459|0.722366|2.08786|4.11052|5.42186|1.04264|3.9732|0.117525|3.90463|3.29092|1.22009|2.50002|0.765875|4.68449|2.63855|5.59786|0.31178|3.09858|0.0868458|4.02061|3.89025|4.74216|3.51107|3.22282|3.07758|0.762282|0.85792|5.03384|4.04415,66.2586|96.5216|39.0733|23.518|20.1884|59.7094|98.0873|44.1502|45.8448|29.1617|26.1465|12.2677|77.6192|97.0433|47.0482|89.0369|56.7189|41.9872|94.0077|12.726|32.7492|37.015|88.6198|55.4093|81.3396|51.9585|54.7186|71.0086|11.2844,0.180129|0.241387|0.178948|0.181099|0.246081|0.183728|0.239791|0.204574|0.218487|0.178937|0.196311|0.248162|0.243521|0.211509|0.167884|0.198053|0.167864|0.178665|0.234363|0.226099|0.191207|0.17211|0.228013|0.230451|0.186476|0.222459|0.208433|0.230021|0.200895,0.323551|0.664018|0.23533|0.741177|0.599197|0.218166|0.939209|0.45026|0.29317|0.920295|0.754315|0.812759|0.14346|0.758395|0.410418|0.704733|0.624525|0.182289|0.948873|0.757755|0.878161|0.315214|0.84397|0.745697|0.379326|0.326911|0.448351|0.131268|0.836539,0.869523,0.801463,0.117836,0.0993652,0.460468,0.534015,0.0732846,0.487967,0.198257,0.921169,51.6436,5.43263e-12,47756,0.887486,41.1981,1.06086e-12,38445,0.895553,0.876428,0.0878307,0.631141,0.996144,0.511517,0.22039,0.459803,0.228135,0.891603,87.9902,7.64954e-10,30733,0.967162,70.4477,9.04596e-11,52512
24,1145,n1->n99->n98->n57->n83->n85->n84->n33->n32->n31->n29->n11->n9->n7->n2->n4->n75->n73->n100->n90->n59->n58->n68->n19->n17->n18->n20->n96->n94->n51,5.37021e+09|1.57108e+10|1.8266e+13|4.14288e+09|3.76373e+13|2.02447e+09|1.07392e+09|3.64323e+13|1.78367e+12|4.79342e+12|3.6336e+13|1.78735e+12|1.49139e+12|3.81012e+11|5.94248e+10|7.07339e+12|8.71921e+10|1.41706e+11|4.01966e+09|1.33273e+11|3.04563e+11|8.16696e+09|1.31753e+09|2.47533e+11|1.51096e+11|7.59179e+12|4.0293e+11|2.51165e+12|1.36531e+10|7.46708e+11,8.19724e+08|4.21389e+09|5.99087e+12|2.05006e+09|2.34723e+13|2.41326e+08|9.00899e+08|6.32377e+12|1.05491e+12|4.42443e+12|1.77292e+13|3.29521e+11|3.79906e+11|6.70334e+10|3.74975e+10|2.43435e+12|5.29113e+10|5.76853e+10|2.27749e+09|6.41526e+10|3.06423e+10|6.89506e+09|3.10679e+08|2.33399e+11|1.57582e+10|4.11836e+12|1.89646e+11|5.36324e+11|1.67171e+09|5.06847e+11,0.000494453|0.00089026|0.000410965|0.000173612|1.86087e-05|2.04325e-05|2.14473e-05|1.50316e-05|0.000179959|0.00024651|0.000125062|5.47786e-05|1.80008e-05|0.000475679|1.10648e-05|0.000113681|0.000766915|6.32916e-05|0.000665246|0.000319756|2.43107e-05|0.000266735|0.000223952|0.000261527|0.000261059|2.98936e-05|5.21063e-05|1.2987e-05|2.95455e-05|0.000185382,0.000316017|0.000350126|0.000548485|0.00271581|0.000175452|0.000338175|0.000434313|0.00213059|0.00292552|0.00308746|0.00231296|0.00652494|0.00065196|0.00104538|0.00120557|0.00198341|0.000203965|0.000807753|0.00914892|0.000672662|0.000202742|0.00874893|0.00843573|0.000768065|0.000513001|0.000681499|0.000368678|0.000286765|0.000125263|0.00344885,0.0109342|0.0362414|0.0295222|0.0328142|0.015405|0.0354515|0.0473575|0.00968695|0.00778345|0.0211034|0.0255931|0.00125292|0.0140743|0.01754|0.00369149|0.0350273|0.0243876|0.0455502|0.0100829|0.0285929|0.00304046|0.0248478|0.0370095|0.0201979|0.0430027|0.0192976|0.0108696|0.0377902|0.00830448|0.0365406,0.000178506|0.0472365|0.0297366|0.0437642|0.038157|0.0266209|0.0366447|0.0280967|0.0161829|0.0151027|0.00291922|0.0136412|0.033904|0.0283975|0.0127317|0.0273051|0.0250863|0.028193|0.0460028|0.0372754|0.0474075|0.0481122|0.00589983|0.0291803|0.00442808|0.0120519|0.0181411|0.0195364|0.0293842|0.0130093,0.973537|0.953794|0.959539|0.983348|0.947801|0.940474|0.948551|0.923653|0.953313|0.943878|0.962742|0.988894|0.963574|0.963898|0.968894|0.917619|0.936129|0.909539|0.935175|0.984478|0.99171|0.911658|0.984554|0.941018|0.974312|0.946711|0.923215|0.951762|0.927471|0.98883,4.63983|3.07459|2.95405|1.93323|4.11052|4.91715|5.42186|1.04264|0.10397|4.82496|0.0327787|0.923897|5.88966|3.51107|4.74216|1.56082|3.39264|3.29092|3.89025|4.02061|5.60303|3.70937|5.26958|1.39448|5.11322|4.38273|4.79469|0.85792|5.03384|4.04415,66.2586|58.4557|98.2355|50.003|92.2019|82.1833|59.7094|61.2747|86.0567|70.4589|13.2112|99.0064|59.8148|88.6198|30.2686|81.7362|85.6152|20.1165|32.7492|62.2588|56.397|56.905|67.5745|10.3361|43.2583|89.2299|58.7029|71.0086|11.2844,0.180129|0.227784|0.190047|0.1911|0.231254|0.216313|0.183728|0.208144|0.16799|0.246199|0.219003|0.201409|0.18359|0.228013|0.239023|0.218556|0.185893|0.175955|0.191207|0.169222|0.21902|0.185169|0.2055|0.172286|0.218822|0.247215|0.201188|0.230021|0.200895,0.323551|0.686264|0.757428|0.161388|0.604504|0.528406|0.218166|0.704271|0.799966|0.415176|0.427028|0.439638|0.339058|0.84397|0.514427|0.847503|0.624191|0.825877|0.878161|0.361153|0.533324|0.476138|0.968257|0.559133|0.981182|0.652252|0.666395|0.131268|0.836539,0.869523,0.801463,0.117836,0.0993652,0.460468,0.534015,0.0732846,0.487967,0.198257,0.921169,51.6436,5.43263e-12,47756,0.887486,41.1981,1.06086e-12,38445,0.895553,0.876428,0.0878307,0.631141,0.996144,0.511517,0.22039,0.459803,0.228135,0.891603,87.9902,7.64954e-10,30733,0.967162,70.4477,9.04596e-11,52512
24,1146,n1->n13->n11->n29->n15->n63->n61->n62->n60->n59->n90->n89->n20->n96->n14->n12->n6->n33->n32->n34->n35->n74->n57->n83->n84->n56->n54->n53->n52->n51,5.37021e+09|6.60497e+13|1.78735e+12|3.6336e+13|8.77071e+11|6.55204e+12|6.44979e+11|2.37342e+11|8.79841e+13|3.04563e+11|1.33273e+11|2.68119e+11|4.0293e+11|2.51165e+12|3.70261e+10|9.70597e+10|1.14208e+09|3.64323e+13|1.78367e+12|4.7313e+12|5.77859e+11|5.8385e+13|4.14288e+09|3.76373e+13|1.07392e+09|1.1605e+12|2.80961e+11|4.60474e+10|1.02428e+10|7.46708e+11,8.19724e+08|8.87204e+12|3.29521e+11|1.77292e+13|1.06991e+11|2.63574e+12|1.30372e+11|1.13053e+11|5.95756e+13|3.06423e+10|6.41526e+10|9.23423e+10|1.89646e+11|5.36324e+11|1.44234e+10|2.76143e+10|2.20459e+08|6.32377e+12|1.05491e+12|1.15705e+12|4.88834e+11|7.35096e+12|2.05006e+09|2.34723e+13|9.00899e+08|5.65456e+11|2.23178e+11|3.18273e+10|2.07235e+09|5.06847e+11,0.000494453|0.000787814|5.47786e-05|0.000125062|0.000182949|0.000116235|3.71253e-05|8.24006e-05|0.000731749|2.43107e-05|0.000319756|3.55201e-05|5.21063e-05|1.2987e-05|3.25754e-05|0.000201974|1.08483e-05|1.50316e-05|0.000179959|0.000140889|0.000412952|0.000875739|0.000173612|1.86087e-05|2.14473e-05|1.7812e-05|1.47667e-05|2.00633e-05|0.00011644|0.000185382,0.000316017|0.00788063|0.00652494|0.00231296|0.00274771|0.00126856|0.00313588|0.00794111|0.000248463|0.000202742|0.000672662|0.000111435|0.000368678|0.000286765|0.000181646|0.0016732|0.00010157|0.00213059|0.00292552|0.000270551|0.00138752|0.00944671|0.00271581|0.000175452|0.000434313|0.000830638|0.00549128|0.000509085|0.00580301|0.00344885,0.0109342|0.0476737|0.00125292|0.0255931|0.0207315|0.0100727|0.0266048|0.0242596|0.0128442|0.00304046|0.0285929|0.0107812|0.0108696|0.0377902|0.0426128|0.0313381|0.00160082|0.00968695|0.00778345|0.0276207|0.00215298|0.0280357|0.0328142|0.015405|0.0473575|0.0231698|0.0334079|5.21659e-05|0.0398377|0.0365406,0.000178506|0.00335145|0.0136412|0.00291922|0.0378122|0.0107197|0.0179693|0.0480911|0.0431033|0.0474075|0.0372754|0.0401575|0.0181411|0.0195364|0.049061|0.0470205|0.0260762|0.0280967|0.0161829|0.0210615|0.0375959|0.0166219|0.0437642|0.038157|0.0366447|0.0417641|0.00844474|0.00115664|0.0151024|0.0130093,0.973537|0.954869|0.988894|0.962742|0.910795|0.903245|0.958619|0.98053|0.945549|0.99171|0.984478|0.926416|0.923215|0.951762|0.906626|0.937315|0.908628|0.923653|0.953313|0.904866|0.952159|0.90082|0.983348|0.947801|0.948551|0.944528|0.927525|0.913872|0.965406|0.98883,4.63983|5.26639|0.923897|0.0327787|1.89272|4.68449|2.63855|5.59786|4.50487|5.60303|4.02061|0.0868458|4.79469|0.85792|0.762282|3.07758|5.01633|1.04264|0.10397|4.56594|5.24666|0.0974208|1.93323|4.11052|5.42186|2.55597|1.22009|0.640024|0.0104102|4.04415,79.8117|13.9548|13.2112|32.2763|11.0615|47.0482|89.0369|48.3985|76.8491|62.2588|12.726|18.2346|58.7029|54.7186|51.9585|32.9383|50.0569|61.2747|23.0914|26.2497|67.7415|95.6836|50.003|20.1884|34.4372|42.6814|75.3264|81.3721|83.3731,0.246796|0.189728|0.219003|0.240047|0.214255|0.167884|0.198053|0.17162|0.204072|0.169222|0.226099|0.231355|0.201188|0.208433|0.222459|0.230728|0.19306|0.208144|0.18593|0.244194|0.161632|0.169856|0.1911|0.246081|0.222961|0.167734|0.191357|0.184589|0.197114,0.338018|0.801183|0.427028|0.895675|0.692153|0.410418|0.704733|0.641887|0.509755|0.361153|0.757755|0.595303|0.666395|0.448351|0.326911|0.628307|0.116472|0.704271|0.12287|0.307851|0.301798|0.815246|0.161388|0.599197|0.762891|0.927159|0.567841|0.272111|0.942894,0.869523,0.801463,0.117836,0.0993652,0.460468,0.534015,0.0732846,0.487967,0.198257,0.921169,51.6436,5.43263e-12,47756,0.887486,41.1981,1.06086e-12,38445,0.895553,0.876428,0.0878307,0.631141,0.996144,0.511517,0.22039,0.459803,0.228135,0.891603,87.9902,7.64954e-10,30733,0.967162,70.4477,9.04596e-11,52512
24,1147,n1->n13->n11->n29->n15->n63->n82->n80->n81->n37->n65->n5->n7->n2->n100->n73->n72->n45->n43->n41->n44->n78->n76->n69->n70->n18->n20->n96->n94->n51,5.37021e+09|6.60497e+13|1.78735e+12|3.6336e+13|8.77071e+11|6.55204e+12|1.07979e+13|2.45686e+13|2.58887e+10|2.79748e+13|1.12599e+09|2.91995e+11|3.81012e+11|5.94248e+10|4.01966e+09|1.41706e+11|6.83442e+09|8.38488e+13|1.40931e+10|3.95737e+11|5.26537e+13|3.25238e+10|4.21804e+13|8.81277e+09|6.87309e+13|7.59179e+12|4.0293e+11|2.51165e+12|1.36531e+10|7.46708e+11,8.19724e+08|8.87204e+12|3.29521e+11|1.77292e+13|1.06991e+11|2.63574e+12|1.66379e+12|2.75437e+12|8.36206e+09|4.96975e+12|3.2906e+08|4.67133e+10|6.70334e+10|3.74975e+10|2.27749e+09|5.76853e+10|1.48353e+09|1.01787e+13|3.26577e+09|1.47899e+11|2.86817e+13|2.30731e+10|1.15782e+13|7.57626e+09|9.78332e+12|4.11836e+12|1.89646e+11|5.36324e+11|1.67171e+09|5.06847e+11,0.000494453|0.000787814|5.47786e-05|0.000125062|0.000182949|0.000116235|0.000837919|1.13052e-05|0.000268232|1.06248e-05|1.96575e-05|7.03031e-05|0.000475679|1.10648e-05|0.000665246|6.32916e-05|0.000159499|1.67225e-05|0.000955168|2.35935e-05|0.000124649|0.000270955|1.88608e-05|0.000268039|5.13815e-05|2.98936e-05|5.21063e-05|1.2987e-05|2.95455e-05|0.000185382,0.000316017|0.00788063|0.00652494|0.00231296|0.00274771|0.00126856|0.00271152|0.000238286|0.000752991|0.000261291|0.000428116|0.000196916|0.00104538|0.00120557|0.00914892|0.000807753|0.00384342|0.000742576|0.00344494|0.00412419|0.00158999|0.00167497|0.00214239|0.00367819|0.00295865|0.000681499|0.000368678|0.000286765|0.000125263|0.00344885,0.0109342|0.0476737|0.00125292|0.0255931|0.0207315|0.0100727|0.0278433|0.00592883|0.0481357|0.0457563|0.00118659|0.00731162|0.01754|0.00369149|0.0100829|0.0455502|0.0479977|0.00846218|0.0168583|0.00451081|0.0486405|0.00569443|0.00156873|0.022957|0.0286141|0.0192976|0.0108696|0.0377902|0.00830448|0.0365406,0.000178506|0.00335145|0.0136412|0.00291922|0.0378122|0.0107197|0.0266174|0.0262948|0.00997263|0.0105712|0.00176737|0.0421608|0.0283975|0.0127317|0.0460028|0.028193|0.0299903|0.0342415|0.0482719|0.00491436|0.00764508|0.0425349|0.0470058|0.0100342|0.0216638|0.0120519|0.0181411|0.0195364|0.0293842|0.0130093,0.973537|0.954869|0.988894|0.962742|0.910795|0.903245|0.934435|0.919013|0.948836|0.964079|0.967717|0.951514|0.963898|0.968894|0.935175|0.909539|0.96924|0.934264|0.943219|0.923722|0.932977|0.92832|0.989289|0.975915|0.966653|0.946711|0.923215|0.951762|0.927471|0.98883,4.63983|5.26639|0.923897|0.0327787|1.89272|4.68449|0.132111|0.100836|1.5908|4.96174|4.1126|4.90362|3.51107|4.74216|3.89025|3.29092|3.90463|5.31688|2.3897|4.11092|2.64532|3.3614|0.578949|2.99986|4.60778|4.38273|4.79469|0.85792|5.03384|4.04415,79.8117|13.9548|13.2112|32.2763|11.0615|48.6997|47.0365|15.5679|88.8597|13.4252|35.0583|37.2729|88.6198|37.015|20.1165|29.1617|63.1262|48.5398|43.4967|12.7315|88.5528|69.3348|66.666|74.5377|55.8812|89.2299|58.7029|71.0086|11.2844,0.246796|0.189728|0.219003|0.240047|0.214255|0.175742|0.231931|0.212149|0.211898|0.230756|0.209201|0.176784|0.228013|0.17211|0.175955|0.178937|0.243732|0.218428|0.160247|0.246433|0.200088|0.194827|0.212271|0.172691|0.234874|0.247215|0.201188|0.230021|0.200895,0.338018|0.801183|0.427028|0.895675|0.692153|0.4301|0.796307|0.870283|0.430076|0.986996|0.297185|0.943162|0.84397|0.315214|0.825877|0.920295|0.65643|0.854577|0.922117|0.665882|0.134865|0.93416|0.890059|0.416585|0.16843|0.652252|0.666395|0.131268|0.836539,0.869523,0.801463,0.117836,0.0993652,0.460468,0.534015,0.0732846,0.487967,0.198257,0.921169,51.6436,5.43263e-12,47756,0.887486,41.1981,1.06086e-12,38445,0.895553,0.876428,0.0878307,0.631141,0.996144,0.511517,0.22039,0.459803,0.228135,0.891603,87.9902,7.64954e-10,30733,0.967162,70.4477,9.04596e-11,52512
24,1148,n1->n20->n19->n17->n18->n70->n69->n76->n78->n80->n81->n37->n38->n39->n10->n8->n12->n6->n33->n32->n34->n35->n74->n75->n73->n72->n45->n47->n49->n51,5.37021e+09|4.0293e+11|2.47533e+11|1.51096e+11|7.59179e+12|6.87309e+13|8.81277e+09|4.21804e+13|3.25238e+10|2.45686e+13|2.58887e+10|2.79748e+13|1.16426e+13|3.34792e+13|2.49624e+09|4.61239e+13|9.70597e+10|1.14208e+09|3.64323e+13|1.78367e+12|4.7313e+12|5.77859e+11|5.8385e+13|8.71921e+10|1.41706e+11|6.83442e+09|8.38488e+13|4.74236e+11|2.45005e+09|7.46708e+11,8.19724e+08|1.89646e+11|2.33399e+11|1.57582e+10|4.11836e+12|9.78332e+12|7.57626e+09|1.15782e+13|2.30731e+10|2.75437e+12|8.36206e+09|4.96975e+12|1.19258e+12|1.12013e+13|7.32581e+08|1.04208e+13|2.76143e+10|2.20459e+08|6.32377e+12|1.05491e+12|1.15705e+12|4.88834e+11|7.35096e+12|5.29113e+10|5.76853e+10|1.48353e+09|1.01787e+13|1.54765e+11|2.44458e+09|5.06847e+11,0.000494453|5.21063e-05|0.000261527|0.000261059|2.98936e-05|5.13815e-05|0.000268039|1.88608e-05|0.000270955|1.13052e-05|0.000268232|1.06248e-05|1.04425e-05|5.53896e-05|6.27016e-05|6.6054e-05|0.000201974|1.08483e-05|1.50316e-05|0.000179959|0.000140889|0.000412952|0.000875739|0.000766915|6.32916e-05|0.000159499|1.67225e-05|0.000202873|1.07426e-05|0.000185382,0.000316017|0.000368678|0.000768065|0.000513001|0.000681499|0.00295865|0.00367819|0.00214239|0.00167497|0.000238286|0.000752991|0.000261291|0.00950649|0.0025393|0.00113469|0.00522046|0.0016732|0.00010157|0.00213059|0.00292552|0.000270551|0.00138752|0.00944671|0.000203965|0.000807753|0.00384342|0.000742576|0.000266598|0.000979027|0.00344885,0.0109342|0.0108696|0.0201979|0.0430027|0.0192976|0.0286141|0.022957|0.00156873|0.00569443|0.00592883|0.0481357|0.0457563|0.0263713|0.00111942|0.00597815|0.0318744|0.0313381|0.00160082|0.00968695|0.00778345|0.0276207|0.00215298|0.0280357|0.0243876|0.0455502|0.0479977|0.00846218|0.00898217|0.0183567|0.0365406,0.000178506|0.0181411|0.0291803|0.00442808|0.0120519|0.0216638|0.0100342|0.0470058|0.0425349|0.0262948|0.00997263|0.0105712|0.00318517|0.0449458|0.0245713|0.0483133|0.0470205|0.0260762|0.0280967|0.0161829|0.0210615|0.0375959|0.0166219|0.0250863|0.028193|0.0299903|0.0342415|0.0488958|0.0388066|0.0130093,0.973537|0.923215|0.941018|0.974312|0.946711|0.966653|0.975915|0.989289|0.92832|0.919013|0.948836|0.964079|0.902547|0.924329|0.962416|0.975256|0.937315|0.908628|0.923653|0.953313|0.904866|0.952159|0.90082|0.936129|0.909539|0.96924|0.934264|0.9108|0.969899|0.98883,4.63983|4.79469|1.39448|5.11322|4.38273|4.60778|2.99986|0.578949|3.3614|0.100836|1.5908|4.96174|5.09423|1.19952|1.97158|3.22282|3.07758|5.01633|1.04264|0.10397|4.56594|5.24666|0.0974208|3.39264|3.29092|3.90463|5.31688|6.27947|3.94615|4.04415,90.7492|86.2435|10.3361|43.2583|55.8812|74.5377|66.666|69.3348|66.5291|15.5679|88.8597|46.986|52.0957|24.4191|99.595|81.3396|32.9383|50.0569|61.2747|23.0914|26.2497|67.7415|64.3401|85.6152|29.1617|63.1262|40.979|91.8261|10.4661,0.215706|0.182991|0.172286|0.218822|0.234874|0.172691|0.212271|0.194827|0.222935|0.212149|0.211898|0.170599|0.199024|0.239532|0.184434|0.186476|0.230728|0.19306|0.208144|0.18593|0.244194|0.161632|0.220369|0.185893|0.178937|0.243732|0.216949|0.228404|0.216931,0.53635|0.182796|0.559133|0.981182|0.16843|0.416585|0.890059|0.93416|0.109088|0.870283|0.430076|0.662799|0.46236|0.991722|0.703378|0.379326|0.628307|0.116472|0.704271|0.12287|0.307851|0.301798|0.119032|0.624191|0.920295|0.65643|0.317946|0.133861|0.516407,0.869523,0.801463,0.117836,0.0993652,0.460468,0.534015,0.0732846,0.487967,0.198257,0.921169,51.6436,5.43263e-12,47756,0.887486,41.1981,1.06086e-12,38445,0.895553,0.876428,0.0878307,0.631141,0.996144,0.511517,0.22039,0.459803,0.228135,0.891603,87.9902,7.64954e-10,30733,0.967162,70.4477,9.04596e-11,52512
24,1149,n1->n13->n12->n8->n10->n39->n37->n65->n5->n3->n69->n28->n29->n31->n33->n32->n34->n35->n74->n75->n76->n78->n44->n42->n40->n54->n82->n63->n61->n51,5.37021e+09|6.60497e+13|9.70597e+10|4.61239e+13|2.49624e+09|3.34792e+13|2.79748e+13|1.12599e+09|2.91995e+11|2.78751e+13|8.81277e+09|1.34247e+11|3.6336e+13|4.79342e+12|3.64323e+13|1.78367e+12|4.7313e+12|5.77859e+11|5.8385e+13|8.71921e+10|4.21804e+13|3.25238e+10|5.26537e+13|2.42905e+09|3.58065e+10|2.80961e+11|1.07979e+13|6.55204e+12|6.44979e+11|7.46708e+11,8.19724e+08|8.87204e+12|2.76143e+10|1.04208e+13|7.32581e+08|1.12013e+13|4.96975e+12|3.2906e+08|4.67133e+10|1.44762e+13|7.57626e+09|1.51805e+10|1.77292e+13|4.42443e+12|6.32377e+12|1.05491e+12|1.15705e+12|4.88834e+11|7.35096e+12|5.29113e+10|1.15782e+13|2.30731e+10|2.86817e+13|2.47264e+08|4.14657e+09|2.23178e+11|1.66379e+12|2.63574e+12|1.30372e+11|5.06847e+11,0.000494453|0.000787814|0.000201974|6.6054e-05|6.27016e-05|5.53896e-05|1.06248e-05|1.96575e-05|7.03031e-05|0.00022361|0.000268039|0.00056516|0.000125062|0.00024651|1.50316e-05|0.000179959|0.000140889|0.000412952|0.000875739|0.000766915|1.88608e-05|0.000270955|0.000124649|8.79758e-05|6.01341e-05|1.47667e-05|0.000837919|0.000116235|3.71253e-05|0.000185382,0.000316017|0.00788063|0.0016732|0.00522046|0.00113469|0.0025393|0.000261291|0.000428116|0.000196916|0.00776667|0.00367819|0.0093172|0.00231296|0.00308746|0.00213059|0.00292552|0.000270551|0.00138752|0.00944671|0.000203965|0.00214239|0.00167497|0.00158999|0.000493531|0.00268841|0.00549128|0.00271152|0.00126856|0.00313588|0.00344885,0.0109342|0.0476737|0.0313381|0.0318744|0.00597815|0.00111942|0.0457563|0.00118659|0.00731162|0.0268705|0.022957|0.0317261|0.0255931|0.0211034|0.00968695|0.00778345|0.0276207|0.00215298|0.0280357|0.0243876|0.00156873|0.00569443|0.0486405|0.00783732|0.0249103|0.0334079|0.0278433|0.0100727|0.0266048|0.0365406,0.000178506|0.00335145|0.0470205|0.0483133|0.0245713|0.0449458|0.0105712|0.00176737|0.0421608|0.0326941|0.0100342|0.03841|0.00291922|0.0151027|0.0280967|0.0161829|0.0210615|0.0375959|0.0166219|0.0250863|0.0470058|0.0425349|0.00764508|0.0327962|0.033399|0.00844474|0.0266174|0.0107197|0.0179693|0.0130093,0.973537|0.954869|0.937315|0.975256|0.962416|0.924329|0.964079|0.967717|0.951514|0.982466|0.975915|0.948072|0.962742|0.943878|0.923653|0.953313|0.904866|0.952159|0.90082|0.936129|0.989289|0.92832|0.932977|0.960936|0.920308|0.927525|0.934435|0.903245|0.958619|0.98883,4.63983|5.26639|3.07758|3.22282|1.97158|1.19952|4.96174|4.1126|4.90362|4.79844|2.99986|1.48687|0.0327787|4.82496|1.04264|0.10397|4.56594|5.24666|0.0974208|3.39264|0.578949|3.3614|2.64532|0.765875|2.50002|1.22009|0.132111|4.68449|2.63855|4.04415,79.8117|56.34|81.3396|99.595|24.4191|31.554|13.4252|35.0583|10.4739|83.9106|97.1045|18.7034|70.4589|95.0453|61.2747|23.0914|26.2497|67.7415|64.3401|63.5216|69.3348|88.5528|21.0603|77.6192|12.2677|41.1455|48.6997|47.0482|66.5616,0.246796|0.206669|0.186476|0.184434|0.239532|0.195005|0.230756|0.209201|0.163561|0.204476|0.207556|0.249902|0.246199|0.234751|0.208144|0.18593|0.244194|0.161632|0.220369|0.207806|0.194827|0.200088|0.23095|0.243521|0.248162|0.242874|0.175742|0.167884|0.171721,0.338018|0.285239|0.379326|0.703378|0.991722|0.711047|0.986996|0.297185|0.469027|0.65353|0.438091|0.259002|0.415176|0.258586|0.704271|0.12287|0.307851|0.301798|0.119032|0.844544|0.93416|0.134865|0.399278|0.14346|0.812759|0.378494|0.4301|0.410418|0.235817,0.869523,0.801463,0.117836,0.0993652,0.460468,0.534015,0.0732846,0.487967,0.198257,0.921169,51.6436,5.43263e-12,47756,0.887486,41.1981,1.06086e-12,38445,0.895553,0.876428,0.0878307,0.631141,0.996144,0.511517,0.22039,0.459803,0.228135,0.891603,87.9902,7.64954e-10,30733,0.967162,70.4477,9.04596e-11,52512
24,1150,n1->n99->n97->n96->n20->n19->n68->n22->n21->n23->n83->n81->n80->n78->n85->n58->n59->n90->n100->n2->n4->n75->n14->n13->n12->n8->n10->n63->n61->n51,5.37021e+09|1.57108e+10|2.90604e+09|2.51165e+12|4.0293e+11|2.47533e+11|1.31753e+09|1.47e+10|1.56161e+12|4.63033e+10|3.76373e+13|2.58887e+10|2.45686e+13|3.25238e+10|2.02447e+09|8.16696e+09|3.04563e+11|1.33273e+11|4.01966e+09|5.94248e+10|7.07339e+12|8.71921e+10|3.70261e+10|6.60497e+13|9.70597e+10|4.61239e+13|2.49624e+09|6.55204e+12|6.44979e+11|7.46708e+11,8.19724e+08|4.21389e+09|5.04144e+08|5.36324e+11|1.89646e+11|2.33399e+11|3.10679e+08|9.51029e+09|3.02345e+11|3.30225e+10|2.34723e+13|8.36206e+09|2.75437e+12|2.30731e+10|2.41326e+08|6.89506e+09|3.06423e+10|6.41526e+10|2.27749e+09|3.74975e+10|2.43435e+12|5.29113e+10|1.44234e+10|8.87204e+12|2.76143e+10|1.04208e+13|7.32581e+08|2.63574e+12|1.30372e+11|5.06847e+11,0.000494453|0.00089026|8.81202e-05|1.2987e-05|5.21063e-05|0.000261527|0.000223952|1.77434e-05|0.00096308|0.000277161|1.86087e-05|0.000268232|1.13052e-05|0.000270955|2.04325e-05|0.000266735|2.43107e-05|0.000319756|0.000665246|1.10648e-05|0.000113681|0.000766915|3.25754e-05|0.000787814|0.000201974|6.6054e-05|6.27016e-05|0.000116235|3.71253e-05|0.000185382,0.000316017|0.000350126|0.00494291|0.000286765|0.000368678|0.000768065|0.00843573|0.0006856|0.00195589|0.00418014|0.000175452|0.000752991|0.000238286|0.00167497|0.000338175|0.00874893|0.000202742|0.000672662|0.00914892|0.00120557|0.00198341|0.000203965|0.000181646|0.00788063|0.0016732|0.00522046|0.00113469|0.00126856|0.00313588|0.00344885,0.0109342|0.0362414|0.0381696|0.0377902|0.0108696|0.0201979|0.0370095|0.0408661|0.00712365|0.00314906|0.015405|0.0481357|0.00592883|0.00569443|0.0354515|0.0248478|0.00304046|0.0285929|0.0100829|0.00369149|0.0350273|0.0243876|0.0426128|0.0476737|0.0313381|0.0318744|0.00597815|0.0100727|0.0266048|0.0365406,0.000178506|0.0472365|0.00800322|0.0195364|0.0181411|0.0291803|0.00589983|0.040072|0.0414669|0.0470385|0.038157|0.00997263|0.0262948|0.0425349|0.0266209|0.0481122|0.0474075|0.0372754|0.0460028|0.0127317|0.0273051|0.0250863|0.049061|0.00335145|0.0470205|0.0483133|0.0245713|0.0107197|0.0179693|0.0130093,0.973537|0.953794|0.90679|0.951762|0.923215|0.941018|0.984554|0.95984|0.971602|0.92176|0.947801|0.948836|0.919013|0.92832|0.940474|0.911658|0.99171|0.984478|0.935175|0.968894|0.917619|0.936129|0.906626|0.954869|0.937315|0.975256|0.962416|0.903245|0.958619|0.98883,4.63983|3.07459|1.41691|0.85792|4.79469|1.39448|5.26958|0.048646|3.14177|2.08786|4.11052|1.5908|0.100836|3.3614|4.91715|3.70937|5.60303|4.02061|3.89025|4.74216|1.56082|3.39264|0.762282|5.26639|3.07758|3.22282|1.97158|4.68449|2.63855|4.04415,66.2586|94.4507|37.9513|58.7029|86.2435|67.5745|15.3326|55.6995|88.4205|23.518|78.7627|15.5679|66.5291|67.1704|90.6886|56.397|62.2588|32.7492|37.015|30.2686|81.7362|56.2706|92.5451|56.34|81.3396|99.595|65.1286|47.0482|66.5616,0.180129|0.168303|0.246589|0.201188|0.182991|0.2055|0.236297|0.206062|0.232237|0.181099|0.170031|0.212149|0.222935|0.184721|0.194345|0.21902|0.169222|0.191207|0.17211|0.239023|0.218556|0.226178|0.191459|0.206669|0.186476|0.184434|0.203746|0.167884|0.171721,0.323551|0.263233|0.157157|0.666395|0.182796|0.968257|0.655447|0.677391|0.516177|0.741177|0.530775|0.870283|0.109088|0.609732|0.45102|0.533324|0.361153|0.878161|0.315214|0.514427|0.847503|0.725021|0.161307|0.285239|0.379326|0.703378|0.514129|0.410418|0.235817,0.869523,0.801463,0.117836,0.0993652,0.460468,0.534015,0.0732846,0.487967,0.198257,0.921169,51.6436,5.43263e-12,47756,0.887486,41.1981,1.06086e-12,38445,0.895553,0.876428,0.0878307,0.631141,0.996144,0.511517,0.22039,0.459803,0.228135,0.891603,87.9902,7.64954e-10,30733,0.967162,70.4477,9.04596e-11,52512
24,1151,n1->n20->n21->n22->n74->n75->n71->n72->n77->n93->n94->n96->n97->n27->n4->n2->n100->n73->n54->n82->n84->n33->n24->n23->n83->n57->n55->n53->n52->n51,5.37021e+09|4.0293e+11|1.56161e+12|1.47e+10|5.8385e+13|8.71921e+10|7.70008e+11|6.83442e+09|5.68112e+11|4.22601e+13|1.36531e+10|2.51165e+12|2.90604e+09|4.19351e+12|7.07339e+12|5.94248e+10|4.01966e+09|1.41706e+11|2.80961e+11|1.07979e+13|1.07392e+09|3.64323e+13|1.59557e+13|4.63033e+10|3.76373e+13|4.14288e+09|8.84081e+12|4.60474e+10|1.02428e+10|7.46708e+11,8.19724e+08|1.89646e+11|3.02345e+11|9.51029e+09|7.35096e+12|5.29113e+10|1.60546e+11|1.48353e+09|3.56307e+11|1.3774e+13|1.67171e+09|5.36324e+11|5.04144e+08|8.73344e+11|2.43435e+12|3.74975e+10|2.27749e+09|5.76853e+10|2.23178e+11|1.66379e+12|9.00899e+08|6.32377e+12|4.06569e+12|3.30225e+10|2.34723e+13|2.05006e+09|4.69454e+12|3.18273e+10|2.07235e+09|5.06847e+11,0.000494453|5.21063e-05|0.00096308|1.77434e-05|0.000875739|0.000766915|0.00017279|0.000159499|8.49487e-05|8.45967e-05|2.95455e-05|1.2987e-05|8.81202e-05|1.08528e-05|0.000113681|1.10648e-05|0.000665246|6.32916e-05|1.47667e-05|0.000837919|2.14473e-05|1.50316e-05|0.000193265|0.000277161|1.86087e-05|0.000173612|4.06274e-05|2.00633e-05|0.00011644|0.000185382,0.000316017|0.000368678|0.00195589|0.0006856|0.00944671|0.000203965|0.00123164|0.00384342|0.000906866|0.000162335|0.000125263|0.000286765|0.00494291|0.00262605|0.00198341|0.00120557|0.00914892|0.000807753|0.00549128|0.00271152|0.000434313|0.00213059|0.0012727|0.00418014|0.000175452|0.00271581|0.000128431|0.000509085|0.00580301|0.00344885,0.0109342|0.0108696|0.00712365|0.0408661|0.0280357|0.0243876|0.0398828|0.0479977|0.04851|0.0108045|0.00830448|0.0377902|0.0381696|0.0303206|0.0350273|0.00369149|0.0100829|0.0455502|0.0334079|0.0278433|0.0473575|0.00968695|0.0433038|0.00314906|0.015405|0.0328142|0.00843704|5.21659e-05|0.0398377|0.0365406,0.000178506|0.0181411|0.0414669|0.040072|0.0166219|0.0250863|0.0326729|0.0299903|0.0115254|0.0326183|0.0293842|0.0195364|0.00800322|0.0230682|0.0273051|0.0127317|0.0460028|0.028193|0.00844474|0.0266174|0.0366447|0.0280967|0.00780618|0.0470385|0.038157|0.0437642|0.0314938|0.00115664|0.0151024|0.0130093,0.973537|0.923215|0.971602|0.95984|0.90082|0.936129|0.947193|0.96924|0.949999|0.912097|0.927471|0.951762|0.90679|0.985376|0.917619|0.968894|0.935175|0.909539|0.927525|0.934435|0.948551|0.923653|0.90929|0.92176|0.947801|0.983348|0.908585|0.913872|0.965406|0.98883,4.63983|4.79469|3.14177|0.048646|0.0974208|3.39264|0.117525|3.90463|0.722366|5.92115|5.03384|0.85792|1.41691|4.5695|1.56082|4.74216|3.89025|3.29092|1.22009|0.132111|5.42186|1.04264|3.9732|2.08786|4.11052|1.93323|3.37071|0.640024|0.0104102|4.04415,90.7492|76.7594|55.6995|63.8366|64.3401|14.5634|45.8448|92.3918|51.9256|63.1349|71.0086|37.9513|31.5608|52.1141|30.2686|37.015|20.1165|26.1465|41.1455|83.37|59.7094|98.0873|44.8869|23.518|50.003|61.5999|30.3781|81.3721|83.3731,0.215706|0.218425|0.206062|0.241428|0.220369|0.169453|0.218487|0.167022|0.247077|0.209804|0.230021|0.246589|0.219936|0.184605|0.239023|0.17211|0.175955|0.196311|0.242874|0.203763|0.183728|0.239791|0.161116|0.181099|0.1911|0.220389|0.207992|0.184589|0.197114,0.53635|0.515127|0.677391|0.480684|0.119032|0.275247|0.29317|0.776051|0.469529|0.17375|0.131268|0.157157|0.557853|0.200735|0.514427|0.315214|0.825877|0.754315|0.378494|0.808712|0.218166|0.939209|0.528582|0.741177|0.161388|0.549818|0.646488|0.272111|0.942894,0.869523,0.801463,0.117836,0.0993652,0.460468,0.534015,0.0732846,0.487967,0.198257,0.921169,51.6436,5.43263e-12,47756,0.887486,41.1981,1.06086e-12,38445,0.895553,0.876428,0.0878307,0.631141,0.996144,0.511517,0.22039,0.459803,0.228135,0.891603,87.9902,7.64954e-10,30733,0.967162,70.4477,9.04596e-11,52512
24,1152,n1->n20->n19->n68->n66->n32->n31->n30->n29->n50->n60->n59->n58->n85->n84->n56->n55->n53->n54->n73->n71->n75->n74->n57->n83->n81->n37->n65->n52->n51,5.37021e+09|4.0293e+11|2.47533e+11|1.31753e+09|1.10072e+10|1.78367e+12|4.79342e+12|1.26395e+10|3.6336e+13|2.36425e+09|8.79841e+13|3.04563e+11|8.16696e+09|2.02447e+09|1.07392e+09|1.1605e+12|8.84081e+12|4.60474e+10|2.80961e+11|1.41706e+11|7.70008e+11|8.71921e+10|5.8385e+13|4.14288e+09|3.76373e+13|2.58887e+10|2.79748e+13|1.12599e+09|1.02428e+10|7.46708e+11,8.19724e+08|1.89646e+11|2.33399e+11|3.10679e+08|8.7665e+09|1.05491e+12|4.42443e+12|1.81012e+09|1.77292e+13|4.07889e+08|5.95756e+13|3.06423e+10|6.89506e+09|2.41326e+08|9.00899e+08|5.65456e+11|4.69454e+12|3.18273e+10|2.23178e+11|5.76853e+10|1.60546e+11|5.29113e+10|7.35096e+12|2.05006e+09|2.34723e+13|8.36206e+09|4.96975e+12|3.2906e+08|2.07235e+09|5.06847e+11,0.000494453|5.21063e-05|0.000261527|0.000223952|0.000237659|0.000179959|0.00024651|4.789e-05|0.000125062|1.54283e-05|0.000731749|2.43107e-05|0.000266735|2.04325e-05|2.14473e-05|1.7812e-05|4.06274e-05|2.00633e-05|1.47667e-05|6.32916e-05|0.00017279|0.000766915|0.000875739|0.000173612|1.86087e-05|0.000268232|1.06248e-05|1.96575e-05|0.00011644|0.000185382,0.000316017|0.000368678|0.000768065|0.00843573|0.000470269|0.00292552|0.00308746|0.00655588|0.00231296|0.00907722|0.000248463|0.000202742|0.00874893|0.000338175|0.000434313|0.000830638|0.000128431|0.000509085|0.00549128|0.000807753|0.00123164|0.000203965|0.00944671|0.00271581|0.000175452|0.000752991|0.000261291|0.000428116|0.00580301|0.00344885,0.0109342|0.0108696|0.0201979|0.0370095|0.0203827|0.00778345|0.0211034|0.00398508|0.0255931|0.00638914|0.0128442|0.00304046|0.0248478|0.0354515|0.0473575|0.0231698|0.00843704|5.21659e-05|0.0334079|0.0455502|0.0398828|0.0243876|0.0280357|0.0328142|0.015405|0.0481357|0.0457563|0.00118659|0.0398377|0.0365406,0.000178506|0.0181411|0.0291803|0.00589983|0.0146278|0.0161829|0.0151027|0.0178703|0.00291922|0.0483596|0.0431033|0.0474075|0.0481122|0.0266209|0.0366447|0.0417641|0.0314938|0.00115664|0.00844474|0.028193|0.0326729|0.0250863|0.0166219|0.0437642|0.038157|0.00997263|0.0105712|0.00176737|0.0151024|0.0130093,0.973537|0.923215|0.941018|0.984554|0.978907|0.953313|0.943878|0.972158|0.962742|0.910708|0.945549|0.99171|0.911658|0.940474|0.948551|0.944528|0.908585|0.913872|0.927525|0.909539|0.947193|0.936129|0.90082|0.983348|0.947801|0.948836|0.964079|0.967717|0.965406|0.98883,4.63983|4.79469|1.39448|5.26958|3.10364|0.10397|4.82496|5.42296|0.0327787|5.41755|4.50487|5.60303|3.70937|4.91715|5.42186|2.55597|3.37071|0.640024|1.22009|3.29092|0.117525|3.39264|0.0974208|1.93323|4.11052|1.5908|4.96174|4.1126|0.0104102|4.04415,90.7492|86.2435|67.5745|70.8824|27.3217|86.0567|88.6669|29.3504|37.0378|22.3088|76.8491|56.397|90.6886|82.1833|34.4372|95.3312|30.3781|75.3264|26.1465|28.2621|14.5634|64.3401|95.6836|50.003|78.7627|88.8597|13.4252|56.1703|83.3731,0.215706|0.182991|0.2055|0.16183|0.199785|0.16799|0.215598|0.179657|0.191256|0.190841|0.204072|0.21902|0.194345|0.216313|0.222961|0.167906|0.207992|0.191357|0.196311|0.242769|0.169453|0.220369|0.169856|0.1911|0.170031|0.211898|0.230756|0.247907|0.197114,0.53635|0.182796|0.968257|0.215539|0.769012|0.799966|0.123891|0.887943|0.182586|0.323935|0.509755|0.533324|0.45102|0.528406|0.762891|0.402595|0.646488|0.567841|0.754315|0.940077|0.275247|0.119032|0.815246|0.161388|0.530775|0.430076|0.986996|0.827328|0.942894,0.869523,0.801463,0.117836,0.0993652,0.460468,0.534015,0.0732846,0.487967,0.198257,0.921169,51.6436,5.43263e-12,47756,0.887486,41.1981,1.06086e-12,38445,0.895553,0.876428,0.0878307,0.631141,0.996144,0.511517,0.22039,0.459803,0.228135,0.891603,87.9902,7.64954e-10,30733,0.967162,70.4477,9.04596e-11,52512
24,1153,n1->n20->n19->n18->n17->n68->n58->n85->n84->n83->n81->n80->n82->n95->n93->n94->n96->n14->n13->n12->n8->n7->n5->n3->n69->n28->n27->n29->n50->n51,5.37021e+09|4.0293e+11|2.47533e+11|7.59179e+12|1.51096e+11|1.31753e+09|8.16696e+09|2.02447e+09|1.07392e+09|3.76373e+13|2.58887e+10|2.45686e+13|1.07979e+13|1.05601e+11|4.22601e+13|1.36531e+10|2.51165e+12|3.70261e+10|6.60497e+13|9.70597e+10|4.61239e+13|3.81012e+11|2.91995e+11|2.78751e+13|8.81277e+09|1.34247e+11|4.19351e+12|3.6336e+13|2.36425e+09|7.46708e+11,8.19724e+08|1.89646e+11|2.33399e+11|4.11836e+12|1.57582e+10|3.10679e+08|6.89506e+09|2.41326e+08|9.00899e+08|2.34723e+13|8.36206e+09|2.75437e+12|1.66379e+12|5.46554e+10|1.3774e+13|1.67171e+09|5.36324e+11|1.44234e+10|8.87204e+12|2.76143e+10|1.04208e+13|6.70334e+10|4.67133e+10|1.44762e+13|7.57626e+09|1.51805e+10|8.73344e+11|1.77292e+13|4.07889e+08|5.06847e+11,0.000494453|5.21063e-05|0.000261527|2.98936e-05|0.000261059|0.000223952|0.000266735|2.04325e-05|2.14473e-05|1.86087e-05|0.000268232|1.13052e-05|0.000837919|0.000260968|8.45967e-05|2.95455e-05|1.2987e-05|3.25754e-05|0.000787814|0.000201974|6.6054e-05|0.000475679|7.03031e-05|0.00022361|0.000268039|0.00056516|1.08528e-05|0.000125062|1.54283e-05|0.000185382,0.000316017|0.000368678|0.000768065|0.000681499|0.000513001|0.00843573|0.00874893|0.000338175|0.000434313|0.000175452|0.000752991|0.000238286|0.00271152|0.000186877|0.000162335|0.000125263|0.000286765|0.000181646|0.00788063|0.0016732|0.00522046|0.00104538|0.000196916|0.00776667|0.00367819|0.0093172|0.00262605|0.00231296|0.00907722|0.00344885,0.0109342|0.0108696|0.0201979|0.0192976|0.0430027|0.0370095|0.0248478|0.0354515|0.0473575|0.015405|0.0481357|0.00592883|0.0278433|0.00282907|0.0108045|0.00830448|0.0377902|0.0426128|0.0476737|0.0313381|0.0318744|0.01754|0.00731162|0.0268705|0.022957|0.0317261|0.0303206|0.0255931|0.00638914|0.0365406,0.000178506|0.0181411|0.0291803|0.0120519|0.00442808|0.00589983|0.0481122|0.0266209|0.0366447|0.038157|0.00997263|0.0262948|0.0266174|0.0420997|0.0326183|0.0293842|0.0195364|0.049061|0.00335145|0.0470205|0.0483133|0.0283975|0.0421608|0.0326941|0.0100342|0.03841|0.0230682|0.00291922|0.0483596|0.0130093,0.973537|0.923215|0.941018|0.946711|0.974312|0.984554|0.911658|0.940474|0.948551|0.947801|0.948836|0.919013|0.934435|0.966581|0.912097|0.927471|0.951762|0.906626|0.954869|0.937315|0.975256|0.963898|0.951514|0.982466|0.975915|0.948072|0.985376|0.962742|0.910708|0.98883,4.63983|4.79469|1.39448|4.38273|5.11322|5.26958|3.70937|4.91715|5.42186|4.11052|1.5908|0.100836|0.132111|1.09944|5.92115|5.03384|0.85792|0.762282|5.26639|3.07758|3.22282|3.51107|4.90362|4.79844|2.99986|1.48687|4.5695|0.0327787|5.41755|4.04415,90.7492|86.2435|34.0839|43.2583|23.9015|56.905|90.6886|82.1833|20.1884|78.7627|15.5679|47.0365|75.699|24.941|63.1349|71.0086|54.7186|92.5451|56.34|81.3396|55.4093|37.2729|10.4739|83.9106|97.1045|23.5709|49.6282|37.0378|82.9474,0.215706|0.182991|0.248409|0.218822|0.236806|0.185169|0.194345|0.216313|0.246081|0.170031|0.212149|0.231931|0.21275|0.237661|0.209804|0.230021|0.208433|0.191459|0.206669|0.186476|0.230451|0.176784|0.163561|0.204476|0.207556|0.207151|0.180772|0.191256|0.24308,0.53635|0.182796|0.983209|0.981182|0.2818|0.476138|0.45102|0.528406|0.599197|0.530775|0.870283|0.796307|0.837867|0.985064|0.17375|0.131268|0.448351|0.161307|0.285239|0.379326|0.745697|0.943162|0.469027|0.65353|0.438091|0.340196|0.511755|0.182586|0.624607,0.869523,0.801463,0.117836,0.0993652,0.460468,0.534015,0.0732846,0.487967,0.198257,0.921169,51.6436,5.43263e-12,47756,0.887486,41.1981,1.06086e-12,38445,0.895553,0.876428,0.0878307,0.631141,0.996144,0.511517,0.22039,0.459803,0.228135,0.891603,87.9902,7.64954e-10,30733,0.967162,70.4477,9.04596e-11,52512
24,1154,n1->n20->n19->n17->n68->n58->n85->n78->n76->n69->n28->n27->n52->n53->n54->n56->n84->n82->n63->n42->n44->n45->n43->n41->n39->n37->n65->n64->n49->n51,5.37021e+09|4.0293e+11|2.47533e+11|1.51096e+11|1.31753e+09|8.16696e+09|2.02447e+09|3.25238e+10|4.21804e+13|8.81277e+09|1.34247e+11|4.19351e+12|1.02428e+10|4.60474e+10|2.80961e+11|1.1605e+12|1.07392e+09|1.07979e+13|6.55204e+12|2.42905e+09|5.26537e+13|8.38488e+13|1.40931e+10|3.95737e+11|3.34792e+13|2.79748e+13|1.12599e+09|4.21034e+09|2.45005e+09|7.46708e+11,8.19724e+08|1.89646e+11|2.33399e+11|1.57582e+10|3.10679e+08|6.89506e+09|2.41326e+08|2.30731e+10|1.15782e+13|7.57626e+09|1.51805e+10|8.73344e+11|2.07235e+09|3.18273e+10|2.23178e+11|5.65456e+11|9.00899e+08|1.66379e+12|2.63574e+12|2.47264e+08|2.86817e+13|1.01787e+13|3.26577e+09|1.47899e+11|1.12013e+13|4.96975e+12|3.2906e+08|1.60867e+09|2.44458e+09|5.06847e+11,0.000494453|5.21063e-05|0.000261527|0.000261059|0.000223952|0.000266735|2.04325e-05|0.000270955|1.88608e-05|0.000268039|0.00056516|1.08528e-05|0.00011644|2.00633e-05|1.47667e-05|1.7812e-05|2.14473e-05|0.000837919|0.000116235|8.79758e-05|0.000124649|1.67225e-05|0.000955168|2.35935e-05|5.53896e-05|1.06248e-05|1.96575e-05|1.88732e-05|1.07426e-05|0.000185382,0.000316017|0.000368678|0.000768065|0.000513001|0.00843573|0.00874893|0.000338175|0.00167497|0.00214239|0.00367819|0.0093172|0.00262605|0.00580301|0.000509085|0.00549128|0.000830638|0.000434313|0.00271152|0.00126856|0.000493531|0.00158999|0.000742576|0.00344494|0.00412419|0.0025393|0.000261291|0.000428116|0.000135861|0.000979027|0.00344885,0.0109342|0.0108696|0.0201979|0.0430027|0.0370095|0.0248478|0.0354515|0.00569443|0.00156873|0.022957|0.0317261|0.0303206|0.0398377|5.21659e-05|0.0334079|0.0231698|0.0473575|0.0278433|0.0100727|0.00783732|0.0486405|0.00846218|0.0168583|0.00451081|0.00111942|0.0457563|0.00118659|0.0266797|0.0183567|0.0365406,0.000178506|0.0181411|0.0291803|0.00442808|0.00589983|0.0481122|0.0266209|0.0425349|0.0470058|0.0100342|0.03841|0.0230682|0.0151024|0.00115664|0.00844474|0.0417641|0.0366447|0.0266174|0.0107197|0.0327962|0.00764508|0.0342415|0.0482719|0.00491436|0.0449458|0.0105712|0.00176737|0.0436548|0.0388066|0.0130093,0.973537|0.923215|0.941018|0.974312|0.984554|0.911658|0.940474|0.92832|0.989289|0.975915|0.948072|0.985376|0.965406|0.913872|0.927525|0.944528|0.948551|0.934435|0.903245|0.960936|0.932977|0.934264|0.943219|0.923722|0.924329|0.964079|0.967717|0.933821|0.969899|0.98883,4.63983|4.79469|1.39448|5.11322|5.26958|3.70937|4.91715|3.3614|0.578949|2.99986|1.48687|4.5695|0.0104102|0.640024|1.22009|2.55597|5.42186|0.132111|4.68449|0.765875|2.64532|5.31688|2.3897|4.11092|1.19952|4.96174|4.1126|5.77568|3.94615|4.04415,90.7492|86.2435|10.3361|23.9015|56.905|90.6886|67.1704|69.3348|66.666|97.1045|23.5709|46.2248|81.3721|75.3264|42.6814|34.4372|83.37|48.6997|97.0433|21.0603|57.1366|48.5398|43.4967|38.9947|31.554|13.4252|56.7563|77.768|10.4661,0.215706|0.182991|0.172286|0.236806|0.185169|0.194345|0.184721|0.194827|0.212271|0.207556|0.207151|0.183493|0.184589|0.191357|0.167734|0.222961|0.203763|0.175742|0.211509|0.23095|0.235241|0.218428|0.160247|0.18226|0.195005|0.230756|0.186349|0.165457|0.216931,0.53635|0.182796|0.559133|0.2818|0.476138|0.45102|0.609732|0.93416|0.890059|0.438091|0.340196|0.657987|0.272111|0.567841|0.927159|0.762891|0.808712|0.4301|0.758395|0.399278|0.218954|0.854577|0.922117|0.988985|0.711047|0.986996|0.927837|0.348083|0.516407,0.869523,0.801463,0.117836,0.0993652,0.460468,0.534015,0.0732846,0.487967,0.198257,0.921169,51.6436,5.43263e-12,47756,0.887486,41.1981,1.06086e-12,38445,0.895553,0.876428,0.0878307,0.631141,0.996144,0.511517,0.22039,0.459803,0.228135,0.891603,87.9902,7.64954e-10,30733,0.967162,70.4477,9.04596e-11,52512
24,1155,n1->n20->n19->n18->n16->n38->n36->n64->n65->n37->n81->n79->n63->n42->n40->n54->n55->n53->n52->n27->n97->n99->n98->n57->n74->n35->n31->n29->n50->n51,5.37021e+09|4.0293e+11|2.47533e+11|7.59179e+12|1.09193e+13|1.16426e+13|7.73972e+11|4.21034e+09|1.12599e+09|2.79748e+13|2.58887e+10|1.47019e+10|6.55204e+12|2.42905e+09|3.58065e+10|2.80961e+11|8.84081e+12|4.60474e+10|1.02428e+10|4.19351e+12|2.90604e+09|1.57108e+10|1.8266e+13|4.14288e+09|5.8385e+13|5.77859e+11|4.79342e+12|3.6336e+13|2.36425e+09|7.46708e+11,8.19724e+08|1.89646e+11|2.33399e+11|4.11836e+12|1.33827e+12|1.19258e+12|7.77593e+10|1.60867e+09|3.2906e+08|4.96975e+12|8.36206e+09|4.87652e+09|2.63574e+12|2.47264e+08|4.14657e+09|2.23178e+11|4.69454e+12|3.18273e+10|2.07235e+09|8.73344e+11|5.04144e+08|4.21389e+09|5.99087e+12|2.05006e+09|7.35096e+12|4.88834e+11|4.42443e+12|1.77292e+13|4.07889e+08|5.06847e+11,0.000494453|5.21063e-05|0.000261527|2.98936e-05|3.71682e-05|1.04425e-05|0.000426407|1.88732e-05|1.96575e-05|1.06248e-05|0.000268232|0.000133131|0.000116235|8.79758e-05|6.01341e-05|1.47667e-05|4.06274e-05|2.00633e-05|0.00011644|1.08528e-05|8.81202e-05|0.00089026|0.000410965|0.000173612|0.000875739|0.000412952|0.00024651|0.000125062|1.54283e-05|0.000185382,0.000316017|0.000368678|0.000768065|0.000681499|0.00174713|0.00950649|0.00396778|0.000135861|0.000428116|0.000261291|0.000752991|0.000479664|0.00126856|0.000493531|0.00268841|0.00549128|0.000128431|0.000509085|0.00580301|0.00262605|0.00494291|0.000350126|0.000548485|0.00271581|0.00944671|0.00138752|0.00308746|0.00231296|0.00907722|0.00344885,0.0109342|0.0108696|0.0201979|0.0192976|0.0123696|0.0263713|0.00497013|0.0266797|0.00118659|0.0457563|0.0481357|0.0252961|0.0100727|0.00783732|0.0249103|0.0334079|0.00843704|5.21659e-05|0.0398377|0.0303206|0.0381696|0.0362414|0.0295222|0.0328142|0.0280357|0.00215298|0.0211034|0.0255931|0.00638914|0.0365406,0.000178506|0.0181411|0.0291803|0.0120519|0.0240438|0.00318517|0.0341912|0.0436548|0.00176737|0.0105712|0.00997263|0.0203026|0.0107197|0.0327962|0.033399|0.00844474|0.0314938|0.00115664|0.0151024|0.0230682|0.00800322|0.0472365|0.0297366|0.0437642|0.0166219|0.0375959|0.0151027|0.00291922|0.0483596|0.0130093,0.973537|0.923215|0.941018|0.946711|0.979533|0.902547|0.94998|0.933821|0.967717|0.964079|0.948836|0.966262|0.903245|0.960936|0.920308|0.927525|0.908585|0.913872|0.965406|0.985376|0.90679|0.953794|0.959539|0.983348|0.90082|0.952159|0.943878|0.962742|0.910708|0.98883,4.63983|4.79469|1.39448|4.38273|1.69436|5.09423|3.70656|5.77568|4.1126|4.96174|1.5908|3.41737|4.68449|0.765875|2.50002|1.22009|3.37071|0.640024|0.0104102|4.5695|1.41691|3.07459|2.95405|1.93323|0.0974208|5.24666|4.82496|0.0327787|5.41755|4.04415,90.7492|86.2435|34.0839|72.2829|28.0546|61.2725|43.8659|56.7563|13.4252|88.8597|26.55|16.1844|97.0433|77.6192|12.2677|27.8669|30.3781|81.3721|46.2248|31.5608|94.4507|58.4557|98.2355|95.6836|67.7415|91.3525|70.4589|37.0378|82.9474,0.215706|0.182991|0.248409|0.180241|0.17367|0.204351|0.241695|0.186349|0.230756|0.211898|0.238834|0.22961|0.211509|0.243521|0.248162|0.169326|0.207992|0.184589|0.183493|0.219936|0.168303|0.227784|0.190047|0.169856|0.161632|0.243038|0.246199|0.191256|0.24308,0.53635|0.182796|0.983209|0.553025|0.828443|0.413834|0.590576|0.927837|0.986996|0.430076|0.957633|0.217843|0.758395|0.14346|0.812759|0.414082|0.646488|0.272111|0.657987|0.557853|0.263233|0.686264|0.757428|0.815246|0.301798|0.658826|0.415176|0.182586|0.624607,0.869523,0.801463,0.117836,0.0993652,0.460468,0.534015,0.0732846,0.487967,0.198257,0.921169,51.6436,5.43263e-12,47756,0.887486,41.1981,1.06086e-12,38445,0.895553,0.876428,0.0878307,0.631141,0.996144,0.511517,0.22039,0.459803,0.228135,0.891603,87.9902,7.64954e-10,30733,0.967162,70.4477,9.04596e-11,52512
24,1156,n1->n20->n19->n68->n17->n18->n16->n38->n39->n37->n65->n52->n53->n54->n56->n55->n57->n83->n23->n24->n26->n27->n29->n30->n32->n34->n15->n63->n61->n51,5.37021e+09|4.0293e+11|2.47533e+11|1.31753e+09|1.51096e+11|7.59179e+12|1.09193e+13|1.16426e+13|3.34792e+13|2.79748e+13|1.12599e+09|1.02428e+10|4.60474e+10|2.80961e+11|1.1605e+12|8.84081e+12|4.14288e+09|3.76373e+13|4.63033e+10|1.59557e+13|7.09351e+09|4.19351e+12|3.6336e+13|1.26395e+10|1.78367e+12|4.7313e+12|8.77071e+11|6.55204e+12|6.44979e+11|7.46708e+11,8.19724e+08|1.89646e+11|2.33399e+11|3.10679e+08|1.57582e+10|4.11836e+12|1.33827e+12|1.19258e+12|1.12013e+13|4.96975e+12|3.2906e+08|2.07235e+09|3.18273e+10|2.23178e+11|5.65456e+11|4.69454e+12|2.05006e+09|2.34723e+13|3.30225e+10|4.06569e+12|1.31666e+09|8.73344e+11|1.77292e+13|1.81012e+09|1.05491e+12|1.15705e+12|1.06991e+11|2.63574e+12|1.30372e+11|5.06847e+11,0.000494453|5.21063e-05|0.000261527|0.000223952|0.000261059|2.98936e-05|3.71682e-05|1.04425e-05|5.53896e-05|1.06248e-05|1.96575e-05|0.00011644|2.00633e-05|1.47667e-05|1.7812e-05|4.06274e-05|0.000173612|1.86087e-05|0.000277161|0.000193265|3.77967e-05|1.08528e-05|0.000125062|4.789e-05|0.000179959|0.000140889|0.000182949|0.000116235|3.71253e-05|0.000185382,0.000316017|0.000368678|0.000768065|0.00843573|0.000513001|0.000681499|0.00174713|0.00950649|0.0025393|0.000261291|0.000428116|0.00580301|0.000509085|0.00549128|0.000830638|0.000128431|0.00271581|0.000175452|0.00418014|0.0012727|0.00522178|0.00262605|0.00231296|0.00655588|0.00292552|0.000270551|0.00274771|0.00126856|0.00313588|0.00344885,0.0109342|0.0108696|0.0201979|0.0370095|0.0430027|0.0192976|0.0123696|0.0263713|0.00111942|0.0457563|0.00118659|0.0398377|5.21659e-05|0.0334079|0.0231698|0.00843704|0.0328142|0.015405|0.00314906|0.0433038|0.0101688|0.0303206|0.0255931|0.00398508|0.00778345|0.0276207|0.0207315|0.0100727|0.0266048|0.0365406,0.000178506|0.0181411|0.0291803|0.00589983|0.00442808|0.0120519|0.0240438|0.00318517|0.0449458|0.0105712|0.00176737|0.0151024|0.00115664|0.00844474|0.0417641|0.0314938|0.0437642|0.038157|0.0470385|0.00780618|0.0409649|0.0230682|0.00291922|0.0178703|0.0161829|0.0210615|0.0378122|0.0107197|0.0179693|0.0130093,0.973537|0.923215|0.941018|0.984554|0.974312|0.946711|0.979533|0.902547|0.924329|0.964079|0.967717|0.965406|0.913872|0.927525|0.944528|0.908585|0.983348|0.947801|0.92176|0.90929|0.981638|0.985376|0.962742|0.972158|0.953313|0.904866|0.910795|0.903245|0.958619|0.98883,4.63983|4.79469|1.39448|5.26958|5.11322|4.38273|1.69436|5.09423|1.19952|4.96174|4.1126|0.0104102|0.640024|1.22009|2.55597|3.37071|1.93323|4.11052|2.08786|3.9732|2.91399|4.5695|0.0327787|5.42296|0.10397|4.56594|1.89272|4.68449|2.63855|4.04415,90.7492|86.2435|67.5745|23.9015|43.2583|72.2829|28.0546|52.0957|31.554|13.4252|56.1703|81.3721|75.3264|42.6814|95.3312|61.5999|50.003|23.518|44.8869|83.4704|67.4197|49.6282|29.3504|69.5993|23.0914|27.3162|11.0615|47.0482|66.5616,0.215706|0.182991|0.2055|0.236806|0.218822|0.180241|0.17367|0.199024|0.195005|0.230756|0.247907|0.184589|0.191357|0.167734|0.167906|0.220389|0.1911|0.181099|0.161116|0.216464|0.171162|0.180772|0.179657|0.204659|0.18593|0.231681|0.214255|0.167884|0.171721,0.53635|0.182796|0.968257|0.2818|0.981182|0.553025|0.828443|0.46236|0.711047|0.986996|0.827328|0.272111|0.567841|0.927159|0.402595|0.549818|0.161388|0.741177|0.528582|0.583168|0.40751|0.511755|0.887943|0.237533|0.12287|0.750497|0.692153|0.410418|0.235817,0.869523,0.801463,0.117836,0.0993652,0.460468,0.534015,0.0732846,0.487967,0.198257,0.921169,51.6436,5.43263e-12,47756,0.887486,41.1981,1.06086e-12,38445,0.895553,0.876428,0.0878307,0.631141,0.996144,0.511517,0.22039,0.459803,0.228135,0.891603,87.9902,7.64954e-10,30733,0.967162,70.4477,9.04596e-11,52512
24,1157,n1->n13->n15->n34->n36->n38->n16->n18->n19->n20->n96->n94->n92->n91->n93->n95->n82->n80->n81->n37->n39->n10->n63->n42->n40->n54->n55->n53->n52->n51,5.37021e+09|6.60497e+13|8.77071e+11|4.7313e+12|7.73972e+11|1.16426e+13|1.09193e+13|7.59179e+12|2.47533e+11|4.0293e+11|2.51165e+12|1.36531e+10|1.97334e+09|2.84652e+12|4.22601e+13|1.05601e+11|1.07979e+13|2.45686e+13|2.58887e+10|2.79748e+13|3.34792e+13|2.49624e+09|6.55204e+12|2.42905e+09|3.58065e+10|2.80961e+11|8.84081e+12|4.60474e+10|1.02428e+10|7.46708e+11,8.19724e+08|8.87204e+12|1.06991e+11|1.15705e+12|7.77593e+10|1.19258e+12|1.33827e+12|4.11836e+12|2.33399e+11|1.89646e+11|5.36324e+11|1.67171e+09|1.46451e+09|3.57264e+11|1.3774e+13|5.46554e+10|1.66379e+12|2.75437e+12|8.36206e+09|4.96975e+12|1.12013e+13|7.32581e+08|2.63574e+12|2.47264e+08|4.14657e+09|2.23178e+11|4.69454e+12|3.18273e+10|2.07235e+09|5.06847e+11,0.000494453|0.000787814|0.000182949|0.000140889|0.000426407|1.04425e-05|3.71682e-05|2.98936e-05|0.000261527|5.21063e-05|1.2987e-05|2.95455e-05|2.75832e-05|6.93267e-05|8.45967e-05|0.000260968|0.000837919|1.13052e-05|0.000268232|1.06248e-05|5.53896e-05|6.27016e-05|0.000116235|8.79758e-05|6.01341e-05|1.47667e-05|4.06274e-05|2.00633e-05|0.00011644|0.000185382,0.000316017|0.00788063|0.00274771|0.000270551|0.00396778|0.00950649|0.00174713|0.000681499|0.000768065|0.000368678|0.000286765|0.000125263|0.0052688|0.00599677|0.000162335|0.000186877|0.00271152|0.000238286|0.000752991|0.000261291|0.0025393|0.00113469|0.00126856|0.000493531|0.00268841|0.00549128|0.000128431|0.000509085|0.00580301|0.00344885,0.0109342|0.0476737|0.0207315|0.0276207|0.00497013|0.0263713|0.0123696|0.0192976|0.0201979|0.0108696|0.0377902|0.00830448|0.0444618|0.008036|0.0108045|0.00282907|0.0278433|0.00592883|0.0481357|0.0457563|0.00111942|0.00597815|0.0100727|0.00783732|0.0249103|0.0334079|0.00843704|5.21659e-05|0.0398377|0.0365406,0.000178506|0.00335145|0.0378122|0.0210615|0.0341912|0.00318517|0.0240438|0.0120519|0.0291803|0.0181411|0.0195364|0.0293842|0.0387741|0.015498|0.0326183|0.0420997|0.0266174|0.0262948|0.00997263|0.0105712|0.0449458|0.0245713|0.0107197|0.0327962|0.033399|0.00844474|0.0314938|0.00115664|0.0151024|0.0130093,0.973537|0.954869|0.910795|0.904866|0.94998|0.902547|0.979533|0.946711|0.941018|0.923215|0.951762|0.927471|0.987763|0.964407|0.912097|0.966581|0.934435|0.919013|0.948836|0.964079|0.924329|0.962416|0.903245|0.960936|0.920308|0.927525|0.908585|0.913872|0.965406|0.98883,4.63983|5.26639|1.89272|4.56594|3.70656|5.09423|1.69436|4.38273|1.39448|4.79469|0.85792|5.03384|6.03913|5.6679|5.92115|1.09944|0.132111|0.100836|1.5908|4.96174|1.19952|1.97158|4.68449|0.765875|2.50002|1.22009|3.37071|0.640024|0.0104102|4.04415,79.8117|66.6304|27.3162|89.5651|61.2725|28.0546|72.2829|34.0839|86.2435|58.7029|71.0086|13.5087|32.3713|26.8753|24.941|75.699|47.0365|15.5679|88.8597|31.554|24.4191|65.1286|97.0433|77.6192|12.2677|27.8669|30.3781|81.3721|83.3731,0.246796|0.179788|0.231681|0.241996|0.204351|0.17367|0.180241|0.248409|0.182991|0.201188|0.230021|0.230182|0.161013|0.203549|0.237661|0.21275|0.231931|0.212149|0.211898|0.195005|0.239532|0.203746|0.211509|0.243521|0.248162|0.169326|0.207992|0.184589|0.197114,0.338018|0.275394|0.750497|0.265381|0.413834|0.828443|0.553025|0.983209|0.182796|0.666395|0.131268|0.731663|0.940947|0.21516|0.985064|0.837867|0.796307|0.870283|0.430076|0.711047|0.991722|0.514129|0.758395|0.14346|0.812759|0.414082|0.646488|0.272111|0.942894,0.869523,0.801463,0.117836,0.0993652,0.460468,0.534015,0.0732846,0.487967,0.198257,0.921169,51.6436,5.43263e-12,47756,0.887486,41.1981,1.06086e-12,38445,0.895553,0.876428,0.0878307,0.631141,0.996144,0.511517,0.22039,0.459803,0.228135,0.891603,87.9902,7.64954e-10,30733,0.967162,70.4477,9.04596e-11,52512
24,1158,n1->n13->n15->n34->n35->n31->n30->n32->n66->n68->n22->n74->n76->n75->n73->n10->n9->n7->n5->n3->n69->n70->n18->n16->n38->n36->n64->n62->n61->n51,5.37021e+09|6.60497e+13|8.77071e+11|4.7313e+12|5.77859e+11|4.79342e+12|1.26395e+10|1.78367e+12|1.10072e+10|1.31753e+09|1.47e+10|5.8385e+13|4.21804e+13|8.71921e+10|1.41706e+11|2.49624e+09|1.49139e+12|3.81012e+11|2.91995e+11|2.78751e+13|8.81277e+09|6.87309e+13|7.59179e+12|1.09193e+13|1.16426e+13|7.73972e+11|4.21034e+09|2.37342e+11|6.44979e+11|7.46708e+11,8.19724e+08|8.87204e+12|1.06991e+11|1.15705e+12|4.88834e+11|4.42443e+12|1.81012e+09|1.05491e+12|8.7665e+09|3.10679e+08|9.51029e+09|7.35096e+12|1.15782e+13|5.29113e+10|5.76853e+10|7.32581e+08|3.79906e+11|6.70334e+10|4.67133e+10|1.44762e+13|7.57626e+09|9.78332e+12|4.11836e+12|1.33827e+12|1.19258e+12|7.77593e+10|1.60867e+09|1.13053e+11|1.30372e+11|5.06847e+11,0.000494453|0.000787814|0.000182949|0.000140889|0.000412952|0.00024651|4.789e-05|0.000179959|0.000237659|0.000223952|1.77434e-05|0.000875739|1.88608e-05|0.000766915|6.32916e-05|6.27016e-05|1.80008e-05|0.000475679|7.03031e-05|0.00022361|0.000268039|5.13815e-05|2.98936e-05|3.71682e-05|1.04425e-05|0.000426407|1.88732e-05|8.24006e-05|3.71253e-05|0.000185382,0.000316017|0.00788063|0.00274771|0.000270551|0.00138752|0.00308746|0.00655588|0.00292552|0.000470269|0.00843573|0.0006856|0.00944671|0.00214239|0.000203965|0.000807753|0.00113469|0.00065196|0.00104538|0.000196916|0.00776667|0.00367819|0.00295865|0.000681499|0.00174713|0.00950649|0.00396778|0.000135861|0.00794111|0.00313588|0.00344885,0.0109342|0.0476737|0.0207315|0.0276207|0.00215298|0.0211034|0.00398508|0.00778345|0.0203827|0.0370095|0.0408661|0.0280357|0.00156873|0.0243876|0.0455502|0.00597815|0.0140743|0.01754|0.00731162|0.0268705|0.022957|0.0286141|0.0192976|0.0123696|0.0263713|0.00497013|0.0266797|0.0242596|0.0266048|0.0365406,0.000178506|0.00335145|0.0378122|0.0210615|0.0375959|0.0151027|0.0178703|0.0161829|0.0146278|0.00589983|0.040072|0.0166219|0.0470058|0.0250863|0.028193|0.0245713|0.033904|0.0283975|0.0421608|0.0326941|0.0100342|0.0216638|0.0120519|0.0240438|0.00318517|0.0341912|0.0436548|0.0480911|0.0179693|0.0130093,0.973537|0.954869|0.910795|0.904866|0.952159|0.943878|0.972158|0.953313|0.978907|0.984554|0.95984|0.90082|0.989289|0.936129|0.909539|0.962416|0.963574|0.963898|0.951514|0.982466|0.975915|0.966653|0.946711|0.979533|0.902547|0.94998|0.933821|0.98053|0.958619|0.98883,4.63983|5.26639|1.89272|4.56594|5.24666|4.82496|5.42296|0.10397|3.10364|5.26958|0.048646|0.0974208|0.578949|3.39264|3.29092|1.97158|5.88966|3.51107|4.90362|4.79844|2.99986|4.60778|4.38273|1.69436|5.09423|3.70656|5.77568|5.59786|2.63855|4.04415,79.8117|66.6304|27.3162|26.2497|91.3525|88.6669|69.5993|27.3217|70.8824|15.3326|63.8366|53.1277|63.5216|85.6152|29.3778|65.9961|59.8148|37.2729|10.4739|83.9106|74.5377|55.8812|72.2829|28.0546|61.2725|43.8659|93.0484|89.0369|66.5616,0.246796|0.179788|0.231681|0.244194|0.243038|0.215598|0.204659|0.199785|0.16183|0.236297|0.241428|0.181342|0.207806|0.185893|0.202302|0.193896|0.18359|0.176784|0.163561|0.204476|0.172691|0.234874|0.180241|0.17367|0.204351|0.241695|0.176232|0.198053|0.171721,0.338018|0.275394|0.750497|0.307851|0.658826|0.123891|0.237533|0.769012|0.215539|0.655447|0.480684|0.519715|0.844544|0.624191|0.747283|0.982181|0.339058|0.943162|0.469027|0.65353|0.416585|0.16843|0.553025|0.828443|0.413834|0.590576|0.182879|0.704733|0.235817,0.869523,0.801463,0.117836,0.0993652,0.460468,0.534015,0.0732846,0.487967,0.198257,0.921169,51.6436,5.43263e-12,47756,0.887486,41.1981,1.06086e-12,38445,0.895553,0.876428,0.0878307,0.631141,0.996144,0.511517,0.22039,0.459803,0.228135,0.891603,87.9902,7.64954e-10,30733,0.967162,70.4477,9.04596e-11,52512
24,1159,n1->n99->n98->n57->n55->n53->n54->n56->n84->n33->n31->n29->n15->n63->n79->n81->n80->n82->n95->n89->n90->n88->n87->n70->n18->n19->n20->n96->n94->n51,5.37021e+09|1.57108e+10|1.8266e+13|4.14288e+09|8.84081e+12|4.60474e+10|2.80961e+11|1.1605e+12|1.07392e+09|3.64323e+13|4.79342e+12|3.6336e+13|8.77071e+11|6.55204e+12|1.47019e+10|2.58887e+10|2.45686e+13|1.07979e+13|1.05601e+11|2.68119e+11|1.33273e+11|9.00567e+12|7.3435e+12|6.87309e+13|7.59179e+12|2.47533e+11|4.0293e+11|2.51165e+12|1.36531e+10|7.46708e+11,8.19724e+08|4.21389e+09|5.99087e+12|2.05006e+09|4.69454e+12|3.18273e+10|2.23178e+11|5.65456e+11|9.00899e+08|6.32377e+12|4.42443e+12|1.77292e+13|1.06991e+11|2.63574e+12|4.87652e+09|8.36206e+09|2.75437e+12|1.66379e+12|5.46554e+10|9.23423e+10|6.41526e+10|8.66002e+12|2.79916e+12|9.78332e+12|4.11836e+12|2.33399e+11|1.89646e+11|5.36324e+11|1.67171e+09|5.06847e+11,0.000494453|0.00089026|0.000410965|0.000173612|4.06274e-05|2.00633e-05|1.47667e-05|1.7812e-05|2.14473e-05|1.50316e-05|0.00024651|0.000125062|0.000182949|0.000116235|0.000133131|0.000268232|1.13052e-05|0.000837919|0.000260968|3.55201e-05|0.000319756|6.2721e-05|0.000634307|5.13815e-05|2.98936e-05|0.000261527|5.21063e-05|1.2987e-05|2.95455e-05|0.000185382,0.000316017|0.000350126|0.000548485|0.00271581|0.000128431|0.000509085|0.00549128|0.000830638|0.000434313|0.00213059|0.00308746|0.00231296|0.00274771|0.00126856|0.000479664|0.000752991|0.000238286|0.00271152|0.000186877|0.000111435|0.000672662|0.000480267|0.00151267|0.00295865|0.000681499|0.000768065|0.000368678|0.000286765|0.000125263|0.00344885,0.0109342|0.0362414|0.0295222|0.0328142|0.00843704|5.21659e-05|0.0334079|0.0231698|0.0473575|0.00968695|0.0211034|0.0255931|0.0207315|0.0100727|0.0252961|0.0481357|0.00592883|0.0278433|0.00282907|0.0107812|0.0285929|0.00850464|0.0186268|0.0286141|0.0192976|0.0201979|0.0108696|0.0377902|0.00830448|0.0365406,0.000178506|0.0472365|0.0297366|0.0437642|0.0314938|0.00115664|0.00844474|0.0417641|0.0366447|0.0280967|0.0151027|0.00291922|0.0378122|0.0107197|0.0203026|0.00997263|0.0262948|0.0266174|0.0420997|0.0401575|0.0372754|0.0237676|0.00979507|0.0216638|0.0120519|0.0291803|0.0181411|0.0195364|0.0293842|0.0130093,0.973537|0.953794|0.959539|0.983348|0.908585|0.913872|0.927525|0.944528|0.948551|0.923653|0.943878|0.962742|0.910795|0.903245|0.966262|0.948836|0.919013|0.934435|0.966581|0.926416|0.984478|0.962132|0.977244|0.966653|0.946711|0.941018|0.923215|0.951762|0.927471|0.98883,4.63983|3.07459|2.95405|1.93323|3.37071|0.640024|1.22009|2.55597|5.42186|1.04264|4.82496|0.0327787|1.89272|4.68449|3.41737|1.5908|0.100836|0.132111|1.09944|0.0868458|4.02061|1.9653|2.33192|4.60778|4.38273|1.39448|4.79469|0.85792|5.03384|4.04415,66.2586|58.4557|98.2355|61.5999|30.3781|75.3264|42.6814|34.4372|59.7094|95.0453|70.4589|32.2763|11.0615|16.1844|26.55|15.5679|47.0365|75.699|11.8194|12.726|14.1987|57.0974|39.9413|55.8812|34.0839|86.2435|58.7029|71.0086|11.2844,0.180129|0.227784|0.190047|0.220389|0.207992|0.191357|0.167734|0.222961|0.183728|0.234751|0.246199|0.240047|0.214255|0.22961|0.238834|0.212149|0.231931|0.21275|0.168449|0.226099|0.244274|0.227675|0.180359|0.234874|0.248409|0.182991|0.201188|0.230021|0.200895,0.323551|0.686264|0.757428|0.549818|0.646488|0.567841|0.927159|0.762891|0.218166|0.258586|0.415176|0.895675|0.692153|0.217843|0.957633|0.870283|0.796307|0.837867|0.776387|0.757755|0.997795|0.396625|0.129355|0.16843|0.983209|0.182796|0.666395|0.131268|0.836539,0.869523,0.801463,0.117836,0.0993652,0.460468,0.534015,0.0732846,0.487967,0.198257,0.921169,51.6436,5.43263e-12,47756,0.887486,41.1981,1.06086e-12,38445,0.895553,0.876428,0.0878307,0.631141,0.996144,0.511517,0.22039,0.459803,0.228135,0.891603,87.9902,7.64954e-10,30733,0.967162,70.4477,9.04596e-11,52512
24,1160,n1->n20->n21->n67->n64->n49->n47->n26->n24->n33->n32->n66->n68->n22->n74->n75->n76->n86->n87->n88->n90->n89->n95->n82->n80->n81->n37->n65->n52->n51,5.37021e+09|4.0293e+11|1.56161e+12|4.7483e+09|4.21034e+09|2.45005e+09|4.74236e+11|7.09351e+09|1.59557e+13|3.64323e+13|1.78367e+12|1.10072e+10|1.31753e+09|1.47e+10|5.8385e+13|8.71921e+10|4.21804e+13|3.85304e+10|7.3435e+12|9.00567e+12|1.33273e+11|2.68119e+11|1.05601e+11|1.07979e+13|2.45686e+13|2.58887e+10|2.79748e+13|1.12599e+09|1.02428e+10|7.46708e+11,8.19724e+08|1.89646e+11|3.02345e+11|7.5553e+08|1.60867e+09|2.44458e+09|1.54765e+11|1.31666e+09|4.06569e+12|6.32377e+12|1.05491e+12|8.7665e+09|3.10679e+08|9.51029e+09|7.35096e+12|5.29113e+10|1.15782e+13|4.69095e+09|2.79916e+12|8.66002e+12|6.41526e+10|9.23423e+10|5.46554e+10|1.66379e+12|2.75437e+12|8.36206e+09|4.96975e+12|3.2906e+08|2.07235e+09|5.06847e+11,0.000494453|5.21063e-05|0.00096308|3.91885e-05|1.88732e-05|1.07426e-05|0.000202873|3.77967e-05|0.000193265|1.50316e-05|0.000179959|0.000237659|0.000223952|1.77434e-05|0.000875739|0.000766915|1.88608e-05|6.21631e-05|0.000634307|6.2721e-05|0.000319756|3.55201e-05|0.000260968|0.000837919|1.13052e-05|0.000268232|1.06248e-05|1.96575e-05|0.00011644|0.000185382,0.000316017|0.000368678|0.00195589|0.000640186|0.000135861|0.000979027|0.000266598|0.00522178|0.0012727|0.00213059|0.00292552|0.000470269|0.00843573|0.0006856|0.00944671|0.000203965|0.00214239|0.00341054|0.00151267|0.000480267|0.000672662|0.000111435|0.000186877|0.00271152|0.000238286|0.000752991|0.000261291|0.000428116|0.00580301|0.00344885,0.0109342|0.0108696|0.00712365|0.029632|0.0266797|0.0183567|0.00898217|0.0101688|0.0433038|0.00968695|0.00778345|0.0203827|0.0370095|0.0408661|0.0280357|0.0243876|0.00156873|0.0237043|0.0186268|0.00850464|0.0285929|0.0107812|0.00282907|0.0278433|0.00592883|0.0481357|0.0457563|0.00118659|0.0398377|0.0365406,0.000178506|0.0181411|0.0414669|0.0482082|0.0436548|0.0388066|0.0488958|0.0409649|0.00780618|0.0280967|0.0161829|0.0146278|0.00589983|0.040072|0.0166219|0.0250863|0.0470058|0.0488574|0.00979507|0.0237676|0.0372754|0.0401575|0.0420997|0.0266174|0.0262948|0.00997263|0.0105712|0.00176737|0.0151024|0.0130093,0.973537|0.923215|0.971602|0.924883|0.933821|0.969899|0.9108|0.981638|0.90929|0.923653|0.953313|0.978907|0.984554|0.95984|0.90082|0.936129|0.989289|0.981332|0.977244|0.962132|0.984478|0.926416|0.966581|0.934435|0.919013|0.948836|0.964079|0.967717|0.965406|0.98883,4.63983|4.79469|3.14177|2.06342|5.77568|3.94615|6.27947|2.91399|3.9732|1.04264|0.10397|3.10364|5.26958|0.048646|0.0974208|3.39264|0.578949|4.96971|2.33192|1.9653|4.02061|0.0868458|1.09944|0.132111|0.100836|1.5908|4.96174|4.1126|0.0104102|4.04415,90.7492|76.7594|42.5138|95.5844|77.768|91.8261|70.8805|83.4704|98.0873|61.2747|27.3217|70.8824|15.3326|63.8366|64.3401|63.5216|37.5994|88.9922|57.0974|14.1987|12.726|11.8194|75.699|47.0365|15.5679|88.8597|13.4252|56.1703|83.3731,0.215706|0.218425|0.197352|0.248978|0.165457|0.228404|0.189485|0.216464|0.239791|0.208144|0.199785|0.16183|0.236297|0.241428|0.220369|0.207806|0.17745|0.246364|0.227675|0.244274|0.226099|0.168449|0.21275|0.231931|0.212149|0.211898|0.230756|0.247907|0.197114,0.53635|0.515127|0.602799|0.480161|0.348083|0.133861|0.757042|0.583168|0.939209|0.704271|0.769012|0.215539|0.655447|0.480684|0.119032|0.844544|0.871942|0.83582|0.396625|0.997795|0.757755|0.776387|0.837867|0.796307|0.870283|0.430076|0.986996|0.827328|0.942894,0.869523,0.801463,0.117836,0.0993652,0.460468,0.534015,0.0732846,0.487967,0.198257,0.921169,51.6436,5.43263e-12,47756,0.887486,41.1981,1.06086e-12,38445,0.895553,0.876428,0.0878307,0.631141,0.996144,0.511517,0.22039,0.459803,0.228135,0.891603,87.9902,7.64954e-10,30733,0.967162,70.4477,9.04596e-11,52512
24,1161,n1->n13->n12->n14->n96->n97->n99->n77->n72->n45->n44->n41->n39->n10->n8->n7->n2->n100->n90->n59->n58->n85->n65->n5->n3->n69->n28->n27->n52->n51,5.37021e+09|6.60497e+13|9.70597e+10|3.70261e+10|2.51165e+12|2.90604e+09|1.57108e+10|5.68112e+11|6.83442e+09|8.38488e+13|5.26537e+13|3.95737e+11|3.34792e+13|2.49624e+09|4.61239e+13|3.81012e+11|5.94248e+10|4.01966e+09|1.33273e+11|3.04563e+11|8.16696e+09|2.02447e+09|1.12599e+09|2.91995e+11|2.78751e+13|8.81277e+09|1.34247e+11|4.19351e+12|1.02428e+10|7.46708e+11,8.19724e+08|8.87204e+12|2.76143e+10|1.44234e+10|5.36324e+11|5.04144e+08|4.21389e+09|3.56307e+11|1.48353e+09|1.01787e+13|2.86817e+13|1.47899e+11|1.12013e+13|7.32581e+08|1.04208e+13|6.70334e+10|3.74975e+10|2.27749e+09|6.41526e+10|3.06423e+10|6.89506e+09|2.41326e+08|3.2906e+08|4.67133e+10|1.44762e+13|7.57626e+09|1.51805e+10|8.73344e+11|2.07235e+09|5.06847e+11,0.000494453|0.000787814|0.000201974|3.25754e-05|1.2987e-05|8.81202e-05|0.00089026|8.49487e-05|0.000159499|1.67225e-05|0.000124649|2.35935e-05|5.53896e-05|6.27016e-05|6.6054e-05|0.000475679|1.10648e-05|0.000665246|0.000319756|2.43107e-05|0.000266735|2.04325e-05|1.96575e-05|7.03031e-05|0.00022361|0.000268039|0.00056516|1.08528e-05|0.00011644|0.000185382,0.000316017|0.00788063|0.0016732|0.000181646|0.000286765|0.00494291|0.000350126|0.000906866|0.00384342|0.000742576|0.00158999|0.00412419|0.0025393|0.00113469|0.00522046|0.00104538|0.00120557|0.00914892|0.000672662|0.000202742|0.00874893|0.000338175|0.000428116|0.000196916|0.00776667|0.00367819|0.0093172|0.00262605|0.00580301|0.00344885,0.0109342|0.0476737|0.0313381|0.0426128|0.0377902|0.0381696|0.0362414|0.04851|0.0479977|0.00846218|0.0486405|0.00451081|0.00111942|0.00597815|0.0318744|0.01754|0.00369149|0.0100829|0.0285929|0.00304046|0.0248478|0.0354515|0.00118659|0.00731162|0.0268705|0.022957|0.0317261|0.0303206|0.0398377|0.0365406,0.000178506|0.00335145|0.0470205|0.049061|0.0195364|0.00800322|0.0472365|0.0115254|0.0299903|0.0342415|0.00764508|0.00491436|0.0449458|0.0245713|0.0483133|0.0283975|0.0127317|0.0460028|0.0372754|0.0474075|0.0481122|0.0266209|0.00176737|0.0421608|0.0326941|0.0100342|0.03841|0.0230682|0.0151024|0.0130093,0.973537|0.954869|0.937315|0.906626|0.951762|0.90679|0.953794|0.949999|0.96924|0.934264|0.932977|0.923722|0.924329|0.962416|0.975256|0.963898|0.968894|0.935175|0.984478|0.99171|0.911658|0.940474|0.967717|0.951514|0.982466|0.975915|0.948072|0.985376|0.965406|0.98883,4.63983|5.26639|3.07758|0.762282|0.85792|1.41691|3.07459|0.722366|3.90463|5.31688|2.64532|4.11092|1.19952|1.97158|3.22282|3.51107|4.74216|3.89025|4.02061|5.60303|3.70937|4.91715|4.1126|4.90362|4.79844|2.99986|1.48687|4.5695|0.0104102|4.04415,79.8117|56.34|51.9585|54.7186|37.9513|94.4507|96.5216|92.3918|63.1262|57.1366|12.7315|38.9947|24.4191|99.595|55.4093|88.6198|37.015|32.7492|62.2588|56.397|90.6886|82.5435|35.0583|10.4739|83.9106|97.1045|23.5709|46.2248|83.3731,0.246796|0.206669|0.222459|0.208433|0.246589|0.168303|0.241387|0.167022|0.243732|0.235241|0.246433|0.18226|0.239532|0.184434|0.230451|0.228013|0.17211|0.191207|0.169222|0.21902|0.194345|0.20461|0.209201|0.163561|0.204476|0.207556|0.207151|0.183493|0.197114,0.338018|0.285239|0.326911|0.448351|0.157157|0.263233|0.664018|0.776051|0.65643|0.218954|0.665882|0.988985|0.991722|0.703378|0.745697|0.84397|0.315214|0.878161|0.361153|0.533324|0.45102|0.519435|0.297185|0.469027|0.65353|0.438091|0.340196|0.657987|0.942894,0.869523,0.801463,0.117836,0.0993652,0.460468,0.534015,0.0732846,0.487967,0.198257,0.921169,51.6436,5.43263e-12,47756,0.887486,41.1981,1.06086e-12,38445,0.895553,0.876428,0.0878307,0.631141,0.996144,0.511517,0.22039,0.459803,0.228135,0.891603,87.9902,7.64954e-10,30733,0.967162,70.4477,9.04596e-11,52512
24,1162,n1->n20->n18->n19->n17->n68->n22->n74->n76->n75->n4->n2->n100->n90->n59->n60->n50->n29->n27->n52->n65->n5->n7->n8->n12->n13->n14->n96->n94->n51,5.37021e+09|4.0293e+11|7.59179e+12|2.47533e+11|1.51096e+11|1.31753e+09|1.47e+10|5.8385e+13|4.21804e+13|8.71921e+10|7.07339e+12|5.94248e+10|4.01966e+09|1.33273e+11|3.04563e+11|8.79841e+13|2.36425e+09|3.6336e+13|4.19351e+12|1.02428e+10|1.12599e+09|2.91995e+11|3.81012e+11|4.61239e+13|9.70597e+10|6.60497e+13|3.70261e+10|2.51165e+12|1.36531e+10|7.46708e+11,8.19724e+08|1.89646e+11|4.11836e+12|2.33399e+11|1.57582e+10|3.10679e+08|9.51029e+09|7.35096e+12|1.15782e+13|5.29113e+10|2.43435e+12|3.74975e+10|2.27749e+09|6.41526e+10|3.06423e+10|5.95756e+13|4.07889e+08|1.77292e+13|8.73344e+11|2.07235e+09|3.2906e+08|4.67133e+10|6.70334e+10|1.04208e+13|2.76143e+10|8.87204e+12|1.44234e+10|5.36324e+11|1.67171e+09|5.06847e+11,0.000494453|5.21063e-05|2.98936e-05|0.000261527|0.000261059|0.000223952|1.77434e-05|0.000875739|1.88608e-05|0.000766915|0.000113681|1.10648e-05|0.000665246|0.000319756|2.43107e-05|0.000731749|1.54283e-05|0.000125062|1.08528e-05|0.00011644|1.96575e-05|7.03031e-05|0.000475679|6.6054e-05|0.000201974|0.000787814|3.25754e-05|1.2987e-05|2.95455e-05|0.000185382,0.000316017|0.000368678|0.000681499|0.000768065|0.000513001|0.00843573|0.0006856|0.00944671|0.00214239|0.000203965|0.00198341|0.00120557|0.00914892|0.000672662|0.000202742|0.000248463|0.00907722|0.00231296|0.00262605|0.00580301|0.000428116|0.000196916|0.00104538|0.00522046|0.0016732|0.00788063|0.000181646|0.000286765|0.000125263|0.00344885,0.0109342|0.0108696|0.0192976|0.0201979|0.0430027|0.0370095|0.0408661|0.0280357|0.00156873|0.0243876|0.0350273|0.00369149|0.0100829|0.0285929|0.00304046|0.0128442|0.00638914|0.0255931|0.0303206|0.0398377|0.00118659|0.00731162|0.01754|0.0318744|0.0313381|0.0476737|0.0426128|0.0377902|0.00830448|0.0365406,0.000178506|0.0181411|0.0120519|0.0291803|0.00442808|0.00589983|0.040072|0.0166219|0.0470058|0.0250863|0.0273051|0.0127317|0.0460028|0.0372754|0.0474075|0.0431033|0.0483596|0.00291922|0.0230682|0.0151024|0.00176737|0.0421608|0.0283975|0.0483133|0.0470205|0.00335145|0.049061|0.0195364|0.0293842|0.0130093,0.973537|0.923215|0.946711|0.941018|0.974312|0.984554|0.95984|0.90082|0.989289|0.936129|0.917619|0.968894|0.935175|0.984478|0.99171|0.945549|0.910708|0.962742|0.985376|0.965406|0.967717|0.951514|0.963898|0.975256|0.937315|0.954869|0.906626|0.951762|0.927471|0.98883,4.63983|4.79469|4.38273|1.39448|5.11322|5.26958|0.048646|0.0974208|0.578949|3.39264|1.56082|4.74216|3.89025|4.02061|5.60303|4.50487|5.41755|0.0327787|4.5695|0.0104102|4.1126|4.90362|3.51107|3.22282|3.07758|5.26639|0.762282|0.85792|5.03384|4.04415,90.7492|89.2299|34.0839|10.3361|23.9015|15.3326|63.8366|53.1277|63.5216|81.7362|30.2686|37.015|32.7492|62.2588|76.8491|22.3088|37.0378|49.6282|46.2248|56.1703|35.0583|37.2729|55.4093|81.3396|56.34|92.5451|54.7186|71.0086|11.2844,0.215706|0.247215|0.248409|0.172286|0.236806|0.236297|0.241428|0.181342|0.207806|0.218556|0.239023|0.17211|0.191207|0.169222|0.204072|0.190841|0.191256|0.180772|0.183493|0.247907|0.209201|0.176784|0.230451|0.186476|0.206669|0.191459|0.208433|0.230021|0.200895,0.53635|0.652252|0.983209|0.559133|0.2818|0.655447|0.480684|0.519715|0.844544|0.847503|0.514427|0.315214|0.878161|0.361153|0.509755|0.323935|0.182586|0.511755|0.657987|0.827328|0.297185|0.943162|0.745697|0.379326|0.285239|0.161307|0.448351|0.131268|0.836539,0.869523,0.801463,0.117836,0.0993652,0.460468,0.534015,0.0732846,0.487967,0.198257,0.921169,51.6436,5.43263e-12,47756,0.887486,41.1981,1.06086e-12,38445,0.895553,0.876428,0.0878307,0.631141,0.996144,0.511517,0.22039,0.459803,0.228135,0.891603,87.9902,7.64954e-10,30733,0.967162,70.4477,9.04596e-11,52512
24,1163,n1->n13->n14->n96->n97->n99->n98->n57->n74->n22->n68->n58->n59->n50->n48->n89->n88->n87->n70->n69->n3->n5->n65->n85->n84->n82->n54->n53->n52->n51,5.37021e+09|6.60497e+13|3.70261e+10|2.51165e+12|2.90604e+09|1.57108e+10|1.8266e+13|4.14288e+09|5.8385e+13|1.47e+10|1.31753e+09|8.16696e+09|3.04563e+11|2.36425e+09|3.98001e+12|2.68119e+11|9.00567e+12|7.3435e+12|6.87309e+13|8.81277e+09|2.78751e+13|2.91995e+11|1.12599e+09|2.02447e+09|1.07392e+09|1.07979e+13|2.80961e+11|4.60474e+10|1.02428e+10|7.46708e+11,8.19724e+08|8.87204e+12|1.44234e+10|5.36324e+11|5.04144e+08|4.21389e+09|5.99087e+12|2.05006e+09|7.35096e+12|9.51029e+09|3.10679e+08|6.89506e+09|3.06423e+10|4.07889e+08|1.69514e+12|9.23423e+10|8.66002e+12|2.79916e+12|9.78332e+12|7.57626e+09|1.44762e+13|4.67133e+10|3.2906e+08|2.41326e+08|9.00899e+08|1.66379e+12|2.23178e+11|3.18273e+10|2.07235e+09|5.06847e+11,0.000494453|0.000787814|3.25754e-05|1.2987e-05|8.81202e-05|0.00089026|0.000410965|0.000173612|0.000875739|1.77434e-05|0.000223952|0.000266735|2.43107e-05|1.54283e-05|4.78153e-05|3.55201e-05|6.2721e-05|0.000634307|5.13815e-05|0.000268039|0.00022361|7.03031e-05|1.96575e-05|2.04325e-05|2.14473e-05|0.000837919|1.47667e-05|2.00633e-05|0.00011644|0.000185382,0.000316017|0.00788063|0.000181646|0.000286765|0.00494291|0.000350126|0.000548485|0.00271581|0.00944671|0.0006856|0.00843573|0.00874893|0.000202742|0.00907722|0.00544009|0.000111435|0.000480267|0.00151267|0.00295865|0.00367819|0.00776667|0.000196916|0.000428116|0.000338175|0.000434313|0.00271152|0.00549128|0.000509085|0.00580301|0.00344885,0.0109342|0.0476737|0.0426128|0.0377902|0.0381696|0.0362414|0.0295222|0.0328142|0.0280357|0.0408661|0.0370095|0.0248478|0.00304046|0.00638914|0.0455031|0.0107812|0.00850464|0.0186268|0.0286141|0.022957|0.0268705|0.00731162|0.00118659|0.0354515|0.0473575|0.0278433|0.0334079|5.21659e-05|0.0398377|0.0365406,0.000178506|0.00335145|0.049061|0.0195364|0.00800322|0.0472365|0.0297366|0.0437642|0.0166219|0.040072|0.00589983|0.0481122|0.0474075|0.0483596|0.0360942|0.0401575|0.0237676|0.00979507|0.0216638|0.0100342|0.0326941|0.0421608|0.00176737|0.0266209|0.0366447|0.0266174|0.00844474|0.00115664|0.0151024|0.0130093,0.973537|0.954869|0.906626|0.951762|0.90679|0.953794|0.959539|0.983348|0.90082|0.95984|0.984554|0.911658|0.99171|0.910708|0.967439|0.926416|0.962132|0.977244|0.966653|0.975915|0.982466|0.951514|0.967717|0.940474|0.948551|0.934435|0.927525|0.913872|0.965406|0.98883,4.63983|5.26639|0.762282|0.85792|1.41691|3.07459|2.95405|1.93323|0.0974208|0.048646|5.26958|3.70937|5.60303|5.41755|3.09858|0.0868458|1.9653|2.33192|4.60778|2.99986|4.79844|4.90362|4.1126|4.91715|5.42186|0.132111|1.22009|0.640024|0.0104102|4.04415,79.8117|92.5451|54.7186|37.9513|94.4507|58.4557|98.2355|95.6836|63.8366|15.3326|56.905|56.397|47.7013|23.5956|94.0077|92.4072|57.0974|39.9413|74.5377|83.9106|10.4739|35.0583|82.5435|82.1833|83.37|41.1455|75.3264|81.3721|83.3731,0.246796|0.191459|0.208433|0.246589|0.168303|0.227784|0.190047|0.169856|0.241428|0.236297|0.185169|0.21902|0.170229|0.191801|0.234363|0.203687|0.227675|0.180359|0.172691|0.204476|0.163561|0.209201|0.20461|0.216313|0.203763|0.242874|0.191357|0.184589|0.197114,0.338018|0.161307|0.448351|0.157157|0.263233|0.686264|0.757428|0.815246|0.480684|0.655447|0.476138|0.533324|0.776444|0.688345|0.948873|0.876618|0.396625|0.129355|0.416585|0.65353|0.469027|0.297185|0.519435|0.528406|0.808712|0.378494|0.567841|0.272111|0.942894,0.869523,0.801463,0.117836,0.0993652,0.460468,0.534015,0.0732846,0.487967,0.198257,0.921169,51.6436,5.43263e-12,47756,0.887486,41.1981,1.06086e-12,38445,0.895553,0.876428,0.0878307,0.631141,0.996144,0.511517,0.22039,0.459803,0.228135,0.891603,87.9902,7.64954e-10,30733,0.967162,70.4477,9.04596e-11,52512
24,1164,n1->n13->n15->n34->n35->n74->n22->n68->n58->n85->n78->n76->n75->n4->n27->n97->n96->n20->n18->n16->n38->n36->n64->n67->n21->n23->n77->n93->n94->n51,5.37021e+09|6.60497e+13|8.77071e+11|4.7313e+12|5.77859e+11|5.8385e+13|1.47e+10|1.31753e+09|8.16696e+09|2.02447e+09|3.25238e+10|4.21804e+13|8.71921e+10|7.07339e+12|4.19351e+12|2.90604e+09|2.51165e+12|4.0293e+11|7.59179e+12|1.09193e+13|1.16426e+13|7.73972e+11|4.21034e+09|4.7483e+09|1.56161e+12|4.63033e+10|5.68112e+11|4.22601e+13|1.36531e+10|7.46708e+11,8.19724e+08|8.87204e+12|1.06991e+11|1.15705e+12|4.88834e+11|7.35096e+12|9.51029e+09|3.10679e+08|6.89506e+09|2.41326e+08|2.30731e+10|1.15782e+13|5.29113e+10|2.43435e+12|8.73344e+11|5.04144e+08|5.36324e+11|1.89646e+11|4.11836e+12|1.33827e+12|1.19258e+12|7.77593e+10|1.60867e+09|7.5553e+08|3.02345e+11|3.30225e+10|3.56307e+11|1.3774e+13|1.67171e+09|5.06847e+11,0.000494453|0.000787814|0.000182949|0.000140889|0.000412952|0.000875739|1.77434e-05|0.000223952|0.000266735|2.04325e-05|0.000270955|1.88608e-05|0.000766915|0.000113681|1.08528e-05|8.81202e-05|1.2987e-05|5.21063e-05|2.98936e-05|3.71682e-05|1.04425e-05|0.000426407|1.88732e-05|3.91885e-05|0.00096308|0.000277161|8.49487e-05|8.45967e-05|2.95455e-05|0.000185382,0.000316017|0.00788063|0.00274771|0.000270551|0.00138752|0.00944671|0.0006856|0.00843573|0.00874893|0.000338175|0.00167497|0.00214239|0.000203965|0.00198341|0.00262605|0.00494291|0.000286765|0.000368678|0.000681499|0.00174713|0.00950649|0.00396778|0.000135861|0.000640186|0.00195589|0.00418014|0.000906866|0.000162335|0.000125263|0.00344885,0.0109342|0.0476737|0.0207315|0.0276207|0.00215298|0.0280357|0.0408661|0.0370095|0.0248478|0.0354515|0.00569443|0.00156873|0.0243876|0.0350273|0.0303206|0.0381696|0.0377902|0.0108696|0.0192976|0.0123696|0.0263713|0.00497013|0.0266797|0.029632|0.00712365|0.00314906|0.04851|0.0108045|0.00830448|0.0365406,0.000178506|0.00335145|0.0378122|0.0210615|0.0375959|0.0166219|0.040072|0.00589983|0.0481122|0.0266209|0.0425349|0.0470058|0.0250863|0.0273051|0.0230682|0.00800322|0.0195364|0.0181411|0.0120519|0.0240438|0.00318517|0.0341912|0.0436548|0.0482082|0.0414669|0.0470385|0.0115254|0.0326183|0.0293842|0.0130093,0.973537|0.954869|0.910795|0.904866|0.952159|0.90082|0.95984|0.984554|0.911658|0.940474|0.92832|0.989289|0.936129|0.917619|0.985376|0.90679|0.951762|0.923215|0.946711|0.979533|0.902547|0.94998|0.933821|0.924883|0.971602|0.92176|0.949999|0.912097|0.927471|0.98883,4.63983|5.26639|1.89272|4.56594|5.24666|0.0974208|0.048646|5.26958|3.70937|4.91715|3.3614|0.578949|3.39264|1.56082|4.5695|1.41691|0.85792|4.79469|4.38273|1.69436|5.09423|3.70656|5.77568|2.06342|3.14177|2.08786|0.722366|5.92115|5.03384|4.04415,79.8117|66.6304|27.3162|26.2497|67.7415|63.8366|15.3326|56.905|90.6886|67.1704|69.3348|63.5216|81.7362|52.1141|31.5608|37.9513|58.7029|89.2299|72.2829|28.0546|61.2725|43.8659|95.5844|42.5138|88.4205|39.0733|51.9256|63.1349|11.2844,0.246796|0.179788|0.231681|0.244194|0.161632|0.241428|0.236297|0.185169|0.194345|0.184721|0.194827|0.207806|0.218556|0.184605|0.219936|0.246589|0.201188|0.247215|0.180241|0.17367|0.204351|0.241695|0.248978|0.197352|0.232237|0.178948|0.247077|0.209804|0.200895,0.338018|0.275394|0.750497|0.307851|0.301798|0.480684|0.655447|0.476138|0.45102|0.609732|0.93416|0.844544|0.847503|0.200735|0.557853|0.157157|0.666395|0.652252|0.553025|0.828443|0.413834|0.590576|0.480161|0.602799|0.516177|0.23533|0.469529|0.17375|0.836539,0.869523,0.801463,0.117836,0.0993652,0.460468,0.534015,0.0732846,0.487967,0.198257,0.921169,51.6436,5.43263e-12,47756,0.887486,41.1981,1.06086e-12,38445,0.895553,0.876428,0.0878307,0.631141,0.996144,0.511517,0.22039,0.459803,0.228135,0.891603,87.9902,7.64954e-10,30733,0.967162,70.4477,9.04596e-11,52512
24,1165,n1->n13->n15->n63->n82->n80->n81->n83->n85->n78->n76->n86->n87->n70->n72->n45->n43->n41->n39->n37->n65->n64->n67->n38->n36->n34->n35->n31->n29->n50->n51,5.37021e+09|6.60497e+13|8.77071e+11|6.55204e+12|1.07979e+13|2.45686e+13|2.58887e+10|3.76373e+13|2.02447e+09|3.25238e+10|4.21804e+13|3.85304e+10|7.3435e+12|6.87309e+13|6.83442e+09|8.38488e+13|1.40931e+10|3.95737e+11|3.34792e+13|2.79748e+13|1.12599e+09|4.21034e+09|4.7483e+09|1.16426e+13|7.73972e+11|4.7313e+12|5.77859e+11|4.79342e+12|3.6336e+13|2.36425e+09|7.46708e+11,8.19724e+08|8.87204e+12|1.06991e+11|2.63574e+12|1.66379e+12|2.75437e+12|8.36206e+09|2.34723e+13|2.41326e+08|2.30731e+10|1.15782e+13|4.69095e+09|2.79916e+12|9.78332e+12|1.48353e+09|1.01787e+13|3.26577e+09|1.47899e+11|1.12013e+13|4.96975e+12|3.2906e+08|1.60867e+09|7.5553e+08|1.19258e+12|7.77593e+10|1.15705e+12|4.88834e+11|4.42443e+12|1.77292e+13|4.07889e+08|5.06847e+11,0.000494453|0.000787814|0.000182949|0.000116235|0.000837919|1.13052e-05|0.000268232|1.86087e-05|2.04325e-05|0.000270955|1.88608e-05|6.21631e-05|0.000634307|5.13815e-05|0.000159499|1.67225e-05|0.000955168|2.35935e-05|5.53896e-05|1.06248e-05|1.96575e-05|1.88732e-05|3.91885e-05|1.04425e-05|0.000426407|0.000140889|0.000412952|0.00024651|0.000125062|1.54283e-05|0.000185382,0.000316017|0.00788063|0.00274771|0.00126856|0.00271152|0.000238286|0.000752991|0.000175452|0.000338175|0.00167497|0.00214239|0.00341054|0.00151267|0.00295865|0.00384342|0.000742576|0.00344494|0.00412419|0.0025393|0.000261291|0.000428116|0.000135861|0.000640186|0.00950649|0.00396778|0.000270551|0.00138752|0.00308746|0.00231296|0.00907722|0.00344885,0.0109342|0.0476737|0.0207315|0.0100727|0.0278433|0.00592883|0.0481357|0.015405|0.0354515|0.00569443|0.00156873|0.0237043|0.0186268|0.0286141|0.0479977|0.00846218|0.0168583|0.00451081|0.00111942|0.0457563|0.00118659|0.0266797|0.029632|0.0263713|0.00497013|0.0276207|0.00215298|0.0211034|0.0255931|0.00638914|0.0365406,0.000178506|0.00335145|0.0378122|0.0107197|0.0266174|0.0262948|0.00997263|0.038157|0.0266209|0.0425349|0.0470058|0.0488574|0.00979507|0.0216638|0.0299903|0.0342415|0.0482719|0.00491436|0.0449458|0.0105712|0.00176737|0.0436548|0.0482082|0.00318517|0.0341912|0.0210615|0.0375959|0.0151027|0.00291922|0.0483596|0.0130093,0.973537|0.954869|0.910795|0.903245|0.934435|0.919013|0.948836|0.947801|0.940474|0.92832|0.989289|0.981332|0.977244|0.966653|0.96924|0.934264|0.943219|0.923722|0.924329|0.964079|0.967717|0.933821|0.924883|0.902547|0.94998|0.904866|0.952159|0.943878|0.962742|0.910708|0.98883,4.63983|5.26639|1.89272|4.68449|0.132111|0.100836|1.5908|4.11052|4.91715|3.3614|0.578949|4.96971|2.33192|4.60778|3.90463|5.31688|2.3897|4.11092|1.19952|4.96174|4.1126|5.77568|2.06342|5.09423|3.70656|4.56594|5.24666|4.82496|0.0327787|5.41755|4.04415,79.8117|66.6304|11.0615|48.6997|47.0365|15.5679|78.7627|92.2019|67.1704|69.3348|37.5994|88.9922|39.9413|97.4405|63.1262|48.5398|43.4967|38.9947|31.554|13.4252|56.7563|95.5844|59.2872|61.2725|89.5651|26.2497|91.3525|70.4589|37.0378|82.9474,0.246796|0.179788|0.214255|0.175742|0.231931|0.212149|0.170031|0.231254|0.184721|0.194827|0.17745|0.246364|0.180359|0.180102|0.243732|0.218428|0.160247|0.18226|0.195005|0.230756|0.186349|0.248978|0.200548|0.204351|0.241996|0.244194|0.243038|0.246199|0.191256|0.24308,0.338018|0.275394|0.692153|0.4301|0.796307|0.870283|0.530775|0.604504|0.609732|0.93416|0.871942|0.83582|0.129355|0.79408|0.65643|0.854577|0.922117|0.988985|0.711047|0.986996|0.927837|0.480161|0.127053|0.413834|0.265381|0.307851|0.658826|0.415176|0.182586|0.624607,0.869523,0.801463,0.117836,0.0993652,0.460468,0.534015,0.0732846,0.487967,0.198257,0.921169,51.6436,5.43263e-12,47756,0.887486,41.1981,1.06086e-12,38445,0.895553,0.876428,0.0878307,0.631141,0.996144,0.511517,0.22039,0.459803,0.228135,0.891603,87.9902,7.64954e-10,30733,0.967162,70.4477,9.04596e-11,52512
24,1166,n1->n13->n14->n75->n74->n76->n78->n44->n42->n40->n54->n55->n57->n83->n81->n80->n82->n84->n33->n32->n30->n31->n35->n34->n15->n29->n50->n60->n62->n61->n51,5.37021e+09|6.60497e+13|3.70261e+10|8.71921e+10|5.8385e+13|4.21804e+13|3.25238e+10|5.26537e+13|2.42905e+09|3.58065e+10|2.80961e+11|8.84081e+12|4.14288e+09|3.76373e+13|2.58887e+10|2.45686e+13|1.07979e+13|1.07392e+09|3.64323e+13|1.78367e+12|1.26395e+10|4.79342e+12|5.77859e+11|4.7313e+12|8.77071e+11|3.6336e+13|2.36425e+09|8.79841e+13|2.37342e+11|6.44979e+11|7.46708e+11,8.19724e+08|8.87204e+12|1.44234e+10|5.29113e+10|7.35096e+12|1.15782e+13|2.30731e+10|2.86817e+13|2.47264e+08|4.14657e+09|2.23178e+11|4.69454e+12|2.05006e+09|2.34723e+13|8.36206e+09|2.75437e+12|1.66379e+12|9.00899e+08|6.32377e+12|1.05491e+12|1.81012e+09|4.42443e+12|4.88834e+11|1.15705e+12|1.06991e+11|1.77292e+13|4.07889e+08|5.95756e+13|1.13053e+11|1.30372e+11|5.06847e+11,0.000494453|0.000787814|3.25754e-05|0.000766915|0.000875739|1.88608e-05|0.000270955|0.000124649|8.79758e-05|6.01341e-05|1.47667e-05|4.06274e-05|0.000173612|1.86087e-05|0.000268232|1.13052e-05|0.000837919|2.14473e-05|1.50316e-05|0.000179959|4.789e-05|0.00024651|0.000412952|0.000140889|0.000182949|0.000125062|1.54283e-05|0.000731749|8.24006e-05|3.71253e-05|0.000185382,0.000316017|0.00788063|0.000181646|0.000203965|0.00944671|0.00214239|0.00167497|0.00158999|0.000493531|0.00268841|0.00549128|0.000128431|0.00271581|0.000175452|0.000752991|0.000238286|0.00271152|0.000434313|0.00213059|0.00292552|0.00655588|0.00308746|0.00138752|0.000270551|0.00274771|0.00231296|0.00907722|0.000248463|0.00794111|0.00313588|0.00344885,0.0109342|0.0476737|0.0426128|0.0243876|0.0280357|0.00156873|0.00569443|0.0486405|0.00783732|0.0249103|0.0334079|0.00843704|0.0328142|0.015405|0.0481357|0.00592883|0.0278433|0.0473575|0.00968695|0.00778345|0.00398508|0.0211034|0.00215298|0.0276207|0.0207315|0.0255931|0.00638914|0.0128442|0.0242596|0.0266048|0.0365406,0.000178506|0.00335145|0.049061|0.0250863|0.0166219|0.0470058|0.0425349|0.00764508|0.0327962|0.033399|0.00844474|0.0314938|0.0437642|0.038157|0.00997263|0.0262948|0.0266174|0.0366447|0.0280967|0.0161829|0.0178703|0.0151027|0.0375959|0.0210615|0.0378122|0.00291922|0.0483596|0.0431033|0.0480911|0.0179693|0.0130093,0.973537|0.954869|0.906626|0.936129|0.90082|0.989289|0.92832|0.932977|0.960936|0.920308|0.927525|0.908585|0.983348|0.947801|0.948836|0.919013|0.934435|0.948551|0.923653|0.953313|0.972158|0.943878|0.952159|0.904866|0.910795|0.962742|0.910708|0.945549|0.98053|0.958619|0.98883,4.63983|5.26639|0.762282|3.39264|0.0974208|0.578949|3.3614|2.64532|0.765875|2.50002|1.22009|3.37071|1.93323|4.11052|1.5908|0.100836|0.132111|5.42186|1.04264|0.10397|5.42296|4.82496|5.24666|4.56594|1.89272|0.0327787|5.41755|4.50487|5.59786|2.63855|4.04415,79.8117|92.5451|56.2706|64.3401|53.1277|69.3348|88.5528|21.0603|77.6192|12.2677|27.8669|61.5999|50.003|78.7627|15.5679|47.0365|83.37|59.7094|61.2747|69.5993|88.6669|91.3525|26.2497|27.3162|32.2763|37.0378|22.3088|48.3985|89.0369|66.5616,0.246796|0.191459|0.226178|0.220369|0.181342|0.194827|0.200088|0.23095|0.243521|0.248162|0.169326|0.220389|0.1911|0.170031|0.212149|0.231931|0.203763|0.183728|0.208144|0.204659|0.215598|0.243038|0.244194|0.231681|0.240047|0.191256|0.190841|0.17162|0.198053|0.171721,0.338018|0.161307|0.725021|0.119032|0.519715|0.93416|0.134865|0.399278|0.14346|0.812759|0.414082|0.549818|0.161388|0.530775|0.870283|0.796307|0.808712|0.218166|0.704271|0.237533|0.123891|0.658826|0.307851|0.750497|0.895675|0.182586|0.323935|0.641887|0.704733|0.235817,0.869523,0.801463,0.117836,0.0993652,0.460468,0.534015,0.0732846,0.487967,0.198257,0.921169,51.6436,5.43263e-12,47756,0.887486,41.1981,1.06086e-12,38445,0.895553,0.876428,0.0878307,0.631141,0.996144,0.511517,0.22039,0.459803,0.228135,0.891603,87.9902,7.64954e-10,30733,0.967162,70.4477,9.04596e-11,52512
24,1167,n1->n13->n12->n8->n7->n5->n65->n64->n49->n47->n45->n43->n41->n39->n37->n81->n83->n57->n98->n99->n97->n95->n89->n88->n87->n86->n76->n30->n29->n50->n51,5.37021e+09|6.60497e+13|9.70597e+10|4.61239e+13|3.81012e+11|2.91995e+11|1.12599e+09|4.21034e+09|2.45005e+09|4.74236e+11|8.38488e+13|1.40931e+10|3.95737e+11|3.34792e+13|2.79748e+13|2.58887e+10|3.76373e+13|4.14288e+09|1.8266e+13|1.57108e+10|2.90604e+09|1.05601e+11|2.68119e+11|9.00567e+12|7.3435e+12|3.85304e+10|4.21804e+13|1.26395e+10|3.6336e+13|2.36425e+09|7.46708e+11,8.19724e+08|8.87204e+12|2.76143e+10|1.04208e+13|6.70334e+10|4.67133e+10|3.2906e+08|1.60867e+09|2.44458e+09|1.54765e+11|1.01787e+13|3.26577e+09|1.47899e+11|1.12013e+13|4.96975e+12|8.36206e+09|2.34723e+13|2.05006e+09|5.99087e+12|4.21389e+09|5.04144e+08|5.46554e+10|9.23423e+10|8.66002e+12|2.79916e+12|4.69095e+09|1.15782e+13|1.81012e+09|1.77292e+13|4.07889e+08|5.06847e+11,0.000494453|0.000787814|0.000201974|6.6054e-05|0.000475679|7.03031e-05|1.96575e-05|1.88732e-05|1.07426e-05|0.000202873|1.67225e-05|0.000955168|2.35935e-05|5.53896e-05|1.06248e-05|0.000268232|1.86087e-05|0.000173612|0.000410965|0.00089026|8.81202e-05|0.000260968|3.55201e-05|6.2721e-05|0.000634307|6.21631e-05|1.88608e-05|4.789e-05|0.000125062|1.54283e-05|0.000185382,0.000316017|0.00788063|0.0016732|0.00522046|0.00104538|0.000196916|0.000428116|0.000135861|0.000979027|0.000266598|0.000742576|0.00344494|0.00412419|0.0025393|0.000261291|0.000752991|0.000175452|0.00271581|0.000548485|0.000350126|0.00494291|0.000186877|0.000111435|0.000480267|0.00151267|0.00341054|0.00214239|0.00655588|0.00231296|0.00907722|0.00344885,0.0109342|0.0476737|0.0313381|0.0318744|0.01754|0.00731162|0.00118659|0.0266797|0.0183567|0.00898217|0.00846218|0.0168583|0.00451081|0.00111942|0.0457563|0.0481357|0.015405|0.0328142|0.0295222|0.0362414|0.0381696|0.00282907|0.0107812|0.00850464|0.0186268|0.0237043|0.00156873|0.00398508|0.0255931|0.00638914|0.0365406,0.000178506|0.00335145|0.0470205|0.0483133|0.0283975|0.0421608|0.00176737|0.0436548|0.0388066|0.0488958|0.0342415|0.0482719|0.00491436|0.0449458|0.0105712|0.00997263|0.038157|0.0437642|0.0297366|0.0472365|0.00800322|0.0420997|0.0401575|0.0237676|0.00979507|0.0488574|0.0470058|0.0178703|0.00291922|0.0483596|0.0130093,0.973537|0.954869|0.937315|0.975256|0.963898|0.951514|0.967717|0.933821|0.969899|0.9108|0.934264|0.943219|0.923722|0.924329|0.964079|0.948836|0.947801|0.983348|0.959539|0.953794|0.90679|0.966581|0.926416|0.962132|0.977244|0.981332|0.989289|0.972158|0.962742|0.910708|0.98883,4.63983|5.26639|3.07758|3.22282|3.51107|4.90362|4.1126|5.77568|3.94615|6.27947|5.31688|2.3897|4.11092|1.19952|4.96174|1.5908|4.11052|1.93323|2.95405|3.07459|1.41691|1.09944|0.0868458|1.9653|2.33192|4.96971|0.578949|5.42296|0.0327787|5.41755|4.04415,79.8117|56.34|81.3396|55.4093|37.2729|35.0583|56.7563|77.768|91.8261|40.979|48.5398|43.4967|38.9947|31.554|88.8597|78.7627|50.003|98.2355|58.4557|94.4507|11.8968|11.8194|92.4072|57.0974|88.9922|37.5994|21.8454|29.3504|37.0378|82.9474,0.246796|0.206669|0.186476|0.230451|0.176784|0.209201|0.186349|0.165457|0.228404|0.216949|0.218428|0.160247|0.18226|0.195005|0.211898|0.170031|0.1911|0.190047|0.227784|0.168303|0.228013|0.168449|0.203687|0.227675|0.246364|0.17745|0.220509|0.179657|0.191256|0.24308,0.338018|0.285239|0.379326|0.745697|0.943162|0.297185|0.927837|0.348083|0.133861|0.317946|0.854577|0.922117|0.988985|0.711047|0.430076|0.530775|0.161388|0.757428|0.686264|0.263233|0.342677|0.776387|0.876618|0.396625|0.83582|0.871942|0.936019|0.887943|0.182586|0.624607,0.869523,0.801463,0.117836,0.0993652,0.460468,0.534015,0.0732846,0.487967,0.198257,0.921169,51.6436,5.43263e-12,47756,0.887486,41.1981,1.06086e-12,38445,0.895553,0.876428,0.0878307,0.631141,0.996144,0.511517,0.22039,0.459803,0.228135,0.891603,87.9902,7.64954e-10,30733,0.967162,70.4477,9.04596e-11,52512
24,1168,n1->n99->n77->n93->n92->n94->n96->n97->n95->n89->n90->n59->n58->n68->n66->n32->n30->n31->n29->n50->n60->n62->n61->n63->n42->n44->n43->n45->n47->n49->n51,5.37021e+09|1.57108e+10|5.68112e+11|4.22601e+13|1.97334e+09|1.36531e+10|2.51165e+12|2.90604e+09|1.05601e+11|2.68119e+11|1.33273e+11|3.04563e+11|8.16696e+09|1.31753e+09|1.10072e+10|1.78367e+12|1.26395e+10|4.79342e+12|3.6336e+13|2.36425e+09|8.79841e+13|2.37342e+11|6.44979e+11|6.55204e+12|2.42905e+09|5.26537e+13|1.40931e+10|8.38488e+13|4.74236e+11|2.45005e+09|7.46708e+11,8.19724e+08|4.21389e+09|3.56307e+11|1.3774e+13|1.46451e+09|1.67171e+09|5.36324e+11|5.04144e+08|5.46554e+10|9.23423e+10|6.41526e+10|3.06423e+10|6.89506e+09|3.10679e+08|8.7665e+09|1.05491e+12|1.81012e+09|4.42443e+12|1.77292e+13|4.07889e+08|5.95756e+13|1.13053e+11|1.30372e+11|2.63574e+12|2.47264e+08|2.86817e+13|3.26577e+09|1.01787e+13|1.54765e+11|2.44458e+09|5.06847e+11,0.000494453|0.00089026|8.49487e-05|8.45967e-05|2.75832e-05|2.95455e-05|1.2987e-05|8.81202e-05|0.000260968|3.55201e-05|0.000319756|2.43107e-05|0.000266735|0.000223952|0.000237659|0.000179959|4.789e-05|0.00024651|0.000125062|1.54283e-05|0.000731749|8.24006e-05|3.71253e-05|0.000116235|8.79758e-05|0.000124649|0.000955168|1.67225e-05|0.000202873|1.07426e-05|0.000185382,0.000316017|0.000350126|0.000906866|0.000162335|0.0052688|0.000125263|0.000286765|0.00494291|0.000186877|0.000111435|0.000672662|0.000202742|0.00874893|0.00843573|0.000470269|0.00292552|0.00655588|0.00308746|0.00231296|0.00907722|0.000248463|0.00794111|0.00313588|0.00126856|0.000493531|0.00158999|0.00344494|0.000742576|0.000266598|0.000979027|0.00344885,0.0109342|0.0362414|0.04851|0.0108045|0.0444618|0.00830448|0.0377902|0.0381696|0.00282907|0.0107812|0.0285929|0.00304046|0.0248478|0.0370095|0.0203827|0.00778345|0.00398508|0.0211034|0.0255931|0.00638914|0.0128442|0.0242596|0.0266048|0.0100727|0.00783732|0.0486405|0.0168583|0.00846218|0.00898217|0.0183567|0.0365406,0.000178506|0.0472365|0.0115254|0.0326183|0.0387741|0.0293842|0.0195364|0.00800322|0.0420997|0.0401575|0.0372754|0.0474075|0.0481122|0.00589983|0.0146278|0.0161829|0.0178703|0.0151027|0.00291922|0.0483596|0.0431033|0.0480911|0.0179693|0.0107197|0.0327962|0.00764508|0.0482719|0.0342415|0.0488958|0.0388066|0.0130093,0.973537|0.953794|0.949999|0.912097|0.987763|0.927471|0.951762|0.90679|0.966581|0.926416|0.984478|0.99171|0.911658|0.984554|0.978907|0.953313|0.972158|0.943878|0.962742|0.910708|0.945549|0.98053|0.958619|0.903245|0.960936|0.932977|0.943219|0.934264|0.9108|0.969899|0.98883,4.63983|3.07459|0.722366|5.92115|6.03913|5.03384|0.85792|1.41691|1.09944|0.0868458|4.02061|5.60303|3.70937|5.26958|3.10364|0.10397|5.42296|4.82496|0.0327787|5.41755|4.50487|5.59786|2.63855|4.68449|0.765875|2.64532|2.3897|5.31688|6.27947|3.94615|4.04415,66.2586|96.5216|51.9256|61.035|13.5087|71.0086|37.9513|11.8968|11.8194|12.726|62.2588|56.397|56.905|70.8824|27.3217|69.5993|88.6669|70.4589|37.0378|22.3088|48.3985|89.0369|47.0482|97.0433|21.0603|69.1985|48.5398|40.979|91.8261|10.4661,0.180129|0.241387|0.247077|0.21409|0.230182|0.230021|0.246589|0.228013|0.168449|0.226099|0.169222|0.21902|0.185169|0.16183|0.199785|0.204659|0.215598|0.246199|0.191256|0.190841|0.17162|0.198053|0.167884|0.211509|0.23095|0.210513|0.218428|0.216949|0.228404|0.216931,0.323551|0.664018|0.469529|0.722832|0.731663|0.131268|0.157157|0.342677|0.776387|0.757755|0.361153|0.533324|0.476138|0.215539|0.769012|0.237533|0.123891|0.415176|0.182586|0.323935|0.641887|0.704733|0.410418|0.758395|0.399278|0.374145|0.854577|0.317946|0.133861|0.516407,0.869523,0.801463,0.117836,0.0993652,0.460468,0.534015,0.0732846,0.487967,0.198257,0.921169,51.6436,5.43263e-12,47756,0.887486,41.1981,1.06086e-12,38445,0.895553,0.876428,0.0878307,0.631141,0.996144,0.511517,0.22039,0.459803,0.228135,0.891603,87.9902,7.64954e-10,30733,0.967162,70.4477,9.04596e-11,52512
24,1169,n1->n13->n11->n9->n7->n5->n65->n37->n39->n10->n63->n42->n40->n54->n82->n80->n78->n76->n30->n32->n33->n31->n35->n34->n36->n64->n49->n47->n48->n50->n51,5.37021e+09|6.60497e+13|1.78735e+12|1.49139e+12|3.81012e+11|2.91995e+11|1.12599e+09|2.79748e+13|3.34792e+13|2.49624e+09|6.55204e+12|2.42905e+09|3.58065e+10|2.80961e+11|1.07979e+13|2.45686e+13|3.25238e+10|4.21804e+13|1.26395e+10|1.78367e+12|3.64323e+13|4.79342e+12|5.77859e+11|4.7313e+12|7.73972e+11|4.21034e+09|2.45005e+09|4.74236e+11|3.98001e+12|2.36425e+09|7.46708e+11,8.19724e+08|8.87204e+12|3.29521e+11|3.79906e+11|6.70334e+10|4.67133e+10|3.2906e+08|4.96975e+12|1.12013e+13|7.32581e+08|2.63574e+12|2.47264e+08|4.14657e+09|2.23178e+11|1.66379e+12|2.75437e+12|2.30731e+10|1.15782e+13|1.81012e+09|1.05491e+12|6.32377e+12|4.42443e+12|4.88834e+11|1.15705e+12|7.77593e+10|1.60867e+09|2.44458e+09|1.54765e+11|1.69514e+12|4.07889e+08|5.06847e+11,0.000494453|0.000787814|5.47786e-05|1.80008e-05|0.000475679|7.03031e-05|1.96575e-05|1.06248e-05|5.53896e-05|6.27016e-05|0.000116235|8.79758e-05|6.01341e-05|1.47667e-05|0.000837919|1.13052e-05|0.000270955|1.88608e-05|4.789e-05|0.000179959|1.50316e-05|0.00024651|0.000412952|0.000140889|0.000426407|1.88732e-05|1.07426e-05|0.000202873|4.78153e-05|1.54283e-05|0.000185382,0.000316017|0.00788063|0.00652494|0.00065196|0.00104538|0.000196916|0.000428116|0.000261291|0.0025393|0.00113469|0.00126856|0.000493531|0.00268841|0.00549128|0.00271152|0.000238286|0.00167497|0.00214239|0.00655588|0.00292552|0.00213059|0.00308746|0.00138752|0.000270551|0.00396778|0.000135861|0.000979027|0.000266598|0.00544009|0.00907722|0.00344885,0.0109342|0.0476737|0.00125292|0.0140743|0.01754|0.00731162|0.00118659|0.0457563|0.00111942|0.00597815|0.0100727|0.00783732|0.0249103|0.0334079|0.0278433|0.00592883|0.00569443|0.00156873|0.00398508|0.00778345|0.00968695|0.0211034|0.00215298|0.0276207|0.00497013|0.0266797|0.0183567|0.00898217|0.0455031|0.00638914|0.0365406,0.000178506|0.00335145|0.0136412|0.033904|0.0283975|0.0421608|0.00176737|0.0105712|0.0449458|0.0245713|0.0107197|0.0327962|0.033399|0.00844474|0.0266174|0.0262948|0.0425349|0.0470058|0.0178703|0.0161829|0.0280967|0.0151027|0.0375959|0.0210615|0.0341912|0.0436548|0.0388066|0.0488958|0.0360942|0.0483596|0.0130093,0.973537|0.954869|0.988894|0.963574|0.963898|0.951514|0.967717|0.964079|0.924329|0.962416|0.903245|0.960936|0.920308|0.927525|0.934435|0.919013|0.92832|0.989289|0.972158|0.953313|0.923653|0.943878|0.952159|0.904866|0.94998|0.933821|0.969899|0.9108|0.967439|0.910708|0.98883,4.63983|5.26639|0.923897|5.88966|3.51107|4.90362|4.1126|4.96174|1.19952|1.97158|4.68449|0.765875|2.50002|1.22009|0.132111|0.100836|3.3614|0.578949|5.42296|0.10397|1.04264|4.82496|5.24666|4.56594|3.70656|5.77568|3.94615|6.27947|3.09858|5.41755|4.04415,79.8117|13.9548|99.0064|59.8148|37.2729|35.0583|13.4252|31.554|24.4191|65.1286|97.0433|77.6192|12.2677|41.1455|47.0365|66.5291|69.3348|21.8454|69.5993|61.2747|95.0453|91.3525|26.2497|89.5651|43.8659|77.768|91.8261|78.8723|23.5956|82.9474,0.246796|0.189728|0.201409|0.18359|0.176784|0.209201|0.230756|0.195005|0.239532|0.203746|0.211509|0.243521|0.248162|0.242874|0.231931|0.222935|0.194827|0.220509|0.204659|0.208144|0.234751|0.243038|0.244194|0.241996|0.241695|0.165457|0.228404|0.239998|0.191801|0.24308,0.338018|0.801183|0.439638|0.339058|0.943162|0.297185|0.986996|0.711047|0.991722|0.514129|0.758395|0.14346|0.812759|0.378494|0.796307|0.109088|0.93416|0.936019|0.237533|0.704271|0.258586|0.658826|0.307851|0.265381|0.590576|0.348083|0.133861|0.300482|0.688345|0.624607,0.869523,0.801463,0.117836,0.0993652,0.460468,0.534015,0.0732846,0.487967,0.198257,0.921169,51.6436,5.43263e-12,47756,0.887486,41.1981,1.06086e-12,38445,0.895553,0.876428,0.0878307,0.631141,0.996144,0.511517,0.22039,0.459803,0.228135,0.891603,87.9902,7.64954e-10,30733,0.967162,70.4477,9.04596e-11,52512
24,1170,n1->n13->n11->n29->n28->n27->n26->n47->n46->n62->n61->n63->n42->n40->n54->n53->n55->n56->n84->n85->n78->n44->n43->n41->n39->n38->n67->n64->n65->n52->n51,5.37021e+09|6.60497e+13|1.78735e+12|3.6336e+13|1.34247e+11|4.19351e+12|7.09351e+09|4.74236e+11|5.53417e+12|2.37342e+11|6.44979e+11|6.55204e+12|2.42905e+09|3.58065e+10|2.80961e+11|4.60474e+10|8.84081e+12|1.1605e+12|1.07392e+09|2.02447e+09|3.25238e+10|5.26537e+13|1.40931e+10|3.95737e+11|3.34792e+13|1.16426e+13|4.7483e+09|4.21034e+09|1.12599e+09|1.02428e+10|7.46708e+11,8.19724e+08|8.87204e+12|3.29521e+11|1.77292e+13|1.51805e+10|8.73344e+11|1.31666e+09|1.54765e+11|1.63629e+12|1.13053e+11|1.30372e+11|2.63574e+12|2.47264e+08|4.14657e+09|2.23178e+11|3.18273e+10|4.69454e+12|5.65456e+11|9.00899e+08|2.41326e+08|2.30731e+10|2.86817e+13|3.26577e+09|1.47899e+11|1.12013e+13|1.19258e+12|7.5553e+08|1.60867e+09|3.2906e+08|2.07235e+09|5.06847e+11,0.000494453|0.000787814|5.47786e-05|0.000125062|0.00056516|1.08528e-05|3.77967e-05|0.000202873|0.000489732|8.24006e-05|3.71253e-05|0.000116235|8.79758e-05|6.01341e-05|1.47667e-05|2.00633e-05|4.06274e-05|1.7812e-05|2.14473e-05|2.04325e-05|0.000270955|0.000124649|0.000955168|2.35935e-05|5.53896e-05|1.04425e-05|3.91885e-05|1.88732e-05|1.96575e-05|0.00011644|0.000185382,0.000316017|0.00788063|0.00652494|0.00231296|0.0093172|0.00262605|0.00522178|0.000266598|0.000159088|0.00794111|0.00313588|0.00126856|0.000493531|0.00268841|0.00549128|0.000509085|0.000128431|0.000830638|0.000434313|0.000338175|0.00167497|0.00158999|0.00344494|0.00412419|0.0025393|0.00950649|0.000640186|0.000135861|0.000428116|0.00580301|0.00344885,0.0109342|0.0476737|0.00125292|0.0255931|0.0317261|0.0303206|0.0101688|0.00898217|0.029055|0.0242596|0.0266048|0.0100727|0.00783732|0.0249103|0.0334079|5.21659e-05|0.00843704|0.0231698|0.0473575|0.0354515|0.00569443|0.0486405|0.0168583|0.00451081|0.00111942|0.0263713|0.029632|0.0266797|0.00118659|0.0398377|0.0365406,0.000178506|0.00335145|0.0136412|0.00291922|0.03841|0.0230682|0.0409649|0.0488958|0.0302566|0.0480911|0.0179693|0.0107197|0.0327962|0.033399|0.00844474|0.00115664|0.0314938|0.0417641|0.0366447|0.0266209|0.0425349|0.00764508|0.0482719|0.00491436|0.0449458|0.00318517|0.0482082|0.0436548|0.00176737|0.0151024|0.0130093,0.973537|0.954869|0.988894|0.962742|0.948072|0.985376|0.981638|0.9108|0.923372|0.98053|0.958619|0.903245|0.960936|0.920308|0.927525|0.913872|0.908585|0.944528|0.948551|0.940474|0.92832|0.932977|0.943219|0.923722|0.924329|0.902547|0.924883|0.933821|0.967717|0.965406|0.98883,4.63983|5.26639|0.923897|0.0327787|1.48687|4.5695|2.91399|6.27947|0.31178|5.59786|2.63855|4.68449|0.765875|2.50002|1.22009|0.640024|3.37071|2.55597|5.42186|4.91715|3.3614|2.64532|2.3897|4.11092|1.19952|5.09423|2.06342|5.77568|4.1126|0.0104102|4.04415,79.8117|13.9548|13.2112|18.7034|23.5709|67.4197|70.8805|71.5316|56.7189|89.0369|47.0482|97.0433|77.6192|12.2677|75.3264|30.3781|95.3312|34.4372|82.1833|67.1704|88.5528|69.1985|43.4967|38.9947|52.0957|59.2872|95.5844|56.7563|56.1703|83.3731,0.246796|0.189728|0.219003|0.249902|0.207151|0.171162|0.189485|0.196056|0.167864|0.198053|0.167884|0.211509|0.243521|0.248162|0.191357|0.207992|0.167906|0.222961|0.216313|0.184721|0.200088|0.210513|0.160247|0.18226|0.199024|0.200548|0.248978|0.186349|0.247907|0.197114,0.338018|0.801183|0.427028|0.259002|0.340196|0.40751|0.757042|0.758317|0.624525|0.704733|0.410418|0.758395|0.14346|0.812759|0.567841|0.646488|0.402595|0.762891|0.528406|0.609732|0.134865|0.374145|0.922117|0.988985|0.46236|0.127053|0.480161|0.927837|0.827328|0.942894,0.869523,0.801463,0.117836,0.0993652,0.460468,0.534015,0.0732846,0.487967,0.198257,0.921169,51.6436,5.43263e-12,47756,0.887486,41.1981,1.06086e-12,38445,0.895553,0.876428,0.0878307,0.631141,0.996144,0.511517,0.22039,0.459803,0.228135,0.891603,87.9902,7.64954e-10,30733,0.967162,70.4477,9.04596e-11,52512
24,1171,n1->n20->n18->n19->n17->n85->n58->n68->n22->n74->n57->n98->n99->n97->n95->n93->n91->n92->n94->n96->n14->n13->n12->n8->n7->n5->n65->n64->n62->n61->n51,5.37021e+09|4.0293e+11|7.59179e+12|2.47533e+11|1.51096e+11|2.02447e+09|8.16696e+09|1.31753e+09|1.47e+10|5.8385e+13|4.14288e+09|1.8266e+13|1.57108e+10|2.90604e+09|1.05601e+11|4.22601e+13|2.84652e+12|1.97334e+09|1.36531e+10|2.51165e+12|3.70261e+10|6.60497e+13|9.70597e+10|4.61239e+13|3.81012e+11|2.91995e+11|1.12599e+09|4.21034e+09|2.37342e+11|6.44979e+11|7.46708e+11,8.19724e+08|1.89646e+11|4.11836e+12|2.33399e+11|1.57582e+10|2.41326e+08|6.89506e+09|3.10679e+08|9.51029e+09|7.35096e+12|2.05006e+09|5.99087e+12|4.21389e+09|5.04144e+08|5.46554e+10|1.3774e+13|3.57264e+11|1.46451e+09|1.67171e+09|5.36324e+11|1.44234e+10|8.87204e+12|2.76143e+10|1.04208e+13|6.70334e+10|4.67133e+10|3.2906e+08|1.60867e+09|1.13053e+11|1.30372e+11|5.06847e+11,0.000494453|5.21063e-05|2.98936e-05|0.000261527|0.000261059|2.04325e-05|0.000266735|0.000223952|1.77434e-05|0.000875739|0.000173612|0.000410965|0.00089026|8.81202e-05|0.000260968|8.45967e-05|6.93267e-05|2.75832e-05|2.95455e-05|1.2987e-05|3.25754e-05|0.000787814|0.000201974|6.6054e-05|0.000475679|7.03031e-05|1.96575e-05|1.88732e-05|8.24006e-05|3.71253e-05|0.000185382,0.000316017|0.000368678|0.000681499|0.000768065|0.000513001|0.000338175|0.00874893|0.00843573|0.0006856|0.00944671|0.00271581|0.000548485|0.000350126|0.00494291|0.000186877|0.000162335|0.00599677|0.0052688|0.000125263|0.000286765|0.000181646|0.00788063|0.0016732|0.00522046|0.00104538|0.000196916|0.000428116|0.000135861|0.00794111|0.00313588|0.00344885,0.0109342|0.0108696|0.0192976|0.0201979|0.0430027|0.0354515|0.0248478|0.0370095|0.0408661|0.0280357|0.0328142|0.0295222|0.0362414|0.0381696|0.00282907|0.0108045|0.008036|0.0444618|0.00830448|0.0377902|0.0426128|0.0476737|0.0313381|0.0318744|0.01754|0.00731162|0.00118659|0.0266797|0.0242596|0.0266048|0.0365406,0.000178506|0.0181411|0.0120519|0.0291803|0.00442808|0.0266209|0.0481122|0.00589983|0.040072|0.0166219|0.0437642|0.0297366|0.0472365|0.00800322|0.0420997|0.0326183|0.015498|0.0387741|0.0293842|0.0195364|0.049061|0.00335145|0.0470205|0.0483133|0.0283975|0.0421608|0.00176737|0.0436548|0.0480911|0.0179693|0.0130093,0.973537|0.923215|0.946711|0.941018|0.974312|0.940474|0.911658|0.984554|0.95984|0.90082|0.983348|0.959539|0.953794|0.90679|0.966581|0.912097|0.964407|0.987763|0.927471|0.951762|0.906626|0.954869|0.937315|0.975256|0.963898|0.951514|0.967717|0.933821|0.98053|0.958619|0.98883,4.63983|4.79469|4.38273|1.39448|5.11322|4.91715|3.70937|5.26958|0.048646|0.0974208|1.93323|2.95405|3.07459|1.41691|1.09944|5.92115|5.6679|6.03913|5.03384|0.85792|0.762282|5.26639|3.07758|3.22282|3.51107|4.90362|4.1126|5.77568|5.59786|2.63855|4.04415,90.7492|89.2299|34.0839|10.3361|84.7043|90.6886|56.905|15.3326|63.8366|95.6836|98.2355|58.4557|94.4507|11.8968|24.941|26.8753|32.3713|13.5087|71.0086|54.7186|92.5451|56.34|81.3396|55.4093|37.2729|35.0583|56.7563|93.0484|89.0369|66.5616,0.215706|0.247215|0.248409|0.172286|0.225161|0.194345|0.185169|0.236297|0.241428|0.169856|0.190047|0.227784|0.168303|0.228013|0.237661|0.203549|0.161013|0.230182|0.230021|0.208433|0.191459|0.206669|0.186476|0.230451|0.176784|0.209201|0.186349|0.176232|0.198053|0.171721,0.53635|0.652252|0.983209|0.559133|0.880608|0.45102|0.476138|0.655447|0.480684|0.815246|0.757428|0.686264|0.263233|0.342677|0.985064|0.21516|0.940947|0.731663|0.131268|0.448351|0.161307|0.285239|0.379326|0.745697|0.943162|0.297185|0.927837|0.182879|0.704733|0.235817,0.869523,0.801463,0.117836,0.0993652,0.460468,0.534015,0.0732846,0.487967,0.198257,0.921169,51.6436,5.43263e-12,47756,0.887486,41.1981,1.06086e-12,38445,0.895553,0.876428,0.0878307,0.631141,0.996144,0.511517,0.22039,0.459803,0.228135,0.891603,87.9902,7.64954e-10,30733,0.967162,70.4477,9.04596e-11,52512
24,1172,n1->n20->n89->n48->n50->n29->n15->n34->n36->n38->n16->n18->n19->n68->n58->n59->n90->n88->n87->n70->n69->n3->n5->n7->n2->n100->n73->n10->n63->n61->n51,5.37021e+09|4.0293e+11|2.68119e+11|3.98001e+12|2.36425e+09|3.6336e+13|8.77071e+11|4.7313e+12|7.73972e+11|1.16426e+13|1.09193e+13|7.59179e+12|2.47533e+11|1.31753e+09|8.16696e+09|3.04563e+11|1.33273e+11|9.00567e+12|7.3435e+12|6.87309e+13|8.81277e+09|2.78751e+13|2.91995e+11|3.81012e+11|5.94248e+10|4.01966e+09|1.41706e+11|2.49624e+09|6.55204e+12|6.44979e+11|7.46708e+11,8.19724e+08|1.89646e+11|9.23423e+10|1.69514e+12|4.07889e+08|1.77292e+13|1.06991e+11|1.15705e+12|7.77593e+10|1.19258e+12|1.33827e+12|4.11836e+12|2.33399e+11|3.10679e+08|6.89506e+09|3.06423e+10|6.41526e+10|8.66002e+12|2.79916e+12|9.78332e+12|7.57626e+09|1.44762e+13|4.67133e+10|6.70334e+10|3.74975e+10|2.27749e+09|5.76853e+10|7.32581e+08|2.63574e+12|1.30372e+11|5.06847e+11,0.000494453|5.21063e-05|3.55201e-05|4.78153e-05|1.54283e-05|0.000125062|0.000182949|0.000140889|0.000426407|1.04425e-05|3.71682e-05|2.98936e-05|0.000261527|0.000223952|0.000266735|2.43107e-05|0.000319756|6.2721e-05|0.000634307|5.13815e-05|0.000268039|0.00022361|7.03031e-05|0.000475679|1.10648e-05|0.000665246|6.32916e-05|6.27016e-05|0.000116235|3.71253e-05|0.000185382,0.000316017|0.000368678|0.000111435|0.00544009|0.00907722|0.00231296|0.00274771|0.000270551|0.00396778|0.00950649|0.00174713|0.000681499|0.000768065|0.00843573|0.00874893|0.000202742|0.000672662|0.000480267|0.00151267|0.00295865|0.00367819|0.00776667|0.000196916|0.00104538|0.00120557|0.00914892|0.000807753|0.00113469|0.00126856|0.00313588|0.00344885,0.0109342|0.0108696|0.0107812|0.0455031|0.00638914|0.0255931|0.0207315|0.0276207|0.00497013|0.0263713|0.0123696|0.0192976|0.0201979|0.0370095|0.0248478|0.00304046|0.0285929|0.00850464|0.0186268|0.0286141|0.022957|0.0268705|0.00731162|0.01754|0.00369149|0.0100829|0.0455502|0.00597815|0.0100727|0.0266048|0.0365406,0.000178506|0.0181411|0.0401575|0.0360942|0.0483596|0.00291922|0.0378122|0.0210615|0.0341912|0.00318517|0.0240438|0.0120519|0.0291803|0.00589983|0.0481122|0.0474075|0.0372754|0.0237676|0.00979507|0.0216638|0.0100342|0.0326941|0.0421608|0.0283975|0.0127317|0.0460028|0.028193|0.0245713|0.0107197|0.0179693|0.0130093,0.973537|0.923215|0.926416|0.967439|0.910708|0.962742|0.910795|0.904866|0.94998|0.902547|0.979533|0.946711|0.941018|0.984554|0.911658|0.99171|0.984478|0.962132|0.977244|0.966653|0.975915|0.982466|0.951514|0.963898|0.968894|0.935175|0.909539|0.962416|0.903245|0.958619|0.98883,4.63983|4.79469|0.0868458|3.09858|5.41755|0.0327787|1.89272|4.56594|3.70656|5.09423|1.69436|4.38273|1.39448|5.26958|3.70937|5.60303|4.02061|1.9653|2.33192|4.60778|2.99986|4.79844|4.90362|3.51107|4.74216|3.89025|3.29092|1.97158|4.68449|2.63855|4.04415,90.7492|18.2346|94.0077|23.5956|37.0378|32.2763|27.3162|89.5651|61.2725|28.0546|72.2829|34.0839|67.5745|56.905|56.397|62.2588|14.1987|57.0974|39.9413|74.5377|83.9106|10.4739|37.2729|88.6198|37.015|20.1165|29.3778|65.1286|47.0482|66.5616,0.215706|0.231355|0.234363|0.191801|0.191256|0.240047|0.231681|0.241996|0.204351|0.17367|0.180241|0.248409|0.2055|0.185169|0.21902|0.169222|0.244274|0.227675|0.180359|0.172691|0.204476|0.163561|0.176784|0.228013|0.17211|0.175955|0.202302|0.203746|0.167884|0.171721,0.53635|0.595303|0.948873|0.688345|0.182586|0.895675|0.750497|0.265381|0.413834|0.828443|0.553025|0.983209|0.968257|0.476138|0.533324|0.361153|0.997795|0.396625|0.129355|0.416585|0.65353|0.469027|0.943162|0.84397|0.315214|0.825877|0.747283|0.514129|0.410418|0.235817,0.869523,0.801463,0.117836,0.0993652,0.460468,0.534015,0.0732846,0.487967,0.198257,0.921169,51.6436,5.43263e-12,47756,0.887486,41.1981,1.06086e-12,38445,0.895553,0.876428,0.0878307,0.631141,0.996144,0.511517,0.22039,0.459803,0.228135,0.891603,87.9902,7.64954e-10,30733,0.967162,70.4477,9.04596e-11,52512
24,1173,n1->n99->n97->n27->n52->n65->n5->n3->n69->n70->n18->n19->n20->n96->n14->n75->n4->n2->n100->n73->n54->n56->n84->n83->n23->n21->n67->n64->n93->n94->n51,5.37021e+09|1.57108e+10|2.90604e+09|4.19351e+12|1.02428e+10|1.12599e+09|2.91995e+11|2.78751e+13|8.81277e+09|6.87309e+13|7.59179e+12|2.47533e+11|4.0293e+11|2.51165e+12|3.70261e+10|8.71921e+10|7.07339e+12|5.94248e+10|4.01966e+09|1.41706e+11|2.80961e+11|1.1605e+12|1.07392e+09|3.76373e+13|4.63033e+10|1.56161e+12|4.7483e+09|4.21034e+09|4.22601e+13|1.36531e+10|7.46708e+11,8.19724e+08|4.21389e+09|5.04144e+08|8.73344e+11|2.07235e+09|3.2906e+08|4.67133e+10|1.44762e+13|7.57626e+09|9.78332e+12|4.11836e+12|2.33399e+11|1.89646e+11|5.36324e+11|1.44234e+10|5.29113e+10|2.43435e+12|3.74975e+10|2.27749e+09|5.76853e+10|2.23178e+11|5.65456e+11|9.00899e+08|2.34723e+13|3.30225e+10|3.02345e+11|7.5553e+08|1.60867e+09|1.3774e+13|1.67171e+09|5.06847e+11,0.000494453|0.00089026|8.81202e-05|1.08528e-05|0.00011644|1.96575e-05|7.03031e-05|0.00022361|0.000268039|5.13815e-05|2.98936e-05|0.000261527|5.21063e-05|1.2987e-05|3.25754e-05|0.000766915|0.000113681|1.10648e-05|0.000665246|6.32916e-05|1.47667e-05|1.7812e-05|2.14473e-05|1.86087e-05|0.000277161|0.00096308|3.91885e-05|1.88732e-05|8.45967e-05|2.95455e-05|0.000185382,0.000316017|0.000350126|0.00494291|0.00262605|0.00580301|0.000428116|0.000196916|0.00776667|0.00367819|0.00295865|0.000681499|0.000768065|0.000368678|0.000286765|0.000181646|0.000203965|0.00198341|0.00120557|0.00914892|0.000807753|0.00549128|0.000830638|0.000434313|0.000175452|0.00418014|0.00195589|0.000640186|0.000135861|0.000162335|0.000125263|0.00344885,0.0109342|0.0362414|0.0381696|0.0303206|0.0398377|0.00118659|0.00731162|0.0268705|0.022957|0.0286141|0.0192976|0.0201979|0.0108696|0.0377902|0.0426128|0.0243876|0.0350273|0.00369149|0.0100829|0.0455502|0.0334079|0.0231698|0.0473575|0.015405|0.00314906|0.00712365|0.029632|0.0266797|0.0108045|0.00830448|0.0365406,0.000178506|0.0472365|0.00800322|0.0230682|0.0151024|0.00176737|0.0421608|0.0326941|0.0100342|0.0216638|0.0120519|0.0291803|0.0181411|0.0195364|0.049061|0.0250863|0.0273051|0.0127317|0.0460028|0.028193|0.00844474|0.0417641|0.0366447|0.038157|0.0470385|0.0414669|0.0482082|0.0436548|0.0326183|0.0293842|0.0130093,0.973537|0.953794|0.90679|0.985376|0.965406|0.967717|0.951514|0.982466|0.975915|0.966653|0.946711|0.941018|0.923215|0.951762|0.906626|0.936129|0.917619|0.968894|0.935175|0.909539|0.927525|0.944528|0.948551|0.947801|0.92176|0.971602|0.924883|0.933821|0.912097|0.927471|0.98883,4.63983|3.07459|1.41691|4.5695|0.0104102|4.1126|4.90362|4.79844|2.99986|4.60778|4.38273|1.39448|4.79469|0.85792|0.762282|3.39264|1.56082|4.74216|3.89025|3.29092|1.22009|2.55597|5.42186|4.11052|2.08786|3.14177|2.06342|5.77568|5.92115|5.03384|4.04415,66.2586|94.4507|31.5608|46.2248|56.1703|35.0583|10.4739|83.9106|74.5377|55.8812|34.0839|86.2435|58.7029|54.7186|56.2706|81.7362|30.2686|37.015|20.1165|26.1465|42.6814|34.4372|20.1884|23.518|88.4205|42.5138|95.5844|32.5899|63.1349|11.2844,0.180129|0.168303|0.219936|0.183493|0.247907|0.209201|0.163561|0.204476|0.172691|0.234874|0.248409|0.182991|0.201188|0.208433|0.226178|0.218556|0.239023|0.17211|0.175955|0.196311|0.167734|0.222961|0.246081|0.181099|0.232237|0.197352|0.248978|0.178102|0.209804|0.200895,0.323551|0.263233|0.557853|0.657987|0.827328|0.297185|0.469027|0.65353|0.416585|0.16843|0.983209|0.182796|0.666395|0.448351|0.725021|0.847503|0.514427|0.315214|0.825877|0.754315|0.927159|0.762891|0.599197|0.741177|0.516177|0.602799|0.480161|0.548301|0.17375|0.836539,0.869523,0.801463,0.117836,0.0993652,0.460468,0.534015,0.0732846,0.487967,0.198257,0.921169,51.6436,5.43263e-12,47756,0.887486,41.1981,1.06086e-12,38445,0.895553,0.876428,0.0878307,0.631141,0.996144,0.511517,0.22039,0.459803,0.228135,0.891603,87.9902,7.64954e-10,30733,0.967162,70.4477,9.04596e-11,52512
24,1174,n1->n20->n96->n97->n99->n77->n23->n21->n22->n74->n35->n31->n32->n66->n68->n19->n17->n18->n16->n38->n67->n64->n49->n47->n45->n43->n44->n42->n63->n61->n51,5.37021e+09|4.0293e+11|2.51165e+12|2.90604e+09|1.57108e+10|5.68112e+11|4.63033e+10|1.56161e+12|1.47e+10|5.8385e+13|5.77859e+11|4.79342e+12|1.78367e+12|1.10072e+10|1.31753e+09|2.47533e+11|1.51096e+11|7.59179e+12|1.09193e+13|1.16426e+13|4.7483e+09|4.21034e+09|2.45005e+09|4.74236e+11|8.38488e+13|1.40931e+10|5.26537e+13|2.42905e+09|6.55204e+12|6.44979e+11|7.46708e+11,8.19724e+08|1.89646e+11|5.36324e+11|5.04144e+08|4.21389e+09|3.56307e+11|3.30225e+10|3.02345e+11|9.51029e+09|7.35096e+12|4.88834e+11|4.42443e+12|1.05491e+12|8.7665e+09|3.10679e+08|2.33399e+11|1.57582e+10|4.11836e+12|1.33827e+12|1.19258e+12|7.5553e+08|1.60867e+09|2.44458e+09|1.54765e+11|1.01787e+13|3.26577e+09|2.86817e+13|2.47264e+08|2.63574e+12|1.30372e+11|5.06847e+11,0.000494453|5.21063e-05|1.2987e-05|8.81202e-05|0.00089026|8.49487e-05|0.000277161|0.00096308|1.77434e-05|0.000875739|0.000412952|0.00024651|0.000179959|0.000237659|0.000223952|0.000261527|0.000261059|2.98936e-05|3.71682e-05|1.04425e-05|3.91885e-05|1.88732e-05|1.07426e-05|0.000202873|1.67225e-05|0.000955168|0.000124649|8.79758e-05|0.000116235|3.71253e-05|0.000185382,0.000316017|0.000368678|0.000286765|0.00494291|0.000350126|0.000906866|0.00418014|0.00195589|0.0006856|0.00944671|0.00138752|0.00308746|0.00292552|0.000470269|0.00843573|0.000768065|0.000513001|0.000681499|0.00174713|0.00950649|0.000640186|0.000135861|0.000979027|0.000266598|0.000742576|0.00344494|0.00158999|0.000493531|0.00126856|0.00313588|0.00344885,0.0109342|0.0108696|0.0377902|0.0381696|0.0362414|0.04851|0.00314906|0.00712365|0.0408661|0.0280357|0.00215298|0.0211034|0.00778345|0.0203827|0.0370095|0.0201979|0.0430027|0.0192976|0.0123696|0.0263713|0.029632|0.0266797|0.0183567|0.00898217|0.00846218|0.0168583|0.0486405|0.00783732|0.0100727|0.0266048|0.0365406,0.000178506|0.0181411|0.0195364|0.00800322|0.0472365|0.0115254|0.0470385|0.0414669|0.040072|0.0166219|0.0375959|0.0151027|0.0161829|0.0146278|0.00589983|0.0291803|0.00442808|0.0120519|0.0240438|0.00318517|0.0482082|0.0436548|0.0388066|0.0488958|0.0342415|0.0482719|0.00764508|0.0327962|0.0107197|0.0179693|0.0130093,0.973537|0.923215|0.951762|0.90679|0.953794|0.949999|0.92176|0.971602|0.95984|0.90082|0.952159|0.943878|0.953313|0.978907|0.984554|0.941018|0.974312|0.946711|0.979533|0.902547|0.924883|0.933821|0.969899|0.9108|0.934264|0.943219|0.932977|0.960936|0.903245|0.958619|0.98883,4.63983|4.79469|0.85792|1.41691|3.07459|0.722366|2.08786|3.14177|0.048646|0.0974208|5.24666|4.82496|0.10397|3.10364|5.26958|1.39448|5.11322|4.38273|1.69436|5.09423|2.06342|5.77568|3.94615|6.27947|5.31688|2.3897|2.64532|0.765875|4.68449|2.63855|4.04415,90.7492|58.7029|37.9513|94.4507|96.5216|39.0733|88.4205|55.6995|63.8366|67.7415|91.3525|86.0567|27.3217|70.8824|67.5745|10.3361|43.2583|72.2829|28.0546|59.2872|95.5844|77.768|91.8261|40.979|48.5398|69.1985|21.0603|97.0433|47.0482|66.5616,0.215706|0.201188|0.246589|0.168303|0.241387|0.178948|0.232237|0.206062|0.241428|0.161632|0.243038|0.16799|0.199785|0.16183|0.2055|0.172286|0.218822|0.180241|0.17367|0.200548|0.248978|0.165457|0.228404|0.216949|0.218428|0.210513|0.23095|0.211509|0.167884|0.171721,0.53635|0.666395|0.157157|0.263233|0.664018|0.23533|0.516177|0.677391|0.480684|0.301798|0.658826|0.799966|0.769012|0.215539|0.968257|0.559133|0.981182|0.553025|0.828443|0.127053|0.480161|0.348083|0.133861|0.317946|0.854577|0.374145|0.399278|0.758395|0.410418|0.235817,0.869523,0.801463,0.117836,0.0993652,0.460468,0.534015,0.0732846,0.487967,0.198257,0.921169,51.6436,5.43263e-12,47756,0.887486,41.1981,1.06086e-12,38445,0.895553,0.876428,0.0878307,0.631141,0.996144,0.511517,0.22039,0.459803,0.228135,0.891603,87.9902,7.64954e-10,30733,0.967162,70.4477,9.04596e-11,52512
24,1175,n1->n99->n98->n57->n74->n76->n86->n87->n70->n72->n71->n24->n26->n27->n28->n29->n11->n9->n7->n8->n10->n39->n41->n44->n42->n40->n54->n82->n63->n61->n51,5.37021e+09|1.57108e+10|1.8266e+13|4.14288e+09|5.8385e+13|4.21804e+13|3.85304e+10|7.3435e+12|6.87309e+13|6.83442e+09|7.70008e+11|1.59557e+13|7.09351e+09|4.19351e+12|1.34247e+11|3.6336e+13|1.78735e+12|1.49139e+12|3.81012e+11|4.61239e+13|2.49624e+09|3.34792e+13|3.95737e+11|5.26537e+13|2.42905e+09|3.58065e+10|2.80961e+11|1.07979e+13|6.55204e+12|6.44979e+11|7.46708e+11,8.19724e+08|4.21389e+09|5.99087e+12|2.05006e+09|7.35096e+12|1.15782e+13|4.69095e+09|2.79916e+12|9.78332e+12|1.48353e+09|1.60546e+11|4.06569e+12|1.31666e+09|8.73344e+11|1.51805e+10|1.77292e+13|3.29521e+11|3.79906e+11|6.70334e+10|1.04208e+13|7.32581e+08|1.12013e+13|1.47899e+11|2.86817e+13|2.47264e+08|4.14657e+09|2.23178e+11|1.66379e+12|2.63574e+12|1.30372e+11|5.06847e+11,0.000494453|0.00089026|0.000410965|0.000173612|0.000875739|1.88608e-05|6.21631e-05|0.000634307|5.13815e-05|0.000159499|0.00017279|0.000193265|3.77967e-05|1.08528e-05|0.00056516|0.000125062|5.47786e-05|1.80008e-05|0.000475679|6.6054e-05|6.27016e-05|5.53896e-05|2.35935e-05|0.000124649|8.79758e-05|6.01341e-05|1.47667e-05|0.000837919|0.000116235|3.71253e-05|0.000185382,0.000316017|0.000350126|0.000548485|0.00271581|0.00944671|0.00214239|0.00341054|0.00151267|0.00295865|0.00384342|0.00123164|0.0012727|0.00522178|0.00262605|0.0093172|0.00231296|0.00652494|0.00065196|0.00104538|0.00522046|0.00113469|0.0025393|0.00412419|0.00158999|0.000493531|0.00268841|0.00549128|0.00271152|0.00126856|0.00313588|0.00344885,0.0109342|0.0362414|0.0295222|0.0328142|0.0280357|0.00156873|0.0237043|0.0186268|0.0286141|0.0479977|0.0398828|0.0433038|0.0101688|0.0303206|0.0317261|0.0255931|0.00125292|0.0140743|0.01754|0.0318744|0.00597815|0.00111942|0.00451081|0.0486405|0.00783732|0.0249103|0.0334079|0.0278433|0.0100727|0.0266048|0.0365406,0.000178506|0.0472365|0.0297366|0.0437642|0.0166219|0.0470058|0.0488574|0.00979507|0.0216638|0.0299903|0.0326729|0.00780618|0.0409649|0.0230682|0.03841|0.00291922|0.0136412|0.033904|0.0283975|0.0483133|0.0245713|0.0449458|0.00491436|0.00764508|0.0327962|0.033399|0.00844474|0.0266174|0.0107197|0.0179693|0.0130093,0.973537|0.953794|0.959539|0.983348|0.90082|0.989289|0.981332|0.977244|0.966653|0.96924|0.947193|0.90929|0.981638|0.985376|0.948072|0.962742|0.988894|0.963574|0.963898|0.975256|0.962416|0.924329|0.923722|0.932977|0.960936|0.920308|0.927525|0.934435|0.903245|0.958619|0.98883,4.63983|3.07459|2.95405|1.93323|0.0974208|0.578949|4.96971|2.33192|4.60778|3.90463|0.117525|3.9732|2.91399|4.5695|1.48687|0.0327787|0.923897|5.88966|3.51107|3.22282|1.97158|1.19952|4.11092|2.64532|0.765875|2.50002|1.22009|0.132111|4.68449|2.63855|4.04415,66.2586|58.4557|98.2355|95.6836|53.1277|37.5994|88.9922|39.9413|97.4405|45.8448|44.1502|83.4704|67.4197|23.5709|18.7034|13.2112|99.0064|59.8148|55.4093|99.595|24.4191|38.9947|12.7315|21.0603|77.6192|12.2677|41.1455|48.6997|47.0482|66.5616,0.180129|0.227784|0.190047|0.169856|0.181342|0.17745|0.246364|0.180359|0.180102|0.218487|0.204574|0.216464|0.171162|0.207151|0.249902|0.219003|0.201409|0.18359|0.230451|0.184434|0.239532|0.18226|0.246433|0.23095|0.243521|0.248162|0.242874|0.175742|0.167884|0.171721,0.323551|0.686264|0.757428|0.815246|0.519715|0.871942|0.83582|0.129355|0.79408|0.29317|0.45026|0.583168|0.40751|0.340196|0.259002|0.427028|0.439638|0.339058|0.745697|0.703378|0.991722|0.988985|0.665882|0.399278|0.14346|0.812759|0.378494|0.4301|0.410418|0.235817,0.869523,0.801463,0.117836,0.0993652,0.460468,0.534015,0.0732846,0.487967,0.198257,0.921169,51.6436,5.43263e-12,47756,0.887486,41.1981,1.06086e-12,38445,0.895553,0.876428,0.0878307,0.631141,0.996144,0.511517,0.22039,0.459803,0.228135,0.891603,87.9902,7.64954e-10,30733,0.967162,70.4477,9.04596e-11,52512
24,1176,n1->n13->n11->n29->n30->n76->n74->n57->n83->n85->n58->n68->n19->n17->n18->n20->n89->n95->n82->n54->n55->n53->n52->n65->n5->n7->n8->n10->n63->n61->n51,5.37021e+09|6.60497e+13|1.78735e+12|3.6336e+13|1.26395e+10|4.21804e+13|5.8385e+13|4.14288e+09|3.76373e+13|2.02447e+09|8.16696e+09|1.31753e+09|2.47533e+11|1.51096e+11|7.59179e+12|4.0293e+11|2.68119e+11|1.05601e+11|1.07979e+13|2.80961e+11|8.84081e+12|4.60474e+10|1.02428e+10|1.12599e+09|2.91995e+11|3.81012e+11|4.61239e+13|2.49624e+09|6.55204e+12|6.44979e+11|7.46708e+11,8.19724e+08|8.87204e+12|3.29521e+11|1.77292e+13|1.81012e+09|1.15782e+13|7.35096e+12|2.05006e+09|2.34723e+13|2.41326e+08|6.89506e+09|3.10679e+08|2.33399e+11|1.57582e+10|4.11836e+12|1.89646e+11|9.23423e+10|5.46554e+10|1.66379e+12|2.23178e+11|4.69454e+12|3.18273e+10|2.07235e+09|3.2906e+08|4.67133e+10|6.70334e+10|1.04208e+13|7.32581e+08|2.63574e+12|1.30372e+11|5.06847e+11,0.000494453|0.000787814|5.47786e-05|0.000125062|4.789e-05|1.88608e-05|0.000875739|0.000173612|1.86087e-05|2.04325e-05|0.000266735|0.000223952|0.000261527|0.000261059|2.98936e-05|5.21063e-05|3.55201e-05|0.000260968|0.000837919|1.47667e-05|4.06274e-05|2.00633e-05|0.00011644|1.96575e-05|7.03031e-05|0.000475679|6.6054e-05|6.27016e-05|0.000116235|3.71253e-05|0.000185382,0.000316017|0.00788063|0.00652494|0.00231296|0.00655588|0.00214239|0.00944671|0.00271581|0.000175452|0.000338175|0.00874893|0.00843573|0.000768065|0.000513001|0.000681499|0.000368678|0.000111435|0.000186877|0.00271152|0.00549128|0.000128431|0.000509085|0.00580301|0.000428116|0.000196916|0.00104538|0.00522046|0.00113469|0.00126856|0.00313588|0.00344885,0.0109342|0.0476737|0.00125292|0.0255931|0.00398508|0.00156873|0.0280357|0.0328142|0.015405|0.0354515|0.0248478|0.0370095|0.0201979|0.0430027|0.0192976|0.0108696|0.0107812|0.00282907|0.0278433|0.0334079|0.00843704|5.21659e-05|0.0398377|0.00118659|0.00731162|0.01754|0.0318744|0.00597815|0.0100727|0.0266048|0.0365406,0.000178506|0.00335145|0.0136412|0.00291922|0.0178703|0.0470058|0.0166219|0.0437642|0.038157|0.0266209|0.0481122|0.00589983|0.0291803|0.00442808|0.0120519|0.0181411|0.0401575|0.0420997|0.0266174|0.00844474|0.0314938|0.00115664|0.0151024|0.00176737|0.0421608|0.0283975|0.0483133|0.0245713|0.0107197|0.0179693|0.0130093,0.973537|0.954869|0.988894|0.962742|0.972158|0.989289|0.90082|0.983348|0.947801|0.940474|0.911658|0.984554|0.941018|0.974312|0.946711|0.923215|0.926416|0.966581|0.934435|0.927525|0.908585|0.913872|0.965406|0.967717|0.951514|0.963898|0.975256|0.962416|0.903245|0.958619|0.98883,4.63983|5.26639|0.923897|0.0327787|5.42296|0.578949|0.0974208|1.93323|4.11052|4.91715|3.70937|5.26958|1.39448|5.11322|4.38273|4.79469|0.0868458|1.09944|0.132111|1.22009|3.37071|0.640024|0.0104102|4.1126|4.90362|3.51107|3.22282|1.97158|4.68449|2.63855|4.04415,79.8117|13.9548|13.2112|29.3504|21.8454|53.1277|95.6836|50.003|92.2019|90.6886|56.905|67.5745|10.3361|43.2583|89.2299|18.2346|11.8194|75.699|41.1455|27.8669|30.3781|81.3721|56.1703|35.0583|37.2729|55.4093|99.595|65.1286|47.0482|66.5616,0.246796|0.189728|0.219003|0.179657|0.220509|0.181342|0.169856|0.1911|0.231254|0.194345|0.185169|0.2055|0.172286|0.218822|0.247215|0.231355|0.168449|0.21275|0.242874|0.169326|0.207992|0.184589|0.247907|0.209201|0.176784|0.230451|0.184434|0.203746|0.167884|0.171721,0.338018|0.801183|0.427028|0.887943|0.936019|0.519715|0.815246|0.161388|0.604504|0.45102|0.476138|0.968257|0.559133|0.981182|0.652252|0.595303|0.776387|0.837867|0.378494|0.414082|0.646488|0.272111|0.827328|0.297185|0.943162|0.745697|0.703378|0.514129|0.410418|0.235817,0.869523,0.801463,0.117836,0.0993652,0.460468,0.534015,0.0732846,0.487967,0.198257,0.921169,51.6436,5.43263e-12,47756,0.887486,41.1981,1.06086e-12,38445,0.895553,0.876428,0.0878307,0.631141,0.996144,0.511517,0.22039,0.459803,0.228135,0.891603,87.9902,7.64954e-10,30733,0.967162,70.4477,9.04596e-11,52512
24,1177,n1->n99->n97->n27->n26->n47->n46->n62->n60->n50->n59->n58->n68->n66->n32->n30->n31->n33->n35->n74->n76->n78->n85->n65->n5->n7->n9->n10->n63->n61->n51,5.37021e+09|1.57108e+10|2.90604e+09|4.19351e+12|7.09351e+09|4.74236e+11|5.53417e+12|2.37342e+11|8.79841e+13|2.36425e+09|3.04563e+11|8.16696e+09|1.31753e+09|1.10072e+10|1.78367e+12|1.26395e+10|4.79342e+12|3.64323e+13|5.77859e+11|5.8385e+13|4.21804e+13|3.25238e+10|2.02447e+09|1.12599e+09|2.91995e+11|3.81012e+11|1.49139e+12|2.49624e+09|6.55204e+12|6.44979e+11|7.46708e+11,8.19724e+08|4.21389e+09|5.04144e+08|8.73344e+11|1.31666e+09|1.54765e+11|1.63629e+12|1.13053e+11|5.95756e+13|4.07889e+08|3.06423e+10|6.89506e+09|3.10679e+08|8.7665e+09|1.05491e+12|1.81012e+09|4.42443e+12|6.32377e+12|4.88834e+11|7.35096e+12|1.15782e+13|2.30731e+10|2.41326e+08|3.2906e+08|4.67133e+10|6.70334e+10|3.79906e+11|7.32581e+08|2.63574e+12|1.30372e+11|5.06847e+11,0.000494453|0.00089026|8.81202e-05|1.08528e-05|3.77967e-05|0.000202873|0.000489732|8.24006e-05|0.000731749|1.54283e-05|2.43107e-05|0.000266735|0.000223952|0.000237659|0.000179959|4.789e-05|0.00024651|1.50316e-05|0.000412952|0.000875739|1.88608e-05|0.000270955|2.04325e-05|1.96575e-05|7.03031e-05|0.000475679|1.80008e-05|6.27016e-05|0.000116235|3.71253e-05|0.000185382,0.000316017|0.000350126|0.00494291|0.00262605|0.00522178|0.000266598|0.000159088|0.00794111|0.000248463|0.00907722|0.000202742|0.00874893|0.00843573|0.000470269|0.00292552|0.00655588|0.00308746|0.00213059|0.00138752|0.00944671|0.00214239|0.00167497|0.000338175|0.000428116|0.000196916|0.00104538|0.00065196|0.00113469|0.00126856|0.00313588|0.00344885,0.0109342|0.0362414|0.0381696|0.0303206|0.0101688|0.00898217|0.029055|0.0242596|0.0128442|0.00638914|0.00304046|0.0248478|0.0370095|0.0203827|0.00778345|0.00398508|0.0211034|0.00968695|0.00215298|0.0280357|0.00156873|0.00569443|0.0354515|0.00118659|0.00731162|0.01754|0.0140743|0.00597815|0.0100727|0.0266048|0.0365406,0.000178506|0.0472365|0.00800322|0.0230682|0.0409649|0.0488958|0.0302566|0.0480911|0.0431033|0.0483596|0.0474075|0.0481122|0.00589983|0.0146278|0.0161829|0.0178703|0.0151027|0.0280967|0.0375959|0.0166219|0.0470058|0.0425349|0.0266209|0.00176737|0.0421608|0.0283975|0.033904|0.0245713|0.0107197|0.0179693|0.0130093,0.973537|0.953794|0.90679|0.985376|0.981638|0.9108|0.923372|0.98053|0.945549|0.910708|0.99171|0.911658|0.984554|0.978907|0.953313|0.972158|0.943878|0.923653|0.952159|0.90082|0.989289|0.92832|0.940474|0.967717|0.951514|0.963898|0.963574|0.962416|0.903245|0.958619|0.98883,4.63983|3.07459|1.41691|4.5695|2.91399|6.27947|0.31178|5.59786|4.50487|5.41755|5.60303|3.70937|5.26958|3.10364|0.10397|5.42296|4.82496|1.04264|5.24666|0.0974208|0.578949|3.3614|4.91715|4.1126|4.90362|3.51107|5.88966|1.97158|4.68449|2.63855|4.04415,66.2586|94.4507|31.5608|67.4197|70.8805|71.5316|56.7189|48.3985|22.3088|47.7013|56.397|56.905|70.8824|27.3217|69.5993|88.6669|95.0453|93.5115|67.7415|53.1277|69.3348|67.1704|82.5435|35.0583|37.2729|59.8148|65.9961|65.1286|47.0482|66.5616,0.180129|0.168303|0.219936|0.171162|0.189485|0.196056|0.167864|0.17162|0.190841|0.170229|0.21902|0.185169|0.16183|0.199785|0.204659|0.215598|0.234751|0.242679|0.161632|0.181342|0.194827|0.184721|0.20461|0.209201|0.176784|0.18359|0.193896|0.203746|0.167884|0.171721,0.323551|0.263233|0.557853|0.40751|0.757042|0.758317|0.624525|0.641887|0.323935|0.776444|0.533324|0.476138|0.215539|0.769012|0.237533|0.123891|0.258586|0.487093|0.301798|0.519715|0.93416|0.609732|0.519435|0.297185|0.943162|0.339058|0.982181|0.514129|0.410418|0.235817,0.869523,0.801463,0.117836,0.0993652,0.460468,0.534015,0.0732846,0.487967,0.198257,0.921169,51.6436,5.43263e-12,47756,0.887486,41.1981,1.06086e-12,38445,0.895553,0.876428,0.0878307,0.631141,0.996144,0.511517,0.22039,0.459803,0.228135,0.891603,87.9902,7.64954e-10,30733,0.967162,70.4477,9.04596e-11,52512
24,1178,n1->n99->n97->n96->n14->n75->n74->n35->n34->n32->n31->n30->n76->n86->n87->n70->n18->n20->n19->n17->n68->n22->n21->n23->n77->n72->n45->n47->n48->n50->n51,5.37021e+09|1.57108e+10|2.90604e+09|2.51165e+12|3.70261e+10|8.71921e+10|5.8385e+13|5.77859e+11|4.7313e+12|1.78367e+12|4.79342e+12|1.26395e+10|4.21804e+13|3.85304e+10|7.3435e+12|6.87309e+13|7.59179e+12|4.0293e+11|2.47533e+11|1.51096e+11|1.31753e+09|1.47e+10|1.56161e+12|4.63033e+10|5.68112e+11|6.83442e+09|8.38488e+13|4.74236e+11|3.98001e+12|2.36425e+09|7.46708e+11,8.19724e+08|4.21389e+09|5.04144e+08|5.36324e+11|1.44234e+10|5.29113e+10|7.35096e+12|4.88834e+11|1.15705e+12|1.05491e+12|4.42443e+12|1.81012e+09|1.15782e+13|4.69095e+09|2.79916e+12|9.78332e+12|4.11836e+12|1.89646e+11|2.33399e+11|1.57582e+10|3.10679e+08|9.51029e+09|3.02345e+11|3.30225e+10|3.56307e+11|1.48353e+09|1.01787e+13|1.54765e+11|1.69514e+12|4.07889e+08|5.06847e+11,0.000494453|0.00089026|8.81202e-05|1.2987e-05|3.25754e-05|0.000766915|0.000875739|0.000412952|0.000140889|0.000179959|0.00024651|4.789e-05|1.88608e-05|6.21631e-05|0.000634307|5.13815e-05|2.98936e-05|5.21063e-05|0.000261527|0.000261059|0.000223952|1.77434e-05|0.00096308|0.000277161|8.49487e-05|0.000159499|1.67225e-05|0.000202873|4.78153e-05|1.54283e-05|0.000185382,0.000316017|0.000350126|0.00494291|0.000286765|0.000181646|0.000203965|0.00944671|0.00138752|0.000270551|0.00292552|0.00308746|0.00655588|0.00214239|0.00341054|0.00151267|0.00295865|0.000681499|0.000368678|0.000768065|0.000513001|0.00843573|0.0006856|0.00195589|0.00418014|0.000906866|0.00384342|0.000742576|0.000266598|0.00544009|0.00907722|0.00344885,0.0109342|0.0362414|0.0381696|0.0377902|0.0426128|0.0243876|0.0280357|0.00215298|0.0276207|0.00778345|0.0211034|0.00398508|0.00156873|0.0237043|0.0186268|0.0286141|0.0192976|0.0108696|0.0201979|0.0430027|0.0370095|0.0408661|0.00712365|0.00314906|0.04851|0.0479977|0.00846218|0.00898217|0.0455031|0.00638914|0.0365406,0.000178506|0.0472365|0.00800322|0.0195364|0.049061|0.0250863|0.0166219|0.0375959|0.0210615|0.0161829|0.0151027|0.0178703|0.0470058|0.0488574|0.00979507|0.0216638|0.0120519|0.0181411|0.0291803|0.00442808|0.00589983|0.040072|0.0414669|0.0470385|0.0115254|0.0299903|0.0342415|0.0488958|0.0360942|0.0483596|0.0130093,0.973537|0.953794|0.90679|0.951762|0.906626|0.936129|0.90082|0.952159|0.904866|0.953313|0.943878|0.972158|0.989289|0.981332|0.977244|0.966653|0.946711|0.923215|0.941018|0.974312|0.984554|0.95984|0.971602|0.92176|0.949999|0.96924|0.934264|0.9108|0.967439|0.910708|0.98883,4.63983|3.07459|1.41691|0.85792|0.762282|3.39264|0.0974208|5.24666|4.56594|0.10397|4.82496|5.42296|0.578949|4.96971|2.33192|4.60778|4.38273|4.79469|1.39448|5.11322|5.26958|0.048646|3.14177|2.08786|0.722366|3.90463|5.31688|6.27947|3.09858|5.41755|4.04415,66.2586|94.4507|37.9513|54.7186|56.2706|64.3401|67.7415|26.2497|23.0914|86.0567|88.6669|21.8454|37.5994|88.9922|39.9413|55.8812|89.2299|86.2435|10.3361|23.9015|15.3326|55.6995|88.4205|39.0733|92.3918|63.1262|40.979|78.8723|23.5956|82.9474,0.180129|0.168303|0.246589|0.208433|0.226178|0.220369|0.161632|0.244194|0.18593|0.16799|0.215598|0.220509|0.17745|0.246364|0.180359|0.234874|0.247215|0.182991|0.172286|0.236806|0.236297|0.206062|0.232237|0.178948|0.167022|0.243732|0.216949|0.239998|0.191801|0.24308,0.323551|0.263233|0.157157|0.448351|0.725021|0.119032|0.301798|0.307851|0.12287|0.799966|0.123891|0.936019|0.871942|0.83582|0.129355|0.16843|0.652252|0.182796|0.559133|0.2818|0.655447|0.677391|0.516177|0.23533|0.776051|0.65643|0.317946|0.300482|0.688345|0.624607,0.869523,0.801463,0.117836,0.0993652,0.460468,0.534015,0.0732846,0.487967,0.198257,0.921169,51.6436,5.43263e-12,47756,0.887486,41.1981,1.06086e-12,38445,0.895553,0.876428,0.0878307,0.631141,0.996144,0.511517,0.22039,0.459803,0.228135,0.891603,87.9902,7.64954e-10,30733,0.967162,70.4477,9.04596e-11,52512
24,1179,n1->n99->n97->n27->n28->n69->n70->n18->n17->n85->n78->n44->n41->n39->n38->n36->n34->n35->n33->n6->n12->n14->n75->n4->n2->n7->n5->n65->n64->n49->n51,5.37021e+09|1.57108e+10|2.90604e+09|4.19351e+12|1.34247e+11|8.81277e+09|6.87309e+13|7.59179e+12|1.51096e+11|2.02447e+09|3.25238e+10|5.26537e+13|3.95737e+11|3.34792e+13|1.16426e+13|7.73972e+11|4.7313e+12|5.77859e+11|3.64323e+13|1.14208e+09|9.70597e+10|3.70261e+10|8.71921e+10|7.07339e+12|5.94248e+10|3.81012e+11|2.91995e+11|1.12599e+09|4.21034e+09|2.45005e+09|7.46708e+11,8.19724e+08|4.21389e+09|5.04144e+08|8.73344e+11|1.51805e+10|7.57626e+09|9.78332e+12|4.11836e+12|1.57582e+10|2.41326e+08|2.30731e+10|2.86817e+13|1.47899e+11|1.12013e+13|1.19258e+12|7.77593e+10|1.15705e+12|4.88834e+11|6.32377e+12|2.20459e+08|2.76143e+10|1.44234e+10|5.29113e+10|2.43435e+12|3.74975e+10|6.70334e+10|4.67133e+10|3.2906e+08|1.60867e+09|2.44458e+09|5.06847e+11,0.000494453|0.00089026|8.81202e-05|1.08528e-05|0.00056516|0.000268039|5.13815e-05|2.98936e-05|0.000261059|2.04325e-05|0.000270955|0.000124649|2.35935e-05|5.53896e-05|1.04425e-05|0.000426407|0.000140889|0.000412952|1.50316e-05|1.08483e-05|0.000201974|3.25754e-05|0.000766915|0.000113681|1.10648e-05|0.000475679|7.03031e-05|1.96575e-05|1.88732e-05|1.07426e-05|0.000185382,0.000316017|0.000350126|0.00494291|0.00262605|0.0093172|0.00367819|0.00295865|0.000681499|0.000513001|0.000338175|0.00167497|0.00158999|0.00412419|0.0025393|0.00950649|0.00396778|0.000270551|0.00138752|0.00213059|0.00010157|0.0016732|0.000181646|0.000203965|0.00198341|0.00120557|0.00104538|0.000196916|0.000428116|0.000135861|0.000979027|0.00344885,0.0109342|0.0362414|0.0381696|0.0303206|0.0317261|0.022957|0.0286141|0.0192976|0.0430027|0.0354515|0.00569443|0.0486405|0.00451081|0.00111942|0.0263713|0.00497013|0.0276207|0.00215298|0.00968695|0.00160082|0.0313381|0.0426128|0.0243876|0.0350273|0.00369149|0.01754|0.00731162|0.00118659|0.0266797|0.0183567|0.0365406,0.000178506|0.0472365|0.00800322|0.0230682|0.03841|0.0100342|0.0216638|0.0120519|0.00442808|0.0266209|0.0425349|0.00764508|0.00491436|0.0449458|0.00318517|0.0341912|0.0210615|0.0375959|0.0280967|0.0260762|0.0470205|0.049061|0.0250863|0.0273051|0.0127317|0.0283975|0.0421608|0.00176737|0.0436548|0.0388066|0.0130093,0.973537|0.953794|0.90679|0.985376|0.948072|0.975915|0.966653|0.946711|0.974312|0.940474|0.92832|0.932977|0.923722|0.924329|0.902547|0.94998|0.904866|0.952159|0.923653|0.908628|0.937315|0.906626|0.936129|0.917619|0.968894|0.963898|0.951514|0.967717|0.933821|0.969899|0.98883,4.63983|3.07459|1.41691|4.5695|1.48687|2.99986|4.60778|4.38273|5.11322|4.91715|3.3614|2.64532|4.11092|1.19952|5.09423|3.70656|4.56594|5.24666|1.04264|5.01633|3.07758|0.762282|3.39264|1.56082|4.74216|3.51107|4.90362|4.1126|5.77568|3.94615|4.04415,66.2586|94.4507|31.5608|23.5709|97.1045|74.5377|55.8812|43.2583|84.7043|67.1704|88.5528|12.7315|38.9947|52.0957|61.2725|89.5651|26.2497|93.5115|50.0569|32.9383|51.9585|56.2706|81.7362|30.2686|88.6198|37.2729|35.0583|56.7563|77.768|10.4661,0.180129|0.168303|0.219936|0.207151|0.207556|0.172691|0.234874|0.218822|0.225161|0.184721|0.200088|0.246433|0.18226|0.199024|0.204351|0.241996|0.244194|0.242679|0.19306|0.230728|0.222459|0.226178|0.218556|0.239023|0.228013|0.176784|0.209201|0.186349|0.165457|0.216931,0.323551|0.263233|0.557853|0.340196|0.438091|0.416585|0.16843|0.981182|0.880608|0.609732|0.134865|0.665882|0.988985|0.46236|0.413834|0.265381|0.307851|0.487093|0.116472|0.628307|0.326911|0.725021|0.847503|0.514427|0.84397|0.943162|0.297185|0.927837|0.348083|0.516407,0.869523,0.801463,0.117836,0.0993652,0.460468,0.534015,0.0732846,0.487967,0.198257,0.921169,51.6436,5.43263e-12,47756,0.887486,41.1981,1.06086e-12,38445,0.895553,0.876428,0.0878307,0.631141,0.996144,0.511517,0.22039,0.459803,0.228135,0.891603,87.9902,7.64954e-10,30733,0.967162,70.4477,9.04596e-11,52512
24,1180,n1->n99->n97->n96->n14->n75->n73->n72->n71->n24->n26->n25->n27->n29->n28->n69->n3->n5->n65->n37->n81->n79->n63->n42->n40->n54->n56->n55->n53->n52->n51,5.37021e+09|1.57108e+10|2.90604e+09|2.51165e+12|3.70261e+10|8.71921e+10|1.41706e+11|6.83442e+09|7.70008e+11|1.59557e+13|7.09351e+09|1.67189e+13|4.19351e+12|3.6336e+13|1.34247e+11|8.81277e+09|2.78751e+13|2.91995e+11|1.12599e+09|2.79748e+13|2.58887e+10|1.47019e+10|6.55204e+12|2.42905e+09|3.58065e+10|2.80961e+11|1.1605e+12|8.84081e+12|4.60474e+10|1.02428e+10|7.46708e+11,8.19724e+08|4.21389e+09|5.04144e+08|5.36324e+11|1.44234e+10|5.29113e+10|5.76853e+10|1.48353e+09|1.60546e+11|4.06569e+12|1.31666e+09|1.40059e+13|8.73344e+11|1.77292e+13|1.51805e+10|7.57626e+09|1.44762e+13|4.67133e+10|3.2906e+08|4.96975e+12|8.36206e+09|4.87652e+09|2.63574e+12|2.47264e+08|4.14657e+09|2.23178e+11|5.65456e+11|4.69454e+12|3.18273e+10|2.07235e+09|5.06847e+11,0.000494453|0.00089026|8.81202e-05|1.2987e-05|3.25754e-05|0.000766915|6.32916e-05|0.000159499|0.00017279|0.000193265|3.77967e-05|6.30741e-05|1.08528e-05|0.000125062|0.00056516|0.000268039|0.00022361|7.03031e-05|1.96575e-05|1.06248e-05|0.000268232|0.000133131|0.000116235|8.79758e-05|6.01341e-05|1.47667e-05|1.7812e-05|4.06274e-05|2.00633e-05|0.00011644|0.000185382,0.000316017|0.000350126|0.00494291|0.000286765|0.000181646|0.000203965|0.000807753|0.00384342|0.00123164|0.0012727|0.00522178|0.00294926|0.00262605|0.00231296|0.0093172|0.00367819|0.00776667|0.000196916|0.000428116|0.000261291|0.000752991|0.000479664|0.00126856|0.000493531|0.00268841|0.00549128|0.000830638|0.000128431|0.000509085|0.00580301|0.00344885,0.0109342|0.0362414|0.0381696|0.0377902|0.0426128|0.0243876|0.0455502|0.0479977|0.0398828|0.0433038|0.0101688|0.0195393|0.0303206|0.0255931|0.0317261|0.022957|0.0268705|0.00731162|0.00118659|0.0457563|0.0481357|0.0252961|0.0100727|0.00783732|0.0249103|0.0334079|0.0231698|0.00843704|5.21659e-05|0.0398377|0.0365406,0.000178506|0.0472365|0.00800322|0.0195364|0.049061|0.0250863|0.028193|0.0299903|0.0326729|0.00780618|0.0409649|0.0159438|0.0230682|0.00291922|0.03841|0.0100342|0.0326941|0.0421608|0.00176737|0.0105712|0.00997263|0.0203026|0.0107197|0.0327962|0.033399|0.00844474|0.0417641|0.0314938|0.00115664|0.0151024|0.0130093,0.973537|0.953794|0.90679|0.951762|0.906626|0.936129|0.909539|0.96924|0.947193|0.90929|0.981638|0.9023|0.985376|0.962742|0.948072|0.975915|0.982466|0.951514|0.967717|0.964079|0.948836|0.966262|0.903245|0.960936|0.920308|0.927525|0.944528|0.908585|0.913872|0.965406|0.98883,4.63983|3.07459|1.41691|0.85792|0.762282|3.39264|3.29092|3.90463|0.117525|3.9732|2.91399|1.57149|4.5695|0.0327787|1.48687|2.99986|4.79844|4.90362|4.1126|4.96174|1.5908|3.41737|4.68449|0.765875|2.50002|1.22009|2.55597|3.37071|0.640024|0.0104102|4.04415,66.2586|94.4507|37.9513|54.7186|56.2706|85.6152|29.1617|45.8448|44.1502|83.4704|63.0993|64.4551|49.6282|18.7034|97.1045|83.9106|10.4739|35.0583|13.4252|88.8597|26.55|16.1844|97.0433|77.6192|12.2677|42.6814|95.3312|30.3781|81.3721|83.3731,0.180129|0.168303|0.246589|0.208433|0.226178|0.185893|0.178937|0.218487|0.204574|0.216464|0.228799|0.242248|0.180772|0.249902|0.207556|0.204476|0.163561|0.209201|0.230756|0.211898|0.238834|0.22961|0.211509|0.243521|0.248162|0.167734|0.167906|0.207992|0.184589|0.197114,0.323551|0.263233|0.157157|0.448351|0.725021|0.624191|0.920295|0.29317|0.45026|0.583168|0.359402|0.837222|0.511755|0.259002|0.438091|0.65353|0.469027|0.297185|0.986996|0.430076|0.957633|0.217843|0.758395|0.14346|0.812759|0.927159|0.402595|0.646488|0.272111|0.942894,0.869523,0.801463,0.117836,0.0993652,0.460468,0.534015,0.0732846,0.487967,0.198257,0.921169,51.6436,5.43263e-12,47756,0.887486,41.1981,1.06086e-12,38445,0.895553,0.876428,0.0878307,0.631141,0.996144,0.511517,0.22039,0.459803,0.228135,0.891603,87.9902,7.64954e-10,30733,0.967162,70.4477,9.04596e-11,52512
24,1181,n1->n13->n15->n63->n79->n81->n37->n65->n52->n53->n54->n73->n71->n72->n70->n18->n20->n89->n95->n82->n80->n78->n44->n41->n43->n45->n47->n46->n62->n61->n51,5.37021e+09|6.60497e+13|8.77071e+11|6.55204e+12|1.47019e+10|2.58887e+10|2.79748e+13|1.12599e+09|1.02428e+10|4.60474e+10|2.80961e+11|1.41706e+11|7.70008e+11|6.83442e+09|6.87309e+13|7.59179e+12|4.0293e+11|2.68119e+11|1.05601e+11|1.07979e+13|2.45686e+13|3.25238e+10|5.26537e+13|3.95737e+11|1.40931e+10|8.38488e+13|4.74236e+11|5.53417e+12|2.37342e+11|6.44979e+11|7.46708e+11,8.19724e+08|8.87204e+12|1.06991e+11|2.63574e+12|4.87652e+09|8.36206e+09|4.96975e+12|3.2906e+08|2.07235e+09|3.18273e+10|2.23178e+11|5.76853e+10|1.60546e+11|1.48353e+09|9.78332e+12|4.11836e+12|1.89646e+11|9.23423e+10|5.46554e+10|1.66379e+12|2.75437e+12|2.30731e+10|2.86817e+13|1.47899e+11|3.26577e+09|1.01787e+13|1.54765e+11|1.63629e+12|1.13053e+11|1.30372e+11|5.06847e+11,0.000494453|0.000787814|0.000182949|0.000116235|0.000133131|0.000268232|1.06248e-05|1.96575e-05|0.00011644|2.00633e-05|1.47667e-05|6.32916e-05|0.00017279|0.000159499|5.13815e-05|2.98936e-05|5.21063e-05|3.55201e-05|0.000260968|0.000837919|1.13052e-05|0.000270955|0.000124649|2.35935e-05|0.000955168|1.67225e-05|0.000202873|0.000489732|8.24006e-05|3.71253e-05|0.000185382,0.000316017|0.00788063|0.00274771|0.00126856|0.000479664|0.000752991|0.000261291|0.000428116|0.00580301|0.000509085|0.00549128|0.000807753|0.00123164|0.00384342|0.00295865|0.000681499|0.000368678|0.000111435|0.000186877|0.00271152|0.000238286|0.00167497|0.00158999|0.00412419|0.00344494|0.000742576|0.000266598|0.000159088|0.00794111|0.00313588|0.00344885,0.0109342|0.0476737|0.0207315|0.0100727|0.0252961|0.0481357|0.0457563|0.00118659|0.0398377|5.21659e-05|0.0334079|0.0455502|0.0398828|0.0479977|0.0286141|0.0192976|0.0108696|0.0107812|0.00282907|0.0278433|0.00592883|0.00569443|0.0486405|0.00451081|0.0168583|0.00846218|0.00898217|0.029055|0.0242596|0.0266048|0.0365406,0.000178506|0.00335145|0.0378122|0.0107197|0.0203026|0.00997263|0.0105712|0.00176737|0.0151024|0.00115664|0.00844474|0.028193|0.0326729|0.0299903|0.0216638|0.0120519|0.0181411|0.0401575|0.0420997|0.0266174|0.0262948|0.0425349|0.00764508|0.00491436|0.0482719|0.0342415|0.0488958|0.0302566|0.0480911|0.0179693|0.0130093,0.973537|0.954869|0.910795|0.903245|0.966262|0.948836|0.964079|0.967717|0.965406|0.913872|0.927525|0.909539|0.947193|0.96924|0.966653|0.946711|0.923215|0.926416|0.966581|0.934435|0.919013|0.92832|0.932977|0.923722|0.943219|0.934264|0.9108|0.923372|0.98053|0.958619|0.98883,4.63983|5.26639|1.89272|4.68449|3.41737|1.5908|4.96174|4.1126|0.0104102|0.640024|1.22009|3.29092|0.117525|3.90463|4.60778|4.38273|4.79469|0.0868458|1.09944|0.132111|0.100836|3.3614|2.64532|4.11092|2.3897|5.31688|6.27947|0.31178|5.59786|2.63855|4.04415,79.8117|66.6304|11.0615|16.1844|26.55|88.8597|13.4252|56.1703|81.3721|75.3264|26.1465|28.2621|45.8448|97.4405|55.8812|89.2299|18.2346|11.8194|75.699|47.0365|66.5291|88.5528|12.7315|43.4967|48.5398|40.979|71.5316|56.7189|89.0369|66.5616,0.246796|0.179788|0.214255|0.22961|0.238834|0.211898|0.230756|0.247907|0.184589|0.191357|0.196311|0.242769|0.218487|0.180102|0.234874|0.247215|0.231355|0.168449|0.21275|0.231931|0.222935|0.200088|0.246433|0.160247|0.218428|0.216949|0.196056|0.167864|0.198053|0.171721,0.338018|0.275394|0.692153|0.217843|0.957633|0.430076|0.986996|0.827328|0.272111|0.567841|0.754315|0.940077|0.29317|0.79408|0.16843|0.652252|0.595303|0.776387|0.837867|0.796307|0.109088|0.134865|0.665882|0.922117|0.854577|0.317946|0.758317|0.624525|0.704733|0.235817,0.869523,0.801463,0.117836,0.0993652,0.460468,0.534015,0.0732846,0.487967,0.198257,0.921169,51.6436,5.43263e-12,47756,0.887486,41.1981,1.06086e-12,38445,0.895553,0.876428,0.0878307,0.631141,0.996144,0.511517,0.22039,0.459803,0.228135,0.891603,87.9902,7.64954e-10,30733,0.967162,70.4477,9.04596e-11,52512
24,1182,n1->n99->n77->n93->n94->n96->n20->n19->n68->n66->n32->n31->n30->n76->n74->n75->n71->n73->n54->n40->n42->n44->n43->n45->n72->n70->n69->n28->n29->n50->n51,5.37021e+09|1.57108e+10|5.68112e+11|4.22601e+13|1.36531e+10|2.51165e+12|4.0293e+11|2.47533e+11|1.31753e+09|1.10072e+10|1.78367e+12|4.79342e+12|1.26395e+10|4.21804e+13|5.8385e+13|8.71921e+10|7.70008e+11|1.41706e+11|2.80961e+11|3.58065e+10|2.42905e+09|5.26537e+13|1.40931e+10|8.38488e+13|6.83442e+09|6.87309e+13|8.81277e+09|1.34247e+11|3.6336e+13|2.36425e+09|7.46708e+11,8.19724e+08|4.21389e+09|3.56307e+11|1.3774e+13|1.67171e+09|5.36324e+11|1.89646e+11|2.33399e+11|3.10679e+08|8.7665e+09|1.05491e+12|4.42443e+12|1.81012e+09|1.15782e+13|7.35096e+12|5.29113e+10|1.60546e+11|5.76853e+10|2.23178e+11|4.14657e+09|2.47264e+08|2.86817e+13|3.26577e+09|1.01787e+13|1.48353e+09|9.78332e+12|7.57626e+09|1.51805e+10|1.77292e+13|4.07889e+08|5.06847e+11,0.000494453|0.00089026|8.49487e-05|8.45967e-05|2.95455e-05|1.2987e-05|5.21063e-05|0.000261527|0.000223952|0.000237659|0.000179959|0.00024651|4.789e-05|1.88608e-05|0.000875739|0.000766915|0.00017279|6.32916e-05|1.47667e-05|6.01341e-05|8.79758e-05|0.000124649|0.000955168|1.67225e-05|0.000159499|5.13815e-05|0.000268039|0.00056516|0.000125062|1.54283e-05|0.000185382,0.000316017|0.000350126|0.000906866|0.000162335|0.000125263|0.000286765|0.000368678|0.000768065|0.00843573|0.000470269|0.00292552|0.00308746|0.00655588|0.00214239|0.00944671|0.000203965|0.00123164|0.000807753|0.00549128|0.00268841|0.000493531|0.00158999|0.00344494|0.000742576|0.00384342|0.00295865|0.00367819|0.0093172|0.00231296|0.00907722|0.00344885,0.0109342|0.0362414|0.04851|0.0108045|0.00830448|0.0377902|0.0108696|0.0201979|0.0370095|0.0203827|0.00778345|0.0211034|0.00398508|0.00156873|0.0280357|0.0243876|0.0398828|0.0455502|0.0334079|0.0249103|0.00783732|0.0486405|0.0168583|0.00846218|0.0479977|0.0286141|0.022957|0.0317261|0.0255931|0.00638914|0.0365406,0.000178506|0.0472365|0.0115254|0.0326183|0.0293842|0.0195364|0.0181411|0.0291803|0.00589983|0.0146278|0.0161829|0.0151027|0.0178703|0.0470058|0.0166219|0.0250863|0.0326729|0.028193|0.00844474|0.033399|0.0327962|0.00764508|0.0482719|0.0342415|0.0299903|0.0216638|0.0100342|0.03841|0.00291922|0.0483596|0.0130093,0.973537|0.953794|0.949999|0.912097|0.927471|0.951762|0.923215|0.941018|0.984554|0.978907|0.953313|0.943878|0.972158|0.989289|0.90082|0.936129|0.947193|0.909539|0.927525|0.920308|0.960936|0.932977|0.943219|0.934264|0.96924|0.966653|0.975915|0.948072|0.962742|0.910708|0.98883,4.63983|3.07459|0.722366|5.92115|5.03384|0.85792|4.79469|1.39448|5.26958|3.10364|0.10397|4.82496|5.42296|0.578949|0.0974208|3.39264|0.117525|3.29092|1.22009|2.50002|0.765875|2.64532|2.3897|5.31688|3.90463|4.60778|2.99986|1.48687|0.0327787|5.41755|4.04415,66.2586|96.5216|51.9256|63.1349|71.0086|58.7029|86.2435|67.5745|70.8824|27.3217|86.0567|88.6669|21.8454|53.1277|64.3401|14.5634|28.2621|26.1465|12.2677|77.6192|21.0603|69.1985|48.5398|63.1262|97.4405|74.5377|97.1045|18.7034|37.0378|82.9474,0.180129|0.241387|0.247077|0.209804|0.230021|0.201188|0.182991|0.2055|0.16183|0.199785|0.16799|0.215598|0.220509|0.181342|0.220369|0.169453|0.242769|0.196311|0.248162|0.243521|0.23095|0.210513|0.218428|0.243732|0.180102|0.172691|0.207556|0.249902|0.191256|0.24308,0.323551|0.664018|0.469529|0.17375|0.131268|0.666395|0.182796|0.968257|0.215539|0.769012|0.799966|0.123891|0.936019|0.519715|0.119032|0.275247|0.940077|0.754315|0.812759|0.14346|0.399278|0.374145|0.854577|0.65643|0.79408|0.416585|0.438091|0.259002|0.182586|0.624607,0.869523,0.801463,0.117836,0.0993652,0.460468,0.534015,0.0732846,0.487967,0.198257,0.921169,51.6436,5.43263e-12,47756,0.887486,41.1981,1.06086e-12,38445,0.895553,0.876428,0.0878307,0.631141,0.996144,0.511517,0.22039,0.459803,0.228135,0.891603,87.9902,7.64954e-10,30733,0.967162,70.4477,9.04596e-11,52512
24,1183,n1->n13->n14->n75->n73->n100->n2->n4->n27->n52->n53->n54->n55->n56->n90->n59->n60->n62->n61->n63->n42->n44->n43->n41->n39->n37->n38->n36->n64->n49->n51,5.37021e+09|6.60497e+13|3.70261e+10|8.71921e+10|1.41706e+11|4.01966e+09|5.94248e+10|7.07339e+12|4.19351e+12|1.02428e+10|4.60474e+10|2.80961e+11|8.84081e+12|1.1605e+12|1.33273e+11|3.04563e+11|8.79841e+13|2.37342e+11|6.44979e+11|6.55204e+12|2.42905e+09|5.26537e+13|1.40931e+10|3.95737e+11|3.34792e+13|2.79748e+13|1.16426e+13|7.73972e+11|4.21034e+09|2.45005e+09|7.46708e+11,8.19724e+08|8.87204e+12|1.44234e+10|5.29113e+10|5.76853e+10|2.27749e+09|3.74975e+10|2.43435e+12|8.73344e+11|2.07235e+09|3.18273e+10|2.23178e+11|4.69454e+12|5.65456e+11|6.41526e+10|3.06423e+10|5.95756e+13|1.13053e+11|1.30372e+11|2.63574e+12|2.47264e+08|2.86817e+13|3.26577e+09|1.47899e+11|1.12013e+13|4.96975e+12|1.19258e+12|7.77593e+10|1.60867e+09|2.44458e+09|5.06847e+11,0.000494453|0.000787814|3.25754e-05|0.000766915|6.32916e-05|0.000665246|1.10648e-05|0.000113681|1.08528e-05|0.00011644|2.00633e-05|1.47667e-05|4.06274e-05|1.7812e-05|0.000319756|2.43107e-05|0.000731749|8.24006e-05|3.71253e-05|0.000116235|8.79758e-05|0.000124649|0.000955168|2.35935e-05|5.53896e-05|1.06248e-05|1.04425e-05|0.000426407|1.88732e-05|1.07426e-05|0.000185382,0.000316017|0.00788063|0.000181646|0.000203965|0.000807753|0.00914892|0.00120557|0.00198341|0.00262605|0.00580301|0.000509085|0.00549128|0.000128431|0.000830638|0.000672662|0.000202742|0.000248463|0.00794111|0.00313588|0.00126856|0.000493531|0.00158999|0.00344494|0.00412419|0.0025393|0.000261291|0.00950649|0.00396778|0.000135861|0.000979027|0.00344885,0.0109342|0.0476737|0.0426128|0.0243876|0.0455502|0.0100829|0.00369149|0.0350273|0.0303206|0.0398377|5.21659e-05|0.0334079|0.00843704|0.0231698|0.0285929|0.00304046|0.0128442|0.0242596|0.0266048|0.0100727|0.00783732|0.0486405|0.0168583|0.00451081|0.00111942|0.0457563|0.0263713|0.00497013|0.0266797|0.0183567|0.0365406,0.000178506|0.00335145|0.049061|0.0250863|0.028193|0.0460028|0.0127317|0.0273051|0.0230682|0.0151024|0.00115664|0.00844474|0.0314938|0.0417641|0.0372754|0.0474075|0.0431033|0.0480911|0.0179693|0.0107197|0.0327962|0.00764508|0.0482719|0.00491436|0.0449458|0.0105712|0.00318517|0.0341912|0.0436548|0.0388066|0.0130093,0.973537|0.954869|0.906626|0.936129|0.909539|0.935175|0.968894|0.917619|0.985376|0.965406|0.913872|0.927525|0.908585|0.944528|0.984478|0.99171|0.945549|0.98053|0.958619|0.903245|0.960936|0.932977|0.943219|0.923722|0.924329|0.964079|0.902547|0.94998|0.933821|0.969899|0.98883,4.63983|5.26639|0.762282|3.39264|3.29092|3.89025|4.74216|1.56082|4.5695|0.0104102|0.640024|1.22009|3.37071|2.55597|4.02061|5.60303|4.50487|5.59786|2.63855|4.68449|0.765875|2.64532|2.3897|4.11092|1.19952|4.96174|5.09423|3.70656|5.77568|3.94615|4.04415,79.8117|92.5451|56.2706|85.6152|20.1165|37.015|30.2686|52.1141|46.2248|81.3721|75.3264|27.8669|95.3312|40.6061|62.2588|76.8491|48.3985|89.0369|47.0482|97.0433|21.0603|69.1985|43.4967|38.9947|31.554|46.986|61.2725|43.8659|77.768|10.4661,0.246796|0.191459|0.226178|0.185893|0.175955|0.17211|0.239023|0.184605|0.183493|0.184589|0.191357|0.169326|0.167906|0.166746|0.169222|0.204072|0.17162|0.198053|0.167884|0.211509|0.23095|0.210513|0.160247|0.18226|0.195005|0.170599|0.204351|0.241695|0.165457|0.216931,0.338018|0.161307|0.725021|0.624191|0.825877|0.315214|0.514427|0.200735|0.657987|0.272111|0.567841|0.414082|0.402595|0.163177|0.361153|0.509755|0.641887|0.704733|0.410418|0.758395|0.399278|0.374145|0.922117|0.988985|0.711047|0.662799|0.413834|0.590576|0.348083|0.516407,0.869523,0.801463,0.117836,0.0993652,0.460468,0.534015,0.0732846,0.487967,0.198257,0.921169,51.6436,5.43263e-12,47756,0.887486,41.1981,1.06086e-12,38445,0.895553,0.876428,0.0878307,0.631141,0.996144,0.511517,0.22039,0.459803,0.228135,0.891603,87.9902,7.64954e-10,30733,0.967162,70.4477,9.04596e-11,52512
24,1184,n1->n99->n98->n57->n74->n35->n34->n36->n64->n49->n47->n48->n89->n90->n56->n84->n83->n81->n37->n38->n67->n21->n20->n18->n17->n19->n68->n58->n59->n50->n51,5.37021e+09|1.57108e+10|1.8266e+13|4.14288e+09|5.8385e+13|5.77859e+11|4.7313e+12|7.73972e+11|4.21034e+09|2.45005e+09|4.74236e+11|3.98001e+12|2.68119e+11|1.33273e+11|1.1605e+12|1.07392e+09|3.76373e+13|2.58887e+10|2.79748e+13|1.16426e+13|4.7483e+09|1.56161e+12|4.0293e+11|7.59179e+12|1.51096e+11|2.47533e+11|1.31753e+09|8.16696e+09|3.04563e+11|2.36425e+09|7.46708e+11,8.19724e+08|4.21389e+09|5.99087e+12|2.05006e+09|7.35096e+12|4.88834e+11|1.15705e+12|7.77593e+10|1.60867e+09|2.44458e+09|1.54765e+11|1.69514e+12|9.23423e+10|6.41526e+10|5.65456e+11|9.00899e+08|2.34723e+13|8.36206e+09|4.96975e+12|1.19258e+12|7.5553e+08|3.02345e+11|1.89646e+11|4.11836e+12|1.57582e+10|2.33399e+11|3.10679e+08|6.89506e+09|3.06423e+10|4.07889e+08|5.06847e+11,0.000494453|0.00089026|0.000410965|0.000173612|0.000875739|0.000412952|0.000140889|0.000426407|1.88732e-05|1.07426e-05|0.000202873|4.78153e-05|3.55201e-05|0.000319756|1.7812e-05|2.14473e-05|1.86087e-05|0.000268232|1.06248e-05|1.04425e-05|3.91885e-05|0.00096308|5.21063e-05|2.98936e-05|0.000261059|0.000261527|0.000223952|0.000266735|2.43107e-05|1.54283e-05|0.000185382,0.000316017|0.000350126|0.000548485|0.00271581|0.00944671|0.00138752|0.000270551|0.00396778|0.000135861|0.000979027|0.000266598|0.00544009|0.000111435|0.000672662|0.000830638|0.000434313|0.000175452|0.000752991|0.000261291|0.00950649|0.000640186|0.00195589|0.000368678|0.000681499|0.000513001|0.000768065|0.00843573|0.00874893|0.000202742|0.00907722|0.00344885,0.0109342|0.0362414|0.0295222|0.0328142|0.0280357|0.00215298|0.0276207|0.00497013|0.0266797|0.0183567|0.00898217|0.0455031|0.0107812|0.0285929|0.0231698|0.0473575|0.015405|0.0481357|0.0457563|0.0263713|0.029632|0.00712365|0.0108696|0.0192976|0.0430027|0.0201979|0.0370095|0.0248478|0.00304046|0.00638914|0.0365406,0.000178506|0.0472365|0.0297366|0.0437642|0.0166219|0.0375959|0.0210615|0.0341912|0.0436548|0.0388066|0.0488958|0.0360942|0.0401575|0.0372754|0.0417641|0.0366447|0.038157|0.00997263|0.0105712|0.00318517|0.0482082|0.0414669|0.0181411|0.0120519|0.00442808|0.0291803|0.00589983|0.0481122|0.0474075|0.0483596|0.0130093,0.973537|0.953794|0.959539|0.983348|0.90082|0.952159|0.904866|0.94998|0.933821|0.969899|0.9108|0.967439|0.926416|0.984478|0.944528|0.948551|0.947801|0.948836|0.964079|0.902547|0.924883|0.971602|0.923215|0.946711|0.974312|0.941018|0.984554|0.911658|0.99171|0.910708|0.98883,4.63983|3.07459|2.95405|1.93323|0.0974208|5.24666|4.56594|3.70656|5.77568|3.94615|6.27947|3.09858|0.0868458|4.02061|2.55597|5.42186|4.11052|1.5908|4.96174|5.09423|2.06342|3.14177|4.79469|4.38273|5.11322|1.39448|5.26958|3.70937|5.60303|5.41755|4.04415,66.2586|58.4557|98.2355|95.6836|67.7415|26.2497|89.5651|43.8659|77.768|91.8261|78.8723|94.0077|12.726|40.6061|34.4372|20.1884|78.7627|88.8597|46.986|59.2872|42.5138|76.7594|89.2299|43.2583|10.3361|67.5745|56.905|56.397|47.7013|82.9474,0.180129|0.227784|0.190047|0.169856|0.161632|0.244194|0.241996|0.241695|0.165457|0.228404|0.239998|0.234363|0.226099|0.166746|0.222961|0.246081|0.170031|0.211898|0.170599|0.200548|0.197352|0.218425|0.247215|0.218822|0.172286|0.2055|0.185169|0.21902|0.170229|0.24308,0.323551|0.686264|0.757428|0.815246|0.301798|0.307851|0.265381|0.590576|0.348083|0.133861|0.300482|0.948873|0.757755|0.163177|0.762891|0.599197|0.530775|0.430076|0.662799|0.127053|0.602799|0.515127|0.652252|0.981182|0.559133|0.968257|0.476138|0.533324|0.776444|0.624607,0.869523,0.801463,0.117836,0.0993652,0.460468,0.534015,0.0732846,0.487967,0.198257,0.921169,51.6436,5.43263e-12,47756,0.887486,41.1981,1.06086e-12,38445,0.895553,0.876428,0.0878307,0.631141,0.996144,0.511517,0.22039,0.459803,0.228135,0.891603,87.9902,7.64954e-10,30733,0.967162,70.4477,9.04596e-11,52512
24,1185,n1->n20->n89->n48->n47->n45->n44->n78->n85->n84->n33->n24->n26->n25->n27->n97->n99->n98->n57->n83->n23->n77->n72->n71->n73->n100->n90->n59->n60->n50->n51,5.37021e+09|4.0293e+11|2.68119e+11|3.98001e+12|4.74236e+11|8.38488e+13|5.26537e+13|3.25238e+10|2.02447e+09|1.07392e+09|3.64323e+13|1.59557e+13|7.09351e+09|1.67189e+13|4.19351e+12|2.90604e+09|1.57108e+10|1.8266e+13|4.14288e+09|3.76373e+13|4.63033e+10|5.68112e+11|6.83442e+09|7.70008e+11|1.41706e+11|4.01966e+09|1.33273e+11|3.04563e+11|8.79841e+13|2.36425e+09|7.46708e+11,8.19724e+08|1.89646e+11|9.23423e+10|1.69514e+12|1.54765e+11|1.01787e+13|2.86817e+13|2.30731e+10|2.41326e+08|9.00899e+08|6.32377e+12|4.06569e+12|1.31666e+09|1.40059e+13|8.73344e+11|5.04144e+08|4.21389e+09|5.99087e+12|2.05006e+09|2.34723e+13|3.30225e+10|3.56307e+11|1.48353e+09|1.60546e+11|5.76853e+10|2.27749e+09|6.41526e+10|3.06423e+10|5.95756e+13|4.07889e+08|5.06847e+11,0.000494453|5.21063e-05|3.55201e-05|4.78153e-05|0.000202873|1.67225e-05|0.000124649|0.000270955|2.04325e-05|2.14473e-05|1.50316e-05|0.000193265|3.77967e-05|6.30741e-05|1.08528e-05|8.81202e-05|0.00089026|0.000410965|0.000173612|1.86087e-05|0.000277161|8.49487e-05|0.000159499|0.00017279|6.32916e-05|0.000665246|0.000319756|2.43107e-05|0.000731749|1.54283e-05|0.000185382,0.000316017|0.000368678|0.000111435|0.00544009|0.000266598|0.000742576|0.00158999|0.00167497|0.000338175|0.000434313|0.00213059|0.0012727|0.00522178|0.00294926|0.00262605|0.00494291|0.000350126|0.000548485|0.00271581|0.000175452|0.00418014|0.000906866|0.00384342|0.00123164|0.000807753|0.00914892|0.000672662|0.000202742|0.000248463|0.00907722|0.00344885,0.0109342|0.0108696|0.0107812|0.0455031|0.00898217|0.00846218|0.0486405|0.00569443|0.0354515|0.0473575|0.00968695|0.0433038|0.0101688|0.0195393|0.0303206|0.0381696|0.0362414|0.0295222|0.0328142|0.015405|0.00314906|0.04851|0.0479977|0.0398828|0.0455502|0.0100829|0.0285929|0.00304046|0.0128442|0.00638914|0.0365406,0.000178506|0.0181411|0.0401575|0.0360942|0.0488958|0.0342415|0.00764508|0.0425349|0.0266209|0.0366447|0.0280967|0.00780618|0.0409649|0.0159438|0.0230682|0.00800322|0.0472365|0.0297366|0.0437642|0.038157|0.0470385|0.0115254|0.0299903|0.0326729|0.028193|0.0460028|0.0372754|0.0474075|0.0431033|0.0483596|0.0130093,0.973537|0.923215|0.926416|0.967439|0.9108|0.934264|0.932977|0.92832|0.940474|0.948551|0.923653|0.90929|0.981638|0.9023|0.985376|0.90679|0.953794|0.959539|0.983348|0.947801|0.92176|0.949999|0.96924|0.947193|0.909539|0.935175|0.984478|0.99171|0.945549|0.910708|0.98883,4.63983|4.79469|0.0868458|3.09858|6.27947|5.31688|2.64532|3.3614|4.91715|5.42186|1.04264|3.9732|2.91399|1.57149|4.5695|1.41691|3.07459|2.95405|1.93323|4.11052|2.08786|0.722366|3.90463|0.117525|3.29092|3.89025|4.02061|5.60303|4.50487|5.41755|4.04415,90.7492|18.2346|94.0077|78.8723|40.979|57.1366|88.5528|67.1704|82.1833|59.7094|98.0873|83.4704|63.0993|64.4551|31.5608|94.4507|58.4557|98.2355|50.003|23.518|39.0733|92.3918|45.8448|28.2621|20.1165|32.7492|62.2588|76.8491|22.3088|82.9474,0.215706|0.231355|0.234363|0.239998|0.216949|0.235241|0.200088|0.184721|0.216313|0.183728|0.239791|0.216464|0.228799|0.242248|0.219936|0.168303|0.227784|0.190047|0.1911|0.181099|0.178948|0.167022|0.218487|0.242769|0.175955|0.191207|0.169222|0.204072|0.190841|0.24308,0.53635|0.595303|0.948873|0.300482|0.317946|0.218954|0.134865|0.609732|0.528406|0.218166|0.939209|0.583168|0.359402|0.837222|0.557853|0.263233|0.686264|0.757428|0.161388|0.741177|0.23533|0.776051|0.29317|0.940077|0.825877|0.878161|0.361153|0.509755|0.323935|0.624607,0.869523,0.801463,0.117836,0.0993652,0.460468,0.534015,0.0732846,0.487967,0.198257,0.921169,51.6436,5.43263e-12,47756,0.887486,41.1981,1.06086e-12,38445,0.895553,0.876428,0.0878307,0.631141,0.996144,0.511517,0.22039,0.459803,0.228135,0.891603,87.9902,7.64954e-10,30733,0.967162,70.4477,9.04596e-11,52512
24,1186,n1->n20->n19->n68->n66->n32->n34->n36->n38->n39->n10->n8->n7->n2->n100->n90->n89->n95->n82->n80->n78->n76->n75->n73->n54->n56->n84->n85->n65->n52->n51,5.37021e+09|4.0293e+11|2.47533e+11|1.31753e+09|1.10072e+10|1.78367e+12|4.7313e+12|7.73972e+11|1.16426e+13|3.34792e+13|2.49624e+09|4.61239e+13|3.81012e+11|5.94248e+10|4.01966e+09|1.33273e+11|2.68119e+11|1.05601e+11|1.07979e+13|2.45686e+13|3.25238e+10|4.21804e+13|8.71921e+10|1.41706e+11|2.80961e+11|1.1605e+12|1.07392e+09|2.02447e+09|1.12599e+09|1.02428e+10|7.46708e+11,8.19724e+08|1.89646e+11|2.33399e+11|3.10679e+08|8.7665e+09|1.05491e+12|1.15705e+12|7.77593e+10|1.19258e+12|1.12013e+13|7.32581e+08|1.04208e+13|6.70334e+10|3.74975e+10|2.27749e+09|6.41526e+10|9.23423e+10|5.46554e+10|1.66379e+12|2.75437e+12|2.30731e+10|1.15782e+13|5.29113e+10|5.76853e+10|2.23178e+11|5.65456e+11|9.00899e+08|2.41326e+08|3.2906e+08|2.07235e+09|5.06847e+11,0.000494453|5.21063e-05|0.000261527|0.000223952|0.000237659|0.000179959|0.000140889|0.000426407|1.04425e-05|5.53896e-05|6.27016e-05|6.6054e-05|0.000475679|1.10648e-05|0.000665246|0.000319756|3.55201e-05|0.000260968|0.000837919|1.13052e-05|0.000270955|1.88608e-05|0.000766915|6.32916e-05|1.47667e-05|1.7812e-05|2.14473e-05|2.04325e-05|1.96575e-05|0.00011644|0.000185382,0.000316017|0.000368678|0.000768065|0.00843573|0.000470269|0.00292552|0.000270551|0.00396778|0.00950649|0.0025393|0.00113469|0.00522046|0.00104538|0.00120557|0.00914892|0.000672662|0.000111435|0.000186877|0.00271152|0.000238286|0.00167497|0.00214239|0.000203965|0.000807753|0.00549128|0.000830638|0.000434313|0.000338175|0.000428116|0.00580301|0.00344885,0.0109342|0.0108696|0.0201979|0.0370095|0.0203827|0.00778345|0.0276207|0.00497013|0.0263713|0.00111942|0.00597815|0.0318744|0.01754|0.00369149|0.0100829|0.0285929|0.0107812|0.00282907|0.0278433|0.00592883|0.00569443|0.00156873|0.0243876|0.0455502|0.0334079|0.0231698|0.0473575|0.0354515|0.00118659|0.0398377|0.0365406,0.000178506|0.0181411|0.0291803|0.00589983|0.0146278|0.0161829|0.0210615|0.0341912|0.00318517|0.0449458|0.0245713|0.0483133|0.0283975|0.0127317|0.0460028|0.0372754|0.0401575|0.0420997|0.0266174|0.0262948|0.0425349|0.0470058|0.0250863|0.028193|0.00844474|0.0417641|0.0366447|0.0266209|0.00176737|0.0151024|0.0130093,0.973537|0.923215|0.941018|0.984554|0.978907|0.953313|0.904866|0.94998|0.902547|0.924329|0.962416|0.975256|0.963898|0.968894|0.935175|0.984478|0.926416|0.966581|0.934435|0.919013|0.92832|0.989289|0.936129|0.909539|0.927525|0.944528|0.948551|0.940474|0.967717|0.965406|0.98883,4.63983|4.79469|1.39448|5.26958|3.10364|0.10397|4.56594|3.70656|5.09423|1.19952|1.97158|3.22282|3.51107|4.74216|3.89025|4.02061|0.0868458|1.09944|0.132111|0.100836|3.3614|0.578949|3.39264|3.29092|1.22009|2.55597|5.42186|4.91715|4.1126|0.0104102|4.04415,90.7492|86.2435|67.5745|70.8824|27.3217|23.0914|89.5651|61.2725|52.0957|24.4191|99.595|55.4093|88.6198|37.015|32.7492|12.726|11.8194|75.699|47.0365|66.5291|69.3348|63.5216|85.6152|26.1465|42.6814|34.4372|82.1833|82.5435|56.1703|83.3731,0.215706|0.182991|0.2055|0.16183|0.199785|0.18593|0.241996|0.204351|0.199024|0.239532|0.184434|0.230451|0.228013|0.17211|0.191207|0.226099|0.168449|0.21275|0.231931|0.222935|0.194827|0.207806|0.185893|0.196311|0.167734|0.222961|0.216313|0.20461|0.247907|0.197114,0.53635|0.182796|0.968257|0.215539|0.769012|0.12287|0.265381|0.413834|0.46236|0.991722|0.703378|0.745697|0.84397|0.315214|0.878161|0.757755|0.776387|0.837867|0.796307|0.109088|0.93416|0.844544|0.624191|0.754315|0.927159|0.762891|0.528406|0.519435|0.827328|0.942894,0.869523,0.801463,0.117836,0.0993652,0.460468,0.534015,0.0732846,0.487967,0.198257,0.921169,51.6436,5.43263e-12,47756,0.887486,41.1981,1.06086e-12,38445,0.895553,0.876428,0.0878307,0.631141,0.996144,0.511517,0.22039,0.459803,0.228135,0.891603,87.9902,7.64954e-10,30733,0.967162,70.4477,9.04596e-11,52512
24,1187,n1->n13->n11->n9->n10->n73->n75->n76->n86->n87->n88->n90->n56->n55->n54->n40->n42->n63->n15->n29->n30->n32->n34->n35->n31->n33->n24->n26->n27->n52->n51,5.37021e+09|6.60497e+13|1.78735e+12|1.49139e+12|2.49624e+09|1.41706e+11|8.71921e+10|4.21804e+13|3.85304e+10|7.3435e+12|9.00567e+12|1.33273e+11|1.1605e+12|8.84081e+12|2.80961e+11|3.58065e+10|2.42905e+09|6.55204e+12|8.77071e+11|3.6336e+13|1.26395e+10|1.78367e+12|4.7313e+12|5.77859e+11|4.79342e+12|3.64323e+13|1.59557e+13|7.09351e+09|4.19351e+12|1.02428e+10|7.46708e+11,8.19724e+08|8.87204e+12|3.29521e+11|3.79906e+11|7.32581e+08|5.76853e+10|5.29113e+10|1.15782e+13|4.69095e+09|2.79916e+12|8.66002e+12|6.41526e+10|5.65456e+11|4.69454e+12|2.23178e+11|4.14657e+09|2.47264e+08|2.63574e+12|1.06991e+11|1.77292e+13|1.81012e+09|1.05491e+12|1.15705e+12|4.88834e+11|4.42443e+12|6.32377e+12|4.06569e+12|1.31666e+09|8.73344e+11|2.07235e+09|5.06847e+11,0.000494453|0.000787814|5.47786e-05|1.80008e-05|6.27016e-05|6.32916e-05|0.000766915|1.88608e-05|6.21631e-05|0.000634307|6.2721e-05|0.000319756|1.7812e-05|4.06274e-05|1.47667e-05|6.01341e-05|8.79758e-05|0.000116235|0.000182949|0.000125062|4.789e-05|0.000179959|0.000140889|0.000412952|0.00024651|1.50316e-05|0.000193265|3.77967e-05|1.08528e-05|0.00011644|0.000185382,0.000316017|0.00788063|0.00652494|0.00065196|0.00113469|0.000807753|0.000203965|0.00214239|0.00341054|0.00151267|0.000480267|0.000672662|0.000830638|0.000128431|0.00549128|0.00268841|0.000493531|0.00126856|0.00274771|0.00231296|0.00655588|0.00292552|0.000270551|0.00138752|0.00308746|0.00213059|0.0012727|0.00522178|0.00262605|0.00580301|0.00344885,0.0109342|0.0476737|0.00125292|0.0140743|0.00597815|0.0455502|0.0243876|0.00156873|0.0237043|0.0186268|0.00850464|0.0285929|0.0231698|0.00843704|0.0334079|0.0249103|0.00783732|0.0100727|0.0207315|0.0255931|0.00398508|0.00778345|0.0276207|0.00215298|0.0211034|0.00968695|0.0433038|0.0101688|0.0303206|0.0398377|0.0365406,0.000178506|0.00335145|0.0136412|0.033904|0.0245713|0.028193|0.0250863|0.0470058|0.0488574|0.00979507|0.0237676|0.0372754|0.0417641|0.0314938|0.00844474|0.033399|0.0327962|0.0107197|0.0378122|0.00291922|0.0178703|0.0161829|0.0210615|0.0375959|0.0151027|0.0280967|0.00780618|0.0409649|0.0230682|0.0151024|0.0130093,0.973537|0.954869|0.988894|0.963574|0.962416|0.909539|0.936129|0.989289|0.981332|0.977244|0.962132|0.984478|0.944528|0.908585|0.927525|0.920308|0.960936|0.903245|0.910795|0.962742|0.972158|0.953313|0.904866|0.952159|0.943878|0.923653|0.90929|0.981638|0.985376|0.965406|0.98883,4.63983|5.26639|0.923897|5.88966|1.97158|3.29092|3.39264|0.578949|4.96971|2.33192|1.9653|4.02061|2.55597|3.37071|1.22009|2.50002|0.765875|4.68449|1.89272|0.0327787|5.42296|0.10397|4.56594|5.24666|4.82496|1.04264|3.9732|2.91399|4.5695|0.0104102|4.04415,79.8117|13.9548|99.0064|65.9961|29.3778|85.6152|63.5216|37.5994|88.9922|57.0974|14.1987|40.6061|95.3312|27.8669|12.2677|77.6192|97.0433|11.0615|32.2763|29.3504|69.5993|23.0914|26.2497|91.3525|95.0453|98.0873|83.4704|67.4197|46.2248|83.3731,0.246796|0.189728|0.201409|0.193896|0.202302|0.185893|0.207806|0.17745|0.246364|0.227675|0.244274|0.166746|0.167906|0.169326|0.248162|0.243521|0.211509|0.214255|0.240047|0.179657|0.204659|0.18593|0.244194|0.243038|0.234751|0.239791|0.216464|0.171162|0.183493|0.197114,0.338018|0.801183|0.439638|0.982181|0.747283|0.624191|0.844544|0.871942|0.83582|0.396625|0.997795|0.163177|0.402595|0.414082|0.812759|0.14346|0.758395|0.692153|0.895675|0.887943|0.237533|0.12287|0.307851|0.658826|0.258586|0.939209|0.583168|0.40751|0.657987|0.942894,0.869523,0.801463,0.117836,0.0993652,0.460468,0.534015,0.0732846,0.487967,0.198257,0.921169,51.6436,5.43263e-12,47756,0.887486,41.1981,1.06086e-12,38445,0.895553,0.876428,0.0878307,0.631141,0.996144,0.511517,0.22039,0.459803,0.228135,0.891603,87.9902,7.64954e-10,30733,0.967162,70.4477,9.04596e-11,52512
24,1188,n1->n13->n12->n8->n10->n63->n79->n81->n37->n38->n36->n34->n15->n29->n11->n9->n7->n5->n3->n69->n76->n30->n31->n35->n74->n22->n21->n67->n64->n49->n51,5.37021e+09|6.60497e+13|9.70597e+10|4.61239e+13|2.49624e+09|6.55204e+12|1.47019e+10|2.58887e+10|2.79748e+13|1.16426e+13|7.73972e+11|4.7313e+12|8.77071e+11|3.6336e+13|1.78735e+12|1.49139e+12|3.81012e+11|2.91995e+11|2.78751e+13|8.81277e+09|4.21804e+13|1.26395e+10|4.79342e+12|5.77859e+11|5.8385e+13|1.47e+10|1.56161e+12|4.7483e+09|4.21034e+09|2.45005e+09|7.46708e+11,8.19724e+08|8.87204e+12|2.76143e+10|1.04208e+13|7.32581e+08|2.63574e+12|4.87652e+09|8.36206e+09|4.96975e+12|1.19258e+12|7.77593e+10|1.15705e+12|1.06991e+11|1.77292e+13|3.29521e+11|3.79906e+11|6.70334e+10|4.67133e+10|1.44762e+13|7.57626e+09|1.15782e+13|1.81012e+09|4.42443e+12|4.88834e+11|7.35096e+12|9.51029e+09|3.02345e+11|7.5553e+08|1.60867e+09|2.44458e+09|5.06847e+11,0.000494453|0.000787814|0.000201974|6.6054e-05|6.27016e-05|0.000116235|0.000133131|0.000268232|1.06248e-05|1.04425e-05|0.000426407|0.000140889|0.000182949|0.000125062|5.47786e-05|1.80008e-05|0.000475679|7.03031e-05|0.00022361|0.000268039|1.88608e-05|4.789e-05|0.00024651|0.000412952|0.000875739|1.77434e-05|0.00096308|3.91885e-05|1.88732e-05|1.07426e-05|0.000185382,0.000316017|0.00788063|0.0016732|0.00522046|0.00113469|0.00126856|0.000479664|0.000752991|0.000261291|0.00950649|0.00396778|0.000270551|0.00274771|0.00231296|0.00652494|0.00065196|0.00104538|0.000196916|0.00776667|0.00367819|0.00214239|0.00655588|0.00308746|0.00138752|0.00944671|0.0006856|0.00195589|0.000640186|0.000135861|0.000979027|0.00344885,0.0109342|0.0476737|0.0313381|0.0318744|0.00597815|0.0100727|0.0252961|0.0481357|0.0457563|0.0263713|0.00497013|0.0276207|0.0207315|0.0255931|0.00125292|0.0140743|0.01754|0.00731162|0.0268705|0.022957|0.00156873|0.00398508|0.0211034|0.00215298|0.0280357|0.0408661|0.00712365|0.029632|0.0266797|0.0183567|0.0365406,0.000178506|0.00335145|0.0470205|0.0483133|0.0245713|0.0107197|0.0203026|0.00997263|0.0105712|0.00318517|0.0341912|0.0210615|0.0378122|0.00291922|0.0136412|0.033904|0.0283975|0.0421608|0.0326941|0.0100342|0.0470058|0.0178703|0.0151027|0.0375959|0.0166219|0.040072|0.0414669|0.0482082|0.0436548|0.0388066|0.0130093,0.973537|0.954869|0.937315|0.975256|0.962416|0.903245|0.966262|0.948836|0.964079|0.902547|0.94998|0.904866|0.910795|0.962742|0.988894|0.963574|0.963898|0.951514|0.982466|0.975915|0.989289|0.972158|0.943878|0.952159|0.90082|0.95984|0.971602|0.924883|0.933821|0.969899|0.98883,4.63983|5.26639|3.07758|3.22282|1.97158|4.68449|3.41737|1.5908|4.96174|5.09423|3.70656|4.56594|1.89272|0.0327787|0.923897|5.88966|3.51107|4.90362|4.79844|2.99986|0.578949|5.42296|4.82496|5.24666|0.0974208|0.048646|3.14177|2.06342|5.77568|3.94615|4.04415,79.8117|56.34|81.3396|99.595|65.1286|16.1844|26.55|88.8597|46.986|61.2725|89.5651|27.3162|32.2763|13.2112|99.0064|59.8148|37.2729|10.4739|83.9106|66.666|21.8454|88.6669|91.3525|67.7415|63.8366|55.6995|42.5138|95.5844|77.768|10.4661,0.246796|0.206669|0.186476|0.184434|0.203746|0.22961|0.238834|0.211898|0.170599|0.204351|0.241996|0.231681|0.240047|0.219003|0.201409|0.18359|0.176784|0.163561|0.204476|0.212271|0.220509|0.215598|0.243038|0.161632|0.241428|0.206062|0.197352|0.248978|0.165457|0.216931,0.338018|0.285239|0.379326|0.703378|0.514129|0.217843|0.957633|0.430076|0.662799|0.413834|0.265381|0.750497|0.895675|0.427028|0.439638|0.339058|0.943162|0.469027|0.65353|0.890059|0.936019|0.123891|0.658826|0.301798|0.480684|0.677391|0.602799|0.480161|0.348083|0.516407,0.869523,0.801463,0.117836,0.0993652,0.460468,0.534015,0.0732846,0.487967,0.198257,0.921169,51.6436,5.43263e-12,47756,0.887486,41.1981,1.06086e-12,38445,0.895553,0.876428,0.0878307,0.631141,0.996144,0.511517,0.22039,0.459803,0.228135,0.891603,87.9902,7.64954e-10,30733,0.967162,70.4477,9.04596e-11,52512
24,1189,n1->n99->n97->n96->n20->n21->n23->n83->n81->n79->n63->n42->n44->n41->n39->n37->n38->n16->n18->n17->n85->n58->n68->n22->n74->n57->n55->n54->n53->n52->n51,5.37021e+09|1.57108e+10|2.90604e+09|2.51165e+12|4.0293e+11|1.56161e+12|4.63033e+10|3.76373e+13|2.58887e+10|1.47019e+10|6.55204e+12|2.42905e+09|5.26537e+13|3.95737e+11|3.34792e+13|2.79748e+13|1.16426e+13|1.09193e+13|7.59179e+12|1.51096e+11|2.02447e+09|8.16696e+09|1.31753e+09|1.47e+10|5.8385e+13|4.14288e+09|8.84081e+12|2.80961e+11|4.60474e+10|1.02428e+10|7.46708e+11,8.19724e+08|4.21389e+09|5.04144e+08|5.36324e+11|1.89646e+11|3.02345e+11|3.30225e+10|2.34723e+13|8.36206e+09|4.87652e+09|2.63574e+12|2.47264e+08|2.86817e+13|1.47899e+11|1.12013e+13|4.96975e+12|1.19258e+12|1.33827e+12|4.11836e+12|1.57582e+10|2.41326e+08|6.89506e+09|3.10679e+08|9.51029e+09|7.35096e+12|2.05006e+09|4.69454e+12|2.23178e+11|3.18273e+10|2.07235e+09|5.06847e+11,0.000494453|0.00089026|8.81202e-05|1.2987e-05|5.21063e-05|0.00096308|0.000277161|1.86087e-05|0.000268232|0.000133131|0.000116235|8.79758e-05|0.000124649|2.35935e-05|5.53896e-05|1.06248e-05|1.04425e-05|3.71682e-05|2.98936e-05|0.000261059|2.04325e-05|0.000266735|0.000223952|1.77434e-05|0.000875739|0.000173612|4.06274e-05|1.47667e-05|2.00633e-05|0.00011644|0.000185382,0.000316017|0.000350126|0.00494291|0.000286765|0.000368678|0.00195589|0.00418014|0.000175452|0.000752991|0.000479664|0.00126856|0.000493531|0.00158999|0.00412419|0.0025393|0.000261291|0.00950649|0.00174713|0.000681499|0.000513001|0.000338175|0.00874893|0.00843573|0.0006856|0.00944671|0.00271581|0.000128431|0.00549128|0.000509085|0.00580301|0.00344885,0.0109342|0.0362414|0.0381696|0.0377902|0.0108696|0.00712365|0.00314906|0.015405|0.0481357|0.0252961|0.0100727|0.00783732|0.0486405|0.00451081|0.00111942|0.0457563|0.0263713|0.0123696|0.0192976|0.0430027|0.0354515|0.0248478|0.0370095|0.0408661|0.0280357|0.0328142|0.00843704|0.0334079|5.21659e-05|0.0398377|0.0365406,0.000178506|0.0472365|0.00800322|0.0195364|0.0181411|0.0414669|0.0470385|0.038157|0.00997263|0.0203026|0.0107197|0.0327962|0.00764508|0.00491436|0.0449458|0.0105712|0.00318517|0.0240438|0.0120519|0.00442808|0.0266209|0.0481122|0.00589983|0.040072|0.0166219|0.0437642|0.0314938|0.00844474|0.00115664|0.0151024|0.0130093,0.973537|0.953794|0.90679|0.951762|0.923215|0.971602|0.92176|0.947801|0.948836|0.966262|0.903245|0.960936|0.932977|0.923722|0.924329|0.964079|0.902547|0.979533|0.946711|0.974312|0.940474|0.911658|0.984554|0.95984|0.90082|0.983348|0.908585|0.927525|0.913872|0.965406|0.98883,4.63983|3.07459|1.41691|0.85792|4.79469|3.14177|2.08786|4.11052|1.5908|3.41737|4.68449|0.765875|2.64532|4.11092|1.19952|4.96174|5.09423|1.69436|4.38273|5.11322|4.91715|3.70937|5.26958|0.048646|0.0974208|1.93323|3.37071|1.22009|0.640024|0.0104102|4.04415,66.2586|94.4507|37.9513|58.7029|76.7594|88.4205|23.518|78.7627|26.55|16.1844|97.0433|21.0603|12.7315|38.9947|31.554|46.986|28.0546|72.2829|43.2583|84.7043|90.6886|56.905|15.3326|63.8366|95.6836|61.5999|27.8669|75.3264|81.3721|83.3731,0.180129|0.168303|0.246589|0.201188|0.218425|0.232237|0.181099|0.170031|0.238834|0.22961|0.211509|0.23095|0.246433|0.18226|0.195005|0.170599|0.17367|0.180241|0.218822|0.225161|0.194345|0.185169|0.236297|0.241428|0.169856|0.220389|0.169326|0.191357|0.184589|0.197114,0.323551|0.263233|0.157157|0.666395|0.515127|0.516177|0.741177|0.530775|0.957633|0.217843|0.758395|0.399278|0.665882|0.988985|0.711047|0.662799|0.828443|0.553025|0.981182|0.880608|0.45102|0.476138|0.655447|0.480684|0.815246|0.549818|0.414082|0.567841|0.272111|0.942894,0.869523,0.801463,0.117836,0.0993652,0.460468,0.534015,0.0732846,0.487967,0.198257,0.921169,51.6436,5.43263e-12,47756,0.887486,41.1981,1.06086e-12,38445,0.895553,0.876428,0.0878307,0.631141,0.996144,0.511517,0.22039,0.459803,0.228135,0.891603,87.9902,7.64954e-10,30733,0.967162,70.4477,9.04596e-11,52512
24,1190,n1->n20->n21->n23->n83->n57->n74->n75->n73->n72->n70->n18->n17->n85->n84->n33->n6->n12->n13->n14->n96->n97->n95->n82->n80->n78->n76->n30->n29->n50->n51,5.37021e+09|4.0293e+11|1.56161e+12|4.63033e+10|3.76373e+13|4.14288e+09|5.8385e+13|8.71921e+10|1.41706e+11|6.83442e+09|6.87309e+13|7.59179e+12|1.51096e+11|2.02447e+09|1.07392e+09|3.64323e+13|1.14208e+09|9.70597e+10|6.60497e+13|3.70261e+10|2.51165e+12|2.90604e+09|1.05601e+11|1.07979e+13|2.45686e+13|3.25238e+10|4.21804e+13|1.26395e+10|3.6336e+13|2.36425e+09|7.46708e+11,8.19724e+08|1.89646e+11|3.02345e+11|3.30225e+10|2.34723e+13|2.05006e+09|7.35096e+12|5.29113e+10|5.76853e+10|1.48353e+09|9.78332e+12|4.11836e+12|1.57582e+10|2.41326e+08|9.00899e+08|6.32377e+12|2.20459e+08|2.76143e+10|8.87204e+12|1.44234e+10|5.36324e+11|5.04144e+08|5.46554e+10|1.66379e+12|2.75437e+12|2.30731e+10|1.15782e+13|1.81012e+09|1.77292e+13|4.07889e+08|5.06847e+11,0.000494453|5.21063e-05|0.00096308|0.000277161|1.86087e-05|0.000173612|0.000875739|0.000766915|6.32916e-05|0.000159499|5.13815e-05|2.98936e-05|0.000261059|2.04325e-05|2.14473e-05|1.50316e-05|1.08483e-05|0.000201974|0.000787814|3.25754e-05|1.2987e-05|8.81202e-05|0.000260968|0.000837919|1.13052e-05|0.000270955|1.88608e-05|4.789e-05|0.000125062|1.54283e-05|0.000185382,0.000316017|0.000368678|0.00195589|0.00418014|0.000175452|0.00271581|0.00944671|0.000203965|0.000807753|0.00384342|0.00295865|0.000681499|0.000513001|0.000338175|0.000434313|0.00213059|0.00010157|0.0016732|0.00788063|0.000181646|0.000286765|0.00494291|0.000186877|0.00271152|0.000238286|0.00167497|0.00214239|0.00655588|0.00231296|0.00907722|0.00344885,0.0109342|0.0108696|0.00712365|0.00314906|0.015405|0.0328142|0.0280357|0.0243876|0.0455502|0.0479977|0.0286141|0.0192976|0.0430027|0.0354515|0.0473575|0.00968695|0.00160082|0.0313381|0.0476737|0.0426128|0.0377902|0.0381696|0.00282907|0.0278433|0.00592883|0.00569443|0.00156873|0.00398508|0.0255931|0.00638914|0.0365406,0.000178506|0.0181411|0.0414669|0.0470385|0.038157|0.0437642|0.0166219|0.0250863|0.028193|0.0299903|0.0216638|0.0120519|0.00442808|0.0266209|0.0366447|0.0280967|0.0260762|0.0470205|0.00335145|0.049061|0.0195364|0.00800322|0.0420997|0.0266174|0.0262948|0.0425349|0.0470058|0.0178703|0.00291922|0.0483596|0.0130093,0.973537|0.923215|0.971602|0.92176|0.947801|0.983348|0.90082|0.936129|0.909539|0.96924|0.966653|0.946711|0.974312|0.940474|0.948551|0.923653|0.908628|0.937315|0.954869|0.906626|0.951762|0.90679|0.966581|0.934435|0.919013|0.92832|0.989289|0.972158|0.962742|0.910708|0.98883,4.63983|4.79469|3.14177|2.08786|4.11052|1.93323|0.0974208|3.39264|3.29092|3.90463|4.60778|4.38273|5.11322|4.91715|5.42186|1.04264|5.01633|3.07758|5.26639|0.762282|0.85792|1.41691|1.09944|0.132111|0.100836|3.3614|0.578949|5.42296|0.0327787|5.41755|4.04415,90.7492|76.7594|88.4205|23.518|50.003|95.6836|64.3401|85.6152|29.1617|97.4405|55.8812|43.2583|84.7043|82.1833|59.7094|50.0569|32.9383|56.34|92.5451|54.7186|37.9513|11.8968|75.699|47.0365|66.5291|69.3348|21.8454|29.3504|37.0378|82.9474,0.215706|0.218425|0.232237|0.181099|0.1911|0.169856|0.220369|0.185893|0.178937|0.180102|0.234874|0.218822|0.225161|0.216313|0.183728|0.19306|0.230728|0.206669|0.191459|0.208433|0.246589|0.228013|0.21275|0.231931|0.222935|0.194827|0.220509|0.179657|0.191256|0.24308,0.53635|0.515127|0.516177|0.741177|0.161388|0.815246|0.119032|0.624191|0.920295|0.79408|0.16843|0.981182|0.880608|0.528406|0.218166|0.116472|0.628307|0.285239|0.161307|0.448351|0.157157|0.342677|0.837867|0.796307|0.109088|0.93416|0.936019|0.887943|0.182586|0.624607,0.869523,0.801463,0.117836,0.0993652,0.460468,0.534015,0.0732846,0.487967,0.198257,0.921169,51.6436,5.43263e-12,47756,0.887486,41.1981,1.06086e-12,38445,0.895553,0.876428,0.0878307,0.631141,0.996144,0.511517,0.22039,0.459803,0.228135,0.891603,87.9902,7.64954e-10,30733,0.967162,70.4477,9.04596e-11,52512
24,1191,n1->n99->n97->n96->n94->n93->n64->n36->n38->n67->n21->n20->n19->n17->n85->n58->n68->n66->n32->n30->n31->n29->n11->n13->n14->n12->n8->n10->n63->n61->n51,5.37021e+09|1.57108e+10|2.90604e+09|2.51165e+12|1.36531e+10|4.22601e+13|4.21034e+09|7.73972e+11|1.16426e+13|4.7483e+09|1.56161e+12|4.0293e+11|2.47533e+11|1.51096e+11|2.02447e+09|8.16696e+09|1.31753e+09|1.10072e+10|1.78367e+12|1.26395e+10|4.79342e+12|3.6336e+13|1.78735e+12|6.60497e+13|3.70261e+10|9.70597e+10|4.61239e+13|2.49624e+09|6.55204e+12|6.44979e+11|7.46708e+11,8.19724e+08|4.21389e+09|5.04144e+08|5.36324e+11|1.67171e+09|1.3774e+13|1.60867e+09|7.77593e+10|1.19258e+12|7.5553e+08|3.02345e+11|1.89646e+11|2.33399e+11|1.57582e+10|2.41326e+08|6.89506e+09|3.10679e+08|8.7665e+09|1.05491e+12|1.81012e+09|4.42443e+12|1.77292e+13|3.29521e+11|8.87204e+12|1.44234e+10|2.76143e+10|1.04208e+13|7.32581e+08|2.63574e+12|1.30372e+11|5.06847e+11,0.000494453|0.00089026|8.81202e-05|1.2987e-05|2.95455e-05|8.45967e-05|1.88732e-05|0.000426407|1.04425e-05|3.91885e-05|0.00096308|5.21063e-05|0.000261527|0.000261059|2.04325e-05|0.000266735|0.000223952|0.000237659|0.000179959|4.789e-05|0.00024651|0.000125062|5.47786e-05|0.000787814|3.25754e-05|0.000201974|6.6054e-05|6.27016e-05|0.000116235|3.71253e-05|0.000185382,0.000316017|0.000350126|0.00494291|0.000286765|0.000125263|0.000162335|0.000135861|0.00396778|0.00950649|0.000640186|0.00195589|0.000368678|0.000768065|0.000513001|0.000338175|0.00874893|0.00843573|0.000470269|0.00292552|0.00655588|0.00308746|0.00231296|0.00652494|0.00788063|0.000181646|0.0016732|0.00522046|0.00113469|0.00126856|0.00313588|0.00344885,0.0109342|0.0362414|0.0381696|0.0377902|0.00830448|0.0108045|0.0266797|0.00497013|0.0263713|0.029632|0.00712365|0.0108696|0.0201979|0.0430027|0.0354515|0.0248478|0.0370095|0.0203827|0.00778345|0.00398508|0.0211034|0.0255931|0.00125292|0.0476737|0.0426128|0.0313381|0.0318744|0.00597815|0.0100727|0.0266048|0.0365406,0.000178506|0.0472365|0.00800322|0.0195364|0.0293842|0.0326183|0.0436548|0.0341912|0.00318517|0.0482082|0.0414669|0.0181411|0.0291803|0.00442808|0.0266209|0.0481122|0.00589983|0.0146278|0.0161829|0.0178703|0.0151027|0.00291922|0.0136412|0.00335145|0.049061|0.0470205|0.0483133|0.0245713|0.0107197|0.0179693|0.0130093,0.973537|0.953794|0.90679|0.951762|0.927471|0.912097|0.933821|0.94998|0.902547|0.924883|0.971602|0.923215|0.941018|0.974312|0.940474|0.911658|0.984554|0.978907|0.953313|0.972158|0.943878|0.962742|0.988894|0.954869|0.906626|0.937315|0.975256|0.962416|0.903245|0.958619|0.98883,4.63983|3.07459|1.41691|0.85792|5.03384|5.92115|5.77568|3.70656|5.09423|2.06342|3.14177|4.79469|1.39448|5.11322|4.91715|3.70937|5.26958|3.10364|0.10397|5.42296|4.82496|0.0327787|0.923897|5.26639|0.762282|3.07758|3.22282|1.97158|4.68449|2.63855|4.04415,66.2586|94.4507|37.9513|71.0086|63.1349|32.5899|43.8659|61.2725|59.2872|42.5138|76.7594|86.2435|10.3361|84.7043|90.6886|56.905|70.8824|27.3217|69.5993|88.6669|70.4589|13.2112|13.9548|92.5451|51.9585|81.3396|99.595|65.1286|47.0482|66.5616,0.180129|0.168303|0.246589|0.230021|0.209804|0.178102|0.241695|0.204351|0.200548|0.197352|0.218425|0.182991|0.172286|0.225161|0.194345|0.185169|0.16183|0.199785|0.204659|0.215598|0.246199|0.219003|0.189728|0.191459|0.222459|0.186476|0.184434|0.203746|0.167884|0.171721,0.323551|0.263233|0.157157|0.131268|0.17375|0.548301|0.590576|0.413834|0.127053|0.602799|0.515127|0.182796|0.559133|0.880608|0.45102|0.476138|0.215539|0.769012|0.237533|0.123891|0.415176|0.427028|0.801183|0.161307|0.326911|0.379326|0.703378|0.514129|0.410418|0.235817,0.869523,0.801463,0.117836,0.0993652,0.460468,0.534015,0.0732846,0.487967,0.198257,0.921169,51.6436,5.43263e-12,47756,0.887486,41.1981,1.06086e-12,38445,0.895553,0.876428,0.0878307,0.631141,0.996144,0.511517,0.22039,0.459803,0.228135,0.891603,87.9902,7.64954e-10,30733,0.967162,70.4477,9.04596e-11,52512
24,1192,n1->n99->n77->n93->n95->n89->n48->n46->n62->n61->n63->n10->n39->n38->n67->n64->n36->n34->n32->n31->n35->n33->n24->n71->n72->n70->n69->n28->n29->n50->n51,5.37021e+09|1.57108e+10|5.68112e+11|4.22601e+13|1.05601e+11|2.68119e+11|3.98001e+12|5.53417e+12|2.37342e+11|6.44979e+11|6.55204e+12|2.49624e+09|3.34792e+13|1.16426e+13|4.7483e+09|4.21034e+09|7.73972e+11|4.7313e+12|1.78367e+12|4.79342e+12|5.77859e+11|3.64323e+13|1.59557e+13|7.70008e+11|6.83442e+09|6.87309e+13|8.81277e+09|1.34247e+11|3.6336e+13|2.36425e+09|7.46708e+11,8.19724e+08|4.21389e+09|3.56307e+11|1.3774e+13|5.46554e+10|9.23423e+10|1.69514e+12|1.63629e+12|1.13053e+11|1.30372e+11|2.63574e+12|7.32581e+08|1.12013e+13|1.19258e+12|7.5553e+08|1.60867e+09|7.77593e+10|1.15705e+12|1.05491e+12|4.42443e+12|4.88834e+11|6.32377e+12|4.06569e+12|1.60546e+11|1.48353e+09|9.78332e+12|7.57626e+09|1.51805e+10|1.77292e+13|4.07889e+08|5.06847e+11,0.000494453|0.00089026|8.49487e-05|8.45967e-05|0.000260968|3.55201e-05|4.78153e-05|0.000489732|8.24006e-05|3.71253e-05|0.000116235|6.27016e-05|5.53896e-05|1.04425e-05|3.91885e-05|1.88732e-05|0.000426407|0.000140889|0.000179959|0.00024651|0.000412952|1.50316e-05|0.000193265|0.00017279|0.000159499|5.13815e-05|0.000268039|0.00056516|0.000125062|1.54283e-05|0.000185382,0.000316017|0.000350126|0.000906866|0.000162335|0.000186877|0.000111435|0.00544009|0.000159088|0.00794111|0.00313588|0.00126856|0.00113469|0.0025393|0.00950649|0.000640186|0.000135861|0.00396778|0.000270551|0.00292552|0.00308746|0.00138752|0.00213059|0.0012727|0.00123164|0.00384342|0.00295865|0.00367819|0.0093172|0.00231296|0.00907722|0.00344885,0.0109342|0.0362414|0.04851|0.0108045|0.00282907|0.0107812|0.0455031|0.029055|0.0242596|0.0266048|0.0100727|0.00597815|0.00111942|0.0263713|0.029632|0.0266797|0.00497013|0.0276207|0.00778345|0.0211034|0.00215298|0.00968695|0.0433038|0.0398828|0.0479977|0.0286141|0.022957|0.0317261|0.0255931|0.00638914|0.0365406,0.000178506|0.0472365|0.0115254|0.0326183|0.0420997|0.0401575|0.0360942|0.0302566|0.0480911|0.0179693|0.0107197|0.0245713|0.0449458|0.00318517|0.0482082|0.0436548|0.0341912|0.0210615|0.0161829|0.0151027|0.0375959|0.0280967|0.00780618|0.0326729|0.0299903|0.0216638|0.0100342|0.03841|0.00291922|0.0483596|0.0130093,0.973537|0.953794|0.949999|0.912097|0.966581|0.926416|0.967439|0.923372|0.98053|0.958619|0.903245|0.962416|0.924329|0.902547|0.924883|0.933821|0.94998|0.904866|0.953313|0.943878|0.952159|0.923653|0.90929|0.947193|0.96924|0.966653|0.975915|0.948072|0.962742|0.910708|0.98883,4.63983|3.07459|0.722366|5.92115|1.09944|0.0868458|3.09858|0.31178|5.59786|2.63855|4.68449|1.97158|1.19952|5.09423|2.06342|5.77568|3.70656|4.56594|0.10397|4.82496|5.24666|1.04264|3.9732|0.117525|3.90463|4.60778|2.99986|1.48687|0.0327787|5.41755|4.04415,66.2586|96.5216|51.9256|24.941|11.8194|94.0077|41.9872|56.7189|89.0369|47.0482|65.1286|24.4191|52.0957|59.2872|95.5844|43.8659|89.5651|23.0914|86.0567|91.3525|93.5115|98.0873|44.1502|45.8448|97.4405|74.5377|97.1045|18.7034|37.0378|82.9474,0.180129|0.241387|0.247077|0.237661|0.168449|0.234363|0.178665|0.167864|0.198053|0.167884|0.203746|0.239532|0.199024|0.200548|0.248978|0.241695|0.241996|0.18593|0.16799|0.243038|0.242679|0.239791|0.204574|0.218487|0.180102|0.172691|0.207556|0.249902|0.191256|0.24308,0.323551|0.664018|0.469529|0.985064|0.776387|0.948873|0.182289|0.624525|0.704733|0.410418|0.514129|0.991722|0.46236|0.127053|0.480161|0.590576|0.265381|0.12287|0.799966|0.658826|0.487093|0.939209|0.45026|0.29317|0.79408|0.416585|0.438091|0.259002|0.182586|0.624607,0.869523,0.801463,0.117836,0.0993652,0.460468,0.534015,0.0732846,0.487967,0.198257,0.921169,51.6436,5.43263e-12,47756,0.887486,41.1981,1.06086e-12,38445,0.895553,0.876428,0.0878307,0.631141,0.996144,0.511517,0.22039,0.459803,0.228135,0.891603,87.9902,7.64954e-10,30733,0.967162,70.4477,9.04596e-11,52512
24,1193,n1->n20->n18->n70->n72->n71->n73->n75->n76->n74->n35->n34->n36->n38->n37->n39->n10->n8->n12->n6->n33->n84->n56->n54->n40->n42->n44->n45->n47->n49->n51,5.37021e+09|4.0293e+11|7.59179e+12|6.87309e+13|6.83442e+09|7.70008e+11|1.41706e+11|8.71921e+10|4.21804e+13|5.8385e+13|5.77859e+11|4.7313e+12|7.73972e+11|1.16426e+13|2.79748e+13|3.34792e+13|2.49624e+09|4.61239e+13|9.70597e+10|1.14208e+09|3.64323e+13|1.07392e+09|1.1605e+12|2.80961e+11|3.58065e+10|2.42905e+09|5.26537e+13|8.38488e+13|4.74236e+11|2.45005e+09|7.46708e+11,8.19724e+08|1.89646e+11|4.11836e+12|9.78332e+12|1.48353e+09|1.60546e+11|5.76853e+10|5.29113e+10|1.15782e+13|7.35096e+12|4.88834e+11|1.15705e+12|7.77593e+10|1.19258e+12|4.96975e+12|1.12013e+13|7.32581e+08|1.04208e+13|2.76143e+10|2.20459e+08|6.32377e+12|9.00899e+08|5.65456e+11|2.23178e+11|4.14657e+09|2.47264e+08|2.86817e+13|1.01787e+13|1.54765e+11|2.44458e+09|5.06847e+11,0.000494453|5.21063e-05|2.98936e-05|5.13815e-05|0.000159499|0.00017279|6.32916e-05|0.000766915|1.88608e-05|0.000875739|0.000412952|0.000140889|0.000426407|1.04425e-05|1.06248e-05|5.53896e-05|6.27016e-05|6.6054e-05|0.000201974|1.08483e-05|1.50316e-05|2.14473e-05|1.7812e-05|1.47667e-05|6.01341e-05|8.79758e-05|0.000124649|1.67225e-05|0.000202873|1.07426e-05|0.000185382,0.000316017|0.000368678|0.000681499|0.00295865|0.00384342|0.00123164|0.000807753|0.000203965|0.00214239|0.00944671|0.00138752|0.000270551|0.00396778|0.00950649|0.000261291|0.0025393|0.00113469|0.00522046|0.0016732|0.00010157|0.00213059|0.000434313|0.000830638|0.00549128|0.00268841|0.000493531|0.00158999|0.000742576|0.000266598|0.000979027|0.00344885,0.0109342|0.0108696|0.0192976|0.0286141|0.0479977|0.0398828|0.0455502|0.0243876|0.00156873|0.0280357|0.00215298|0.0276207|0.00497013|0.0263713|0.0457563|0.00111942|0.00597815|0.0318744|0.0313381|0.00160082|0.00968695|0.0473575|0.0231698|0.0334079|0.0249103|0.00783732|0.0486405|0.00846218|0.00898217|0.0183567|0.0365406,0.000178506|0.0181411|0.0120519|0.0216638|0.0299903|0.0326729|0.028193|0.0250863|0.0470058|0.0166219|0.0375959|0.0210615|0.0341912|0.00318517|0.0105712|0.0449458|0.0245713|0.0483133|0.0470205|0.0260762|0.0280967|0.0366447|0.0417641|0.00844474|0.033399|0.0327962|0.00764508|0.0342415|0.0488958|0.0388066|0.0130093,0.973537|0.923215|0.946711|0.966653|0.96924|0.947193|0.909539|0.936129|0.989289|0.90082|0.952159|0.904866|0.94998|0.902547|0.964079|0.924329|0.962416|0.975256|0.937315|0.908628|0.923653|0.948551|0.944528|0.927525|0.920308|0.960936|0.932977|0.934264|0.9108|0.969899|0.98883,4.63983|4.79469|4.38273|4.60778|3.90463|0.117525|3.29092|3.39264|0.578949|0.0974208|5.24666|4.56594|3.70656|5.09423|4.96174|1.19952|1.97158|3.22282|3.07758|5.01633|1.04264|5.42186|2.55597|1.22009|2.50002|0.765875|2.64532|5.31688|6.27947|3.94615|4.04415,90.7492|89.2299|55.8812|97.4405|45.8448|28.2621|85.6152|63.5216|53.1277|67.7415|26.2497|89.5651|61.2725|46.986|31.554|24.4191|99.595|81.3396|32.9383|50.0569|59.7094|34.4372|42.6814|12.2677|77.6192|21.0603|57.1366|40.979|91.8261|10.4661,0.215706|0.247215|0.234874|0.180102|0.218487|0.242769|0.185893|0.207806|0.181342|0.161632|0.244194|0.241996|0.204351|0.170599|0.195005|0.239532|0.184434|0.186476|0.230728|0.19306|0.183728|0.222961|0.167734|0.248162|0.243521|0.23095|0.235241|0.216949|0.228404|0.216931,0.53635|0.652252|0.16843|0.79408|0.29317|0.940077|0.624191|0.844544|0.519715|0.301798|0.307851|0.265381|0.413834|0.662799|0.711047|0.991722|0.703378|0.379326|0.628307|0.116472|0.218166|0.762891|0.927159|0.812759|0.14346|0.399278|0.218954|0.317946|0.133861|0.516407,0.869523,0.801463,0.117836,0.0993652,0.460468,0.534015,0.0732846,0.487967,0.198257,0.921169,51.6436,5.43263e-12,47756,0.887486,41.1981,1.06086e-12,38445,0.895553,0.876428,0.0878307,0.631141,0.996144,0.511517,0.22039,0.459803,0.228135,0.891603,87.9902,7.64954e-10,30733,0.967162,70.4477,9.04596e-11,52512
24,1194,n1->n13->n15->n29->n28->n69->n3->n5->n7->n8->n12->n14->n96->n20->n21->n67->n64->n36->n38->n39->n41->n43->n45->n47->n46->n48->n89->n95->n93->n94->n51,5.37021e+09|6.60497e+13|8.77071e+11|3.6336e+13|1.34247e+11|8.81277e+09|2.78751e+13|2.91995e+11|3.81012e+11|4.61239e+13|9.70597e+10|3.70261e+10|2.51165e+12|4.0293e+11|1.56161e+12|4.7483e+09|4.21034e+09|7.73972e+11|1.16426e+13|3.34792e+13|3.95737e+11|1.40931e+10|8.38488e+13|4.74236e+11|5.53417e+12|3.98001e+12|2.68119e+11|1.05601e+11|4.22601e+13|1.36531e+10|7.46708e+11,8.19724e+08|8.87204e+12|1.06991e+11|1.77292e+13|1.51805e+10|7.57626e+09|1.44762e+13|4.67133e+10|6.70334e+10|1.04208e+13|2.76143e+10|1.44234e+10|5.36324e+11|1.89646e+11|3.02345e+11|7.5553e+08|1.60867e+09|7.77593e+10|1.19258e+12|1.12013e+13|1.47899e+11|3.26577e+09|1.01787e+13|1.54765e+11|1.63629e+12|1.69514e+12|9.23423e+10|5.46554e+10|1.3774e+13|1.67171e+09|5.06847e+11,0.000494453|0.000787814|0.000182949|0.000125062|0.00056516|0.000268039|0.00022361|7.03031e-05|0.000475679|6.6054e-05|0.000201974|3.25754e-05|1.2987e-05|5.21063e-05|0.00096308|3.91885e-05|1.88732e-05|0.000426407|1.04425e-05|5.53896e-05|2.35935e-05|0.000955168|1.67225e-05|0.000202873|0.000489732|4.78153e-05|3.55201e-05|0.000260968|8.45967e-05|2.95455e-05|0.000185382,0.000316017|0.00788063|0.00274771|0.00231296|0.0093172|0.00367819|0.00776667|0.000196916|0.00104538|0.00522046|0.0016732|0.000181646|0.000286765|0.000368678|0.00195589|0.000640186|0.000135861|0.00396778|0.00950649|0.0025393|0.00412419|0.00344494|0.000742576|0.000266598|0.000159088|0.00544009|0.000111435|0.000186877|0.000162335|0.000125263|0.00344885,0.0109342|0.0476737|0.0207315|0.0255931|0.0317261|0.022957|0.0268705|0.00731162|0.01754|0.0318744|0.0313381|0.0426128|0.0377902|0.0108696|0.00712365|0.029632|0.0266797|0.00497013|0.0263713|0.00111942|0.00451081|0.0168583|0.00846218|0.00898217|0.029055|0.0455031|0.0107812|0.00282907|0.0108045|0.00830448|0.0365406,0.000178506|0.00335145|0.0378122|0.00291922|0.03841|0.0100342|0.0326941|0.0421608|0.0283975|0.0483133|0.0470205|0.049061|0.0195364|0.0181411|0.0414669|0.0482082|0.0436548|0.0341912|0.00318517|0.0449458|0.00491436|0.0482719|0.0342415|0.0488958|0.0302566|0.0360942|0.0401575|0.0420997|0.0326183|0.0293842|0.0130093,0.973537|0.954869|0.910795|0.962742|0.948072|0.975915|0.982466|0.951514|0.963898|0.975256|0.937315|0.906626|0.951762|0.923215|0.971602|0.924883|0.933821|0.94998|0.902547|0.924329|0.923722|0.943219|0.934264|0.9108|0.923372|0.967439|0.926416|0.966581|0.912097|0.927471|0.98883,4.63983|5.26639|1.89272|0.0327787|1.48687|2.99986|4.79844|4.90362|3.51107|3.22282|3.07758|0.762282|0.85792|4.79469|3.14177|2.06342|5.77568|3.70656|5.09423|1.19952|4.11092|2.3897|5.31688|6.27947|0.31178|3.09858|0.0868458|1.09944|5.92115|5.03384|4.04415,79.8117|66.6304|32.2763|18.7034|97.1045|83.9106|10.4739|37.2729|55.4093|81.3396|51.9585|54.7186|58.7029|76.7594|42.5138|95.5844|43.8659|61.2725|52.0957|38.9947|43.4967|48.5398|40.979|71.5316|41.9872|94.0077|11.8194|24.941|63.1349|11.2844,0.246796|0.179788|0.240047|0.249902|0.207556|0.204476|0.163561|0.176784|0.230451|0.186476|0.222459|0.208433|0.201188|0.218425|0.197352|0.248978|0.241695|0.204351|0.199024|0.18226|0.160247|0.218428|0.216949|0.196056|0.178665|0.234363|0.168449|0.237661|0.209804|0.200895,0.338018|0.275394|0.895675|0.259002|0.438091|0.65353|0.469027|0.943162|0.745697|0.379326|0.326911|0.448351|0.666395|0.515127|0.602799|0.480161|0.590576|0.413834|0.46236|0.988985|0.922117|0.854577|0.317946|0.758317|0.182289|0.948873|0.776387|0.985064|0.17375|0.836539,0.869523,0.801463,0.117836,0.0993652,0.460468,0.534015,0.0732846,0.487967,0.198257,0.921169,51.6436,5.43263e-12,47756,0.887486,41.1981,1.06086e-12,38445,0.895553,0.876428,0.0878307,0.631141,0.996144,0.511517,0.22039,0.459803,0.228135,0.891603,87.9902,7.64954e-10,30733,0.967162,70.4477,9.04596e-11,52512
24,1195,n1->n13->n15->n34->n36->n64->n93->n95->n82->n54->n56->n90->n59->n60->n62->n61->n63->n10->n8->n7->n2->n100->n73->n72->n70->n87->n88->n89->n48->n50->n51,5.37021e+09|6.60497e+13|8.77071e+11|4.7313e+12|7.73972e+11|4.21034e+09|4.22601e+13|1.05601e+11|1.07979e+13|2.80961e+11|1.1605e+12|1.33273e+11|3.04563e+11|8.79841e+13|2.37342e+11|6.44979e+11|6.55204e+12|2.49624e+09|4.61239e+13|3.81012e+11|5.94248e+10|4.01966e+09|1.41706e+11|6.83442e+09|6.87309e+13|7.3435e+12|9.00567e+12|2.68119e+11|3.98001e+12|2.36425e+09|7.46708e+11,8.19724e+08|8.87204e+12|1.06991e+11|1.15705e+12|7.77593e+10|1.60867e+09|1.3774e+13|5.46554e+10|1.66379e+12|2.23178e+11|5.65456e+11|6.41526e+10|3.06423e+10|5.95756e+13|1.13053e+11|1.30372e+11|2.63574e+12|7.32581e+08|1.04208e+13|6.70334e+10|3.74975e+10|2.27749e+09|5.76853e+10|1.48353e+09|9.78332e+12|2.79916e+12|8.66002e+12|9.23423e+10|1.69514e+12|4.07889e+08|5.06847e+11,0.000494453|0.000787814|0.000182949|0.000140889|0.000426407|1.88732e-05|8.45967e-05|0.000260968|0.000837919|1.47667e-05|1.7812e-05|0.000319756|2.43107e-05|0.000731749|8.24006e-05|3.71253e-05|0.000116235|6.27016e-05|6.6054e-05|0.000475679|1.10648e-05|0.000665246|6.32916e-05|0.000159499|5.13815e-05|0.000634307|6.2721e-05|3.55201e-05|4.78153e-05|1.54283e-05|0.000185382,0.000316017|0.00788063|0.00274771|0.000270551|0.00396778|0.000135861|0.000162335|0.000186877|0.00271152|0.00549128|0.000830638|0.000672662|0.000202742|0.000248463|0.00794111|0.00313588|0.00126856|0.00113469|0.00522046|0.00104538|0.00120557|0.00914892|0.000807753|0.00384342|0.00295865|0.00151267|0.000480267|0.000111435|0.00544009|0.00907722|0.00344885,0.0109342|0.0476737|0.0207315|0.0276207|0.00497013|0.0266797|0.0108045|0.00282907|0.0278433|0.0334079|0.0231698|0.0285929|0.00304046|0.0128442|0.0242596|0.0266048|0.0100727|0.00597815|0.0318744|0.01754|0.00369149|0.0100829|0.0455502|0.0479977|0.0286141|0.0186268|0.00850464|0.0107812|0.0455031|0.00638914|0.0365406,0.000178506|0.00335145|0.0378122|0.0210615|0.0341912|0.0436548|0.0326183|0.0420997|0.0266174|0.00844474|0.0417641|0.0372754|0.0474075|0.0431033|0.0480911|0.0179693|0.0107197|0.0245713|0.0483133|0.0283975|0.0127317|0.0460028|0.028193|0.0299903|0.0216638|0.00979507|0.0237676|0.0401575|0.0360942|0.0483596|0.0130093,0.973537|0.954869|0.910795|0.904866|0.94998|0.933821|0.912097|0.966581|0.934435|0.927525|0.944528|0.984478|0.99171|0.945549|0.98053|0.958619|0.903245|0.962416|0.975256|0.963898|0.968894|0.935175|0.909539|0.96924|0.966653|0.977244|0.962132|0.926416|0.967439|0.910708|0.98883,4.63983|5.26639|1.89272|4.56594|3.70656|5.77568|5.92115|1.09944|0.132111|1.22009|2.55597|4.02061|5.60303|4.50487|5.59786|2.63855|4.68449|1.97158|3.22282|3.51107|4.74216|3.89025|3.29092|3.90463|4.60778|2.33192|1.9653|0.0868458|3.09858|5.41755|4.04415,79.8117|66.6304|27.3162|89.5651|43.8659|32.5899|24.941|75.699|41.1455|42.6814|40.6061|62.2588|76.8491|48.3985|89.0369|47.0482|65.1286|99.595|55.4093|88.6198|37.015|20.1165|29.1617|97.4405|39.9413|57.0974|92.4072|94.0077|23.5956|82.9474,0.246796|0.179788|0.231681|0.241996|0.241695|0.178102|0.237661|0.21275|0.242874|0.167734|0.166746|0.169222|0.204072|0.17162|0.198053|0.167884|0.203746|0.184434|0.230451|0.228013|0.17211|0.175955|0.178937|0.180102|0.180359|0.227675|0.203687|0.234363|0.191801|0.24308,0.338018|0.275394|0.750497|0.265381|0.590576|0.548301|0.985064|0.837867|0.378494|0.927159|0.163177|0.361153|0.509755|0.641887|0.704733|0.410418|0.514129|0.703378|0.745697|0.84397|0.315214|0.825877|0.920295|0.79408|0.129355|0.396625|0.876618|0.948873|0.688345|0.624607,0.869523,0.801463,0.117836,0.0993652,0.460468,0.534015,0.0732846,0.487967,0.198257,0.921169,51.6436,5.43263e-12,47756,0.887486,41.1981,1.06086e-12,38445,0.895553,0.876428,0.0878307,0.631141,0.996144,0.511517,0.22039,0.459803,0.228135,0.891603,87.9902,7.64954e-10,30733,0.967162,70.4477,9.04596e-11,52512
24,1196,n1->n13->n14->n96->n20->n18->n70->n87->n86->n76->n30->n31->n29->n11->n9->n10->n8->n12->n6->n33->n35->n34->n32->n66->n68->n58->n85->n65->n64->n49->n51,5.37021e+09|6.60497e+13|3.70261e+10|2.51165e+12|4.0293e+11|7.59179e+12|6.87309e+13|7.3435e+12|3.85304e+10|4.21804e+13|1.26395e+10|4.79342e+12|3.6336e+13|1.78735e+12|1.49139e+12|2.49624e+09|4.61239e+13|9.70597e+10|1.14208e+09|3.64323e+13|5.77859e+11|4.7313e+12|1.78367e+12|1.10072e+10|1.31753e+09|8.16696e+09|2.02447e+09|1.12599e+09|4.21034e+09|2.45005e+09|7.46708e+11,8.19724e+08|8.87204e+12|1.44234e+10|5.36324e+11|1.89646e+11|4.11836e+12|9.78332e+12|2.79916e+12|4.69095e+09|1.15782e+13|1.81012e+09|4.42443e+12|1.77292e+13|3.29521e+11|3.79906e+11|7.32581e+08|1.04208e+13|2.76143e+10|2.20459e+08|6.32377e+12|4.88834e+11|1.15705e+12|1.05491e+12|8.7665e+09|3.10679e+08|6.89506e+09|2.41326e+08|3.2906e+08|1.60867e+09|2.44458e+09|5.06847e+11,0.000494453|0.000787814|3.25754e-05|1.2987e-05|5.21063e-05|2.98936e-05|5.13815e-05|0.000634307|6.21631e-05|1.88608e-05|4.789e-05|0.00024651|0.000125062|5.47786e-05|1.80008e-05|6.27016e-05|6.6054e-05|0.000201974|1.08483e-05|1.50316e-05|0.000412952|0.000140889|0.000179959|0.000237659|0.000223952|0.000266735|2.04325e-05|1.96575e-05|1.88732e-05|1.07426e-05|0.000185382,0.000316017|0.00788063|0.000181646|0.000286765|0.000368678|0.000681499|0.00295865|0.00151267|0.00341054|0.00214239|0.00655588|0.00308746|0.00231296|0.00652494|0.00065196|0.00113469|0.00522046|0.0016732|0.00010157|0.00213059|0.00138752|0.000270551|0.00292552|0.000470269|0.00843573|0.00874893|0.000338175|0.000428116|0.000135861|0.000979027|0.00344885,0.0109342|0.0476737|0.0426128|0.0377902|0.0108696|0.0192976|0.0286141|0.0186268|0.0237043|0.00156873|0.00398508|0.0211034|0.0255931|0.00125292|0.0140743|0.00597815|0.0318744|0.0313381|0.00160082|0.00968695|0.00215298|0.0276207|0.00778345|0.0203827|0.0370095|0.0248478|0.0354515|0.00118659|0.0266797|0.0183567|0.0365406,0.000178506|0.00335145|0.049061|0.0195364|0.0181411|0.0120519|0.0216638|0.00979507|0.0488574|0.0470058|0.0178703|0.0151027|0.00291922|0.0136412|0.033904|0.0245713|0.0483133|0.0470205|0.0260762|0.0280967|0.0375959|0.0210615|0.0161829|0.0146278|0.00589983|0.0481122|0.0266209|0.00176737|0.0436548|0.0388066|0.0130093,0.973537|0.954869|0.906626|0.951762|0.923215|0.946711|0.966653|0.977244|0.981332|0.989289|0.972158|0.943878|0.962742|0.988894|0.963574|0.962416|0.975256|0.937315|0.908628|0.923653|0.952159|0.904866|0.953313|0.978907|0.984554|0.911658|0.940474|0.967717|0.933821|0.969899|0.98883,4.63983|5.26639|0.762282|0.85792|4.79469|4.38273|4.60778|2.33192|4.96971|0.578949|5.42296|4.82496|0.0327787|0.923897|5.88966|1.97158|3.22282|3.07758|5.01633|1.04264|5.24666|4.56594|0.10397|3.10364|5.26958|3.70937|4.91715|4.1126|5.77568|3.94615|4.04415,79.8117|92.5451|54.7186|58.7029|89.2299|55.8812|39.9413|88.9922|37.5994|21.8454|88.6669|70.4589|13.2112|99.0064|65.9961|99.595|81.3396|32.9383|50.0569|93.5115|26.2497|23.0914|27.3217|70.8824|56.905|90.6886|82.5435|56.7563|77.768|10.4661,0.246796|0.191459|0.208433|0.201188|0.247215|0.234874|0.180359|0.246364|0.17745|0.220509|0.215598|0.246199|0.219003|0.201409|0.193896|0.184434|0.186476|0.230728|0.19306|0.242679|0.244194|0.18593|0.199785|0.16183|0.185169|0.194345|0.20461|0.186349|0.165457|0.216931,0.338018|0.161307|0.448351|0.666395|0.652252|0.16843|0.129355|0.83582|0.871942|0.936019|0.123891|0.415176|0.427028|0.439638|0.982181|0.703378|0.379326|0.628307|0.116472|0.487093|0.307851|0.12287|0.769012|0.215539|0.476138|0.45102|0.519435|0.927837|0.348083|0.516407,0.869523,0.801463,0.117836,0.0993652,0.460468,0.534015,0.0732846,0.487967,0.198257,0.921169,51.6436,5.43263e-12,47756,0.887486,41.1981,1.06086e-12,38445,0.895553,0.876428,0.0878307,0.631141,0.996144,0.511517,0.22039,0.459803,0.228135,0.891603,87.9902,7.64954e-10,30733,0.967162,70.4477,9.04596e-11,52512
24,1197,n1->n99->n98->n57->n55->n56->n54->n82->n95->n93->n64->n36->n38->n39->n37->n65->n85->n83->n84->n33->n24->n71->n72->n70->n18->n17->n19->n20->n96->n94->n51,5.37021e+09|1.57108e+10|1.8266e+13|4.14288e+09|8.84081e+12|1.1605e+12|2.80961e+11|1.07979e+13|1.05601e+11|4.22601e+13|4.21034e+09|7.73972e+11|1.16426e+13|3.34792e+13|2.79748e+13|1.12599e+09|2.02447e+09|3.76373e+13|1.07392e+09|3.64323e+13|1.59557e+13|7.70008e+11|6.83442e+09|6.87309e+13|7.59179e+12|1.51096e+11|2.47533e+11|4.0293e+11|2.51165e+12|1.36531e+10|7.46708e+11,8.19724e+08|4.21389e+09|5.99087e+12|2.05006e+09|4.69454e+12|5.65456e+11|2.23178e+11|1.66379e+12|5.46554e+10|1.3774e+13|1.60867e+09|7.77593e+10|1.19258e+12|1.12013e+13|4.96975e+12|3.2906e+08|2.41326e+08|2.34723e+13|9.00899e+08|6.32377e+12|4.06569e+12|1.60546e+11|1.48353e+09|9.78332e+12|4.11836e+12|1.57582e+10|2.33399e+11|1.89646e+11|5.36324e+11|1.67171e+09|5.06847e+11,0.000494453|0.00089026|0.000410965|0.000173612|4.06274e-05|1.7812e-05|1.47667e-05|0.000837919|0.000260968|8.45967e-05|1.88732e-05|0.000426407|1.04425e-05|5.53896e-05|1.06248e-05|1.96575e-05|2.04325e-05|1.86087e-05|2.14473e-05|1.50316e-05|0.000193265|0.00017279|0.000159499|5.13815e-05|2.98936e-05|0.000261059|0.000261527|5.21063e-05|1.2987e-05|2.95455e-05|0.000185382,0.000316017|0.000350126|0.000548485|0.00271581|0.000128431|0.000830638|0.00549128|0.00271152|0.000186877|0.000162335|0.000135861|0.00396778|0.00950649|0.0025393|0.000261291|0.000428116|0.000338175|0.000175452|0.000434313|0.00213059|0.0012727|0.00123164|0.00384342|0.00295865|0.000681499|0.000513001|0.000768065|0.000368678|0.000286765|0.000125263|0.00344885,0.0109342|0.0362414|0.0295222|0.0328142|0.00843704|0.0231698|0.0334079|0.0278433|0.00282907|0.0108045|0.0266797|0.00497013|0.0263713|0.00111942|0.0457563|0.00118659|0.0354515|0.015405|0.0473575|0.00968695|0.0433038|0.0398828|0.0479977|0.0286141|0.0192976|0.0430027|0.0201979|0.0108696|0.0377902|0.00830448|0.0365406,0.000178506|0.0472365|0.0297366|0.0437642|0.0314938|0.0417641|0.00844474|0.0266174|0.0420997|0.0326183|0.0436548|0.0341912|0.00318517|0.0449458|0.0105712|0.00176737|0.0266209|0.038157|0.0366447|0.0280967|0.00780618|0.0326729|0.0299903|0.0216638|0.0120519|0.00442808|0.0291803|0.0181411|0.0195364|0.0293842|0.0130093,0.973537|0.953794|0.959539|0.983348|0.908585|0.944528|0.927525|0.934435|0.966581|0.912097|0.933821|0.94998|0.902547|0.924329|0.964079|0.967717|0.940474|0.947801|0.948551|0.923653|0.90929|0.947193|0.96924|0.966653|0.946711|0.974312|0.941018|0.923215|0.951762|0.927471|0.98883,4.63983|3.07459|2.95405|1.93323|3.37071|2.55597|1.22009|0.132111|1.09944|5.92115|5.77568|3.70656|5.09423|1.19952|4.96174|4.1126|4.91715|4.11052|5.42186|1.04264|3.9732|0.117525|3.90463|4.60778|4.38273|5.11322|1.39448|4.79469|0.85792|5.03384|4.04415,66.2586|58.4557|98.2355|61.5999|95.3312|42.6814|41.1455|75.699|24.941|32.5899|43.8659|61.2725|52.0957|31.554|13.4252|82.5435|92.2019|20.1884|59.7094|98.0873|44.1502|45.8448|97.4405|55.8812|43.2583|10.3361|86.2435|58.7029|71.0086|11.2844,0.180129|0.227784|0.190047|0.220389|0.167906|0.167734|0.242874|0.21275|0.237661|0.178102|0.241695|0.204351|0.199024|0.195005|0.230756|0.20461|0.231254|0.246081|0.183728|0.239791|0.204574|0.218487|0.180102|0.234874|0.218822|0.172286|0.182991|0.201188|0.230021|0.200895,0.323551|0.686264|0.757428|0.549818|0.402595|0.927159|0.378494|0.837867|0.985064|0.548301|0.590576|0.413834|0.46236|0.711047|0.986996|0.519435|0.604504|0.599197|0.218166|0.939209|0.45026|0.29317|0.79408|0.16843|0.981182|0.559133|0.182796|0.666395|0.131268|0.836539,0.869523,0.801463,0.117836,0.0993652,0.460468,0.534015,0.0732846,0.487967,0.198257,0.921169,51.6436,5.43263e-12,47756,0.887486,41.1981,1.06086e-12,38445,0.895553,0.876428,0.0878307,0.631141,0.996144,0.511517,0.22039,0.459803,0.228135,0.891603,87.9902,7.64954e-10,30733,0.967162,70.4477,9.04596e-11,52512
24,1198,n1->n20->n89->n48->n46->n62->n60->n59->n50->n29->n30->n76->n75->n73->n54->n53->n55->n56->n84->n83->n85->n78->n44->n45->n47->n49->n64->n93->n92->n94->n51,5.37021e+09|4.0293e+11|2.68119e+11|3.98001e+12|5.53417e+12|2.37342e+11|8.79841e+13|3.04563e+11|2.36425e+09|3.6336e+13|1.26395e+10|4.21804e+13|8.71921e+10|1.41706e+11|2.80961e+11|4.60474e+10|8.84081e+12|1.1605e+12|1.07392e+09|3.76373e+13|2.02447e+09|3.25238e+10|5.26537e+13|8.38488e+13|4.74236e+11|2.45005e+09|4.21034e+09|4.22601e+13|1.97334e+09|1.36531e+10|7.46708e+11,8.19724e+08|1.89646e+11|9.23423e+10|1.69514e+12|1.63629e+12|1.13053e+11|5.95756e+13|3.06423e+10|4.07889e+08|1.77292e+13|1.81012e+09|1.15782e+13|5.29113e+10|5.76853e+10|2.23178e+11|3.18273e+10|4.69454e+12|5.65456e+11|9.00899e+08|2.34723e+13|2.41326e+08|2.30731e+10|2.86817e+13|1.01787e+13|1.54765e+11|2.44458e+09|1.60867e+09|1.3774e+13|1.46451e+09|1.67171e+09|5.06847e+11,0.000494453|5.21063e-05|3.55201e-05|4.78153e-05|0.000489732|8.24006e-05|0.000731749|2.43107e-05|1.54283e-05|0.000125062|4.789e-05|1.88608e-05|0.000766915|6.32916e-05|1.47667e-05|2.00633e-05|4.06274e-05|1.7812e-05|2.14473e-05|1.86087e-05|2.04325e-05|0.000270955|0.000124649|1.67225e-05|0.000202873|1.07426e-05|1.88732e-05|8.45967e-05|2.75832e-05|2.95455e-05|0.000185382,0.000316017|0.000368678|0.000111435|0.00544009|0.000159088|0.00794111|0.000248463|0.000202742|0.00907722|0.00231296|0.00655588|0.00214239|0.000203965|0.000807753|0.00549128|0.000509085|0.000128431|0.000830638|0.000434313|0.000175452|0.000338175|0.00167497|0.00158999|0.000742576|0.000266598|0.000979027|0.000135861|0.000162335|0.0052688|0.000125263|0.00344885,0.0109342|0.0108696|0.0107812|0.0455031|0.029055|0.0242596|0.0128442|0.00304046|0.00638914|0.0255931|0.00398508|0.00156873|0.0243876|0.0455502|0.0334079|5.21659e-05|0.00843704|0.0231698|0.0473575|0.015405|0.0354515|0.00569443|0.0486405|0.00846218|0.00898217|0.0183567|0.0266797|0.0108045|0.0444618|0.00830448|0.0365406,0.000178506|0.0181411|0.0401575|0.0360942|0.0302566|0.0480911|0.0431033|0.0474075|0.0483596|0.00291922|0.0178703|0.0470058|0.0250863|0.028193|0.00844474|0.00115664|0.0314938|0.0417641|0.0366447|0.038157|0.0266209|0.0425349|0.00764508|0.0342415|0.0488958|0.0388066|0.0436548|0.0326183|0.0387741|0.0293842|0.0130093,0.973537|0.923215|0.926416|0.967439|0.923372|0.98053|0.945549|0.99171|0.910708|0.962742|0.972158|0.989289|0.936129|0.909539|0.927525|0.913872|0.908585|0.944528|0.948551|0.947801|0.940474|0.92832|0.932977|0.934264|0.9108|0.969899|0.933821|0.912097|0.987763|0.927471|0.98883,4.63983|4.79469|0.0868458|3.09858|0.31178|5.59786|4.50487|5.60303|5.41755|0.0327787|5.42296|0.578949|3.39264|3.29092|1.22009|0.640024|3.37071|2.55597|5.42186|4.11052|4.91715|3.3614|2.64532|5.31688|6.27947|3.94615|5.77568|5.92115|6.03913|5.03384|4.04415,90.7492|18.2346|94.0077|41.9872|56.7189|48.3985|76.8491|47.7013|37.0378|29.3504|21.8454|63.5216|85.6152|26.1465|75.3264|30.3781|95.3312|34.4372|20.1884|92.2019|67.1704|88.5528|57.1366|40.979|91.8261|77.768|32.5899|61.035|13.5087|11.2844,0.215706|0.231355|0.234363|0.178665|0.167864|0.17162|0.204072|0.170229|0.191256|0.179657|0.220509|0.207806|0.185893|0.196311|0.191357|0.207992|0.167906|0.222961|0.246081|0.231254|0.184721|0.200088|0.235241|0.216949|0.228404|0.165457|0.178102|0.21409|0.230182|0.200895,0.53635|0.595303|0.948873|0.182289|0.624525|0.641887|0.509755|0.776444|0.182586|0.887943|0.936019|0.844544|0.624191|0.754315|0.567841|0.646488|0.402595|0.762891|0.599197|0.604504|0.609732|0.134865|0.218954|0.317946|0.133861|0.348083|0.548301|0.722832|0.731663|0.836539,0.869523,0.801463,0.117836,0.0993652,0.460468,0.534015,0.0732846,0.487967,0.198257,0.921169,51.6436,5.43263e-12,47756,0.887486,41.1981,1.06086e-12,38445,0.895553,0.876428,0.0878307,0.631141,0.996144,0.511517,0.22039,0.459803,0.228135,0.891603,87.9902,7.64954e-10,30733,0.967162,70.4477,9.04596e-11,52512
24,1199,n1->n13->n12->n8->n7->n5->n3->n69->n76->n75->n73->n54->n40->n42->n63->n10->n9->n11->n29->n27->n4->n2->n100->n90->n89->n48->n46->n62->n64->n49->n51,5.37021e+09|6.60497e+13|9.70597e+10|4.61239e+13|3.81012e+11|2.91995e+11|2.78751e+13|8.81277e+09|4.21804e+13|8.71921e+10|1.41706e+11|2.80961e+11|3.58065e+10|2.42905e+09|6.55204e+12|2.49624e+09|1.49139e+12|1.78735e+12|3.6336e+13|4.19351e+12|7.07339e+12|5.94248e+10|4.01966e+09|1.33273e+11|2.68119e+11|3.98001e+12|5.53417e+12|2.37342e+11|4.21034e+09|2.45005e+09|7.46708e+11,8.19724e+08|8.87204e+12|2.76143e+10|1.04208e+13|6.70334e+10|4.67133e+10|1.44762e+13|7.57626e+09|1.15782e+13|5.29113e+10|5.76853e+10|2.23178e+11|4.14657e+09|2.47264e+08|2.63574e+12|7.32581e+08|3.79906e+11|3.29521e+11|1.77292e+13|8.73344e+11|2.43435e+12|3.74975e+10|2.27749e+09|6.41526e+10|9.23423e+10|1.69514e+12|1.63629e+12|1.13053e+11|1.60867e+09|2.44458e+09|5.06847e+11,0.000494453|0.000787814|0.000201974|6.6054e-05|0.000475679|7.03031e-05|0.00022361|0.000268039|1.88608e-05|0.000766915|6.32916e-05|1.47667e-05|6.01341e-05|8.79758e-05|0.000116235|6.27016e-05|1.80008e-05|5.47786e-05|0.000125062|1.08528e-05|0.000113681|1.10648e-05|0.000665246|0.000319756|3.55201e-05|4.78153e-05|0.000489732|8.24006e-05|1.88732e-05|1.07426e-05|0.000185382,0.000316017|0.00788063|0.0016732|0.00522046|0.00104538|0.000196916|0.00776667|0.00367819|0.00214239|0.000203965|0.000807753|0.00549128|0.00268841|0.000493531|0.00126856|0.00113469|0.00065196|0.00652494|0.00231296|0.00262605|0.00198341|0.00120557|0.00914892|0.000672662|0.000111435|0.00544009|0.000159088|0.00794111|0.000135861|0.000979027|0.00344885,0.0109342|0.0476737|0.0313381|0.0318744|0.01754|0.00731162|0.0268705|0.022957|0.00156873|0.0243876|0.0455502|0.0334079|0.0249103|0.00783732|0.0100727|0.00597815|0.0140743|0.00125292|0.0255931|0.0303206|0.0350273|0.00369149|0.0100829|0.0285929|0.0107812|0.0455031|0.029055|0.0242596|0.0266797|0.0183567|0.0365406,0.000178506|0.00335145|0.0470205|0.0483133|0.0283975|0.0421608|0.0326941|0.0100342|0.0470058|0.0250863|0.028193|0.00844474|0.033399|0.0327962|0.0107197|0.0245713|0.033904|0.0136412|0.00291922|0.0230682|0.0273051|0.0127317|0.0460028|0.0372754|0.0401575|0.0360942|0.0302566|0.0480911|0.0436548|0.0388066|0.0130093,0.973537|0.954869|0.937315|0.975256|0.963898|0.951514|0.982466|0.975915|0.989289|0.936129|0.909539|0.927525|0.920308|0.960936|0.903245|0.962416|0.963574|0.988894|0.962742|0.985376|0.917619|0.968894|0.935175|0.984478|0.926416|0.967439|0.923372|0.98053|0.933821|0.969899|0.98883,4.63983|5.26639|3.07758|3.22282|3.51107|4.90362|4.79844|2.99986|0.578949|3.39264|3.29092|1.22009|2.50002|0.765875|4.68449|1.97158|5.88966|0.923897|0.0327787|4.5695|1.56082|4.74216|3.89025|4.02061|0.0868458|3.09858|0.31178|5.59786|5.77568|3.94615|4.04415,79.8117|56.34|81.3396|55.4093|37.2729|10.4739|83.9106|66.666|63.5216|85.6152|26.1465|12.2677|77.6192|97.0433|65.1286|65.9961|99.0064|13.2112|49.6282|52.1141|30.2686|37.015|32.7492|12.726|94.0077|41.9872|56.7189|93.0484|77.768|10.4661,0.246796|0.206669|0.186476|0.230451|0.176784|0.163561|0.204476|0.212271|0.207806|0.185893|0.196311|0.248162|0.243521|0.211509|0.203746|0.193896|0.201409|0.219003|0.180772|0.184605|0.239023|0.17211|0.191207|0.226099|0.234363|0.178665|0.167864|0.176232|0.165457|0.216931,0.338018|0.285239|0.379326|0.745697|0.943162|0.469027|0.65353|0.890059|0.844544|0.624191|0.754315|0.812759|0.14346|0.758395|0.514129|0.982181|0.439638|0.427028|0.511755|0.200735|0.514427|0.315214|0.878161|0.757755|0.948873|0.182289|0.624525|0.182879|0.348083|0.516407,0.869523,0.801463,0.117836,0.0993652,0.460468,0.534015,0.0732846,0.487967,0.198257,0.921169,51.6436,5.43263e-12,47756,0.887486,41.1981,1.06086e-12,38445,0.895553,0.876428,0.0878307,0.631141,0.996144,0.511517,0.22039,0.459803,0.228135,0.891603,87.9902,7.64954e-10,30733,0.967162,70.4477,9.04596e-11,52512
24,1200,n1->n20->n21->n22->n74->n75->n14->n13->n11->n9->n7->n5->n65->n85->n17->n18->n19->n68->n66->n32->n33->n24->n71->n73->n72->n70->n69->n28->n29->n50->n51,5.37021e+09|4.0293e+11|1.56161e+12|1.47e+10|5.8385e+13|8.71921e+10|3.70261e+10|6.60497e+13|1.78735e+12|1.49139e+12|3.81012e+11|2.91995e+11|1.12599e+09|2.02447e+09|1.51096e+11|7.59179e+12|2.47533e+11|1.31753e+09|1.10072e+10|1.78367e+12|3.64323e+13|1.59557e+13|7.70008e+11|1.41706e+11|6.83442e+09|6.87309e+13|8.81277e+09|1.34247e+11|3.6336e+13|2.36425e+09|7.46708e+11,8.19724e+08|1.89646e+11|3.02345e+11|9.51029e+09|7.35096e+12|5.29113e+10|1.44234e+10|8.87204e+12|3.29521e+11|3.79906e+11|6.70334e+10|4.67133e+10|3.2906e+08|2.41326e+08|1.57582e+10|4.11836e+12|2.33399e+11|3.10679e+08|8.7665e+09|1.05491e+12|6.32377e+12|4.06569e+12|1.60546e+11|5.76853e+10|1.48353e+09|9.78332e+12|7.57626e+09|1.51805e+10|1.77292e+13|4.07889e+08|5.06847e+11,0.000494453|5.21063e-05|0.00096308|1.77434e-05|0.000875739|0.000766915|3.25754e-05|0.000787814|5.47786e-05|1.80008e-05|0.000475679|7.03031e-05|1.96575e-05|2.04325e-05|0.000261059|2.98936e-05|0.000261527|0.000223952|0.000237659|0.000179959|1.50316e-05|0.000193265|0.00017279|6.32916e-05|0.000159499|5.13815e-05|0.000268039|0.00056516|0.000125062|1.54283e-05|0.000185382,0.000316017|0.000368678|0.00195589|0.0006856|0.00944671|0.000203965|0.000181646|0.00788063|0.00652494|0.00065196|0.00104538|0.000196916|0.000428116|0.000338175|0.000513001|0.000681499|0.000768065|0.00843573|0.000470269|0.00292552|0.00213059|0.0012727|0.00123164|0.000807753|0.00384342|0.00295865|0.00367819|0.0093172|0.00231296|0.00907722|0.00344885,0.0109342|0.0108696|0.00712365|0.0408661|0.0280357|0.0243876|0.0426128|0.0476737|0.00125292|0.0140743|0.01754|0.00731162|0.00118659|0.0354515|0.0430027|0.0192976|0.0201979|0.0370095|0.0203827|0.00778345|0.00968695|0.0433038|0.0398828|0.0455502|0.0479977|0.0286141|0.022957|0.0317261|0.0255931|0.00638914|0.0365406,0.000178506|0.0181411|0.0414669|0.040072|0.0166219|0.0250863|0.049061|0.00335145|0.0136412|0.033904|0.0283975|0.0421608|0.00176737|0.0266209|0.00442808|0.0120519|0.0291803|0.00589983|0.0146278|0.0161829|0.0280967|0.00780618|0.0326729|0.028193|0.0299903|0.0216638|0.0100342|0.03841|0.00291922|0.0483596|0.0130093,0.973537|0.923215|0.971602|0.95984|0.90082|0.936129|0.906626|0.954869|0.988894|0.963574|0.963898|0.951514|0.967717|0.940474|0.974312|0.946711|0.941018|0.984554|0.978907|0.953313|0.923653|0.90929|0.947193|0.909539|0.96924|0.966653|0.975915|0.948072|0.962742|0.910708|0.98883,4.63983|4.79469|3.14177|0.048646|0.0974208|3.39264|0.762282|5.26639|0.923897|5.88966|3.51107|4.90362|4.1126|4.91715|5.11322|4.38273|1.39448|5.26958|3.10364|0.10397|1.04264|3.9732|0.117525|3.29092|3.90463|4.60778|2.99986|1.48687|0.0327787|5.41755|4.04415,90.7492|76.7594|55.6995|63.8366|64.3401|56.2706|92.5451|13.9548|99.0064|59.8148|37.2729|35.0583|82.5435|84.7043|43.2583|34.0839|67.5745|70.8824|27.3217|61.2747|98.0873|44.1502|28.2621|29.1617|97.4405|74.5377|97.1045|18.7034|37.0378|82.9474,0.215706|0.218425|0.206062|0.241428|0.220369|0.226178|0.191459|0.189728|0.201409|0.18359|0.176784|0.209201|0.20461|0.225161|0.218822|0.248409|0.2055|0.16183|0.199785|0.208144|0.239791|0.204574|0.242769|0.178937|0.180102|0.172691|0.207556|0.249902|0.191256|0.24308,0.53635|0.515127|0.677391|0.480684|0.119032|0.725021|0.161307|0.801183|0.439638|0.339058|0.943162|0.297185|0.519435|0.880608|0.981182|0.983209|0.968257|0.215539|0.769012|0.704271|0.939209|0.45026|0.940077|0.920295|0.79408|0.416585|0.438091|0.259002|0.182586|0.624607,0.869523,0.801463,0.117836,0.0993652,0.460468,0.534015,0.0732846,0.487967,0.198257,0.921169,51.6436,5.43263e-12,47756,0.887486,41.1981,1.06086e-12,38445,0.895553,0.876428,0.0878307,0.631141,0.996144,0.511517,0.22039,0.459803,0.228135,0.891603,87.9902,7.64954e-10,30733,0.967162,70.4477,9.04596e-11,52512
24,1201,n1->n13->n12->n6->n33->n24->n23->n21->n20->n18->n16->n38->n37->n81->n83->n84->n56->n90->n100->n2->n4->n27->n25->n26->n47->n48->n46->n62->n60->n50->n51,5.37021e+09|6.60497e+13|9.70597e+10|1.14208e+09|3.64323e+13|1.59557e+13|4.63033e+10|1.56161e+12|4.0293e+11|7.59179e+12|1.09193e+13|1.16426e+13|2.79748e+13|2.58887e+10|3.76373e+13|1.07392e+09|1.1605e+12|1.33273e+11|4.01966e+09|5.94248e+10|7.07339e+12|4.19351e+12|1.67189e+13|7.09351e+09|4.74236e+11|3.98001e+12|5.53417e+12|2.37342e+11|8.79841e+13|2.36425e+09|7.46708e+11,8.19724e+08|8.87204e+12|2.76143e+10|2.20459e+08|6.32377e+12|4.06569e+12|3.30225e+10|3.02345e+11|1.89646e+11|4.11836e+12|1.33827e+12|1.19258e+12|4.96975e+12|8.36206e+09|2.34723e+13|9.00899e+08|5.65456e+11|6.41526e+10|2.27749e+09|3.74975e+10|2.43435e+12|8.73344e+11|1.40059e+13|1.31666e+09|1.54765e+11|1.69514e+12|1.63629e+12|1.13053e+11|5.95756e+13|4.07889e+08|5.06847e+11,0.000494453|0.000787814|0.000201974|1.08483e-05|1.50316e-05|0.000193265|0.000277161|0.00096308|5.21063e-05|2.98936e-05|3.71682e-05|1.04425e-05|1.06248e-05|0.000268232|1.86087e-05|2.14473e-05|1.7812e-05|0.000319756|0.000665246|1.10648e-05|0.000113681|1.08528e-05|6.30741e-05|3.77967e-05|0.000202873|4.78153e-05|0.000489732|8.24006e-05|0.000731749|1.54283e-05|0.000185382,0.000316017|0.00788063|0.0016732|0.00010157|0.00213059|0.0012727|0.00418014|0.00195589|0.000368678|0.000681499|0.00174713|0.00950649|0.000261291|0.000752991|0.000175452|0.000434313|0.000830638|0.000672662|0.00914892|0.00120557|0.00198341|0.00262605|0.00294926|0.00522178|0.000266598|0.00544009|0.000159088|0.00794111|0.000248463|0.00907722|0.00344885,0.0109342|0.0476737|0.0313381|0.00160082|0.00968695|0.0433038|0.00314906|0.00712365|0.0108696|0.0192976|0.0123696|0.0263713|0.0457563|0.0481357|0.015405|0.0473575|0.0231698|0.0285929|0.0100829|0.00369149|0.0350273|0.0303206|0.0195393|0.0101688|0.00898217|0.0455031|0.029055|0.0242596|0.0128442|0.00638914|0.0365406,0.000178506|0.00335145|0.0470205|0.0260762|0.0280967|0.00780618|0.0470385|0.0414669|0.0181411|0.0120519|0.0240438|0.00318517|0.0105712|0.00997263|0.038157|0.0366447|0.0417641|0.0372754|0.0460028|0.0127317|0.0273051|0.0230682|0.0159438|0.0409649|0.0488958|0.0360942|0.0302566|0.0480911|0.0431033|0.0483596|0.0130093,0.973537|0.954869|0.937315|0.908628|0.923653|0.90929|0.92176|0.971602|0.923215|0.946711|0.979533|0.902547|0.964079|0.948836|0.947801|0.948551|0.944528|0.984478|0.935175|0.968894|0.917619|0.985376|0.9023|0.981638|0.9108|0.967439|0.923372|0.98053|0.945549|0.910708|0.98883,4.63983|5.26639|3.07758|5.01633|1.04264|3.9732|2.08786|3.14177|4.79469|4.38273|1.69436|5.09423|4.96174|1.5908|4.11052|5.42186|2.55597|4.02061|3.89025|4.74216|1.56082|4.5695|1.57149|2.91399|6.27947|3.09858|0.31178|5.59786|4.50487|5.41755|4.04415,79.8117|56.34|32.9383|50.0569|98.0873|44.8869|88.4205|76.7594|89.2299|72.2829|28.0546|46.986|88.8597|78.7627|20.1884|34.4372|40.6061|32.7492|37.015|30.2686|52.1141|64.4551|63.0993|70.8805|78.8723|41.9872|56.7189|48.3985|22.3088|82.9474,0.246796|0.206669|0.230728|0.19306|0.239791|0.161116|0.232237|0.218425|0.247215|0.180241|0.17367|0.170599|0.211898|0.170031|0.246081|0.222961|0.166746|0.191207|0.17211|0.239023|0.184605|0.242248|0.228799|0.189485|0.239998|0.178665|0.167864|0.17162|0.190841|0.24308,0.338018|0.285239|0.628307|0.116472|0.939209|0.528582|0.516177|0.515127|0.652252|0.553025|0.828443|0.662799|0.430076|0.530775|0.599197|0.762891|0.163177|0.878161|0.315214|0.514427|0.200735|0.837222|0.359402|0.757042|0.300482|0.182289|0.624525|0.641887|0.323935|0.624607,0.869523,0.801463,0.117836,0.0993652,0.460468,0.534015,0.0732846,0.487967,0.198257,0.921169,51.6436,5.43263e-12,47756,0.887486,41.1981,1.06086e-12,38445,0.895553,0.876428,0.0878307,0.631141,0.996144,0.511517,0.22039,0.459803,0.228135,0.891603,87.9902,7.64954e-10,30733,0.967162,70.4477,9.04596e-11,52512
24,1202,n1->n13->n11->n29->n27->n4->n75->n74->n76->n78->n85->n65->n37->n39->n41->n44->n43->n45->n72->n73->n10->n8->n12->n14->n96->n94->n92->n93->n64->n49->n51,5.37021e+09|6.60497e+13|1.78735e+12|3.6336e+13|4.19351e+12|7.07339e+12|8.71921e+10|5.8385e+13|4.21804e+13|3.25238e+10|2.02447e+09|1.12599e+09|2.79748e+13|3.34792e+13|3.95737e+11|5.26537e+13|1.40931e+10|8.38488e+13|6.83442e+09|1.41706e+11|2.49624e+09|4.61239e+13|9.70597e+10|3.70261e+10|2.51165e+12|1.36531e+10|1.97334e+09|4.22601e+13|4.21034e+09|2.45005e+09|7.46708e+11,8.19724e+08|8.87204e+12|3.29521e+11|1.77292e+13|8.73344e+11|2.43435e+12|5.29113e+10|7.35096e+12|1.15782e+13|2.30731e+10|2.41326e+08|3.2906e+08|4.96975e+12|1.12013e+13|1.47899e+11|2.86817e+13|3.26577e+09|1.01787e+13|1.48353e+09|5.76853e+10|7.32581e+08|1.04208e+13|2.76143e+10|1.44234e+10|5.36324e+11|1.67171e+09|1.46451e+09|1.3774e+13|1.60867e+09|2.44458e+09|5.06847e+11,0.000494453|0.000787814|5.47786e-05|0.000125062|1.08528e-05|0.000113681|0.000766915|0.000875739|1.88608e-05|0.000270955|2.04325e-05|1.96575e-05|1.06248e-05|5.53896e-05|2.35935e-05|0.000124649|0.000955168|1.67225e-05|0.000159499|6.32916e-05|6.27016e-05|6.6054e-05|0.000201974|3.25754e-05|1.2987e-05|2.95455e-05|2.75832e-05|8.45967e-05|1.88732e-05|1.07426e-05|0.000185382,0.000316017|0.00788063|0.00652494|0.00231296|0.00262605|0.00198341|0.000203965|0.00944671|0.00214239|0.00167497|0.000338175|0.000428116|0.000261291|0.0025393|0.00412419|0.00158999|0.00344494|0.000742576|0.00384342|0.000807753|0.00113469|0.00522046|0.0016732|0.000181646|0.000286765|0.000125263|0.0052688|0.000162335|0.000135861|0.000979027|0.00344885,0.0109342|0.0476737|0.00125292|0.0255931|0.0303206|0.0350273|0.0243876|0.0280357|0.00156873|0.00569443|0.0354515|0.00118659|0.0457563|0.00111942|0.00451081|0.0486405|0.0168583|0.00846218|0.0479977|0.0455502|0.00597815|0.0318744|0.0313381|0.0426128|0.0377902|0.00830448|0.0444618|0.0108045|0.0266797|0.0183567|0.0365406,0.000178506|0.00335145|0.0136412|0.00291922|0.0230682|0.0273051|0.0250863|0.0166219|0.0470058|0.0425349|0.0266209|0.00176737|0.0105712|0.0449458|0.00491436|0.00764508|0.0482719|0.0342415|0.0299903|0.028193|0.0245713|0.0483133|0.0470205|0.049061|0.0195364|0.0293842|0.0387741|0.0326183|0.0436548|0.0388066|0.0130093,0.973537|0.954869|0.988894|0.962742|0.985376|0.917619|0.936129|0.90082|0.989289|0.92832|0.940474|0.967717|0.964079|0.924329|0.923722|0.932977|0.943219|0.934264|0.96924|0.909539|0.962416|0.975256|0.937315|0.906626|0.951762|0.927471|0.987763|0.912097|0.933821|0.969899|0.98883,4.63983|5.26639|0.923897|0.0327787|4.5695|1.56082|3.39264|0.0974208|0.578949|3.3614|4.91715|4.1126|4.96174|1.19952|4.11092|2.64532|2.3897|5.31688|3.90463|3.29092|1.97158|3.22282|3.07758|0.762282|0.85792|5.03384|6.03913|5.92115|5.77568|3.94615|4.04415,79.8117|13.9548|13.2112|49.6282|52.1141|81.7362|64.3401|53.1277|69.3348|67.1704|82.5435|13.4252|31.554|38.9947|12.7315|69.1985|48.5398|63.1262|29.1617|29.3778|99.595|81.3396|51.9585|54.7186|71.0086|13.5087|61.035|32.5899|77.768|10.4661,0.246796|0.189728|0.219003|0.180772|0.184605|0.218556|0.220369|0.181342|0.194827|0.184721|0.20461|0.230756|0.195005|0.18226|0.246433|0.210513|0.218428|0.243732|0.178937|0.202302|0.184434|0.186476|0.222459|0.208433|0.230021|0.230182|0.21409|0.178102|0.165457|0.216931,0.338018|0.801183|0.427028|0.511755|0.200735|0.847503|0.119032|0.519715|0.93416|0.609732|0.519435|0.986996|0.711047|0.988985|0.665882|0.374145|0.854577|0.65643|0.920295|0.747283|0.703378|0.379326|0.326911|0.448351|0.131268|0.731663|0.722832|0.548301|0.348083|0.516407,0.869523,0.801463,0.117836,0.0993652,0.460468,0.534015,0.0732846,0.487967,0.198257,0.921169,51.6436,5.43263e-12,47756,0.887486,41.1981,1.06086e-12,38445,0.895553,0.876428,0.0878307,0.631141,0.996144,0.511517,0.22039,0.459803,0.228135,0.891603,87.9902,7.64954e-10,30733,0.967162,70.4477,9.04596e-11,52512
24,1203,n1->n99->n97->n96->n20->n21->n23->n83->n85->n58->n68->n66->n32->n31->n33->n6->n12->n14->n75->n73->n100->n2->n4->n27->n28->n69->n3->n5->n65->n52->n51,5.37021e+09|1.57108e+10|2.90604e+09|2.51165e+12|4.0293e+11|1.56161e+12|4.63033e+10|3.76373e+13|2.02447e+09|8.16696e+09|1.31753e+09|1.10072e+10|1.78367e+12|4.79342e+12|3.64323e+13|1.14208e+09|9.70597e+10|3.70261e+10|8.71921e+10|1.41706e+11|4.01966e+09|5.94248e+10|7.07339e+12|4.19351e+12|1.34247e+11|8.81277e+09|2.78751e+13|2.91995e+11|1.12599e+09|1.02428e+10|7.46708e+11,8.19724e+08|4.21389e+09|5.04144e+08|5.36324e+11|1.89646e+11|3.02345e+11|3.30225e+10|2.34723e+13|2.41326e+08|6.89506e+09|3.10679e+08|8.7665e+09|1.05491e+12|4.42443e+12|6.32377e+12|2.20459e+08|2.76143e+10|1.44234e+10|5.29113e+10|5.76853e+10|2.27749e+09|3.74975e+10|2.43435e+12|8.73344e+11|1.51805e+10|7.57626e+09|1.44762e+13|4.67133e+10|3.2906e+08|2.07235e+09|5.06847e+11,0.000494453|0.00089026|8.81202e-05|1.2987e-05|5.21063e-05|0.00096308|0.000277161|1.86087e-05|2.04325e-05|0.000266735|0.000223952|0.000237659|0.000179959|0.00024651|1.50316e-05|1.08483e-05|0.000201974|3.25754e-05|0.000766915|6.32916e-05|0.000665246|1.10648e-05|0.000113681|1.08528e-05|0.00056516|0.000268039|0.00022361|7.03031e-05|1.96575e-05|0.00011644|0.000185382,0.000316017|0.000350126|0.00494291|0.000286765|0.000368678|0.00195589|0.00418014|0.000175452|0.000338175|0.00874893|0.00843573|0.000470269|0.00292552|0.00308746|0.00213059|0.00010157|0.0016732|0.000181646|0.000203965|0.000807753|0.00914892|0.00120557|0.00198341|0.00262605|0.0093172|0.00367819|0.00776667|0.000196916|0.000428116|0.00580301|0.00344885,0.0109342|0.0362414|0.0381696|0.0377902|0.0108696|0.00712365|0.00314906|0.015405|0.0354515|0.0248478|0.0370095|0.0203827|0.00778345|0.0211034|0.00968695|0.00160082|0.0313381|0.0426128|0.0243876|0.0455502|0.0100829|0.00369149|0.0350273|0.0303206|0.0317261|0.022957|0.0268705|0.00731162|0.00118659|0.0398377|0.0365406,0.000178506|0.0472365|0.00800322|0.0195364|0.0181411|0.0414669|0.0470385|0.038157|0.0266209|0.0481122|0.00589983|0.0146278|0.0161829|0.0151027|0.0280967|0.0260762|0.0470205|0.049061|0.0250863|0.028193|0.0460028|0.0127317|0.0273051|0.0230682|0.03841|0.0100342|0.0326941|0.0421608|0.00176737|0.0151024|0.0130093,0.973537|0.953794|0.90679|0.951762|0.923215|0.971602|0.92176|0.947801|0.940474|0.911658|0.984554|0.978907|0.953313|0.943878|0.923653|0.908628|0.937315|0.906626|0.936129|0.909539|0.935175|0.968894|0.917619|0.985376|0.948072|0.975915|0.982466|0.951514|0.967717|0.965406|0.98883,4.63983|3.07459|1.41691|0.85792|4.79469|3.14177|2.08786|4.11052|4.91715|3.70937|5.26958|3.10364|0.10397|4.82496|1.04264|5.01633|3.07758|0.762282|3.39264|3.29092|3.89025|4.74216|1.56082|4.5695|1.48687|2.99986|4.79844|4.90362|4.1126|0.0104102|4.04415,66.2586|94.4507|37.9513|58.7029|76.7594|88.4205|23.518|92.2019|90.6886|56.905|70.8824|27.3217|86.0567|95.0453|50.0569|32.9383|51.9585|56.2706|85.6152|20.1165|37.015|30.2686|52.1141|23.5709|97.1045|83.9106|10.4739|35.0583|56.1703|83.3731,0.180129|0.168303|0.246589|0.201188|0.218425|0.232237|0.181099|0.231254|0.194345|0.185169|0.16183|0.199785|0.16799|0.234751|0.19306|0.230728|0.222459|0.226178|0.185893|0.175955|0.17211|0.239023|0.184605|0.207151|0.207556|0.204476|0.163561|0.209201|0.247907|0.197114,0.323551|0.263233|0.157157|0.666395|0.515127|0.516177|0.741177|0.604504|0.45102|0.476138|0.215539|0.769012|0.799966|0.258586|0.116472|0.628307|0.326911|0.725021|0.624191|0.825877|0.315214|0.514427|0.200735|0.340196|0.438091|0.65353|0.469027|0.297185|0.827328|0.942894,0.869523,0.801463,0.117836,0.0993652,0.460468,0.534015,0.0732846,0.487967,0.198257,0.921169,51.6436,5.43263e-12,47756,0.887486,41.1981,1.06086e-12,38445,0.895553,0.876428,0.0878307,0.631141,0.996144,0.511517,0.22039,0.459803,0.228135,0.891603,87.9902,7.64954e-10,30733,0.967162,70.4477,9.04596e-11,52512
24,1204,n1->n99->n97->n27->n25->n26->n24->n33->n6->n12->n14->n96->n94->n92->n91->n93->n77->n72->n45->n47->n46->n48->n89->n88->n87->n86->n76->n30->n29->n50->n51,5.37021e+09|1.57108e+10|2.90604e+09|4.19351e+12|1.67189e+13|7.09351e+09|1.59557e+13|3.64323e+13|1.14208e+09|9.70597e+10|3.70261e+10|2.51165e+12|1.36531e+10|1.97334e+09|2.84652e+12|4.22601e+13|5.68112e+11|6.83442e+09|8.38488e+13|4.74236e+11|5.53417e+12|3.98001e+12|2.68119e+11|9.00567e+12|7.3435e+12|3.85304e+10|4.21804e+13|1.26395e+10|3.6336e+13|2.36425e+09|7.46708e+11,8.19724e+08|4.21389e+09|5.04144e+08|8.73344e+11|1.40059e+13|1.31666e+09|4.06569e+12|6.32377e+12|2.20459e+08|2.76143e+10|1.44234e+10|5.36324e+11|1.67171e+09|1.46451e+09|3.57264e+11|1.3774e+13|3.56307e+11|1.48353e+09|1.01787e+13|1.54765e+11|1.63629e+12|1.69514e+12|9.23423e+10|8.66002e+12|2.79916e+12|4.69095e+09|1.15782e+13|1.81012e+09|1.77292e+13|4.07889e+08|5.06847e+11,0.000494453|0.00089026|8.81202e-05|1.08528e-05|6.30741e-05|3.77967e-05|0.000193265|1.50316e-05|1.08483e-05|0.000201974|3.25754e-05|1.2987e-05|2.95455e-05|2.75832e-05|6.93267e-05|8.45967e-05|8.49487e-05|0.000159499|1.67225e-05|0.000202873|0.000489732|4.78153e-05|3.55201e-05|6.2721e-05|0.000634307|6.21631e-05|1.88608e-05|4.789e-05|0.000125062|1.54283e-05|0.000185382,0.000316017|0.000350126|0.00494291|0.00262605|0.00294926|0.00522178|0.0012727|0.00213059|0.00010157|0.0016732|0.000181646|0.000286765|0.000125263|0.0052688|0.00599677|0.000162335|0.000906866|0.00384342|0.000742576|0.000266598|0.000159088|0.00544009|0.000111435|0.000480267|0.00151267|0.00341054|0.00214239|0.00655588|0.00231296|0.00907722|0.00344885,0.0109342|0.0362414|0.0381696|0.0303206|0.0195393|0.0101688|0.0433038|0.00968695|0.00160082|0.0313381|0.0426128|0.0377902|0.00830448|0.0444618|0.008036|0.0108045|0.04851|0.0479977|0.00846218|0.00898217|0.029055|0.0455031|0.0107812|0.00850464|0.0186268|0.0237043|0.00156873|0.00398508|0.0255931|0.00638914|0.0365406,0.000178506|0.0472365|0.00800322|0.0230682|0.0159438|0.0409649|0.00780618|0.0280967|0.0260762|0.0470205|0.049061|0.0195364|0.0293842|0.0387741|0.015498|0.0326183|0.0115254|0.0299903|0.0342415|0.0488958|0.0302566|0.0360942|0.0401575|0.0237676|0.00979507|0.0488574|0.0470058|0.0178703|0.00291922|0.0483596|0.0130093,0.973537|0.953794|0.90679|0.985376|0.9023|0.981638|0.90929|0.923653|0.908628|0.937315|0.906626|0.951762|0.927471|0.987763|0.964407|0.912097|0.949999|0.96924|0.934264|0.9108|0.923372|0.967439|0.926416|0.962132|0.977244|0.981332|0.989289|0.972158|0.962742|0.910708|0.98883,4.63983|3.07459|1.41691|4.5695|1.57149|2.91399|3.9732|1.04264|5.01633|3.07758|0.762282|0.85792|5.03384|6.03913|5.6679|5.92115|0.722366|3.90463|5.31688|6.27947|0.31178|3.09858|0.0868458|1.9653|2.33192|4.96971|0.578949|5.42296|0.0327787|5.41755|4.04415,66.2586|94.4507|31.5608|64.4551|63.0993|83.4704|98.0873|50.0569|32.9383|51.9585|54.7186|71.0086|13.5087|32.3713|26.8753|51.9256|92.3918|63.1262|40.979|71.5316|41.9872|94.0077|92.4072|57.0974|88.9922|37.5994|21.8454|29.3504|37.0378|82.9474,0.180129|0.168303|0.219936|0.242248|0.228799|0.216464|0.239791|0.19306|0.230728|0.222459|0.208433|0.230021|0.230182|0.161013|0.203549|0.247077|0.167022|0.243732|0.216949|0.196056|0.178665|0.234363|0.203687|0.227675|0.246364|0.17745|0.220509|0.179657|0.191256|0.24308,0.323551|0.263233|0.557853|0.837222|0.359402|0.583168|0.939209|0.116472|0.628307|0.326911|0.448351|0.131268|0.731663|0.940947|0.21516|0.469529|0.776051|0.65643|0.317946|0.758317|0.182289|0.948873|0.876618|0.396625|0.83582|0.871942|0.936019|0.887943|0.182586|0.624607,0.869523,0.801463,0.117836,0.0993652,0.460468,0.534015,0.0732846,0.487967,0.198257,0.921169,51.6436,5.43263e-12,47756,0.887486,41.1981,1.06086e-12,38445,0.895553,0.876428,0.0878307,0.631141,0.996144,0.511517,0.22039,0.459803,0.228135,0.891603,87.9902,7.64954e-10,30733,0.967162,70.4477,9.04596e-11,52512
24,1205,n1->n99->n77->n93->n95->n89->n20->n19->n18->n16->n38->n36->n64->n65->n37->n81->n79->n63->n42->n40->n54->n56->n90->n100->n2->n4->n75->n14->n96->n94->n51,5.37021e+09|1.57108e+10|5.68112e+11|4.22601e+13|1.05601e+11|2.68119e+11|4.0293e+11|2.47533e+11|7.59179e+12|1.09193e+13|1.16426e+13|7.73972e+11|4.21034e+09|1.12599e+09|2.79748e+13|2.58887e+10|1.47019e+10|6.55204e+12|2.42905e+09|3.58065e+10|2.80961e+11|1.1605e+12|1.33273e+11|4.01966e+09|5.94248e+10|7.07339e+12|8.71921e+10|3.70261e+10|2.51165e+12|1.36531e+10|7.46708e+11,8.19724e+08|4.21389e+09|3.56307e+11|1.3774e+13|5.46554e+10|9.23423e+10|1.89646e+11|2.33399e+11|4.11836e+12|1.33827e+12|1.19258e+12|7.77593e+10|1.60867e+09|3.2906e+08|4.96975e+12|8.36206e+09|4.87652e+09|2.63574e+12|2.47264e+08|4.14657e+09|2.23178e+11|5.65456e+11|6.41526e+10|2.27749e+09|3.74975e+10|2.43435e+12|5.29113e+10|1.44234e+10|5.36324e+11|1.67171e+09|5.06847e+11,0.000494453|0.00089026|8.49487e-05|8.45967e-05|0.000260968|3.55201e-05|5.21063e-05|0.000261527|2.98936e-05|3.71682e-05|1.04425e-05|0.000426407|1.88732e-05|1.96575e-05|1.06248e-05|0.000268232|0.000133131|0.000116235|8.79758e-05|6.01341e-05|1.47667e-05|1.7812e-05|0.000319756|0.000665246|1.10648e-05|0.000113681|0.000766915|3.25754e-05|1.2987e-05|2.95455e-05|0.000185382,0.000316017|0.000350126|0.000906866|0.000162335|0.000186877|0.000111435|0.000368678|0.000768065|0.000681499|0.00174713|0.00950649|0.00396778|0.000135861|0.000428116|0.000261291|0.000752991|0.000479664|0.00126856|0.000493531|0.00268841|0.00549128|0.000830638|0.000672662|0.00914892|0.00120557|0.00198341|0.000203965|0.000181646|0.000286765|0.000125263|0.00344885,0.0109342|0.0362414|0.04851|0.0108045|0.00282907|0.0107812|0.0108696|0.0201979|0.0192976|0.0123696|0.0263713|0.00497013|0.0266797|0.00118659|0.0457563|0.0481357|0.0252961|0.0100727|0.00783732|0.0249103|0.0334079|0.0231698|0.0285929|0.0100829|0.00369149|0.0350273|0.0243876|0.0426128|0.0377902|0.00830448|0.0365406,0.000178506|0.0472365|0.0115254|0.0326183|0.0420997|0.0401575|0.0181411|0.0291803|0.0120519|0.0240438|0.00318517|0.0341912|0.0436548|0.00176737|0.0105712|0.00997263|0.0203026|0.0107197|0.0327962|0.033399|0.00844474|0.0417641|0.0372754|0.0460028|0.0127317|0.0273051|0.0250863|0.049061|0.0195364|0.0293842|0.0130093,0.973537|0.953794|0.949999|0.912097|0.966581|0.926416|0.923215|0.941018|0.946711|0.979533|0.902547|0.94998|0.933821|0.967717|0.964079|0.948836|0.966262|0.903245|0.960936|0.920308|0.927525|0.944528|0.984478|0.935175|0.968894|0.917619|0.936129|0.906626|0.951762|0.927471|0.98883,4.63983|3.07459|0.722366|5.92115|1.09944|0.0868458|4.79469|1.39448|4.38273|1.69436|5.09423|3.70656|5.77568|4.1126|4.96174|1.5908|3.41737|4.68449|0.765875|2.50002|1.22009|2.55597|4.02061|3.89025|4.74216|1.56082|3.39264|0.762282|0.85792|5.03384|4.04415,66.2586|96.5216|51.9256|24.941|11.8194|18.2346|86.2435|34.0839|72.2829|28.0546|61.2725|43.8659|56.7563|13.4252|88.8597|26.55|16.1844|97.0433|77.6192|12.2677|42.6814|40.6061|32.7492|37.015|30.2686|81.7362|56.2706|54.7186|71.0086|11.2844,0.180129|0.241387|0.247077|0.237661|0.168449|0.231355|0.182991|0.248409|0.180241|0.17367|0.204351|0.241695|0.186349|0.230756|0.211898|0.238834|0.22961|0.211509|0.243521|0.248162|0.167734|0.166746|0.191207|0.17211|0.239023|0.218556|0.226178|0.208433|0.230021|0.200895,0.323551|0.664018|0.469529|0.985064|0.776387|0.595303|0.182796|0.983209|0.553025|0.828443|0.413834|0.590576|0.927837|0.986996|0.430076|0.957633|0.217843|0.758395|0.14346|0.812759|0.927159|0.163177|0.878161|0.315214|0.514427|0.847503|0.725021|0.448351|0.131268|0.836539,0.869523,0.801463,0.117836,0.0993652,0.460468,0.534015,0.0732846,0.487967,0.198257,0.921169,51.6436,5.43263e-12,47756,0.887486,41.1981,1.06086e-12,38445,0.895553,0.876428,0.0878307,0.631141,0.996144,0.511517,0.22039,0.459803,0.228135,0.891603,87.9902,7.64954e-10,30733,0.967162,70.4477,9.04596e-11,52512
24,1206,n1->n99->n77->n93->n95->n89->n90->n88->n87->n86->n76->n74->n75->n71->n72->n45->n44->n78->n80->n81->n83->n23->n21->n22->n68->n58->n85->n65->n64->n49->n51,5.37021e+09|1.57108e+10|5.68112e+11|4.22601e+13|1.05601e+11|2.68119e+11|1.33273e+11|9.00567e+12|7.3435e+12|3.85304e+10|4.21804e+13|5.8385e+13|8.71921e+10|7.70008e+11|6.83442e+09|8.38488e+13|5.26537e+13|3.25238e+10|2.45686e+13|2.58887e+10|3.76373e+13|4.63033e+10|1.56161e+12|1.47e+10|1.31753e+09|8.16696e+09|2.02447e+09|1.12599e+09|4.21034e+09|2.45005e+09|7.46708e+11,8.19724e+08|4.21389e+09|3.56307e+11|1.3774e+13|5.46554e+10|9.23423e+10|6.41526e+10|8.66002e+12|2.79916e+12|4.69095e+09|1.15782e+13|7.35096e+12|5.29113e+10|1.60546e+11|1.48353e+09|1.01787e+13|2.86817e+13|2.30731e+10|2.75437e+12|8.36206e+09|2.34723e+13|3.30225e+10|3.02345e+11|9.51029e+09|3.10679e+08|6.89506e+09|2.41326e+08|3.2906e+08|1.60867e+09|2.44458e+09|5.06847e+11,0.000494453|0.00089026|8.49487e-05|8.45967e-05|0.000260968|3.55201e-05|0.000319756|6.2721e-05|0.000634307|6.21631e-05|1.88608e-05|0.000875739|0.000766915|0.00017279|0.000159499|1.67225e-05|0.000124649|0.000270955|1.13052e-05|0.000268232|1.86087e-05|0.000277161|0.00096308|1.77434e-05|0.000223952|0.000266735|2.04325e-05|1.96575e-05|1.88732e-05|1.07426e-05|0.000185382,0.000316017|0.000350126|0.000906866|0.000162335|0.000186877|0.000111435|0.000672662|0.000480267|0.00151267|0.00341054|0.00214239|0.00944671|0.000203965|0.00123164|0.00384342|0.000742576|0.00158999|0.00167497|0.000238286|0.000752991|0.000175452|0.00418014|0.00195589|0.0006856|0.00843573|0.00874893|0.000338175|0.000428116|0.000135861|0.000979027|0.00344885,0.0109342|0.0362414|0.04851|0.0108045|0.00282907|0.0107812|0.0285929|0.00850464|0.0186268|0.0237043|0.00156873|0.0280357|0.0243876|0.0398828|0.0479977|0.00846218|0.0486405|0.00569443|0.00592883|0.0481357|0.015405|0.00314906|0.00712365|0.0408661|0.0370095|0.0248478|0.0354515|0.00118659|0.0266797|0.0183567|0.0365406,0.000178506|0.0472365|0.0115254|0.0326183|0.0420997|0.0401575|0.0372754|0.0237676|0.00979507|0.0488574|0.0470058|0.0166219|0.0250863|0.0326729|0.0299903|0.0342415|0.00764508|0.0425349|0.0262948|0.00997263|0.038157|0.0470385|0.0414669|0.040072|0.00589983|0.0481122|0.0266209|0.00176737|0.0436548|0.0388066|0.0130093,0.973537|0.953794|0.949999|0.912097|0.966581|0.926416|0.984478|0.962132|0.977244|0.981332|0.989289|0.90082|0.936129|0.947193|0.96924|0.934264|0.932977|0.92832|0.919013|0.948836|0.947801|0.92176|0.971602|0.95984|0.984554|0.911658|0.940474|0.967717|0.933821|0.969899|0.98883,4.63983|3.07459|0.722366|5.92115|1.09944|0.0868458|4.02061|1.9653|2.33192|4.96971|0.578949|0.0974208|3.39264|0.117525|3.90463|5.31688|2.64532|3.3614|0.100836|1.5908|4.11052|2.08786|3.14177|0.048646|5.26958|3.70937|4.91715|4.1126|5.77568|3.94615|4.04415,66.2586|96.5216|51.9256|24.941|11.8194|12.726|14.1987|57.0974|88.9922|37.5994|53.1277|64.3401|14.5634|45.8448|63.1262|57.1366|88.5528|66.5291|15.5679|78.7627|23.518|88.4205|55.6995|15.3326|56.905|90.6886|82.5435|56.7563|77.768|10.4661,0.180129|0.241387|0.247077|0.237661|0.168449|0.226099|0.244274|0.227675|0.246364|0.17745|0.181342|0.220369|0.169453|0.218487|0.243732|0.235241|0.200088|0.222935|0.212149|0.170031|0.181099|0.232237|0.206062|0.236297|0.185169|0.194345|0.20461|0.186349|0.165457|0.216931,0.323551|0.664018|0.469529|0.985064|0.776387|0.757755|0.997795|0.396625|0.83582|0.871942|0.519715|0.119032|0.275247|0.29317|0.65643|0.218954|0.134865|0.109088|0.870283|0.530775|0.741177|0.516177|0.677391|0.655447|0.476138|0.45102|0.519435|0.927837|0.348083|0.516407,0.869523,0.801463,0.117836,0.0993652,0.460468,0.534015,0.0732846,0.487967,0.198257,0.921169,51.6436,5.43263e-12,47756,0.887486,41.1981,1.06086e-12,38445,0.895553,0.876428,0.0878307,0.631141,0.996144,0.511517,0.22039,0.459803,0.228135,0.891603,87.9902,7.64954e-10,30733,0.967162,70.4477,9.04596e-11,52512
24,1207,n1->n20->n96->n97->n99->n77->n93->n95->n89->n88->n87->n86->n76->n30->n31->n33->n35->n74->n75->n4->n2->n7->n9->n10->n63->n61->n62->n60->n59->n50->n51,5.37021e+09|4.0293e+11|2.51165e+12|2.90604e+09|1.57108e+10|5.68112e+11|4.22601e+13|1.05601e+11|2.68119e+11|9.00567e+12|7.3435e+12|3.85304e+10|4.21804e+13|1.26395e+10|4.79342e+12|3.64323e+13|5.77859e+11|5.8385e+13|8.71921e+10|7.07339e+12|5.94248e+10|3.81012e+11|1.49139e+12|2.49624e+09|6.55204e+12|6.44979e+11|2.37342e+11|8.79841e+13|3.04563e+11|2.36425e+09|7.46708e+11,8.19724e+08|1.89646e+11|5.36324e+11|5.04144e+08|4.21389e+09|3.56307e+11|1.3774e+13|5.46554e+10|9.23423e+10|8.66002e+12|2.79916e+12|4.69095e+09|1.15782e+13|1.81012e+09|4.42443e+12|6.32377e+12|4.88834e+11|7.35096e+12|5.29113e+10|2.43435e+12|3.74975e+10|6.70334e+10|3.79906e+11|7.32581e+08|2.63574e+12|1.30372e+11|1.13053e+11|5.95756e+13|3.06423e+10|4.07889e+08|5.06847e+11,0.000494453|5.21063e-05|1.2987e-05|8.81202e-05|0.00089026|8.49487e-05|8.45967e-05|0.000260968|3.55201e-05|6.2721e-05|0.000634307|6.21631e-05|1.88608e-05|4.789e-05|0.00024651|1.50316e-05|0.000412952|0.000875739|0.000766915|0.000113681|1.10648e-05|0.000475679|1.80008e-05|6.27016e-05|0.000116235|3.71253e-05|8.24006e-05|0.000731749|2.43107e-05|1.54283e-05|0.000185382,0.000316017|0.000368678|0.000286765|0.00494291|0.000350126|0.000906866|0.000162335|0.000186877|0.000111435|0.000480267|0.00151267|0.00341054|0.00214239|0.00655588|0.00308746|0.00213059|0.00138752|0.00944671|0.000203965|0.00198341|0.00120557|0.00104538|0.00065196|0.00113469|0.00126856|0.00313588|0.00794111|0.000248463|0.000202742|0.00907722|0.00344885,0.0109342|0.0108696|0.0377902|0.0381696|0.0362414|0.04851|0.0108045|0.00282907|0.0107812|0.00850464|0.0186268|0.0237043|0.00156873|0.00398508|0.0211034|0.00968695|0.00215298|0.0280357|0.0243876|0.0350273|0.00369149|0.01754|0.0140743|0.00597815|0.0100727|0.0266048|0.0242596|0.0128442|0.00304046|0.00638914|0.0365406,0.000178506|0.0181411|0.0195364|0.00800322|0.0472365|0.0115254|0.0326183|0.0420997|0.0401575|0.0237676|0.00979507|0.0488574|0.0470058|0.0178703|0.0151027|0.0280967|0.0375959|0.0166219|0.0250863|0.0273051|0.0127317|0.0283975|0.033904|0.0245713|0.0107197|0.0179693|0.0480911|0.0431033|0.0474075|0.0483596|0.0130093,0.973537|0.923215|0.951762|0.90679|0.953794|0.949999|0.912097|0.966581|0.926416|0.962132|0.977244|0.981332|0.989289|0.972158|0.943878|0.923653|0.952159|0.90082|0.936129|0.917619|0.968894|0.963898|0.963574|0.962416|0.903245|0.958619|0.98053|0.945549|0.99171|0.910708|0.98883,4.63983|4.79469|0.85792|1.41691|3.07459|0.722366|5.92115|1.09944|0.0868458|1.9653|2.33192|4.96971|0.578949|5.42296|4.82496|1.04264|5.24666|0.0974208|3.39264|1.56082|4.74216|3.51107|5.88966|1.97158|4.68449|2.63855|5.59786|4.50487|5.60303|5.41755|4.04415,90.7492|58.7029|37.9513|94.4507|96.5216|51.9256|24.941|11.8194|92.4072|57.0974|88.9922|37.5994|21.8454|88.6669|95.0453|93.5115|67.7415|64.3401|81.7362|30.2686|88.6198|59.8148|65.9961|65.1286|47.0482|89.0369|48.3985|76.8491|47.7013|82.9474,0.215706|0.201188|0.246589|0.168303|0.241387|0.247077|0.237661|0.168449|0.203687|0.227675|0.246364|0.17745|0.220509|0.215598|0.234751|0.242679|0.161632|0.220369|0.218556|0.239023|0.228013|0.18359|0.193896|0.203746|0.167884|0.198053|0.17162|0.204072|0.170229|0.24308,0.53635|0.666395|0.157157|0.263233|0.664018|0.469529|0.985064|0.776387|0.876618|0.396625|0.83582|0.871942|0.936019|0.123891|0.258586|0.487093|0.301798|0.119032|0.847503|0.514427|0.84397|0.339058|0.982181|0.514129|0.410418|0.704733|0.641887|0.509755|0.776444|0.624607,0.869523,0.801463,0.117836,0.0993652,0.460468,0.534015,0.0732846,0.487967,0.198257,0.921169,51.6436,5.43263e-12,47756,0.887486,41.1981,1.06086e-12,38445,0.895553,0.876428,0.0878307,0.631141,0.996144,0.511517,0.22039,0.459803,0.228135,0.891603,87.9902,7.64954e-10,30733,0.967162,70.4477,9.04596e-11,52512
24,1208,n1->n13->n11->n9->n10->n73->n71->n24->n23->n77->n72->n45->n43->n41->n44->n42->n40->n54->n56->n84->n85->n65->n64->n36->n34->n35->n33->n31->n29->n50->n51,5.37021e+09|6.60497e+13|1.78735e+12|1.49139e+12|2.49624e+09|1.41706e+11|7.70008e+11|1.59557e+13|4.63033e+10|5.68112e+11|6.83442e+09|8.38488e+13|1.40931e+10|3.95737e+11|5.26537e+13|2.42905e+09|3.58065e+10|2.80961e+11|1.1605e+12|1.07392e+09|2.02447e+09|1.12599e+09|4.21034e+09|7.73972e+11|4.7313e+12|5.77859e+11|3.64323e+13|4.79342e+12|3.6336e+13|2.36425e+09|7.46708e+11,8.19724e+08|8.87204e+12|3.29521e+11|3.79906e+11|7.32581e+08|5.76853e+10|1.60546e+11|4.06569e+12|3.30225e+10|3.56307e+11|1.48353e+09|1.01787e+13|3.26577e+09|1.47899e+11|2.86817e+13|2.47264e+08|4.14657e+09|2.23178e+11|5.65456e+11|9.00899e+08|2.41326e+08|3.2906e+08|1.60867e+09|7.77593e+10|1.15705e+12|4.88834e+11|6.32377e+12|4.42443e+12|1.77292e+13|4.07889e+08|5.06847e+11,0.000494453|0.000787814|5.47786e-05|1.80008e-05|6.27016e-05|6.32916e-05|0.00017279|0.000193265|0.000277161|8.49487e-05|0.000159499|1.67225e-05|0.000955168|2.35935e-05|0.000124649|8.79758e-05|6.01341e-05|1.47667e-05|1.7812e-05|2.14473e-05|2.04325e-05|1.96575e-05|1.88732e-05|0.000426407|0.000140889|0.000412952|1.50316e-05|0.00024651|0.000125062|1.54283e-05|0.000185382,0.000316017|0.00788063|0.00652494|0.00065196|0.00113469|0.000807753|0.00123164|0.0012727|0.00418014|0.000906866|0.00384342|0.000742576|0.00344494|0.00412419|0.00158999|0.000493531|0.00268841|0.00549128|0.000830638|0.000434313|0.000338175|0.000428116|0.000135861|0.00396778|0.000270551|0.00138752|0.00213059|0.00308746|0.00231296|0.00907722|0.00344885,0.0109342|0.0476737|0.00125292|0.0140743|0.00597815|0.0455502|0.0398828|0.0433038|0.00314906|0.04851|0.0479977|0.00846218|0.0168583|0.00451081|0.0486405|0.00783732|0.0249103|0.0334079|0.0231698|0.0473575|0.0354515|0.00118659|0.0266797|0.00497013|0.0276207|0.00215298|0.00968695|0.0211034|0.0255931|0.00638914|0.0365406,0.000178506|0.00335145|0.0136412|0.033904|0.0245713|0.028193|0.0326729|0.00780618|0.0470385|0.0115254|0.0299903|0.0342415|0.0482719|0.00491436|0.00764508|0.0327962|0.033399|0.00844474|0.0417641|0.0366447|0.0266209|0.00176737|0.0436548|0.0341912|0.0210615|0.0375959|0.0280967|0.0151027|0.00291922|0.0483596|0.0130093,0.973537|0.954869|0.988894|0.963574|0.962416|0.909539|0.947193|0.90929|0.92176|0.949999|0.96924|0.934264|0.943219|0.923722|0.932977|0.960936|0.920308|0.927525|0.944528|0.948551|0.940474|0.967717|0.933821|0.94998|0.904866|0.952159|0.923653|0.943878|0.962742|0.910708|0.98883,4.63983|5.26639|0.923897|5.88966|1.97158|3.29092|0.117525|3.9732|2.08786|0.722366|3.90463|5.31688|2.3897|4.11092|2.64532|0.765875|2.50002|1.22009|2.55597|5.42186|4.91715|4.1126|5.77568|3.70656|4.56594|5.24666|1.04264|4.82496|0.0327787|5.41755|4.04415,79.8117|13.9548|99.0064|65.9961|29.3778|28.2621|44.1502|44.8869|39.0733|92.3918|63.1262|48.5398|43.4967|12.7315|21.0603|77.6192|12.2677|42.6814|34.4372|82.1833|82.5435|56.7563|43.8659|89.5651|26.2497|93.5115|95.0453|70.4589|37.0378|82.9474,0.246796|0.189728|0.201409|0.193896|0.202302|0.242769|0.204574|0.161116|0.178948|0.167022|0.243732|0.218428|0.160247|0.246433|0.23095|0.243521|0.248162|0.167734|0.222961|0.216313|0.20461|0.186349|0.241695|0.241996|0.244194|0.242679|0.234751|0.246199|0.191256|0.24308,0.338018|0.801183|0.439638|0.982181|0.747283|0.940077|0.45026|0.528582|0.23533|0.776051|0.65643|0.854577|0.922117|0.665882|0.399278|0.14346|0.812759|0.927159|0.762891|0.528406|0.519435|0.927837|0.590576|0.265381|0.307851|0.487093|0.258586|0.415176|0.182586|0.624607,0.869523,0.801463,0.117836,0.0993652,0.460468,0.534015,0.0732846,0.487967,0.198257,0.921169,51.6436,5.43263e-12,47756,0.887486,41.1981,1.06086e-12,38445,0.895553,0.876428,0.0878307,0.631141,0.996144,0.511517,0.22039,0.459803,0.228135,0.891603,87.9902,7.64954e-10,30733,0.967162,70.4477,9.04596e-11,52512
24,1209,n1->n20->n96->n94->n92->n91->n93->n95->n89->n48->n47->n46->n62->n61->n63->n42->n44->n43->n45->n72->n71->n24->n23->n77->n99->n98->n57->n55->n53->n52->n51,5.37021e+09|4.0293e+11|2.51165e+12|1.36531e+10|1.97334e+09|2.84652e+12|4.22601e+13|1.05601e+11|2.68119e+11|3.98001e+12|4.74236e+11|5.53417e+12|2.37342e+11|6.44979e+11|6.55204e+12|2.42905e+09|5.26537e+13|1.40931e+10|8.38488e+13|6.83442e+09|7.70008e+11|1.59557e+13|4.63033e+10|5.68112e+11|1.57108e+10|1.8266e+13|4.14288e+09|8.84081e+12|4.60474e+10|1.02428e+10|7.46708e+11,8.19724e+08|1.89646e+11|5.36324e+11|1.67171e+09|1.46451e+09|3.57264e+11|1.3774e+13|5.46554e+10|9.23423e+10|1.69514e+12|1.54765e+11|1.63629e+12|1.13053e+11|1.30372e+11|2.63574e+12|2.47264e+08|2.86817e+13|3.26577e+09|1.01787e+13|1.48353e+09|1.60546e+11|4.06569e+12|3.30225e+10|3.56307e+11|4.21389e+09|5.99087e+12|2.05006e+09|4.69454e+12|3.18273e+10|2.07235e+09|5.06847e+11,0.000494453|5.21063e-05|1.2987e-05|2.95455e-05|2.75832e-05|6.93267e-05|8.45967e-05|0.000260968|3.55201e-05|4.78153e-05|0.000202873|0.000489732|8.24006e-05|3.71253e-05|0.000116235|8.79758e-05|0.000124649|0.000955168|1.67225e-05|0.000159499|0.00017279|0.000193265|0.000277161|8.49487e-05|0.00089026|0.000410965|0.000173612|4.06274e-05|2.00633e-05|0.00011644|0.000185382,0.000316017|0.000368678|0.000286765|0.000125263|0.0052688|0.00599677|0.000162335|0.000186877|0.000111435|0.00544009|0.000266598|0.000159088|0.00794111|0.00313588|0.00126856|0.000493531|0.00158999|0.00344494|0.000742576|0.00384342|0.00123164|0.0012727|0.00418014|0.000906866|0.000350126|0.000548485|0.00271581|0.000128431|0.000509085|0.00580301|0.00344885,0.0109342|0.0108696|0.0377902|0.00830448|0.0444618|0.008036|0.0108045|0.00282907|0.0107812|0.0455031|0.00898217|0.029055|0.0242596|0.0266048|0.0100727|0.00783732|0.0486405|0.0168583|0.00846218|0.0479977|0.0398828|0.0433038|0.00314906|0.04851|0.0362414|0.0295222|0.0328142|0.00843704|5.21659e-05|0.0398377|0.0365406,0.000178506|0.0181411|0.0195364|0.0293842|0.0387741|0.015498|0.0326183|0.0420997|0.0401575|0.0360942|0.0488958|0.0302566|0.0480911|0.0179693|0.0107197|0.0327962|0.00764508|0.0482719|0.0342415|0.0299903|0.0326729|0.00780618|0.0470385|0.0115254|0.0472365|0.0297366|0.0437642|0.0314938|0.00115664|0.0151024|0.0130093,0.973537|0.923215|0.951762|0.927471|0.987763|0.964407|0.912097|0.966581|0.926416|0.967439|0.9108|0.923372|0.98053|0.958619|0.903245|0.960936|0.932977|0.943219|0.934264|0.96924|0.947193|0.90929|0.92176|0.949999|0.953794|0.959539|0.983348|0.908585|0.913872|0.965406|0.98883,4.63983|4.79469|0.85792|5.03384|6.03913|5.6679|5.92115|1.09944|0.0868458|3.09858|6.27947|0.31178|5.59786|2.63855|4.68449|0.765875|2.64532|2.3897|5.31688|3.90463|0.117525|3.9732|2.08786|0.722366|3.07459|2.95405|1.93323|3.37071|0.640024|0.0104102|4.04415,90.7492|58.7029|71.0086|13.5087|32.3713|26.8753|24.941|11.8194|94.0077|78.8723|71.5316|56.7189|89.0369|47.0482|97.0433|21.0603|69.1985|48.5398|63.1262|45.8448|44.1502|44.8869|39.0733|96.5216|58.4557|98.2355|61.5999|30.3781|81.3721|83.3731,0.215706|0.201188|0.230021|0.230182|0.161013|0.203549|0.237661|0.168449|0.234363|0.239998|0.196056|0.167864|0.198053|0.167884|0.211509|0.23095|0.210513|0.218428|0.243732|0.218487|0.204574|0.161116|0.178948|0.241387|0.227784|0.190047|0.220389|0.207992|0.184589|0.197114,0.53635|0.666395|0.131268|0.731663|0.940947|0.21516|0.985064|0.776387|0.948873|0.300482|0.758317|0.624525|0.704733|0.410418|0.758395|0.399278|0.374145|0.854577|0.65643|0.29317|0.45026|0.528582|0.23533|0.664018|0.686264|0.757428|0.549818|0.646488|0.272111|0.942894,0.869523,0.801463,0.117836,0.0993652,0.460468,0.534015,0.0732846,0.487967,0.198257,0.921169,51.6436,5.43263e-12,47756,0.887486,41.1981,1.06086e-12,38445,0.895553,0.876428,0.0878307,0.631141,0.996144,0.511517,0.22039,0.459803,0.228135,0.891603,87.9902,7.64954e-10,30733,0.967162,70.4477,9.04596e-11,52512
24,1210,n1->n13->n14->n96->n20->n89->n48->n50->n60->n62->n46->n47->n45->n44->n78->n85->n58->n59->n90->n88->n87->n70->n72->n77->n23->n24->n26->n25->n27->n52->n51,5.37021e+09|6.60497e+13|3.70261e+10|2.51165e+12|4.0293e+11|2.68119e+11|3.98001e+12|2.36425e+09|8.79841e+13|2.37342e+11|5.53417e+12|4.74236e+11|8.38488e+13|5.26537e+13|3.25238e+10|2.02447e+09|8.16696e+09|3.04563e+11|1.33273e+11|9.00567e+12|7.3435e+12|6.87309e+13|6.83442e+09|5.68112e+11|4.63033e+10|1.59557e+13|7.09351e+09|1.67189e+13|4.19351e+12|1.02428e+10|7.46708e+11,8.19724e+08|8.87204e+12|1.44234e+10|5.36324e+11|1.89646e+11|9.23423e+10|1.69514e+12|4.07889e+08|5.95756e+13|1.13053e+11|1.63629e+12|1.54765e+11|1.01787e+13|2.86817e+13|2.30731e+10|2.41326e+08|6.89506e+09|3.06423e+10|6.41526e+10|8.66002e+12|2.79916e+12|9.78332e+12|1.48353e+09|3.56307e+11|3.30225e+10|4.06569e+12|1.31666e+09|1.40059e+13|8.73344e+11|2.07235e+09|5.06847e+11,0.000494453|0.000787814|3.25754e-05|1.2987e-05|5.21063e-05|3.55201e-05|4.78153e-05|1.54283e-05|0.000731749|8.24006e-05|0.000489732|0.000202873|1.67225e-05|0.000124649|0.000270955|2.04325e-05|0.000266735|2.43107e-05|0.000319756|6.2721e-05|0.000634307|5.13815e-05|0.000159499|8.49487e-05|0.000277161|0.000193265|3.77967e-05|6.30741e-05|1.08528e-05|0.00011644|0.000185382,0.000316017|0.00788063|0.000181646|0.000286765|0.000368678|0.000111435|0.00544009|0.00907722|0.000248463|0.00794111|0.000159088|0.000266598|0.000742576|0.00158999|0.00167497|0.000338175|0.00874893|0.000202742|0.000672662|0.000480267|0.00151267|0.00295865|0.00384342|0.000906866|0.00418014|0.0012727|0.00522178|0.00294926|0.00262605|0.00580301|0.00344885,0.0109342|0.0476737|0.0426128|0.0377902|0.0108696|0.0107812|0.0455031|0.00638914|0.0128442|0.0242596|0.029055|0.00898217|0.00846218|0.0486405|0.00569443|0.0354515|0.0248478|0.00304046|0.0285929|0.00850464|0.0186268|0.0286141|0.0479977|0.04851|0.00314906|0.0433038|0.0101688|0.0195393|0.0303206|0.0398377|0.0365406,0.000178506|0.00335145|0.049061|0.0195364|0.0181411|0.0401575|0.0360942|0.0483596|0.0431033|0.0480911|0.0302566|0.0488958|0.0342415|0.00764508|0.0425349|0.0266209|0.0481122|0.0474075|0.0372754|0.0237676|0.00979507|0.0216638|0.0299903|0.0115254|0.0470385|0.00780618|0.0409649|0.0159438|0.0230682|0.0151024|0.0130093,0.973537|0.954869|0.906626|0.951762|0.923215|0.926416|0.967439|0.910708|0.945549|0.98053|0.923372|0.9108|0.934264|0.932977|0.92832|0.940474|0.911658|0.99171|0.984478|0.962132|0.977244|0.966653|0.96924|0.949999|0.92176|0.90929|0.981638|0.9023|0.985376|0.965406|0.98883,4.63983|5.26639|0.762282|0.85792|4.79469|0.0868458|3.09858|5.41755|4.50487|5.59786|0.31178|6.27947|5.31688|2.64532|3.3614|4.91715|3.70937|5.60303|4.02061|1.9653|2.33192|4.60778|3.90463|0.722366|2.08786|3.9732|2.91399|1.57149|4.5695|0.0104102|4.04415,79.8117|92.5451|54.7186|58.7029|18.2346|94.0077|23.5956|22.3088|48.3985|56.7189|71.5316|40.979|57.1366|88.5528|67.1704|90.6886|56.397|62.2588|14.1987|57.0974|39.9413|97.4405|92.3918|39.0733|44.8869|83.4704|63.0993|64.4551|46.2248|83.3731,0.246796|0.191459|0.208433|0.201188|0.231355|0.234363|0.191801|0.190841|0.17162|0.167864|0.196056|0.216949|0.235241|0.200088|0.184721|0.194345|0.21902|0.169222|0.244274|0.227675|0.180359|0.180102|0.167022|0.178948|0.161116|0.216464|0.228799|0.242248|0.183493|0.197114,0.338018|0.161307|0.448351|0.666395|0.595303|0.948873|0.688345|0.323935|0.641887|0.624525|0.758317|0.317946|0.218954|0.134865|0.609732|0.45102|0.533324|0.361153|0.997795|0.396625|0.129355|0.79408|0.776051|0.23533|0.528582|0.583168|0.359402|0.837222|0.657987|0.942894,0.869523,0.801463,0.117836,0.0993652,0.460468,0.534015,0.0732846,0.487967,0.198257,0.921169,51.6436,5.43263e-12,47756,0.887486,41.1981,1.06086e-12,38445,0.895553,0.876428,0.0878307,0.631141,0.996144,0.511517,0.22039,0.459803,0.228135,0.891603,87.9902,7.64954e-10,30733,0.967162,70.4477,9.04596e-11,52512
24,1211,n1->n20->n96->n97->n27->n25->n26->n24->n23->n77->n93->n95->n89->n90->n100->n2->n7->n5->n65->n64->n67->n38->n36->n34->n32->n66->n68->n58->n59->n50->n51,5.37021e+09|4.0293e+11|2.51165e+12|2.90604e+09|4.19351e+12|1.67189e+13|7.09351e+09|1.59557e+13|4.63033e+10|5.68112e+11|4.22601e+13|1.05601e+11|2.68119e+11|1.33273e+11|4.01966e+09|5.94248e+10|3.81012e+11|2.91995e+11|1.12599e+09|4.21034e+09|4.7483e+09|1.16426e+13|7.73972e+11|4.7313e+12|1.78367e+12|1.10072e+10|1.31753e+09|8.16696e+09|3.04563e+11|2.36425e+09|7.46708e+11,8.19724e+08|1.89646e+11|5.36324e+11|5.04144e+08|8.73344e+11|1.40059e+13|1.31666e+09|4.06569e+12|3.30225e+10|3.56307e+11|1.3774e+13|5.46554e+10|9.23423e+10|6.41526e+10|2.27749e+09|3.74975e+10|6.70334e+10|4.67133e+10|3.2906e+08|1.60867e+09|7.5553e+08|1.19258e+12|7.77593e+10|1.15705e+12|1.05491e+12|8.7665e+09|3.10679e+08|6.89506e+09|3.06423e+10|4.07889e+08|5.06847e+11,0.000494453|5.21063e-05|1.2987e-05|8.81202e-05|1.08528e-05|6.30741e-05|3.77967e-05|0.000193265|0.000277161|8.49487e-05|8.45967e-05|0.000260968|3.55201e-05|0.000319756|0.000665246|1.10648e-05|0.000475679|7.03031e-05|1.96575e-05|1.88732e-05|3.91885e-05|1.04425e-05|0.000426407|0.000140889|0.000179959|0.000237659|0.000223952|0.000266735|2.43107e-05|1.54283e-05|0.000185382,0.000316017|0.000368678|0.000286765|0.00494291|0.00262605|0.00294926|0.00522178|0.0012727|0.00418014|0.000906866|0.000162335|0.000186877|0.000111435|0.000672662|0.00914892|0.00120557|0.00104538|0.000196916|0.000428116|0.000135861|0.000640186|0.00950649|0.00396778|0.000270551|0.00292552|0.000470269|0.00843573|0.00874893|0.000202742|0.00907722|0.00344885,0.0109342|0.0108696|0.0377902|0.0381696|0.0303206|0.0195393|0.0101688|0.0433038|0.00314906|0.04851|0.0108045|0.00282907|0.0107812|0.0285929|0.0100829|0.00369149|0.01754|0.00731162|0.00118659|0.0266797|0.029632|0.0263713|0.00497013|0.0276207|0.00778345|0.0203827|0.0370095|0.0248478|0.00304046|0.00638914|0.0365406,0.000178506|0.0181411|0.0195364|0.00800322|0.0230682|0.0159438|0.0409649|0.00780618|0.0470385|0.0115254|0.0326183|0.0420997|0.0401575|0.0372754|0.0460028|0.0127317|0.0283975|0.0421608|0.00176737|0.0436548|0.0482082|0.00318517|0.0341912|0.0210615|0.0161829|0.0146278|0.00589983|0.0481122|0.0474075|0.0483596|0.0130093,0.973537|0.923215|0.951762|0.90679|0.985376|0.9023|0.981638|0.90929|0.92176|0.949999|0.912097|0.966581|0.926416|0.984478|0.935175|0.968894|0.963898|0.951514|0.967717|0.933821|0.924883|0.902547|0.94998|0.904866|0.953313|0.978907|0.984554|0.911658|0.99171|0.910708|0.98883,4.63983|4.79469|0.85792|1.41691|4.5695|1.57149|2.91399|3.9732|2.08786|0.722366|5.92115|1.09944|0.0868458|4.02061|3.89025|4.74216|3.51107|4.90362|4.1126|5.77568|2.06342|5.09423|3.70656|4.56594|0.10397|3.10364|5.26958|3.70937|5.60303|5.41755|4.04415,90.7492|58.7029|37.9513|31.5608|64.4551|63.0993|83.4704|44.8869|39.0733|51.9256|24.941|11.8194|12.726|32.7492|37.015|88.6198|37.2729|35.0583|56.7563|95.5844|59.2872|61.2725|89.5651|23.0914|27.3217|70.8824|56.905|56.397|47.7013|82.9474,0.215706|0.201188|0.246589|0.219936|0.242248|0.228799|0.216464|0.161116|0.178948|0.247077|0.237661|0.168449|0.226099|0.191207|0.17211|0.228013|0.176784|0.209201|0.186349|0.248978|0.200548|0.204351|0.241996|0.18593|0.199785|0.16183|0.185169|0.21902|0.170229|0.24308,0.53635|0.666395|0.157157|0.557853|0.837222|0.359402|0.583168|0.528582|0.23533|0.469529|0.985064|0.776387|0.757755|0.878161|0.315214|0.84397|0.943162|0.297185|0.927837|0.480161|0.127053|0.413834|0.265381|0.12287|0.769012|0.215539|0.476138|0.533324|0.776444|0.624607,0.869523,0.801463,0.117836,0.0993652,0.460468,0.534015,0.0732846,0.487967,0.198257,0.921169,51.6436,5.43263e-12,47756,0.887486,41.1981,1.06086e-12,38445,0.895553,0.876428,0.0878307,0.631141,0.996144,0.511517,0.22039,0.459803,0.228135,0.891603,87.9902,7.64954e-10,30733,0.967162,70.4477,9.04596e-11,52512
24,1212,n1->n99->n98->n57->n55->n53->n52->n65->n64->n67->n21->n20->n18->n19->n68->n17->n85->n83->n84->n56->n54->n73->n10->n8->n12->n14->n13->n15->n63->n61->n51,5.37021e+09|1.57108e+10|1.8266e+13|4.14288e+09|8.84081e+12|4.60474e+10|1.02428e+10|1.12599e+09|4.21034e+09|4.7483e+09|1.56161e+12|4.0293e+11|7.59179e+12|2.47533e+11|1.31753e+09|1.51096e+11|2.02447e+09|3.76373e+13|1.07392e+09|1.1605e+12|2.80961e+11|1.41706e+11|2.49624e+09|4.61239e+13|9.70597e+10|3.70261e+10|6.60497e+13|8.77071e+11|6.55204e+12|6.44979e+11|7.46708e+11,8.19724e+08|4.21389e+09|5.99087e+12|2.05006e+09|4.69454e+12|3.18273e+10|2.07235e+09|3.2906e+08|1.60867e+09|7.5553e+08|3.02345e+11|1.89646e+11|4.11836e+12|2.33399e+11|3.10679e+08|1.57582e+10|2.41326e+08|2.34723e+13|9.00899e+08|5.65456e+11|2.23178e+11|5.76853e+10|7.32581e+08|1.04208e+13|2.76143e+10|1.44234e+10|8.87204e+12|1.06991e+11|2.63574e+12|1.30372e+11|5.06847e+11,0.000494453|0.00089026|0.000410965|0.000173612|4.06274e-05|2.00633e-05|0.00011644|1.96575e-05|1.88732e-05|3.91885e-05|0.00096308|5.21063e-05|2.98936e-05|0.000261527|0.000223952|0.000261059|2.04325e-05|1.86087e-05|2.14473e-05|1.7812e-05|1.47667e-05|6.32916e-05|6.27016e-05|6.6054e-05|0.000201974|3.25754e-05|0.000787814|0.000182949|0.000116235|3.71253e-05|0.000185382,0.000316017|0.000350126|0.000548485|0.00271581|0.000128431|0.000509085|0.00580301|0.000428116|0.000135861|0.000640186|0.00195589|0.000368678|0.000681499|0.000768065|0.00843573|0.000513001|0.000338175|0.000175452|0.000434313|0.000830638|0.00549128|0.000807753|0.00113469|0.00522046|0.0016732|0.000181646|0.00788063|0.00274771|0.00126856|0.00313588|0.00344885,0.0109342|0.0362414|0.0295222|0.0328142|0.00843704|5.21659e-05|0.0398377|0.00118659|0.0266797|0.029632|0.00712365|0.0108696|0.0192976|0.0201979|0.0370095|0.0430027|0.0354515|0.015405|0.0473575|0.0231698|0.0334079|0.0455502|0.00597815|0.0318744|0.0313381|0.0426128|0.0476737|0.0207315|0.0100727|0.0266048|0.0365406,0.000178506|0.0472365|0.0297366|0.0437642|0.0314938|0.00115664|0.0151024|0.00176737|0.0436548|0.0482082|0.0414669|0.0181411|0.0120519|0.0291803|0.00589983|0.00442808|0.0266209|0.038157|0.0366447|0.0417641|0.00844474|0.028193|0.0245713|0.0483133|0.0470205|0.049061|0.00335145|0.0378122|0.0107197|0.0179693|0.0130093,0.973537|0.953794|0.959539|0.983348|0.908585|0.913872|0.965406|0.967717|0.933821|0.924883|0.971602|0.923215|0.946711|0.941018|0.984554|0.974312|0.940474|0.947801|0.948551|0.944528|0.927525|0.909539|0.962416|0.975256|0.937315|0.906626|0.954869|0.910795|0.903245|0.958619|0.98883,4.63983|3.07459|2.95405|1.93323|3.37071|0.640024|0.0104102|4.1126|5.77568|2.06342|3.14177|4.79469|4.38273|1.39448|5.26958|5.11322|4.91715|4.11052|5.42186|2.55597|1.22009|3.29092|1.97158|3.22282|3.07758|0.762282|5.26639|1.89272|4.68449|2.63855|4.04415,66.2586|58.4557|98.2355|61.5999|30.3781|81.3721|56.1703|56.7563|95.5844|42.5138|76.7594|89.2299|34.0839|67.5745|23.9015|84.7043|92.2019|20.1884|34.4372|42.6814|26.1465|29.3778|99.595|81.3396|51.9585|92.5451|66.6304|11.0615|47.0482|66.5616,0.180129|0.227784|0.190047|0.220389|0.207992|0.184589|0.247907|0.186349|0.248978|0.197352|0.218425|0.247215|0.248409|0.2055|0.236806|0.225161|0.231254|0.246081|0.222961|0.167734|0.196311|0.202302|0.184434|0.186476|0.222459|0.191459|0.179788|0.214255|0.167884|0.171721,0.323551|0.686264|0.757428|0.549818|0.646488|0.272111|0.827328|0.927837|0.480161|0.602799|0.515127|0.652252|0.983209|0.968257|0.2818|0.880608|0.604504|0.599197|0.762891|0.927159|0.754315|0.747283|0.703378|0.379326|0.326911|0.161307|0.275394|0.692153|0.410418|0.235817,0.869523,0.801463,0.117836,0.0993652,0.460468,0.534015,0.0732846,0.487967,0.198257,0.921169,51.6436,5.43263e-12,47756,0.887486,41.1981,1.06086e-12,38445,0.895553,0.876428,0.0878307,0.631141,0.996144,0.511517,0.22039,0.459803,0.228135,0.891603,87.9902,7.64954e-10,30733,0.967162,70.4477,9.04596e-11,52512
24,1213,n1->n13->n14->n12->n8->n7->n2->n4->n27->n25->n26->n24->n71->n73->n75->n76->n86->n87->n70->n18->n16->n38->n67->n64->n93->n95->n89->n90->n59->n50->n51,5.37021e+09|6.60497e+13|3.70261e+10|9.70597e+10|4.61239e+13|3.81012e+11|5.94248e+10|7.07339e+12|4.19351e+12|1.67189e+13|7.09351e+09|1.59557e+13|7.70008e+11|1.41706e+11|8.71921e+10|4.21804e+13|3.85304e+10|7.3435e+12|6.87309e+13|7.59179e+12|1.09193e+13|1.16426e+13|4.7483e+09|4.21034e+09|4.22601e+13|1.05601e+11|2.68119e+11|1.33273e+11|3.04563e+11|2.36425e+09|7.46708e+11,8.19724e+08|8.87204e+12|1.44234e+10|2.76143e+10|1.04208e+13|6.70334e+10|3.74975e+10|2.43435e+12|8.73344e+11|1.40059e+13|1.31666e+09|4.06569e+12|1.60546e+11|5.76853e+10|5.29113e+10|1.15782e+13|4.69095e+09|2.79916e+12|9.78332e+12|4.11836e+12|1.33827e+12|1.19258e+12|7.5553e+08|1.60867e+09|1.3774e+13|5.46554e+10|9.23423e+10|6.41526e+10|3.06423e+10|4.07889e+08|5.06847e+11,0.000494453|0.000787814|3.25754e-05|0.000201974|6.6054e-05|0.000475679|1.10648e-05|0.000113681|1.08528e-05|6.30741e-05|3.77967e-05|0.000193265|0.00017279|6.32916e-05|0.000766915|1.88608e-05|6.21631e-05|0.000634307|5.13815e-05|2.98936e-05|3.71682e-05|1.04425e-05|3.91885e-05|1.88732e-05|8.45967e-05|0.000260968|3.55201e-05|0.000319756|2.43107e-05|1.54283e-05|0.000185382,0.000316017|0.00788063|0.000181646|0.0016732|0.00522046|0.00104538|0.00120557|0.00198341|0.00262605|0.00294926|0.00522178|0.0012727|0.00123164|0.000807753|0.000203965|0.00214239|0.00341054|0.00151267|0.00295865|0.000681499|0.00174713|0.00950649|0.000640186|0.000135861|0.000162335|0.000186877|0.000111435|0.000672662|0.000202742|0.00907722|0.00344885,0.0109342|0.0476737|0.0426128|0.0313381|0.0318744|0.01754|0.00369149|0.0350273|0.0303206|0.0195393|0.0101688|0.0433038|0.0398828|0.0455502|0.0243876|0.00156873|0.0237043|0.0186268|0.0286141|0.0192976|0.0123696|0.0263713|0.029632|0.0266797|0.0108045|0.00282907|0.0107812|0.0285929|0.00304046|0.00638914|0.0365406,0.000178506|0.00335145|0.049061|0.0470205|0.0483133|0.0283975|0.0127317|0.0273051|0.0230682|0.0159438|0.0409649|0.00780618|0.0326729|0.028193|0.0250863|0.0470058|0.0488574|0.00979507|0.0216638|0.0120519|0.0240438|0.00318517|0.0482082|0.0436548|0.0326183|0.0420997|0.0401575|0.0372754|0.0474075|0.0483596|0.0130093,0.973537|0.954869|0.906626|0.937315|0.975256|0.963898|0.968894|0.917619|0.985376|0.9023|0.981638|0.90929|0.947193|0.909539|0.936129|0.989289|0.981332|0.977244|0.966653|0.946711|0.979533|0.902547|0.924883|0.933821|0.912097|0.966581|0.926416|0.984478|0.99171|0.910708|0.98883,4.63983|5.26639|0.762282|3.07758|3.22282|3.51107|4.74216|1.56082|4.5695|1.57149|2.91399|3.9732|0.117525|3.29092|3.39264|0.578949|4.96971|2.33192|4.60778|4.38273|1.69436|5.09423|2.06342|5.77568|5.92115|1.09944|0.0868458|4.02061|5.60303|5.41755|4.04415,79.8117|92.5451|51.9585|81.3396|55.4093|88.6198|30.2686|52.1141|64.4551|63.0993|83.4704|44.1502|28.2621|85.6152|63.5216|37.5994|88.9922|39.9413|55.8812|72.2829|28.0546|59.2872|95.5844|32.5899|24.941|11.8194|12.726|62.2588|47.7013|82.9474,0.246796|0.191459|0.222459|0.186476|0.230451|0.228013|0.239023|0.184605|0.242248|0.228799|0.216464|0.204574|0.242769|0.185893|0.207806|0.17745|0.246364|0.180359|0.234874|0.180241|0.17367|0.200548|0.248978|0.178102|0.237661|0.168449|0.226099|0.169222|0.170229|0.24308,0.338018|0.161307|0.326911|0.379326|0.745697|0.84397|0.514427|0.200735|0.837222|0.359402|0.583168|0.45026|0.940077|0.624191|0.844544|0.871942|0.83582|0.129355|0.16843|0.553025|0.828443|0.127053|0.480161|0.548301|0.985064|0.776387|0.757755|0.361153|0.776444|0.624607,0.869523,0.801463,0.117836,0.0993652,0.460468,0.534015,0.0732846,0.487967,0.198257,0.921169,51.6436,5.43263e-12,47756,0.887486,41.1981,1.06086e-12,38445,0.895553,0.876428,0.0878307,0.631141,0.996144,0.511517,0.22039,0.459803,0.228135,0.891603,87.9902,7.64954e-10,30733,0.967162,70.4477,9.04596e-11,52512
24,1214,n1->n99->n98->n57->n74->n76->n78->n44->n42->n63->n61->n62->n60->n50->n59->n58->n85->n84->n56->n55->n53->n52->n65->n37->n81->n83->n23->n77->n93->n94->n51,5.37021e+09|1.57108e+10|1.8266e+13|4.14288e+09|5.8385e+13|4.21804e+13|3.25238e+10|5.26537e+13|2.42905e+09|6.55204e+12|6.44979e+11|2.37342e+11|8.79841e+13|2.36425e+09|3.04563e+11|8.16696e+09|2.02447e+09|1.07392e+09|1.1605e+12|8.84081e+12|4.60474e+10|1.02428e+10|1.12599e+09|2.79748e+13|2.58887e+10|3.76373e+13|4.63033e+10|5.68112e+11|4.22601e+13|1.36531e+10|7.46708e+11,8.19724e+08|4.21389e+09|5.99087e+12|2.05006e+09|7.35096e+12|1.15782e+13|2.30731e+10|2.86817e+13|2.47264e+08|2.63574e+12|1.30372e+11|1.13053e+11|5.95756e+13|4.07889e+08|3.06423e+10|6.89506e+09|2.41326e+08|9.00899e+08|5.65456e+11|4.69454e+12|3.18273e+10|2.07235e+09|3.2906e+08|4.96975e+12|8.36206e+09|2.34723e+13|3.30225e+10|3.56307e+11|1.3774e+13|1.67171e+09|5.06847e+11,0.000494453|0.00089026|0.000410965|0.000173612|0.000875739|1.88608e-05|0.000270955|0.000124649|8.79758e-05|0.000116235|3.71253e-05|8.24006e-05|0.000731749|1.54283e-05|2.43107e-05|0.000266735|2.04325e-05|2.14473e-05|1.7812e-05|4.06274e-05|2.00633e-05|0.00011644|1.96575e-05|1.06248e-05|0.000268232|1.86087e-05|0.000277161|8.49487e-05|8.45967e-05|2.95455e-05|0.000185382,0.000316017|0.000350126|0.000548485|0.00271581|0.00944671|0.00214239|0.00167497|0.00158999|0.000493531|0.00126856|0.00313588|0.00794111|0.000248463|0.00907722|0.000202742|0.00874893|0.000338175|0.000434313|0.000830638|0.000128431|0.000509085|0.00580301|0.000428116|0.000261291|0.000752991|0.000175452|0.00418014|0.000906866|0.000162335|0.000125263|0.00344885,0.0109342|0.0362414|0.0295222|0.0328142|0.0280357|0.00156873|0.00569443|0.0486405|0.00783732|0.0100727|0.0266048|0.0242596|0.0128442|0.00638914|0.00304046|0.0248478|0.0354515|0.0473575|0.0231698|0.00843704|5.21659e-05|0.0398377|0.00118659|0.0457563|0.0481357|0.015405|0.00314906|0.04851|0.0108045|0.00830448|0.0365406,0.000178506|0.0472365|0.0297366|0.0437642|0.0166219|0.0470058|0.0425349|0.00764508|0.0327962|0.0107197|0.0179693|0.0480911|0.0431033|0.0483596|0.0474075|0.0481122|0.0266209|0.0366447|0.0417641|0.0314938|0.00115664|0.0151024|0.00176737|0.0105712|0.00997263|0.038157|0.0470385|0.0115254|0.0326183|0.0293842|0.0130093,0.973537|0.953794|0.959539|0.983348|0.90082|0.989289|0.92832|0.932977|0.960936|0.903245|0.958619|0.98053|0.945549|0.910708|0.99171|0.911658|0.940474|0.948551|0.944528|0.908585|0.913872|0.965406|0.967717|0.964079|0.948836|0.947801|0.92176|0.949999|0.912097|0.927471|0.98883,4.63983|3.07459|2.95405|1.93323|0.0974208|0.578949|3.3614|2.64532|0.765875|4.68449|2.63855|5.59786|4.50487|5.41755|5.60303|3.70937|4.91715|5.42186|2.55597|3.37071|0.640024|0.0104102|4.1126|4.96174|1.5908|4.11052|2.08786|0.722366|5.92115|5.03384|4.04415,66.2586|58.4557|98.2355|95.6836|53.1277|69.3348|88.5528|21.0603|97.0433|47.0482|89.0369|48.3985|22.3088|47.7013|56.397|90.6886|82.1833|34.4372|95.3312|30.3781|81.3721|56.1703|13.4252|88.8597|78.7627|23.518|39.0733|51.9256|63.1349|11.2844,0.180129|0.227784|0.190047|0.169856|0.181342|0.194827|0.200088|0.23095|0.211509|0.167884|0.198053|0.17162|0.190841|0.170229|0.21902|0.194345|0.216313|0.222961|0.167906|0.207992|0.184589|0.247907|0.230756|0.211898|0.170031|0.181099|0.178948|0.247077|0.209804|0.200895,0.323551|0.686264|0.757428|0.815246|0.519715|0.93416|0.134865|0.399278|0.758395|0.410418|0.704733|0.641887|0.323935|0.776444|0.533324|0.45102|0.528406|0.762891|0.402595|0.646488|0.272111|0.827328|0.986996|0.430076|0.530775|0.741177|0.23533|0.469529|0.17375|0.836539,0.869523,0.801463,0.117836,0.0993652,0.460468,0.534015,0.0732846,0.487967,0.198257,0.921169,51.6436,5.43263e-12,47756,0.887486,41.1981,1.06086e-12,38445,0.895553,0.876428,0.0878307,0.631141,0.996144,0.511517,0.22039,0.459803,0.228135,0.891603,87.9902,7.64954e-10,30733,0.967162,70.4477,9.04596e-11,52512
